title:2five, start timestamp:1732157908.185339, stop timestamp:1732157959.626078, headset type:EPOCX, headset serial:E5020C3A, headset firmware:730, channels:67, sampling rate:eeg_128;mot_32, samples:6589      , version:2.2, 
Timestamp,OriginalTimestamp,EEG.Counter,EEG.Interpolated,EEG.AF3,EEG.F7,EEG.F3,EEG.FC5,EEG.T7,EEG.P7,EEG.O1,EEG.O2,EEG.P8,EEG.T8,EEG.FC6,EEG.F4,EEG.F8,EEG.AF4,EEG.RawCq,EEG.Battery,EEG.BatteryPercent,MarkerIndex,MarkerType,MarkerValueInt,EEG.MarkerHardware,CQ.AF3,CQ.F7,CQ.F3,CQ.FC5,CQ.T7,CQ.P7,CQ.O1,CQ.O2,CQ.P8,CQ.T8,CQ.FC6,CQ.F4,CQ.F8,CQ.AF4,CQ.Overall,EQ.SampleRateQuality,EQ.OVERALL,EQ.AF3,EQ.F7,EQ.F3,EQ.FC5,EQ.T7,EQ.P7,EQ.O1,EQ.O2,EQ.P8,EQ.T8,EQ.FC6,EQ.F4,EQ.F8,EQ.AF4,MOT.CounterMems,MOT.InterpolatedMems,MOT.Q0,MOT.Q1,MOT.Q2,MOT.Q3,MOT.AccX,MOT.AccY,MOT.AccZ,MOT.MagX,MOT.MagY,MOT.MagZ
1732157908.185339,1732157908.189037,53.000000,0.000000,4289.743652,4263.589844,4316.282227,4290.384766,4282.179688,4296.794922,4334.871582,4400.769043,4311.410156,4294.615234,4490.128418,4495.897461,4359.102539,4411.794922,0.000000,1.000000,22.000000,,,,0.000000,2.000000,2.000000,0.000000,4.000000,2.000000,2.000000,0.000000,0.000000,4.000000,4.000000,4.000000,4.000000,4.000000,4.000000,0.000000,,,,,,,,,,,,,,,,,,,,,,,,,,,,
1732157908.193147,1732157908.196645,54.000000,0.000000,4296.666504,4268.974121,4316.025879,4296.666504,4287.948730,4289.358887,4334.871582,4400.128418,4311.153809,4300.384766,4497.692383,4505.641113,4365.641113,4415.641113,0.000000,1.000000,22.000000,,,,0.000000,2.000000,2.000000,0.000000,4.000000,2.000000,2.000000,0.000000,0.000000,4.000000,4.000000,4.000000,4.000000,4.000000,4.000000,0.000000,,,,,,,,,,,,,,,,,,,,,,,,,,,,
1732157908.200955,1732157908.204453,55.000000,0.000000,4295.128418,4269.102539,4315.256348,4293.077148,4281.666504,4280.256348,4334.871582,4399.743652,4309.743652,4307.307617,4507.820313,4506.666504,4365.641113,4414.743652,0.000000,1.000000,22.000000,,,,0.000000,2.000000,2.000000,0.000000,4.000000,2.000000,2.000000,0.000000,0.000000,4.000000,4.000000,4.000000,4.000000,4.000000,4.000000,0.000000,,,,,,,,,,,,,,,,,,,,,,,,,,,,
1732157908.208763,1732157908.212361,56.000000,0.000000,4293.974121,4268.846191,4314.102539,4290.512695,4279.871582,4280.384766,4334.871582,4399.743652,4309.743652,4304.871582,4505.000000,4502.692383,4365.769043,4417.179688,0.000000,1.000000,22.000000,,,,0.000000,2.000000,2.000000,0.000000,4.000000,2.000000,2.000000,0.000000,0.000000,4.000000,4.000000,4.000000,4.000000,4.000000,4.000000,0.000000,,,,,,,,,,,,,,,,,14.000000,0.000000,0.525086,0.496826,-0.523926,0.450500,0.965938,0.037114,-0.040044,-35.047436,45.760529,31.859936
1732157908.216572,1732157908.220170,57.000000,0.000000,4293.846191,4272.179688,4317.563965,4294.743652,4283.846191,4281.410156,4334.871582,4398.589844,4309.743652,4304.230957,4501.538574,4506.538574,4363.974121,4422.179688,0.000000,1.000000,22.000000,,,,0.000000,2.000000,2.000000,0.000000,4.000000,2.000000,2.000000,0.000000,0.000000,4.000000,4.000000,4.000000,4.000000,4.000000,4.000000,0.000000,,,,,,,,,,,,,,,,,,,,,,,,,,,,
1732157908.224380,1732157908.228178,58.000000,0.000000,4292.820313,4271.922852,4317.948730,4295.897461,4278.205078,4282.179688,4334.871582,4401.410156,4307.820313,4305.000000,4503.846191,4509.871582,4361.153809,4420.641113,0.000000,1.000000,22.000000,,,,0.000000,2.000000,2.000000,0.000000,4.000000,2.000000,2.000000,0.000000,0.000000,4.000000,4.000000,4.000000,4.000000,4.000000,4.000000,0.000000,,,,,,,,,,,,,,,,,,,,,,,,,,,,
1732157908.232188,1732157908.235986,59.000000,0.000000,4294.358887,4269.102539,4313.717773,4290.769043,4278.589844,4282.948730,4334.871582,4405.128418,4308.846191,4302.307617,4504.871582,4507.051270,4364.743652,4421.025879,0.000000,1.000000,22.000000,,,,0.000000,2.000000,2.000000,0.000000,4.000000,2.000000,2.000000,0.000000,0.000000,4.000000,4.000000,4.000000,4.000000,4.000000,4.000000,0.000000,,,,,,,,,,,,,,,,,,,,,,,,,,,,
1732157908.239996,1732157908.243894,60.000000,0.000000,4294.358887,4272.307617,4313.333496,4287.820313,4297.563965,4272.563965,4334.871582,4400.128418,4311.538574,4304.871582,4503.589844,4507.051270,4366.025879,4427.179688,0.000000,1.000000,22.000000,,,,0.000000,2.000000,2.000000,0.000000,4.000000,2.000000,2.000000,0.000000,0.000000,4.000000,4.000000,4.000000,4.000000,4.000000,4.000000,0.000000,,,,,,,,,,,,,,,,,15.000000,0.000000,0.525086,0.496826,-0.523926,0.450500,0.965938,0.037114,-0.040044,-35.033424,45.769360,31.951548
1732157908.247805,1732157908.251702,61.000000,0.000000,4296.794922,4278.846191,4315.256348,4293.461426,4292.436035,4270.384766,4334.871582,4396.153809,4311.922852,4306.410156,4501.794922,4511.794922,4362.820313,4428.333496,0.000000,1.000000,22.000000,,,,0.000000,2.000000,2.000000,0.000000,4.000000,2.000000,2.000000,0.000000,0.000000,4.000000,4.000000,4.000000,4.000000,4.000000,4.000000,0.000000,,,,,,,,,,,,,,,,,,,,,,,,,,,,
1732157908.255613,1732157908.259710,62.000000,0.000000,4302.948730,4280.769043,4314.743652,4298.205078,4262.820313,4282.820313,4334.871582,4400.384766,4311.410156,4305.000000,4510.128418,4520.000000,4374.230957,4432.051270,0.000000,1.000000,22.000000,,,,0.000000,2.000000,2.000000,0.000000,4.000000,2.000000,2.000000,0.000000,0.000000,4.000000,4.000000,4.000000,4.000000,4.000000,4.000000,0.000000,,,,,,,,,,,,,,,,,,,,,,,,,,,,
1732157908.263421,1732157908.267518,63.000000,0.000000,4305.769043,4279.487305,4316.410156,4299.358887,4258.205078,4280.769043,4334.871582,4401.538574,4310.512695,4303.077148,4518.717773,4527.051270,4384.743652,4440.897461,0.000000,1.000000,22.000000,,,,0.000000,2.000000,2.000000,0.000000,4.000000,2.000000,2.000000,0.000000,0.000000,4.000000,4.000000,4.000000,4.000000,4.000000,4.000000,0.000000,,,,,,,,,,,,,,,,,,,,,,,,,,,,
1732157908.271229,1732157908.275426,64.000000,0.000000,4308.077148,4285.512695,4320.000000,4306.794922,4270.769043,4270.000000,4334.871582,4399.615234,4311.282227,4301.794922,4517.563965,4528.333496,4376.153809,4443.333496,0.000000,1.000000,22.000000,,,,0.000000,2.000000,2.000000,0.000000,4.000000,2.000000,2.000000,0.000000,0.000000,4.000000,4.000000,4.000000,4.000000,4.000000,4.000000,0.000000,,,,,,,,,,,,,,,,,16.000000,0.000000,0.525540,0.497192,-0.523438,0.450134,0.977658,0.085948,-0.040532,-34.605408,45.884850,31.817421
1732157908.279038,1732157908.283235,65.000000,0.000000,4310.512695,4293.077148,4319.358887,4310.897461,4266.666504,4277.692383,4334.871582,4401.794922,4311.025879,4306.025879,4518.333496,4529.230957,4377.179688,4443.333496,1601.000000,1.000000,22.000000,,,,0.000000,2.000000,2.000000,0.000000,4.000000,2.000000,2.000000,0.000000,0.000000,4.000000,4.000000,4.000000,4.000000,4.000000,4.000000,0.000000,,,,,,,,,,,,,,,,,,,,,,,,,,,,
1732157908.286846,1732157908.290843,66.000000,0.000000,4307.436035,4288.333496,4317.436035,4302.436035,4260.769043,4284.358887,4334.871582,4402.179688,4300.384766,4304.102539,4512.436035,4524.487305,4385.000000,4439.358887,1362.000000,1.000000,22.000000,,,,0.000000,2.000000,2.000000,0.000000,4.000000,2.000000,2.000000,0.000000,0.000000,4.000000,4.000000,4.000000,4.000000,4.000000,4.000000,0.000000,,,,,,,,,,,,,,,,,,,,,,,,,,,,
1732157908.294654,1732157908.298651,67.000000,0.000000,4300.256348,4285.128418,4314.102539,4292.563965,4266.025879,4269.871582,4335.000000,4401.282227,4293.077148,4293.589844,4493.717773,4515.769043,4373.717773,4427.948730,1412.000000,1.000000,22.000000,,,,0.000000,2.000000,2.000000,0.000000,4.000000,2.000000,2.000000,0.000000,0.000000,4.000000,4.000000,4.000000,4.000000,4.000000,4.000000,0.000000,,,,,,,,,,,,,,,,,,,,,,,,,,,,
1732157908.302462,1732157908.306559,68.000000,0.000000,4298.461426,4292.051270,4312.948730,4291.282227,4266.282227,4263.717773,4334.743652,4402.179688,4302.692383,4290.512695,4491.410156,4516.025879,4371.153809,4425.384766,1426.000000,1.000000,22.000000,,,,0.000000,2.000000,2.000000,0.000000,4.000000,2.000000,2.000000,0.000000,0.000000,4.000000,4.000000,4.000000,4.000000,4.000000,4.000000,0.000000,,,,,,,,,,,,,,,,,17.000000,0.000000,0.525998,0.498962,-0.521973,0.449341,0.968380,0.080576,-0.040532,-34.542046,45.916729,31.767111
1732157908.310271,1732157908.314368,69.000000,0.000000,4299.230957,4299.358887,4313.974121,4291.025879,4262.179688,4273.717773,4335.000000,4401.153809,4306.410156,4296.153809,4508.077148,4520.512695,4391.794922,4431.282227,1217.000000,1.000000,22.000000,,,,0.000000,2.000000,2.000000,0.000000,4.000000,2.000000,2.000000,0.000000,0.000000,4.000000,4.000000,4.000000,4.000000,4.000000,4.000000,0.000000,,,,,,,,,,,,,,,,,,,,,,,,,,,,
1732157908.318079,1732157908.321976,70.000000,0.000000,4297.692383,4302.948730,4309.615234,4287.563965,4260.641113,4281.153809,4335.000000,4401.794922,4298.205078,4295.641113,4506.922852,4517.051270,4398.717773,4432.563965,0.000000,1.000000,22.000000,,,,0.000000,2.000000,2.000000,0.000000,4.000000,2.000000,2.000000,0.000000,0.000000,4.000000,4.000000,4.000000,4.000000,4.000000,4.000000,0.000000,,,,,,,,,,,,,,,,,,,,,,,,,,,,
1732157908.325887,1732157908.329784,71.000000,0.000000,4296.922852,4308.205078,4307.692383,4289.743652,4259.615234,4279.102539,4334.487305,4403.846191,4299.615234,4292.436035,4496.410156,4512.051270,4391.410156,4428.717773,0.000000,1.000000,22.000000,,,,0.000000,2.000000,2.000000,0.000000,4.000000,2.000000,2.000000,0.000000,0.000000,4.000000,4.000000,4.000000,4.000000,4.000000,4.000000,0.000000,,,,,,,,,,,,,,,,,,,,,,,,,,,,
1732157908.333695,1732157908.337692,72.000000,0.000000,4296.538574,4309.487305,4311.153809,4293.205078,4253.974121,4273.333496,4334.487305,4402.307617,4308.589844,4296.153809,4501.025879,4517.179688,4398.461426,4428.846191,1531.000000,1.000000,22.000000,,,,0.000000,2.000000,2.000000,0.000000,4.000000,2.000000,2.000000,0.000000,0.000000,4.000000,4.000000,4.000000,4.000000,4.000000,4.000000,0.000000,,,,,,,,,,,,,,,,,18.000000,0.000000,0.525768,0.499451,-0.521790,0.449280,0.968380,0.080576,-0.040532,-34.432392,45.870884,31.621361
1732157908.341504,1732157908.345501,73.000000,0.000000,4298.077148,4312.307617,4310.641113,4292.820313,4249.871582,4265.512695,4335.128418,4400.128418,4303.333496,4298.333496,4511.025879,4524.871582,4409.487305,4435.769043,1686.000000,1.000000,22.000000,,,,0.000000,2.000000,2.000000,0.000000,4.000000,2.000000,2.000000,0.000000,0.000000,4.000000,4.000000,4.000000,4.000000,4.000000,4.000000,0.000000,,,,,,,,,,,,,,,,,,,,,,,,,,,,
1732157908.349312,1732157908.353509,74.000000,0.000000,4302.051270,4319.871582,4310.000000,4294.358887,4253.077148,4264.358887,4334.487305,4400.384766,4293.205078,4296.410156,4508.077148,4523.717773,4407.563965,4439.487305,1529.000000,1.000000,22.000000,,,,0.000000,2.000000,2.000000,0.000000,4.000000,2.000000,2.000000,0.000000,0.000000,4.000000,4.000000,4.000000,4.000000,4.000000,4.000000,0.000000,,,,,,,,,,,,,,,,,,,,,,,,,,,,
1732157908.357120,1732157908.361317,75.000000,0.000000,4303.974121,4318.846191,4310.512695,4295.128418,4259.871582,4276.153809,4334.743652,4400.897461,4302.948730,4294.230957,4496.794922,4515.384766,4398.461426,4431.794922,1566.000000,1.000000,22.000000,,,,0.000000,2.000000,2.000000,0.000000,4.000000,2.000000,2.000000,0.000000,0.000000,4.000000,4.000000,4.000000,4.000000,4.000000,4.000000,0.000000,,,,,,,,,,,,,,,,,,,,,,,,,,,,
1732157908.364928,1732157908.369025,76.000000,0.000000,4298.333496,4310.769043,4308.077148,4291.538574,4262.179688,4281.794922,4334.871582,4401.282227,4312.948730,4296.538574,4492.307617,4507.948730,4389.102539,4426.282227,1701.000000,1.000000,22.000000,,,,0.000000,2.000000,2.000000,0.000000,4.000000,2.000000,2.000000,0.000000,0.000000,4.000000,4.000000,4.000000,4.000000,4.000000,4.000000,0.000000,,,,,,,,,,,,,,,,,19.000000,0.000000,0.524263,0.500366,-0.522217,0.449524,0.970822,0.047369,-0.054694,-34.698570,46.148746,31.629969
1732157908.372737,1732157908.376833,77.000000,0.000000,4293.077148,4314.487305,4304.102539,4291.794922,4265.512695,4279.487305,4329.102539,4401.153809,4298.461426,4295.128418,4490.384766,4507.051270,4383.077148,4427.051270,1613.000000,1.000000,22.000000,,,,0.000000,2.000000,2.000000,0.000000,4.000000,2.000000,2.000000,0.000000,0.000000,4.000000,4.000000,4.000000,4.000000,4.000000,4.000000,0.000000,,,,,,,,,,,,,,,,,,,,,,,,,,,,
1732157908.380545,1732157908.384442,78.000000,0.000000,4298.846191,4324.871582,4305.384766,4297.820313,4264.615234,4279.487305,4327.179688,4399.871582,4288.846191,4291.666504,4488.205078,4507.563965,4387.436035,4429.358887,1529.000000,1.000000,22.000000,,,,0.000000,2.000000,2.000000,0.000000,4.000000,2.000000,2.000000,0.000000,0.000000,4.000000,4.000000,4.000000,4.000000,4.000000,4.000000,0.000000,1.000000,0.000000,2.000000,2.000000,0.000000,4.000000,2.000000,2.000000,0.000000,0.000000,4.000000,4.000000,4.000000,4.000000,4.000000,4.000000,,,,,,,,,,,,
1732157908.388353,1732157908.392250,79.000000,0.000000,4303.077148,4318.717773,4305.384766,4294.871582,4256.794922,4279.358887,4333.717773,4400.641113,4304.871582,4296.794922,4490.641113,4507.307617,4390.897461,4432.563965,1566.000000,1.000000,22.000000,,,,0.000000,2.000000,2.000000,0.000000,4.000000,2.000000,2.000000,0.000000,0.000000,4.000000,4.000000,4.000000,4.000000,4.000000,4.000000,0.000000,,,,,,,,,,,,,,,,,,,,,,,,,,,,
1732157908.396161,1732157908.399958,80.000000,0.000000,4301.410156,4310.897461,4306.410156,4289.615234,4255.384766,4277.692383,4335.769043,4399.615234,4313.589844,4297.692383,4493.333496,4508.461426,4386.794922,4432.179688,1701.000000,1.000000,22.000000,,,,0.000000,2.000000,2.000000,0.000000,4.000000,2.000000,2.000000,0.000000,0.000000,4.000000,4.000000,4.000000,4.000000,4.000000,4.000000,0.000000,,,,,,,,,,,,,,,,,20.000000,0.000000,0.522967,0.498901,-0.524963,0.449463,0.943963,0.022952,-0.061043,-34.640842,46.157154,31.633608
1732157908.403970,1732157908.407766,81.000000,0.000000,4305.769043,4321.538574,4309.743652,4293.461426,4261.025879,4281.538574,4332.179688,4398.333496,4308.717773,4295.897461,4492.436035,4512.436035,4391.153809,4432.692383,1613.000000,1.000000,22.000000,,,,0.000000,2.000000,2.000000,0.000000,4.000000,2.000000,2.000000,0.000000,0.000000,4.000000,4.000000,4.000000,4.000000,4.000000,4.000000,0.000000,,,,,,,,,,,,,,,,,,,,,,,,,,,,
1732157908.411778,1732157908.415375,82.000000,0.000000,4311.153809,4328.717773,4312.307617,4296.922852,4262.692383,4281.153809,4334.102539,4399.871582,4311.153809,4295.256348,4492.820313,4518.461426,4395.384766,4437.179688,1529.000000,1.000000,22.000000,,,,0.000000,2.000000,2.000000,0.000000,4.000000,2.000000,2.000000,0.000000,0.000000,4.000000,4.000000,4.000000,4.000000,4.000000,4.000000,0.000000,,,,,,,,,,,,,,,,,,,,,,,,,,,,
1732157908.419586,1732157908.423183,83.000000,0.000000,4310.128418,4322.307617,4313.077148,4295.769043,4258.333496,4270.897461,4335.384766,4399.230957,4310.128418,4291.282227,4495.384766,4521.794922,4389.743652,4435.384766,1566.000000,1.000000,22.000000,,,,0.000000,2.000000,2.000000,0.000000,4.000000,2.000000,2.000000,0.000000,0.000000,4.000000,4.000000,4.000000,4.000000,4.000000,4.000000,0.000000,,,,,,,,,,,,,,,,,,,,,,,,,,,,
1732157908.427394,1732157908.430891,84.000000,0.000000,4310.000000,4320.512695,4312.820313,4297.307617,4259.743652,4270.128418,4331.794922,4398.589844,4301.794922,4287.820313,4491.282227,4515.256348,4389.230957,4431.410156,1701.000000,1.000000,22.000000,,,,0.000000,2.000000,2.000000,0.000000,4.000000,2.000000,2.000000,0.000000,0.000000,4.000000,4.000000,4.000000,4.000000,4.000000,4.000000,0.000000,,,,,,,,,,,,,,,,,21.000000,0.000000,0.522908,0.497620,-0.526184,0.449524,0.974728,0.043462,-0.051764,-34.854080,46.170628,31.376554
1732157908.435202,1732157908.438700,85.000000,0.000000,4311.794922,4323.717773,4315.000000,4298.846191,4265.769043,4280.256348,4332.820313,4402.179688,4300.641113,4287.563965,4487.563965,4508.461426,4392.179688,4436.922852,1613.000000,1.000000,22.000000,,,,0.000000,2.000000,2.000000,0.000000,4.000000,2.000000,2.000000,0.000000,0.000000,4.000000,4.000000,4.000000,4.000000,4.000000,4.000000,0.000000,,,,,,,,,,,,,,,,,,,,,,,,,,,,
1732157908.443011,1732157908.446308,86.000000,0.000000,4310.641113,4320.000000,4316.538574,4294.615234,4265.769043,4281.666504,4335.384766,4402.948730,4307.436035,4281.410156,4490.384766,4508.461426,4391.794922,4443.717773,1529.000000,1.000000,22.000000,,,,0.000000,2.000000,2.000000,0.000000,4.000000,2.000000,2.000000,0.000000,0.000000,4.000000,4.000000,4.000000,4.000000,4.000000,4.000000,0.000000,,,,,,,,,,,,,,,,,,,,,,,,,,,,
1732157908.450819,1732157908.454116,87.000000,0.000000,4311.666504,4321.538574,4316.794922,4295.512695,4262.692383,4270.512695,4334.230957,4399.102539,4305.000000,4274.871582,4488.589844,4507.179688,4393.717773,4443.205078,1566.000000,1.000000,22.000000,,,,0.000000,2.000000,2.000000,0.000000,4.000000,2.000000,2.000000,0.000000,0.000000,4.000000,4.000000,4.000000,4.000000,4.000000,4.000000,0.000000,,,,,,,,,,,,,,,,,,,,,,,,,,,,
1732157908.458627,1732157908.462024,88.000000,0.000000,4313.333496,4324.871582,4315.769043,4299.102539,4262.820313,4266.538574,4334.102539,4397.820313,4293.589844,4275.769043,4483.974121,4502.436035,4398.077148,4441.666504,1701.000000,1.000000,22.000000,,,,0.000000,2.000000,2.000000,0.000000,4.000000,2.000000,2.000000,0.000000,0.000000,4.000000,4.000000,4.000000,4.000000,4.000000,4.000000,0.000000,,,,,,,,,,,,,,,,,22.000000,0.000000,0.523039,0.496826,-0.526855,0.449463,0.960078,0.045904,-0.057624,-34.565140,46.106541,31.463343
1732157908.466436,1732157908.469832,89.000000,0.000000,4314.487305,4318.077148,4315.384766,4292.820313,4261.538574,4270.641113,4334.871582,4400.641113,4291.025879,4273.974121,4488.205078,4503.461426,4399.230957,4446.794922,1613.000000,1.000000,22.000000,,,,0.000000,2.000000,2.000000,0.000000,4.000000,2.000000,2.000000,0.000000,0.000000,4.000000,4.000000,4.000000,4.000000,4.000000,4.000000,0.000000,,,,,,,,,,,,,,,,,,,,,,,,,,,,
1732157908.474244,1732157908.477840,90.000000,0.000000,4318.717773,4318.205078,4316.282227,4291.794922,4253.077148,4269.487305,4334.615234,4402.436035,4296.666504,4272.948730,4490.000000,4507.179688,4397.948730,4456.666504,1529.000000,1.000000,22.000000,,,,0.000000,2.000000,2.000000,0.000000,4.000000,2.000000,2.000000,0.000000,0.000000,4.000000,4.000000,4.000000,4.000000,4.000000,4.000000,0.000000,,,,,,,,,,,,,,,,,,,,,,,,,,,,
1732157908.482052,1732157908.485649,91.000000,0.000000,4324.230957,4324.358887,4317.179688,4297.436035,4247.820313,4264.615234,4335.769043,4401.538574,4298.205078,4275.512695,4488.205078,4507.820313,4400.897461,4461.153809,1566.000000,1.000000,22.000000,,,,0.000000,2.000000,2.000000,0.000000,4.000000,2.000000,2.000000,0.000000,0.000000,4.000000,4.000000,4.000000,4.000000,4.000000,4.000000,0.000000,,,,,,,,,,,,,,,,,,,,,,,,,,,,
1732157908.489860,1732157908.493357,92.000000,0.000000,4330.641113,4321.025879,4316.025879,4295.769043,4248.077148,4261.666504,4334.102539,4400.256348,4295.769043,4276.794922,4498.846191,4514.358887,4411.794922,4460.384766,1701.000000,1.000000,22.000000,,,,0.000000,2.000000,2.000000,0.000000,4.000000,2.000000,2.000000,0.000000,0.000000,4.000000,4.000000,4.000000,4.000000,4.000000,4.000000,0.000000,,,,,,,,,,,,,,,,,23.000000,0.000000,0.523810,0.494873,-0.527771,0.449646,0.983030,0.067391,-0.055183,-34.526096,46.182964,31.316975
1732157908.497669,1732157908.501165,93.000000,0.000000,4334.358887,4316.922852,4317.820313,4292.820313,4247.051270,4262.436035,4330.512695,4401.794922,4295.512695,4277.051270,4507.563965,4521.538574,4415.897461,4465.641113,1613.000000,1.000000,22.000000,,,,0.000000,2.000000,2.000000,0.000000,4.000000,2.000000,2.000000,0.000000,0.000000,4.000000,4.000000,4.000000,4.000000,4.000000,4.000000,0.000000,,,,,,,,,,,,,,,,,,,,,,,,,,,,
1732157908.505477,1732157908.508774,94.000000,0.000000,4336.410156,4318.461426,4320.256348,4295.769043,4246.794922,4263.846191,4332.179688,4402.692383,4296.410156,4277.820313,4502.948730,4521.282227,4407.179688,4471.282227,1529.000000,1.000000,22.000000,,,,0.000000,2.000000,2.000000,0.000000,4.000000,2.000000,2.000000,0.000000,0.000000,4.000000,4.000000,4.000000,4.000000,4.000000,4.000000,0.000000,,,,,,,,,,,,,,,,,,,,,,,,,,,,
1732157908.513285,1732157908.516582,95.000000,0.000000,4345.128418,4322.692383,4320.128418,4298.974121,4247.563965,4259.102539,4335.000000,4401.153809,4293.846191,4277.820313,4502.820313,4525.000000,4408.846191,4473.589844,1566.000000,1.000000,22.000000,,,,0.000000,2.000000,2.000000,0.000000,4.000000,2.000000,2.000000,0.000000,0.000000,4.000000,4.000000,4.000000,4.000000,4.000000,4.000000,0.000000,,,,,,,,,,,,,,,,,,,,,,,,,,,,
1732157908.521093,1732157908.524290,96.000000,0.000000,4353.333496,4327.948730,4320.641113,4304.487305,4246.538574,4248.846191,4334.743652,4401.025879,4289.487305,4274.230957,4507.179688,4531.794922,4415.769043,4481.666504,1701.000000,1.000000,22.000000,,,,0.000000,2.000000,2.000000,0.000000,4.000000,2.000000,2.000000,0.000000,0.000000,4.000000,4.000000,4.000000,4.000000,4.000000,4.000000,0.000000,,,,,,,,,,,,,,,,,24.000000,0.000000,0.524101,0.494446,-0.527466,0.450134,0.979612,0.074228,-0.039556,-34.332806,46.258202,31.070084
1732157908.528901,1732157908.532098,97.000000,0.000000,4352.179688,4328.333496,4322.820313,4308.974121,4246.538574,4246.922852,4334.230957,4400.769043,4291.282227,4275.769043,4506.538574,4533.717773,4412.179688,4489.743652,1613.000000,1.000000,22.000000,,,,0.000000,2.000000,2.000000,0.000000,4.000000,2.000000,2.000000,0.000000,0.000000,4.000000,4.000000,4.000000,4.000000,4.000000,4.000000,0.000000,,,,,,,,,,,,,,,,,,,,,,,,,,,,
1732157908.536710,1732157908.539707,98.000000,0.000000,4354.102539,4324.358887,4322.563965,4304.615234,4248.974121,4251.666504,4334.358887,4400.512695,4297.820313,4281.794922,4507.307617,4537.179688,4411.538574,4491.025879,1529.000000,1.000000,22.000000,,,,0.000000,2.000000,2.000000,0.000000,4.000000,2.000000,2.000000,0.000000,0.000000,4.000000,4.000000,4.000000,4.000000,4.000000,4.000000,0.000000,,,,,,,,,,,,,,,,,,,,,,,,,,,,
1732157908.544518,1732157908.547515,99.000000,0.000000,4359.615234,4328.974121,4319.487305,4306.538574,4249.358887,4250.769043,4334.615234,4402.692383,4298.846191,4282.820313,4515.384766,4542.179688,4412.436035,4490.769043,1566.000000,1.000000,22.000000,,,,0.000000,2.000000,2.000000,0.000000,4.000000,2.000000,2.000000,0.000000,0.000000,4.000000,4.000000,4.000000,4.000000,4.000000,4.000000,0.000000,,,,,,,,,,,,,,,,,,,,,,,,,,,,
1732157908.552326,1732157908.555423,100.000000,0.000000,4357.948730,4330.641113,4319.358887,4313.461426,4247.948730,4247.179688,4336.153809,4402.948730,4295.128418,4280.128418,4519.743652,4538.205078,4404.230957,4491.025879,1701.000000,1.000000,22.000000,,,,0.000000,2.000000,2.000000,0.000000,4.000000,2.000000,2.000000,0.000000,0.000000,4.000000,4.000000,4.000000,4.000000,4.000000,4.000000,0.000000,,,,,,,,,,,,,,,,,25.000000,0.000000,0.524249,0.494263,-0.527283,0.450378,0.967892,0.062996,-0.041021,-34.469570,46.070808,30.991768
1732157908.560135,1732157908.563231,101.000000,0.000000,4354.102539,4324.615234,4320.000000,4311.025879,4253.589844,4249.743652,4335.769043,4401.794922,4294.230957,4282.692383,4516.153809,4537.948730,4401.666504,4492.436035,1613.000000,1.000000,22.000000,,,,0.000000,2.000000,2.000000,0.000000,4.000000,2.000000,2.000000,0.000000,0.000000,4.000000,4.000000,4.000000,4.000000,4.000000,4.000000,0.000000,,,,,,,,,,,,,,,,,,,,,,,,,,,,
1732157908.567943,1732157908.571239,102.000000,0.000000,4352.563965,4322.436035,4321.666504,4310.256348,4264.358887,4254.743652,4334.358887,4400.512695,4296.282227,4284.102539,4510.384766,4540.641113,4398.717773,4490.384766,1529.000000,1.000000,22.000000,,,,0.000000,2.000000,2.000000,0.000000,4.000000,2.000000,2.000000,0.000000,0.000000,4.000000,4.000000,4.000000,4.000000,4.000000,4.000000,0.000000,,,,,,,,,,,,,,,,,,,,,,,,,,,,
1732157908.575751,1732157908.579047,103.000000,0.000000,4352.948730,4323.974121,4322.820313,4315.128418,4268.077148,4252.692383,4335.128418,4399.487305,4294.102539,4278.077148,4507.436035,4529.615234,4384.871582,4482.692383,1566.000000,1.000000,22.000000,,,,0.000000,2.000000,2.000000,0.000000,4.000000,2.000000,2.000000,0.000000,0.000000,4.000000,4.000000,4.000000,4.000000,4.000000,4.000000,0.000000,,,,,,,,,,,,,,,,,,,,,,,,,,,,
1732157908.583559,1732157908.586956,104.000000,0.000000,4357.948730,4327.563965,4324.230957,4321.666504,4266.922852,4247.692383,4334.615234,4403.461426,4292.307617,4276.922852,4508.589844,4525.897461,4380.897461,4483.846191,1701.000000,1.000000,22.000000,,,,0.000000,2.000000,2.000000,0.000000,4.000000,2.000000,2.000000,0.000000,0.000000,4.000000,4.000000,4.000000,4.000000,4.000000,4.000000,0.000000,,,,,,,,,,,,,,,,,26.000000,0.000000,0.524253,0.493896,-0.527100,0.450989,0.990844,0.051276,-0.040532,-34.538685,45.835690,31.024998
1732157908.591368,1732157908.594764,105.000000,0.000000,4358.974121,4329.102539,4325.128418,4323.717773,4266.666504,4252.436035,4334.871582,4405.512695,4303.205078,4282.179688,4510.000000,4536.666504,4385.641113,4489.743652,1613.000000,1.000000,22.000000,,,,0.000000,2.000000,2.000000,0.000000,4.000000,2.000000,2.000000,0.000000,0.000000,4.000000,4.000000,4.000000,4.000000,4.000000,4.000000,0.000000,,,,,,,,,,,,,,,,,,,,,,,,,,,,
1732157908.599176,1732157908.602372,106.000000,0.000000,4351.025879,4323.333496,4325.641113,4316.282227,4266.922852,4263.461426,4336.410156,4401.282227,4312.436035,4281.282227,4506.922852,4536.922852,4379.102539,4477.436035,1529.000000,1.000000,22.000000,,,,0.000000,2.000000,2.000000,0.000000,4.000000,2.000000,2.000000,0.000000,0.000000,4.000000,4.000000,4.000000,4.000000,4.000000,4.000000,0.000000,,,,,,,,,,,,,,,,,,,,,,,,,,,,
1732157908.606984,1732157908.610180,107.000000,0.000000,4353.077148,4322.051270,4327.051270,4316.410156,4265.641113,4262.692383,4335.641113,4401.282227,4304.102539,4276.410156,4503.205078,4528.974121,4374.743652,4471.410156,1566.000000,1.000000,22.000000,,,,0.000000,2.000000,2.000000,0.000000,4.000000,2.000000,2.000000,0.000000,0.000000,4.000000,4.000000,4.000000,4.000000,4.000000,4.000000,0.000000,,,,,,,,,,,,,,,,,,,,,,,,,,,,
1732157908.614792,1732157908.617889,108.000000,0.000000,4363.205078,4326.538574,4326.666504,4324.102539,4264.871582,4251.282227,4335.000000,4403.589844,4291.666504,4281.025879,4507.051270,4533.077148,4381.794922,4489.102539,1701.000000,1.000000,22.000000,,,,0.000000,2.000000,2.000000,0.000000,4.000000,2.000000,2.000000,0.000000,0.000000,4.000000,4.000000,4.000000,4.000000,4.000000,4.000000,0.000000,,,,,,,,,,,,,,,,,27.000000,0.000000,0.522462,0.492065,-0.528809,0.453064,0.981565,0.001953,-0.036137,-34.523003,45.895241,30.993582
1732157908.622600,1732157908.625697,109.000000,0.000000,4362.948730,4326.666504,4326.922852,4321.538574,4267.692383,4248.846191,4335.641113,4401.922852,4288.589844,4283.205078,4508.974121,4541.025879,4383.846191,4496.666504,1613.000000,1.000000,22.000000,,,,0.000000,2.000000,2.000000,0.000000,4.000000,2.000000,2.000000,0.000000,0.000000,4.000000,4.000000,4.000000,4.000000,4.000000,4.000000,0.000000,,,,,,,,,,,,,,,,,,,,,,,,,,,,
1732157908.630409,1732157908.633705,110.000000,0.000000,4357.563965,4325.384766,4328.846191,4317.307617,4270.000000,4257.692383,4335.000000,4404.871582,4287.307617,4280.000000,4504.871582,4539.743652,4377.820313,4486.922852,1529.000000,1.000000,22.000000,,,,0.000000,2.000000,2.000000,0.000000,4.000000,2.000000,2.000000,0.000000,0.000000,4.000000,4.000000,4.000000,4.000000,4.000000,4.000000,0.000000,,,,,,,,,,,,,,,,,,,,,,,,,,,,
1732157908.638217,1732157908.641513,111.000000,0.000000,4358.205078,4320.000000,4328.846191,4323.333496,4267.051270,4265.000000,4334.102539,4408.846191,4287.948730,4288.974121,4505.256348,4539.487305,4373.589844,4485.128418,1566.000000,1.000000,22.000000,,,,0.000000,2.000000,2.000000,0.000000,4.000000,2.000000,2.000000,0.000000,0.000000,4.000000,4.000000,4.000000,4.000000,4.000000,4.000000,0.000000,,,,,,,,,,,,,,,,,,,,,,,,,,,,
1732157908.646025,1732157908.649421,112.000000,0.000000,4362.436035,4310.769043,4326.153809,4322.179688,4274.615234,4258.974121,4335.641113,4404.102539,4280.256348,4292.692383,4507.179688,4539.487305,4374.871582,4489.230957,1701.000000,1.000000,22.000000,,,,0.000000,2.000000,2.000000,0.000000,4.000000,2.000000,2.000000,0.000000,0.000000,4.000000,4.000000,4.000000,4.000000,4.000000,4.000000,0.000000,,,,,,,,,,,,,,,,,28.000000,0.000000,0.521629,0.490479,-0.530579,0.453674,0.967892,0.004883,-0.045904,-34.745300,45.916813,31.041468
1732157908.653834,1732157908.657229,113.000000,0.000000,4365.512695,4314.743652,4326.153809,4318.846191,4291.025879,4249.358887,4335.641113,4400.641113,4266.282227,4277.948730,4505.000000,4536.666504,4376.538574,4490.128418,1613.000000,1.000000,22.000000,,,,0.000000,2.000000,2.000000,0.000000,4.000000,2.000000,2.000000,0.000000,0.000000,4.000000,4.000000,4.000000,4.000000,4.000000,4.000000,0.000000,,,,,,,,,,,,,,,,,,,,,,,,,,,,
1732157908.661642,1732157908.665237,114.000000,0.000000,4364.230957,4317.051270,4326.666504,4322.307617,4282.692383,4254.358887,4333.589844,4403.461426,4270.384766,4279.102539,4503.974121,4541.410156,4370.641113,4489.743652,1529.000000,1.000000,22.000000,,,,0.000000,2.000000,2.000000,0.000000,4.000000,2.000000,2.000000,0.000000,0.000000,4.000000,4.000000,4.000000,4.000000,4.000000,4.000000,0.000000,,,,,,,,,,,,,,,,,,,,,,,,,,,,
1732157908.669450,1732157908.673046,115.000000,0.000000,4358.205078,4301.410156,4326.538574,4320.000000,4264.487305,4265.641113,4333.333496,4405.384766,4277.692383,4297.563965,4507.307617,4551.153809,4366.666504,4490.128418,1566.000000,1.000000,22.000000,,,,0.000000,2.000000,2.000000,0.000000,4.000000,2.000000,2.000000,0.000000,0.000000,4.000000,4.000000,4.000000,4.000000,4.000000,4.000000,0.000000,,,,,,,,,,,,,,,,,,,,,,,,,,,,
1732157908.677258,1732157908.680954,116.000000,0.000000,4358.205078,4297.179688,4325.512695,4321.025879,4272.051270,4266.410156,4334.487305,4404.230957,4265.897461,4289.230957,4505.256348,4546.410156,4368.077148,4491.794922,1701.000000,1.000000,22.000000,,,,0.000000,2.000000,2.000000,0.000000,4.000000,2.000000,2.000000,0.000000,0.000000,4.000000,4.000000,4.000000,4.000000,4.000000,4.000000,0.000000,,,,,,,,,,,,,,,,,29.000000,0.000000,0.521697,0.489868,-0.531128,0.453613,0.964473,0.015627,-0.047857,-34.952026,45.710953,31.318588
1732157908.685067,1732157908.688762,117.000000,0.000000,4357.179688,4300.000000,4325.256348,4322.692383,4282.051270,4261.153809,4335.256348,4401.794922,4260.769043,4276.666504,4504.102539,4535.641113,4367.307617,4489.102539,1613.000000,1.000000,22.000000,,,,0.000000,2.000000,2.000000,0.000000,4.000000,2.000000,2.000000,0.000000,0.000000,4.000000,4.000000,4.000000,4.000000,4.000000,4.000000,0.000000,,,,,,,,,,,,,,,,,,,,,,,,,,,,
1732157908.692875,1732157908.696770,118.000000,0.000000,4349.358887,4284.871582,4325.256348,4314.743652,4277.692383,4265.128418,4335.641113,4400.897461,4275.128418,4293.077148,4504.230957,4536.538574,4364.871582,4479.743652,1529.000000,1.000000,22.000000,,,,0.000000,2.000000,2.000000,0.000000,4.000000,2.000000,2.000000,0.000000,0.000000,4.000000,4.000000,4.000000,4.000000,4.000000,4.000000,0.000000,,,,,,,,,,,,,,,,,,,,,,,,,,,,
1732157908.700683,1732157908.704578,119.000000,0.000000,4348.846191,4276.025879,4325.512695,4312.436035,4279.230957,4269.230957,4335.897461,4402.436035,4277.948730,4300.641113,4496.794922,4539.615234,4363.717773,4475.641113,1566.000000,1.000000,22.000000,,,,0.000000,2.000000,2.000000,0.000000,4.000000,2.000000,2.000000,0.000000,0.000000,4.000000,4.000000,4.000000,4.000000,4.000000,4.000000,0.000000,,,,,,,,,,,,,,,,,,,,,,,,,,,,
1732157908.708491,1732157908.712486,120.000000,0.000000,4352.307617,4283.974121,4326.282227,4318.205078,4282.051270,4263.974121,4335.897461,4402.051270,4263.974121,4284.487305,4495.000000,4538.205078,4358.077148,4477.307617,1701.000000,1.000000,22.000000,,,,0.000000,2.000000,2.000000,0.000000,4.000000,2.000000,2.000000,0.000000,0.000000,4.000000,4.000000,4.000000,4.000000,4.000000,4.000000,0.000000,,,,,,,,,,,,,,,,,30.000000,0.000000,0.521738,0.488953,-0.531982,0.453552,0.988402,0.010255,-0.049322,-34.987808,45.480869,31.289724
1732157908.716299,1732157908.720295,121.000000,0.000000,4350.641113,4282.179688,4327.436035,4320.512695,4282.436035,4265.641113,4335.897461,4401.025879,4261.538574,4277.948730,4500.000000,4539.487305,4349.230957,4475.128418,1613.000000,1.000000,22.000000,,,,0.000000,2.000000,2.000000,0.000000,4.000000,2.000000,2.000000,0.000000,0.000000,4.000000,4.000000,4.000000,4.000000,4.000000,4.000000,0.000000,,,,,,,,,,,,,,,,,,,,,,,,,,,,
1732157908.724108,1732157908.727903,122.000000,0.000000,4350.384766,4275.256348,4325.769043,4318.717773,4289.615234,4275.128418,4335.897461,4399.871582,4269.871582,4287.948730,4498.205078,4543.974121,4346.922852,4473.846191,1529.000000,1.000000,22.000000,,,,0.000000,2.000000,2.000000,0.000000,4.000000,2.000000,2.000000,0.000000,0.000000,4.000000,4.000000,4.000000,4.000000,4.000000,4.000000,0.000000,,,,,,,,,,,,,,,,,,,,,,,,,,,,
1732157908.731916,1732157908.735711,123.000000,0.000000,4349.871582,4277.051270,4326.666504,4317.307617,4290.256348,4276.410156,4336.025879,4400.000000,4271.794922,4288.717773,4490.897461,4543.717773,4346.025879,4472.948730,1566.000000,1.000000,22.000000,,,,0.000000,2.000000,2.000000,0.000000,4.000000,2.000000,2.000000,0.000000,0.000000,4.000000,4.000000,4.000000,4.000000,4.000000,4.000000,0.000000,,,,,,,,,,,,,,,,,,,,,,,,,,,,
1732157908.739724,1732157908.743419,124.000000,0.000000,4343.846191,4272.179688,4323.333496,4316.538574,4288.846191,4274.615234,4335.897461,4401.922852,4271.410156,4280.897461,4489.230957,4532.692383,4340.897461,4464.615234,1701.000000,1.000000,22.000000,,,,0.000000,2.000000,2.000000,0.000000,4.000000,2.000000,2.000000,0.000000,0.000000,4.000000,4.000000,4.000000,4.000000,4.000000,4.000000,0.000000,,,,,,,,,,,,,,,,,31.000000,0.000000,0.520818,0.487305,-0.533508,0.454590,0.974728,0.020022,-0.048346,-34.883457,45.461170,31.183010
1732157908.747532,1732157908.751228,125.000000,0.000000,4340.512695,4261.666504,4316.538574,4315.769043,4292.307617,4280.897461,4335.769043,4401.153809,4277.179688,4281.922852,4491.794922,4525.512695,4336.538574,4458.077148,1613.000000,1.000000,22.000000,,,,0.000000,2.000000,2.000000,0.000000,4.000000,2.000000,2.000000,0.000000,0.000000,4.000000,4.000000,4.000000,4.000000,4.000000,4.000000,0.000000,,,,,,,,,,,,,,,,,,,,,,,,,,,,
1732157908.755341,1732157908.758836,126.000000,0.000000,4342.436035,4258.461426,4333.077148,4311.538574,4290.256348,4281.282227,4336.153809,4403.461426,4272.436035,4282.692383,4487.179688,4530.256348,4331.538574,4460.384766,1529.000000,1.000000,22.000000,,,,0.000000,2.000000,2.000000,0.000000,4.000000,2.000000,2.000000,0.000000,0.000000,4.000000,4.000000,4.000000,4.000000,4.000000,4.000000,0.000000,,,,,,,,,,,,,,,,,,,,,,,,,,,,
1732157908.763149,1732157908.766644,127.000000,0.000000,4342.948730,4261.666504,4351.025879,4312.179688,4288.846191,4276.922852,4337.179688,4407.948730,4259.487305,4273.205078,4477.692383,4527.820313,4323.461426,4460.256348,22.000000,1.000000,22.000000,,,,0.000000,2.000000,2.000000,0.000000,4.000000,2.000000,2.000000,0.000000,0.000000,4.000000,4.000000,4.000000,4.000000,4.000000,4.000000,0.000000,,,,,,,,,,,,,,,,,,,,,,,,,,,,
1732157908.770957,1732157908.774353,0.000000,0.000000,4341.794922,4262.307617,4332.948730,4318.974121,4295.000000,4281.282227,4336.025879,4404.615234,4264.230957,4275.128418,4478.077148,4520.128418,4325.384766,4456.922852,0.000000,1.000000,22.000000,,,,0.000000,2.000000,2.000000,0.000000,4.000000,2.000000,2.000000,0.000000,0.000000,4.000000,4.000000,4.000000,4.000000,4.000000,4.000000,0.000000,,,,,,,,,,,,,,,,,0.000000,0.000000,0.520305,0.486938,-0.533875,0.455139,0.974728,0.020022,-0.048346,-34.930599,45.456882,31.106571
1732157908.778766,1732157908.782161,1.000000,0.000000,4340.512695,4261.538574,4311.153809,4319.615234,4296.282227,4280.897461,4333.077148,4397.948730,4279.743652,4291.666504,4490.897461,4521.538574,4338.846191,4457.948730,1611.000000,1.000000,22.000000,,,,0.000000,2.000000,2.000000,0.000000,4.000000,2.000000,2.000000,0.000000,0.000000,4.000000,4.000000,4.000000,4.000000,4.000000,4.000000,0.000000,,,,,,,,,,,,,,,,,,,,,,,,,,,,
1732157908.786574,1732157908.789769,2.000000,0.000000,4336.666504,4260.769043,4318.333496,4314.102539,4294.615234,4279.615234,4333.461426,4400.128418,4280.641113,4293.589844,4493.333496,4523.717773,4337.692383,4454.358887,1362.000000,1.000000,22.000000,,,,0.000000,2.000000,2.000000,0.000000,4.000000,2.000000,2.000000,0.000000,0.000000,4.000000,4.000000,4.000000,4.000000,4.000000,4.000000,0.000000,,,,,,,,,,,,,,,,,,,,,,,,,,,,
1732157908.794382,1732157908.797577,3.000000,0.000000,4328.974121,4253.717773,4324.487305,4311.538574,4296.922852,4290.641113,4336.025879,4403.589844,4278.589844,4286.794922,4483.333496,4520.384766,4325.641113,4446.922852,1436.000000,1.000000,22.000000,,,,0.000000,2.000000,2.000000,0.000000,4.000000,2.000000,2.000000,0.000000,0.000000,4.000000,4.000000,4.000000,4.000000,4.000000,4.000000,0.000000,,,,,,,,,,,,,,,,,,,,,,,,,,,,
1732157908.802190,1732157908.805286,4.000000,0.000000,4323.974121,4244.871582,4319.743652,4309.358887,4295.000000,4292.179688,4335.128418,4400.897461,4281.538574,4286.538574,4480.897461,4521.282227,4323.717773,4443.333496,1426.000000,1.000000,22.000000,,,,0.000000,2.000000,2.000000,0.000000,4.000000,2.000000,2.000000,0.000000,0.000000,4.000000,4.000000,4.000000,4.000000,4.000000,4.000000,0.000000,,,,,,,,,,,,,,,,,1.000000,0.000000,0.519743,0.486633,-0.534180,0.455750,0.964962,-0.008790,-0.057624,-34.890453,45.401741,31.092989
1732157908.809998,1732157908.813094,5.000000,0.000000,4328.077148,4247.692383,4320.897461,4311.538574,4294.102539,4283.333496,4333.077148,4398.589844,4280.000000,4282.307617,4485.897461,4523.333496,4329.487305,4444.871582,1217.000000,1.000000,22.000000,,,,0.000000,2.000000,2.000000,0.000000,4.000000,2.000000,2.000000,0.000000,0.000000,4.000000,4.000000,4.000000,4.000000,4.000000,4.000000,0.000000,,,,,,,,,,,,,,,,,,,,,,,,,,,,
1732157908.817807,1732157908.820702,6.000000,0.000000,4334.743652,4259.358887,4322.820313,4319.487305,4297.307617,4287.563965,4333.974121,4400.384766,4278.589844,4279.743652,4486.153809,4522.563965,4328.717773,4452.307617,0.000000,1.000000,22.000000,,,,0.000000,2.000000,2.000000,0.000000,4.000000,2.000000,2.000000,0.000000,0.000000,4.000000,4.000000,4.000000,4.000000,4.000000,4.000000,0.000000,,,,,,,,,,,,,,,,,,,,,,,,,,,,
1732157908.825615,1732157908.828511,7.000000,0.000000,4336.666504,4260.128418,4322.692383,4320.000000,4297.563965,4291.153809,4335.256348,4402.563965,4281.282227,4290.384766,4485.256348,4522.307617,4325.641113,4453.846191,0.000000,1.000000,22.000000,,,,0.000000,2.000000,2.000000,0.000000,4.000000,2.000000,2.000000,0.000000,0.000000,4.000000,4.000000,4.000000,4.000000,4.000000,4.000000,0.000000,,,,,,,,,,,,,,,,,,,,,,,,,,,,
1732157908.833423,1732157908.836219,8.000000,0.000000,4333.974121,4251.794922,4323.333496,4312.948730,4295.769043,4282.948730,4334.743652,4401.410156,4282.179688,4296.538574,4485.512695,4522.179688,4327.692383,4447.563965,1539.000000,1.000000,22.000000,,,,0.000000,2.000000,2.000000,0.000000,4.000000,2.000000,2.000000,0.000000,0.000000,4.000000,4.000000,4.000000,4.000000,4.000000,4.000000,0.000000,,,,,,,,,,,,,,,,,2.000000,0.000000,0.518110,0.484619,-0.536133,0.457458,0.979612,-0.008302,-0.045904,-34.959599,45.275410,31.216988
1732157908.841231,1732157908.844027,9.000000,0.000000,4328.717773,4248.846191,4323.077148,4310.769043,4295.512695,4282.692383,4334.615234,4401.538574,4281.666504,4293.205078,4482.563965,4522.563965,4323.846191,4443.846191,1698.000000,1.000000,22.000000,,,,0.000000,2.000000,2.000000,0.000000,4.000000,2.000000,2.000000,0.000000,0.000000,4.000000,4.000000,4.000000,4.000000,4.000000,4.000000,0.000000,,,,,,,,,,,,,,,,,,,,,,,,,,,,
1732157908.849040,1732157908.851636,10.000000,0.000000,4325.512695,4251.282227,4321.282227,4313.077148,4296.025879,4290.641113,4334.871582,4407.051270,4283.077148,4292.051270,4476.922852,4522.051270,4314.615234,4445.897461,1558.000000,1.000000,22.000000,,,,0.000000,2.000000,2.000000,0.000000,4.000000,2.000000,2.000000,0.000000,0.000000,4.000000,4.000000,4.000000,4.000000,4.000000,4.000000,0.000000,,,,,,,,,,,,,,,,,,,,,,,,,,,,
1732157908.856848,1732157908.859444,11.000000,0.000000,4326.538574,4251.025879,4319.358887,4313.333496,4296.410156,4293.974121,4334.615234,4409.871582,4282.692383,4293.205078,4474.743652,4521.282227,4312.179688,4439.230957,1566.000000,1.000000,22.000000,,,,0.000000,2.000000,2.000000,0.000000,4.000000,2.000000,2.000000,0.000000,0.000000,4.000000,4.000000,4.000000,4.000000,4.000000,4.000000,0.000000,,,,,,,,,,,,,,,,,,,,,,,,,,,,
1732157908.864656,1732157908.867152,12.000000,0.000000,4326.282227,4248.333496,4321.538574,4313.589844,4296.538574,4289.487305,4334.871582,4409.102539,4281.922852,4292.820313,4474.102539,4521.282227,4313.333496,4428.846191,1701.000000,1.000000,22.000000,,,,0.000000,2.000000,2.000000,0.000000,4.000000,2.000000,2.000000,0.000000,0.000000,4.000000,4.000000,4.000000,4.000000,4.000000,4.000000,0.000000,,,,,,,,,,,,,,,,,3.000000,0.000000,0.517330,0.482971,-0.537537,0.458435,0.984495,-0.002442,-0.048834,-35.113941,45.244751,31.135759
1732157908.872465,1732157908.874960,13.000000,0.000000,4325.128418,4251.153809,4321.282227,4315.384766,4297.563965,4284.230957,4334.358887,4405.384766,4282.820313,4293.846191,4477.179688,4522.051270,4316.025879,4433.846191,1608.000000,1.000000,22.000000,,,,0.000000,2.000000,2.000000,0.000000,4.000000,2.000000,2.000000,0.000000,0.000000,4.000000,4.000000,4.000000,4.000000,4.000000,4.000000,0.000000,,,,,,,,,,,,,,,,,,,,,,,,,,,,
1732157908.880273,1732157908.882968,14.000000,0.000000,4327.179688,4253.077148,4317.692383,4314.358887,4299.487305,4284.615234,4333.333496,4399.743652,4278.974121,4295.641113,4481.410156,4522.179688,4322.563965,4443.717773,1558.000000,1.000000,22.000000,,,,0.000000,2.000000,2.000000,0.000000,4.000000,2.000000,2.000000,0.000000,0.000000,4.000000,4.000000,4.000000,4.000000,4.000000,4.000000,0.000000,1.000000,0.000000,2.000000,2.000000,0.000000,4.000000,2.000000,2.000000,0.000000,0.000000,4.000000,4.000000,4.000000,4.000000,4.000000,4.000000,,,,,,,,,,,,
1732157908.888081,1732157908.890776,15.000000,0.000000,4326.666504,4254.487305,4317.820313,4313.846191,4301.794922,4284.871582,4333.333496,4398.974121,4274.871582,4294.230957,4478.461426,4518.205078,4324.230957,4442.948730,1566.000000,1.000000,22.000000,,,,0.000000,2.000000,2.000000,0.000000,4.000000,2.000000,2.000000,0.000000,0.000000,4.000000,4.000000,4.000000,4.000000,4.000000,4.000000,0.000000,,,,,,,,,,,,,,,,,,,,,,,,,,,,
1732157908.895889,1732157908.898485,16.000000,0.000000,4324.102539,4255.769043,4321.153809,4315.000000,4301.666504,4281.922852,4334.743652,4401.666504,4280.384766,4297.820313,4476.794922,4516.282227,4318.589844,4434.743652,0.000000,1.000000,22.000000,,,,0.000000,2.000000,2.000000,0.000000,4.000000,2.000000,2.000000,0.000000,0.000000,4.000000,4.000000,4.000000,4.000000,4.000000,4.000000,0.000000,,,,,,,,,,,,,,,,,4.000000,0.000000,0.517080,0.482483,-0.537903,0.458801,0.984495,-0.002442,-0.048834,-35.123959,45.039913,31.268299
1732157908.903697,1732157908.906293,17.000000,0.000000,4324.230957,4254.230957,4321.538574,4316.025879,4304.871582,4281.666504,4336.025879,4400.384766,4283.461426,4296.922852,4477.179688,4520.769043,4316.538574,4430.384766,0.000000,1.000000,22.000000,,,,0.000000,2.000000,2.000000,0.000000,4.000000,2.000000,2.000000,0.000000,0.000000,4.000000,4.000000,4.000000,4.000000,4.000000,4.000000,0.000000,,,,,,,,,,,,,,,,,,,,,,,,,,,,
1732157908.911506,1732157908.913901,18.000000,0.000000,4325.384766,4251.794922,4318.205078,4315.000000,4303.589844,4283.205078,4335.641113,4399.102539,4276.922852,4287.051270,4474.615234,4522.307617,4318.205078,4435.769043,0.000000,1.000000,22.000000,,,,0.000000,2.000000,2.000000,0.000000,4.000000,2.000000,2.000000,0.000000,0.000000,4.000000,4.000000,4.000000,4.000000,4.000000,4.000000,0.000000,,,,,,,,,,,,,,,,,,,,,,,,,,,,
1732157908.919314,1732157908.921710,19.000000,0.000000,4326.025879,4250.769043,4319.743652,4312.051270,4293.589844,4282.820313,4334.871582,4402.179688,4275.897461,4288.077148,4477.051270,4520.512695,4318.589844,4442.179688,0.000000,1.000000,22.000000,,,,0.000000,2.000000,2.000000,0.000000,4.000000,2.000000,2.000000,0.000000,0.000000,4.000000,4.000000,4.000000,4.000000,4.000000,4.000000,0.000000,,,,,,,,,,,,,,,,,,,,,,,,,,,,
1732157908.927122,1732157908.929418,20.000000,0.000000,4325.256348,4254.743652,4323.205078,4311.666504,4303.205078,4285.256348,4335.897461,4401.538574,4279.615234,4294.102539,4477.563965,4521.794922,4320.512695,4439.487305,0.000000,1.000000,22.000000,,,,0.000000,2.000000,2.000000,0.000000,4.000000,2.000000,2.000000,0.000000,0.000000,4.000000,4.000000,4.000000,4.000000,4.000000,4.000000,0.000000,,,,,,,,,,,,,,,,,5.000000,0.000000,0.516438,0.482056,-0.538330,0.459473,0.973752,-0.006837,-0.046881,-35.255409,45.062328,31.182322
1732157908.934930,1732157908.937226,21.000000,0.000000,4327.179688,4262.051270,4322.436035,4316.922852,4322.563965,4278.461426,4335.897461,4399.487305,4277.179688,4291.410156,4476.282227,4524.358887,4324.230957,4435.897461,0.000000,1.000000,22.000000,,,,0.000000,2.000000,2.000000,0.000000,4.000000,2.000000,2.000000,0.000000,0.000000,4.000000,4.000000,4.000000,4.000000,4.000000,4.000000,0.000000,,,,,,,,,,,,,,,,,,,,,,,,,,,,
1732157908.942739,1732157908.945234,22.000000,0.000000,4331.922852,4265.897461,4318.077148,4323.077148,4309.358887,4271.666504,4334.230957,4399.102539,4276.025879,4291.025879,4484.615234,4525.256348,4325.897461,4440.512695,0.000000,1.000000,22.000000,,,,0.000000,2.000000,2.000000,0.000000,4.000000,2.000000,2.000000,0.000000,0.000000,4.000000,4.000000,4.000000,4.000000,4.000000,4.000000,0.000000,,,,,,,,,,,,,,,,,,,,,,,,,,,,
1732157908.950547,1732157908.953042,23.000000,0.000000,4331.410156,4260.769043,4318.333496,4320.256348,4282.563965,4279.487305,4334.615234,4398.717773,4279.487305,4298.461426,4489.487305,4525.769043,4326.922852,4438.589844,0.000000,1.000000,22.000000,,,,0.000000,2.000000,2.000000,0.000000,4.000000,2.000000,2.000000,0.000000,0.000000,4.000000,4.000000,4.000000,4.000000,4.000000,4.000000,0.000000,,,,,,,,,,,,,,,,,,,,,,,,,,,,
1732157908.958355,1732157908.960950,24.000000,0.000000,4325.897461,4258.333496,4321.025879,4314.743652,4284.102539,4285.512695,4336.025879,4399.615234,4279.358887,4297.820313,4481.025879,4522.051270,4326.153809,4430.000000,0.000000,1.000000,22.000000,,,,0.000000,2.000000,2.000000,0.000000,4.000000,2.000000,2.000000,0.000000,0.000000,4.000000,4.000000,4.000000,4.000000,4.000000,4.000000,0.000000,,,,,,,,,,,,,,,,,6.000000,0.000000,0.516454,0.482117,-0.538208,0.459534,0.987914,-0.000977,-0.039556,-35.368546,45.117153,31.169348
1732157908.966164,1732157908.968759,25.000000,0.000000,4323.974121,4261.410156,4321.153809,4318.333496,4294.743652,4281.666504,4335.641113,4402.307617,4275.512695,4285.641113,4474.102539,4517.820313,4320.256348,4427.051270,0.000000,1.000000,22.000000,,,,0.000000,2.000000,2.000000,0.000000,4.000000,2.000000,2.000000,0.000000,0.000000,4.000000,4.000000,4.000000,4.000000,4.000000,4.000000,0.000000,,,,,,,,,,,,,,,,,,,,,,,,,,,,
1732157908.973972,1732157908.976767,26.000000,0.000000,4325.128418,4261.025879,4320.512695,4322.179688,4291.922852,4280.256348,4335.769043,4401.666504,4274.871582,4280.641113,4475.128418,4518.717773,4316.410156,4426.410156,0.000000,1.000000,22.000000,,,,0.000000,2.000000,2.000000,0.000000,4.000000,2.000000,2.000000,0.000000,0.000000,4.000000,4.000000,4.000000,4.000000,4.000000,4.000000,0.000000,,,,,,,,,,,,,,,,,,,,,,,,,,,,
1732157908.981780,1732157908.984575,27.000000,0.000000,4325.256348,4261.794922,4320.641113,4322.179688,4288.717773,4281.666504,4335.000000,4398.205078,4276.666504,4286.666504,4477.436035,4524.871582,4319.358887,4426.410156,0.000000,1.000000,22.000000,,,,0.000000,2.000000,2.000000,0.000000,4.000000,2.000000,2.000000,0.000000,0.000000,4.000000,4.000000,4.000000,4.000000,4.000000,4.000000,0.000000,,,,,,,,,,,,,,,,,,,,,,,,,,,,
1732157908.989588,1732157908.992483,28.000000,0.000000,4325.256348,4264.230957,4321.153809,4322.820313,4291.025879,4280.128418,4332.948730,4399.358887,4280.128418,4293.461426,4478.589844,4529.615234,4320.128418,4426.666504,0.000000,1.000000,22.000000,,,,0.000000,2.000000,2.000000,0.000000,4.000000,2.000000,2.000000,0.000000,0.000000,4.000000,4.000000,4.000000,4.000000,4.000000,4.000000,0.000000,,,,,,,,,,,,,,,,,7.000000,0.000000,0.516454,0.482117,-0.538208,0.459534,0.982542,0.007813,-0.035161,-35.370190,45.266560,31.143839
1732157908.997396,1732157909.000291,29.000000,0.000000,4319.871582,4263.717773,4321.922852,4318.205078,4292.948730,4280.256348,4334.487305,4401.794922,4280.128418,4293.333496,4477.820313,4524.102539,4317.692383,4420.897461,0.000000,1.000000,22.000000,,,,0.000000,2.000000,2.000000,0.000000,4.000000,2.000000,2.000000,0.000000,0.000000,4.000000,4.000000,4.000000,4.000000,4.000000,4.000000,0.000000,,,,,,,,,,,,,,,,,,,,,,,,,,,,
1732157909.005205,1732157909.007900,30.000000,0.000000,4313.077148,4261.410156,4319.615234,4312.692383,4291.666504,4281.282227,4336.666504,4400.384766,4281.410156,4292.563965,4476.025879,4518.846191,4318.205078,4418.077148,0.000000,1.000000,22.000000,,,,0.000000,2.000000,2.000000,0.000000,4.000000,2.000000,2.000000,0.000000,0.000000,4.000000,4.000000,4.000000,4.000000,4.000000,4.000000,0.000000,,,,,,,,,,,,,,,,,,,,,,,,,,,,
1732157909.013013,1732157909.015708,31.000000,0.000000,4315.897461,4262.563965,4317.692383,4314.102539,4291.153809,4281.666504,4335.641113,4399.487305,4287.436035,4295.641113,4477.179688,4523.205078,4318.461426,4421.538574,0.000000,1.000000,22.000000,,,,0.000000,2.000000,2.000000,0.000000,4.000000,2.000000,2.000000,0.000000,0.000000,4.000000,4.000000,4.000000,4.000000,4.000000,4.000000,0.000000,,,,,,,,,,,,,,,,,,,,,,,,,,,,
1732157909.020821,1732157909.023616,32.000000,0.000000,4320.256348,4264.487305,4317.820313,4316.538574,4293.589844,4281.666504,4334.487305,4401.538574,4286.025879,4295.000000,4475.769043,4525.384766,4317.179688,4419.615234,0.000000,1.000000,22.000000,,,,0.000000,2.000000,2.000000,0.000000,4.000000,2.000000,2.000000,0.000000,0.000000,4.000000,4.000000,4.000000,4.000000,4.000000,4.000000,0.000000,,,,,,,,,,,,,,,,,8.000000,0.000000,0.516511,0.482056,-0.538208,0.459534,0.986449,0.010255,-0.038579,-35.334854,45.359249,31.334843
1732157909.028629,1732157909.031424,33.000000,0.000000,4319.487305,4264.102539,4318.717773,4314.230957,4292.820313,4281.410156,4335.256348,4400.512695,4280.641113,4294.102539,4474.358887,4522.307617,4321.282227,4417.051270,0.000000,1.000000,22.000000,,,,0.000000,2.000000,2.000000,0.000000,4.000000,2.000000,2.000000,0.000000,0.000000,4.000000,4.000000,4.000000,4.000000,4.000000,4.000000,0.000000,,,,,,,,,,,,,,,,,,,,,,,,,,,,
1732157909.036438,1732157909.039432,34.000000,0.000000,4318.077148,4262.436035,4318.717773,4313.589844,4287.307617,4282.051270,4336.666504,4398.333496,4279.871582,4294.871582,4475.897461,4522.820313,4326.153809,4423.461426,0.000000,1.000000,22.000000,,,,0.000000,2.000000,2.000000,0.000000,4.000000,2.000000,2.000000,0.000000,0.000000,4.000000,4.000000,4.000000,4.000000,4.000000,4.000000,0.000000,,,,,,,,,,,,,,,,,,,,,,,,,,,,
1732157909.044246,1732157909.047240,35.000000,0.000000,4318.077148,4262.436035,4318.589844,4314.615234,4287.051270,4281.153809,4336.025879,4400.256348,4277.179688,4292.948730,4477.563965,4523.717773,4327.820313,4427.307617,0.000000,1.000000,22.000000,,,,0.000000,2.000000,2.000000,0.000000,4.000000,2.000000,2.000000,0.000000,0.000000,4.000000,4.000000,4.000000,4.000000,4.000000,4.000000,0.000000,,,,,,,,,,,,,,,,,,,,,,,,,,,,
1732157909.052054,1732157909.055148,36.000000,0.000000,4320.897461,4264.102539,4319.487305,4312.948730,4294.230957,4280.641113,4334.230957,4402.307617,4273.205078,4290.769043,4477.948730,4524.102539,4328.589844,4426.538574,0.000000,1.000000,22.000000,,,,0.000000,2.000000,2.000000,0.000000,4.000000,2.000000,2.000000,0.000000,0.000000,4.000000,4.000000,4.000000,4.000000,4.000000,4.000000,0.000000,,,,,,,,,,,,,,,,,9.000000,0.000000,0.516401,0.482300,-0.538147,0.459473,0.967892,0.014650,-0.044927,-35.462898,45.362659,31.431223
1732157909.059863,1732157909.062957,37.000000,0.000000,4326.922852,4265.000000,4318.846191,4312.948730,4295.128418,4281.538574,4334.615234,4400.000000,4275.897461,4291.922852,4475.897461,4525.897461,4328.589844,4429.230957,0.000000,1.000000,22.000000,,,,0.000000,2.000000,2.000000,0.000000,4.000000,2.000000,2.000000,0.000000,0.000000,4.000000,4.000000,4.000000,4.000000,4.000000,4.000000,0.000000,,,,,,,,,,,,,,,,,,,,,,,,,,,,
1732157909.067671,1732157909.070965,38.000000,0.000000,4324.358887,4263.461426,4318.205078,4311.794922,4287.051270,4283.077148,4336.410156,4397.436035,4281.922852,4293.717773,4472.948730,4523.461426,4326.666504,4430.000000,0.000000,1.000000,22.000000,,,,0.000000,2.000000,2.000000,0.000000,4.000000,2.000000,2.000000,0.000000,0.000000,4.000000,4.000000,4.000000,4.000000,4.000000,4.000000,0.000000,,,,,,,,,,,,,,,,,,,,,,,,,,,,
1732157909.075479,1732157909.078773,39.000000,0.000000,4317.436035,4261.025879,4319.743652,4307.948730,4283.846191,4280.769043,4335.000000,4399.615234,4280.897461,4292.820313,4476.282227,4522.179688,4326.282227,4427.307617,0.000000,1.000000,22.000000,,,,0.000000,2.000000,2.000000,0.000000,4.000000,2.000000,2.000000,0.000000,0.000000,4.000000,4.000000,4.000000,4.000000,4.000000,4.000000,0.000000,,,,,,,,,,,,,,,,,,,,,,,,,,,,
1732157909.083287,1732157909.086681,40.000000,0.000000,4321.282227,4261.538574,4321.666504,4308.589844,4289.871582,4279.487305,4333.205078,4402.307617,4280.897461,4295.256348,4482.436035,4524.230957,4327.307617,4429.358887,0.000000,1.000000,22.000000,,,,0.000000,2.000000,2.000000,0.000000,4.000000,2.000000,2.000000,0.000000,0.000000,4.000000,4.000000,4.000000,4.000000,4.000000,4.000000,0.000000,,,,,,,,,,,,,,,,,10.000000,0.000000,0.515854,0.482788,-0.538025,0.459717,0.971310,0.015139,-0.041021,-35.713280,45.448753,31.305956
1732157909.091095,1732157909.094489,41.000000,0.000000,4326.922852,4264.743652,4320.384766,4315.512695,4294.615234,4283.717773,4334.487305,4401.538574,4286.025879,4297.820313,4480.256348,4523.846191,4327.179688,4431.410156,0.000000,1.000000,22.000000,,,,0.000000,2.000000,2.000000,0.000000,4.000000,2.000000,2.000000,0.000000,0.000000,4.000000,4.000000,4.000000,4.000000,4.000000,4.000000,0.000000,,,,,,,,,,,,,,,,,,,,,,,,,,,,
1732157909.098904,1732157909.102098,42.000000,0.000000,4326.410156,4265.641113,4318.461426,4318.461426,4290.769043,4289.230957,4335.256348,4400.769043,4285.128418,4294.871582,4473.846191,4522.948730,4325.897461,4429.358887,0.000000,1.000000,22.000000,,,,0.000000,2.000000,2.000000,0.000000,4.000000,2.000000,2.000000,0.000000,0.000000,4.000000,4.000000,4.000000,4.000000,4.000000,4.000000,0.000000,,,,,,,,,,,,,,,,,,,,,,,,,,,,
1732157909.106712,1732157909.109906,43.000000,0.000000,4323.461426,4264.102539,4317.948730,4312.948730,4295.256348,4287.436035,4334.230957,4401.025879,4279.615234,4294.358887,4473.974121,4518.589844,4328.461426,4429.230957,0.000000,1.000000,22.000000,,,,0.000000,2.000000,2.000000,0.000000,4.000000,2.000000,2.000000,0.000000,0.000000,4.000000,4.000000,4.000000,4.000000,4.000000,4.000000,0.000000,,,,,,,,,,,,,,,,,,,,,,,,,,,,
1732157909.114520,1732157909.117814,44.000000,0.000000,4321.153809,4264.102539,4317.692383,4310.128418,4304.743652,4281.538574,4335.000000,4401.410156,4285.641113,4298.077148,4478.589844,4516.153809,4335.128418,4430.641113,0.000000,1.000000,22.000000,,,,0.000000,2.000000,2.000000,0.000000,4.000000,2.000000,2.000000,0.000000,0.000000,4.000000,4.000000,4.000000,4.000000,4.000000,4.000000,0.000000,,,,,,,,,,,,,,,,,11.000000,0.000000,0.515854,0.482788,-0.538025,0.459717,0.976193,0.000488,-0.044439,-35.841091,45.443489,31.309492
1732157909.122328,1732157909.125622,45.000000,0.000000,4320.641113,4264.487305,4316.025879,4315.128418,4293.333496,4286.410156,4336.153809,4401.794922,4297.051270,4298.717773,4478.974121,4516.282227,4334.615234,4428.461426,0.000000,1.000000,22.000000,,,,0.000000,2.000000,2.000000,0.000000,4.000000,2.000000,2.000000,0.000000,0.000000,4.000000,4.000000,4.000000,4.000000,4.000000,4.000000,0.000000,,,,,,,,,,,,,,,,,,,,,,,,,,,,
1732157909.130137,1732157909.133230,46.000000,0.000000,4318.077148,4265.128418,4316.794922,4320.384766,4281.282227,4295.128418,4334.871582,4400.256348,4298.461426,4294.871582,4476.282227,4514.743652,4326.410156,4422.563965,0.000000,1.000000,22.000000,,,,0.000000,2.000000,2.000000,0.000000,4.000000,2.000000,2.000000,0.000000,0.000000,4.000000,4.000000,4.000000,4.000000,4.000000,4.000000,0.000000,,,,,,,,,,,,,,,,,,,,,,,,,,,,
1732157909.137945,1732157909.141039,47.000000,0.000000,4312.179688,4265.897461,4321.025879,4317.692383,4284.871582,4295.128418,4333.589844,4398.333496,4292.563965,4296.410156,4475.128418,4511.922852,4324.487305,4416.922852,0.000000,1.000000,22.000000,,,,0.000000,2.000000,2.000000,0.000000,4.000000,2.000000,2.000000,0.000000,0.000000,4.000000,4.000000,4.000000,4.000000,4.000000,4.000000,0.000000,,,,,,,,,,,,,,,,,,,,,,,,,,,,
1732157909.145753,1732157909.148747,48.000000,0.000000,4309.615234,4265.128418,4321.025879,4311.666504,4291.153809,4292.436035,4334.102539,4400.384766,4286.025879,4294.358887,4474.358887,4514.230957,4328.077148,4413.974121,0.000000,1.000000,22.000000,,,,0.000000,2.000000,2.000000,0.000000,4.000000,2.000000,2.000000,0.000000,0.000000,4.000000,4.000000,4.000000,4.000000,4.000000,4.000000,0.000000,,,,,,,,,,,,,,,,,12.000000,0.000000,0.514883,0.482971,-0.538269,0.460327,0.989867,0.013674,-0.053717,-35.654617,45.495892,31.280687
1732157909.153561,1732157909.156555,49.000000,0.000000,4310.000000,4264.615234,4316.922852,4310.128418,4298.333496,4293.717773,4333.846191,4402.051270,4278.717773,4280.256348,4472.051270,4513.974121,4325.512695,4413.333496,0.000000,1.000000,22.000000,,,,0.000000,2.000000,2.000000,0.000000,4.000000,2.000000,2.000000,0.000000,0.000000,4.000000,4.000000,4.000000,4.000000,4.000000,4.000000,0.000000,,,,,,,,,,,,,,,,,,,,,,,,,,,,
1732157909.161370,1732157909.164164,50.000000,0.000000,4308.717773,4264.871582,4316.538574,4311.410156,4299.230957,4294.615234,4333.077148,4400.384766,4281.153809,4277.948730,4471.922852,4513.077148,4323.846191,4413.077148,0.000000,1.000000,22.000000,,,,0.000000,2.000000,2.000000,0.000000,4.000000,2.000000,2.000000,0.000000,0.000000,4.000000,4.000000,4.000000,4.000000,4.000000,4.000000,0.000000,,,,,,,,,,,,,,,,,,,,,,,,,,,,
1732157909.169178,1732157909.171972,51.000000,0.000000,4308.077148,4263.717773,4318.974121,4310.769043,4283.589844,4294.743652,4333.846191,4400.769043,4291.794922,4291.922852,4473.589844,4514.743652,4327.692383,4411.538574,0.000000,1.000000,22.000000,,,,0.000000,2.000000,2.000000,0.000000,4.000000,2.000000,2.000000,0.000000,0.000000,4.000000,4.000000,4.000000,4.000000,4.000000,4.000000,0.000000,,,,,,,,,,,,,,,,,,,,,,,,,,,,
1732157909.176986,1732157909.179680,52.000000,0.000000,4308.333496,4261.666504,4315.641113,4307.307617,4274.615234,4293.717773,4334.230957,4401.794922,4295.000000,4294.487305,4471.410156,4508.846191,4326.538574,4410.769043,0.000000,1.000000,22.000000,,,,0.000000,2.000000,2.000000,0.000000,4.000000,2.000000,2.000000,0.000000,0.000000,4.000000,4.000000,4.000000,4.000000,4.000000,4.000000,0.000000,,,,,,,,,,,,,,,,,13.000000,0.000000,0.513637,0.483093,-0.538513,0.461304,0.982053,-0.005372,-0.048834,-35.391907,45.718342,31.260691
1732157909.184794,1732157909.187488,53.000000,0.000000,4308.974121,4261.922852,4315.512695,4303.974121,4281.666504,4287.436035,4333.717773,4400.641113,4293.717773,4288.589844,4470.384766,4508.846191,4325.512695,4412.692383,0.000000,1.000000,22.000000,,,,0.000000,2.000000,2.000000,0.000000,4.000000,2.000000,2.000000,0.000000,0.000000,4.000000,4.000000,4.000000,4.000000,4.000000,4.000000,0.000000,,,,,,,,,,,,,,,,,,,,,,,,,,,,
1732157909.192603,1732157909.195097,54.000000,0.000000,4311.538574,4264.102539,4317.820313,4307.307617,4286.025879,4284.102539,4333.846191,4400.897461,4296.153809,4292.563965,4472.948730,4520.512695,4328.589844,4415.512695,0.000000,1.000000,22.000000,,,,0.000000,2.000000,2.000000,0.000000,4.000000,2.000000,2.000000,0.000000,0.000000,4.000000,4.000000,4.000000,4.000000,4.000000,4.000000,0.000000,,,,,,,,,,,,,,,,,,,,,,,,,,,,
1732157909.200411,1732157909.202905,55.000000,0.000000,4311.282227,4263.717773,4317.563965,4311.025879,4286.794922,4286.410156,4333.974121,4402.307617,4298.077148,4296.538574,4473.717773,4523.461426,4329.102539,4415.384766,0.000000,1.000000,22.000000,,,,0.000000,2.000000,2.000000,0.000000,4.000000,2.000000,2.000000,0.000000,0.000000,4.000000,4.000000,4.000000,4.000000,4.000000,4.000000,0.000000,,,,,,,,,,,,,,,,,,,,,,,,,,,,
1732157909.208219,1732157909.210613,56.000000,0.000000,4307.948730,4263.333496,4316.794922,4308.717773,4288.077148,4292.436035,4333.846191,4401.410156,4295.897461,4294.102539,4474.615234,4513.974121,4326.922852,4413.205078,0.000000,1.000000,22.000000,,,,0.000000,2.000000,2.000000,0.000000,4.000000,2.000000,2.000000,0.000000,0.000000,4.000000,4.000000,4.000000,4.000000,4.000000,4.000000,0.000000,,,,,,,,,,,,,,,,,14.000000,0.000000,0.513171,0.483093,-0.538696,0.461609,0.982053,-0.005372,-0.048834,-35.320778,45.765190,31.257826
1732157909.216027,1732157909.218422,57.000000,0.000000,4306.538574,4263.077148,4316.410156,4307.692383,4298.974121,4292.179688,4333.846191,4398.205078,4295.641113,4293.077148,4472.820313,4507.563965,4326.538574,4411.153809,0.000000,1.000000,22.000000,,,,0.000000,2.000000,2.000000,0.000000,4.000000,2.000000,2.000000,0.000000,0.000000,4.000000,4.000000,4.000000,4.000000,4.000000,4.000000,0.000000,,,,,,,,,,,,,,,,,,,,,,,,,,,,
1732157909.223836,1732157909.226030,58.000000,0.000000,4309.358887,4265.128418,4317.436035,4310.769043,4309.743652,4285.897461,4334.871582,4396.538574,4296.794922,4291.666504,4466.410156,4507.051270,4327.051270,4410.512695,0.000000,1.000000,22.000000,,,,0.000000,2.000000,2.000000,0.000000,4.000000,2.000000,2.000000,0.000000,0.000000,4.000000,4.000000,4.000000,4.000000,4.000000,4.000000,0.000000,,,,,,,,,,,,,,,,,,,,,,,,,,,,
1732157909.231644,1732157909.233838,59.000000,0.000000,4312.563965,4269.743652,4318.846191,4312.948730,4292.692383,4287.692383,4335.897461,4399.230957,4287.820313,4286.282227,4466.282227,4505.384766,4326.282227,4411.794922,0.000000,1.000000,22.000000,,,,0.000000,2.000000,2.000000,0.000000,4.000000,2.000000,2.000000,0.000000,0.000000,4.000000,4.000000,4.000000,4.000000,4.000000,4.000000,0.000000,,,,,,,,,,,,,,,,,,,,,,,,,,,,
1732157909.239452,1732157909.241546,60.000000,0.000000,4312.051270,4271.282227,4317.692383,4312.051270,4275.769043,4296.666504,4336.025879,4402.692383,4280.769043,4281.666504,4472.820313,4506.153809,4325.256348,4411.153809,0.000000,1.000000,22.000000,,,,0.000000,2.000000,2.000000,0.000000,4.000000,2.000000,2.000000,0.000000,0.000000,4.000000,4.000000,4.000000,4.000000,4.000000,4.000000,0.000000,,,,,,,,,,,,,,,,,15.000000,0.000000,0.512385,0.483032,-0.538818,0.462402,0.971798,-0.014650,-0.038091,-35.346497,45.519802,31.350506
1732157909.247260,1732157909.249355,61.000000,0.000000,4311.282227,4267.563965,4316.025879,4310.769043,4287.820313,4298.846191,4335.769043,4401.922852,4288.333496,4282.563965,4471.922852,4507.563965,4325.769043,4408.974121,0.000000,1.000000,22.000000,,,,0.000000,2.000000,2.000000,0.000000,4.000000,2.000000,2.000000,0.000000,0.000000,4.000000,4.000000,4.000000,4.000000,4.000000,4.000000,0.000000,,,,,,,,,,,,,,,,,,,,,,,,,,,,
1732157909.255069,1732157909.256963,62.000000,0.000000,4310.769043,4265.128418,4318.333496,4310.769043,4297.436035,4295.128418,4335.897461,4400.512695,4297.179688,4288.589844,4467.307617,4507.820313,4330.256348,4410.384766,0.000000,1.000000,22.000000,,,,0.000000,2.000000,2.000000,0.000000,4.000000,2.000000,2.000000,0.000000,0.000000,4.000000,4.000000,4.000000,4.000000,4.000000,4.000000,0.000000,,,,,,,,,,,,,,,,,,,,,,,,,,,,
1732157909.262877,1732157909.264771,63.000000,0.000000,4306.794922,4267.179688,4316.025879,4310.256348,4294.487305,4294.615234,4335.897461,4401.153809,4294.230957,4291.282227,4469.615234,4504.871582,4331.666504,4412.692383,0.000000,1.000000,22.000000,,,,0.000000,2.000000,2.000000,0.000000,4.000000,2.000000,2.000000,0.000000,0.000000,4.000000,4.000000,4.000000,4.000000,4.000000,4.000000,0.000000,,,,,,,,,,,,,,,,,,,,,,,,,,,,
1732157909.270685,1732157909.272480,64.000000,0.000000,4307.051270,4266.410156,4311.538574,4309.615234,4291.025879,4298.077148,4335.897461,4400.128418,4293.589844,4292.948730,4474.358887,4506.410156,4329.871582,4413.333496,0.000000,1.000000,22.000000,,,,0.000000,2.000000,2.000000,0.000000,4.000000,2.000000,2.000000,0.000000,0.000000,4.000000,4.000000,4.000000,4.000000,4.000000,4.000000,0.000000,,,,,,,,,,,,,,,,,16.000000,0.000000,0.511191,0.482300,-0.539612,0.463562,0.976682,-0.013674,-0.042486,-35.375664,45.357708,31.600576
1732157909.278493,1732157909.280288,65.000000,0.000000,4310.128418,4263.077148,4315.897461,4308.717773,4293.461426,4298.974121,4335.897461,4399.102539,4301.922852,4295.384766,4475.897461,4510.256348,4329.230957,4412.948730,1609.000000,1.000000,22.000000,,,,0.000000,2.000000,2.000000,0.000000,4.000000,2.000000,2.000000,0.000000,0.000000,4.000000,4.000000,4.000000,4.000000,4.000000,4.000000,0.000000,,,,,,,,,,,,,,,,,,,,,,,,,,,,
1732157909.286301,1732157909.287896,66.000000,0.000000,4307.948730,4264.871582,4320.641113,4306.153809,4305.641113,4289.230957,4335.512695,4400.769043,4299.487305,4289.487305,4474.102539,4508.461426,4328.589844,4411.410156,1362.000000,1.000000,22.000000,,,,0.000000,2.000000,2.000000,0.000000,4.000000,2.000000,2.000000,0.000000,0.000000,4.000000,4.000000,4.000000,4.000000,4.000000,4.000000,0.000000,,,,,,,,,,,,,,,,,,,,,,,,,,,,
1732157909.294110,1732157909.295704,67.000000,0.000000,4307.948730,4265.512695,4317.179688,4305.384766,4302.563965,4285.256348,4336.025879,4400.000000,4291.922852,4283.974121,4473.205078,4504.102539,4332.179688,4412.436035,1434.000000,1.000000,22.000000,,,,0.000000,2.000000,2.000000,0.000000,4.000000,2.000000,2.000000,0.000000,0.000000,4.000000,4.000000,4.000000,4.000000,4.000000,4.000000,0.000000,,,,,,,,,,,,,,,,,,,,,,,,,,,,
1732157909.301918,1732157909.303413,68.000000,0.000000,4312.051270,4266.282227,4317.436035,4307.051270,4281.538574,4296.794922,4336.025879,4398.205078,4294.487305,4291.666504,4475.384766,4504.743652,4337.563965,4416.794922,1427.000000,1.000000,22.000000,,,,0.000000,2.000000,2.000000,0.000000,4.000000,2.000000,2.000000,0.000000,0.000000,4.000000,4.000000,4.000000,4.000000,4.000000,4.000000,0.000000,,,,,,,,,,,,,,,,,17.000000,0.000000,0.510425,0.482056,-0.539978,0.464233,0.977170,-0.029789,-0.042974,-35.382618,45.293076,31.653133
1732157909.309726,1732157909.311221,69.000000,0.000000,4311.666504,4273.077148,4319.871582,4311.025879,4277.179688,4299.487305,4334.230957,4399.615234,4296.666504,4296.410156,4476.153809,4508.205078,4336.153809,4416.666504,1204.000000,1.000000,22.000000,,,,0.000000,2.000000,2.000000,0.000000,4.000000,2.000000,2.000000,0.000000,0.000000,4.000000,4.000000,4.000000,4.000000,4.000000,4.000000,0.000000,,,,,,,,,,,,,,,,,,,,,,,,,,,,
1732157909.317535,1732157909.318829,70.000000,0.000000,4308.077148,4275.512695,4316.538574,4310.000000,4288.717773,4291.794922,4334.230957,4400.128418,4294.102539,4287.307617,4475.128418,4507.692383,4332.563965,4413.461426,0.000000,1.000000,22.000000,,,,0.000000,2.000000,2.000000,0.000000,4.000000,2.000000,2.000000,0.000000,0.000000,4.000000,4.000000,4.000000,4.000000,4.000000,4.000000,0.000000,,,,,,,,,,,,,,,,,,,,,,,,,,,,
1732157909.325343,1732157909.326638,71.000000,0.000000,4306.410156,4268.589844,4315.000000,4300.641113,4289.615234,4295.000000,4336.282227,4398.461426,4295.000000,4280.769043,4474.358887,4505.641113,4336.025879,4414.615234,0.000000,1.000000,22.000000,,,,0.000000,2.000000,2.000000,0.000000,4.000000,2.000000,2.000000,0.000000,0.000000,4.000000,4.000000,4.000000,4.000000,4.000000,4.000000,0.000000,,,,,,,,,,,,,,,,,,,,,,,,,,,,
1732157909.333151,1732157909.334346,72.000000,0.000000,4304.615234,4264.871582,4316.153809,4295.641113,4286.666504,4293.974121,4336.410156,4399.871582,4294.743652,4281.538574,4473.077148,4509.871582,4335.000000,4415.256348,1536.000000,1.000000,22.000000,,,,0.000000,2.000000,2.000000,0.000000,4.000000,2.000000,2.000000,0.000000,0.000000,4.000000,4.000000,4.000000,4.000000,4.000000,4.000000,0.000000,,,,,,,,,,,,,,,,,18.000000,0.000000,0.510020,0.481995,-0.540100,0.464600,0.977170,-0.029789,-0.042974,-35.254921,45.379059,31.609037
1732157909.340959,1732157909.342154,73.000000,0.000000,4306.538574,4269.743652,4315.512695,4295.897461,4288.461426,4281.538574,4335.256348,4400.769043,4291.025879,4283.461426,4471.538574,4514.871582,4329.102539,4413.717773,1691.000000,1.000000,22.000000,,,,0.000000,2.000000,2.000000,0.000000,4.000000,2.000000,2.000000,0.000000,0.000000,4.000000,4.000000,4.000000,4.000000,4.000000,4.000000,0.000000,,,,,,,,,,,,,,,,,,,,,,,,,,,,
1732157909.348768,1732157909.350162,74.000000,0.000000,4311.538574,4275.641113,4317.307617,4297.436035,4281.794922,4281.666504,4336.153809,4398.846191,4293.974121,4286.922852,4474.230957,4516.922852,4331.025879,4416.410156,1556.000000,1.000000,22.000000,,,,0.000000,2.000000,2.000000,0.000000,4.000000,2.000000,2.000000,0.000000,0.000000,4.000000,4.000000,4.000000,4.000000,4.000000,4.000000,0.000000,,,,,,,,,,,,,,,,,,,,,,,,,,,,
1732157909.356576,1732157909.357970,75.000000,0.000000,4312.692383,4275.897461,4319.615234,4302.436035,4290.128418,4285.897461,4335.000000,4398.974121,4296.922852,4288.974121,4477.436035,4515.897461,4335.641113,4421.153809,1566.000000,1.000000,22.000000,,,,0.000000,2.000000,2.000000,0.000000,4.000000,2.000000,2.000000,0.000000,0.000000,4.000000,4.000000,4.000000,4.000000,4.000000,4.000000,0.000000,,,,,,,,,,,,,,,,,,,,,,,,,,,,
1732157909.364384,1732157909.365878,76.000000,0.000000,4310.256348,4269.230957,4318.333496,4306.153809,4309.102539,4281.538574,4333.333496,4400.256348,4293.589844,4287.948730,4476.025879,4515.897461,4336.410156,4420.512695,1701.000000,1.000000,22.000000,,,,0.000000,2.000000,2.000000,0.000000,4.000000,2.000000,2.000000,0.000000,0.000000,4.000000,4.000000,4.000000,4.000000,4.000000,4.000000,0.000000,,,,,,,,,,,,,,,,,19.000000,0.000000,0.509309,0.480591,-0.541809,0.464844,0.976193,-0.018069,-0.057624,-35.128155,45.228703,31.713322
1732157909.372192,1732157909.373687,77.000000,0.000000,4303.589844,4267.179688,4317.307617,4304.871582,4298.205078,4285.128418,4335.256348,4400.641113,4294.871582,4283.974121,4472.436035,4515.128418,4333.205078,4415.128418,1614.000000,1.000000,22.000000,,,,0.000000,2.000000,2.000000,0.000000,4.000000,2.000000,2.000000,0.000000,0.000000,4.000000,4.000000,4.000000,4.000000,4.000000,4.000000,0.000000,,,,,,,,,,,,,,,,,,,,,,,,,,,,
1732157909.380000,1732157909.381695,78.000000,0.000000,4297.692383,4269.487305,4319.743652,4306.153809,4274.487305,4296.282227,4336.282227,4400.256348,4296.153809,4281.538574,4471.410156,4511.794922,4327.436035,4412.948730,1556.000000,1.000000,22.000000,,,,0.000000,2.000000,2.000000,0.000000,4.000000,2.000000,2.000000,0.000000,0.000000,4.000000,4.000000,4.000000,4.000000,4.000000,4.000000,0.000000,1.000000,0.000000,2.000000,1.000000,0.000000,4.000000,2.000000,2.000000,0.000000,0.000000,4.000000,4.000000,4.000000,4.000000,4.000000,4.000000,,,,,,,,,,,,
1732157909.387809,1732157909.389503,79.000000,0.000000,4297.307617,4270.256348,4317.436035,4309.615234,4277.692383,4294.615234,4334.743652,4399.743652,4296.666504,4286.025879,4472.051270,4508.077148,4326.666504,4412.051270,1566.000000,1.000000,22.000000,,,,0.000000,2.000000,2.000000,0.000000,4.000000,2.000000,2.000000,0.000000,0.000000,4.000000,4.000000,4.000000,4.000000,4.000000,4.000000,0.000000,,,,,,,,,,,,,,,,,,,,,,,,,,,,
1732157909.395617,1732157909.397411,80.000000,0.000000,4297.948730,4271.538574,4314.230957,4306.666504,4289.487305,4293.077148,4335.000000,4399.230957,4303.974121,4290.000000,4472.179688,4505.641113,4331.666504,4407.051270,1701.000000,1.000000,22.000000,,,,0.000000,2.000000,2.000000,0.000000,4.000000,2.000000,2.000000,0.000000,0.000000,4.000000,4.000000,4.000000,4.000000,4.000000,4.000000,0.000000,,,,,,,,,,,,,,,,,20.000000,0.000000,0.509018,0.480103,-0.542358,0.465027,0.976193,-0.021487,-0.050787,-34.975471,45.056915,31.931124
1732157909.403425,1732157909.405219,81.000000,0.000000,4299.743652,4270.897461,4316.666504,4307.307617,4284.230957,4295.641113,4334.871582,4400.000000,4306.153809,4284.102539,4472.051270,4506.282227,4331.538574,4404.615234,1614.000000,1.000000,22.000000,,,,0.000000,2.000000,2.000000,0.000000,4.000000,2.000000,2.000000,0.000000,0.000000,4.000000,4.000000,4.000000,4.000000,4.000000,4.000000,0.000000,,,,,,,,,,,,,,,,,,,,,,,,,,,,
1732157909.411234,1732157909.412828,82.000000,0.000000,4303.333496,4270.641113,4318.205078,4310.384766,4279.102539,4288.589844,4332.692383,4399.230957,4297.179688,4280.384766,4470.769043,4511.025879,4325.384766,4409.743652,1556.000000,1.000000,22.000000,,,,0.000000,2.000000,2.000000,0.000000,4.000000,2.000000,2.000000,0.000000,0.000000,4.000000,4.000000,4.000000,4.000000,4.000000,4.000000,0.000000,,,,,,,,,,,,,,,,,,,,,,,,,,,,
1732157909.419042,1732157909.420636,83.000000,0.000000,4300.256348,4276.410156,4317.692383,4307.948730,4289.230957,4282.051270,4333.333496,4396.794922,4290.512695,4282.692383,4470.000000,4513.333496,4326.666504,4412.692383,1566.000000,1.000000,22.000000,,,,0.000000,2.000000,2.000000,0.000000,4.000000,2.000000,2.000000,0.000000,0.000000,4.000000,4.000000,4.000000,4.000000,4.000000,4.000000,0.000000,,,,,,,,,,,,,,,,,,,,,,,,,,,,
1732157909.426850,1732157909.428544,84.000000,0.000000,4295.512695,4278.077148,4317.307617,4304.230957,4303.077148,4279.743652,4336.282227,4397.436035,4290.384766,4281.153809,4472.692383,4510.512695,4332.948730,4410.641113,1701.000000,1.000000,22.000000,,,,0.000000,2.000000,2.000000,0.000000,4.000000,2.000000,2.000000,0.000000,0.000000,4.000000,4.000000,4.000000,4.000000,4.000000,4.000000,0.000000,,,,,,,,,,,,,,,,,21.000000,0.000000,0.508988,0.479858,-0.542603,0.465027,0.987425,-0.013185,-0.042974,-35.296799,44.951103,31.880877
1732157909.434658,1732157909.436352,85.000000,0.000000,4302.051270,4271.282227,4318.589844,4303.717773,4296.282227,4282.436035,4337.179688,4399.871582,4292.563965,4279.615234,4475.384766,4516.153809,4336.794922,4411.410156,1614.000000,1.000000,22.000000,,,,0.000000,2.000000,2.000000,0.000000,4.000000,2.000000,2.000000,0.000000,0.000000,4.000000,4.000000,4.000000,4.000000,4.000000,4.000000,0.000000,,,,,,,,,,,,,,,,,,,,,,,,,,,,
1732157909.442467,1732157909.444360,86.000000,0.000000,4305.256348,4271.666504,4318.589844,4306.922852,4275.128418,4290.769043,4336.153809,4399.102539,4294.615234,4282.436035,4473.461426,4520.769043,4334.487305,4413.333496,1556.000000,1.000000,22.000000,,,,0.000000,2.000000,2.000000,0.000000,4.000000,2.000000,2.000000,0.000000,0.000000,4.000000,4.000000,4.000000,4.000000,4.000000,4.000000,0.000000,,,,,,,,,,,,,,,,,,,,,,,,,,,,
1732157909.450275,1732157909.452168,87.000000,0.000000,4298.974121,4276.922852,4319.743652,4307.307617,4275.641113,4291.666504,4335.384766,4397.307617,4289.102539,4281.922852,4470.769043,4515.384766,4328.589844,4412.307617,1566.000000,1.000000,22.000000,,,,0.000000,2.000000,2.000000,0.000000,4.000000,2.000000,2.000000,0.000000,0.000000,4.000000,4.000000,4.000000,4.000000,4.000000,4.000000,0.000000,,,,,,,,,,,,,,,,,,,,,,,,,,,,
1732157909.458083,1732157909.460076,88.000000,0.000000,4298.205078,4276.666504,4318.205078,4307.307617,4284.743652,4284.102539,4336.153809,4398.461426,4282.820313,4278.205078,4471.153809,4518.589844,4328.077148,4414.102539,1701.000000,1.000000,22.000000,,,,0.000000,2.000000,2.000000,0.000000,4.000000,2.000000,2.000000,0.000000,0.000000,4.000000,4.000000,4.000000,4.000000,4.000000,4.000000,0.000000,,,,,,,,,,,,,,,,,22.000000,0.000000,0.508948,0.479614,-0.542908,0.464966,0.979123,-0.020022,-0.054206,-35.525406,45.213726,31.871843
1732157909.465891,1732157909.467885,89.000000,0.000000,4300.641113,4276.666504,4315.000000,4308.846191,4282.563965,4284.743652,4336.538574,4399.871582,4290.512695,4278.205078,4471.153809,4524.871582,4332.820313,4418.333496,1614.000000,1.000000,22.000000,,,,0.000000,2.000000,2.000000,0.000000,4.000000,2.000000,2.000000,0.000000,0.000000,4.000000,4.000000,4.000000,4.000000,4.000000,4.000000,0.000000,,,,,,,,,,,,,,,,,,,,,,,,,,,,
1732157909.473700,1732157909.475893,90.000000,0.000000,4297.692383,4276.538574,4317.179688,4307.820313,4284.487305,4294.102539,4335.897461,4399.358887,4297.820313,4280.256348,4470.641113,4521.666504,4335.897461,4419.102539,1556.000000,1.000000,22.000000,,,,0.000000,2.000000,2.000000,0.000000,4.000000,2.000000,2.000000,0.000000,0.000000,4.000000,4.000000,4.000000,4.000000,4.000000,4.000000,0.000000,,,,,,,,,,,,,,,,,,,,,,,,,,,,
1732157909.481508,1732157909.483701,91.000000,0.000000,4297.948730,4271.794922,4319.615234,4305.384766,4284.358887,4292.307617,4335.512695,4400.512695,4297.692383,4282.436035,4472.307617,4521.538574,4335.000000,4416.922852,1566.000000,1.000000,22.000000,,,,0.000000,2.000000,2.000000,0.000000,4.000000,2.000000,2.000000,0.000000,0.000000,4.000000,4.000000,4.000000,4.000000,4.000000,4.000000,0.000000,,,,,,,,,,,,,,,,,,,,,,,,,,,,
1732157909.489316,1732157909.491609,92.000000,0.000000,4301.666504,4267.692383,4316.153809,4303.333496,4281.282227,4284.230957,4335.897461,4401.666504,4296.794922,4282.563965,4473.333496,4523.717773,4332.948730,4415.256348,1701.000000,1.000000,22.000000,,,,0.000000,2.000000,2.000000,0.000000,4.000000,2.000000,2.000000,0.000000,0.000000,4.000000,4.000000,4.000000,4.000000,4.000000,4.000000,0.000000,,,,,,,,,,,,,,,,,23.000000,0.000000,0.509035,0.479492,-0.543091,0.464783,0.975705,-0.018557,-0.047857,-35.667248,45.311451,31.946194
1732157909.497124,1732157909.499417,93.000000,0.000000,4298.077148,4266.794922,4314.230957,4299.487305,4294.615234,4279.615234,4335.769043,4399.615234,4295.897461,4280.897461,4471.538574,4520.256348,4333.205078,4415.000000,1614.000000,1.000000,22.000000,,,,0.000000,2.000000,2.000000,0.000000,4.000000,2.000000,2.000000,0.000000,0.000000,4.000000,4.000000,4.000000,4.000000,4.000000,4.000000,0.000000,,,,,,,,,,,,,,,,,,,,,,,,,,,,
1732157909.504933,1732157909.507425,94.000000,0.000000,4293.974121,4268.205078,4318.461426,4295.769043,4295.256348,4282.179688,4335.512695,4399.487305,4299.102539,4285.256348,4473.205078,4521.538574,4335.000000,4412.436035,1556.000000,1.000000,22.000000,,,,0.000000,2.000000,2.000000,0.000000,4.000000,2.000000,2.000000,0.000000,0.000000,4.000000,4.000000,4.000000,4.000000,4.000000,4.000000,0.000000,,,,,,,,,,,,,,,,,,,,,,,,,,,,
1732157909.512741,1732157909.515233,95.000000,0.000000,4294.358887,4271.538574,4320.000000,4296.794922,4273.717773,4288.077148,4335.000000,4400.384766,4303.974121,4288.846191,4476.153809,4518.974121,4332.692383,4405.256348,1566.000000,1.000000,22.000000,,,,0.000000,2.000000,2.000000,0.000000,4.000000,2.000000,2.000000,0.000000,0.000000,4.000000,4.000000,4.000000,4.000000,4.000000,4.000000,0.000000,,,,,,,,,,,,,,,,,,,,,,,,,,,,
1732157909.520549,1732157909.523141,96.000000,0.000000,4291.410156,4271.538574,4316.538574,4300.000000,4268.205078,4290.128418,4334.615234,4397.820313,4299.230957,4283.077148,4468.077148,4507.436035,4325.256348,4396.922852,1701.000000,1.000000,22.000000,,,,0.000000,2.000000,2.000000,0.000000,4.000000,2.000000,2.000000,0.000000,0.000000,4.000000,4.000000,4.000000,4.000000,4.000000,4.000000,0.000000,,,,,,,,,,,,,,,,,24.000000,0.000000,0.508964,0.479370,-0.543213,0.464844,0.980588,-0.029789,-0.052252,-35.923801,45.365608,31.984749
1732157909.528357,1732157909.530950,97.000000,0.000000,4288.974121,4269.743652,4315.384766,4298.589844,4280.512695,4291.922852,4334.743652,4396.282227,4295.641113,4279.230957,4462.051270,4503.589844,4324.615234,4395.128418,1614.000000,1.000000,22.000000,,,,0.000000,2.000000,2.000000,0.000000,4.000000,2.000000,2.000000,0.000000,0.000000,4.000000,4.000000,4.000000,4.000000,4.000000,4.000000,0.000000,,,,,,,,,,,,,,,,,,,,,,,,,,,,
1732157909.536166,1732157909.538558,98.000000,0.000000,4293.974121,4272.051270,4317.820313,4297.820313,4283.333496,4290.256348,4335.256348,4399.871582,4303.846191,4283.333496,4469.487305,4511.794922,4332.436035,4399.743652,1556.000000,1.000000,22.000000,,,,0.000000,2.000000,2.000000,0.000000,4.000000,2.000000,2.000000,0.000000,0.000000,4.000000,4.000000,4.000000,4.000000,4.000000,4.000000,0.000000,,,,,,,,,,,,,,,,,,,,,,,,,,,,
1732157909.543974,1732157909.546366,99.000000,0.000000,4298.974121,4277.179688,4317.948730,4304.358887,4278.461426,4283.333496,4335.897461,4400.384766,4305.128418,4284.102539,4473.077148,4514.487305,4336.153809,4401.922852,1566.000000,1.000000,22.000000,,,,0.000000,2.000000,2.000000,0.000000,4.000000,2.000000,2.000000,0.000000,0.000000,4.000000,4.000000,4.000000,4.000000,4.000000,4.000000,0.000000,,,,,,,,,,,,,,,,,,,,,,,,,,,,
1732157909.551782,1732157909.554274,100.000000,0.000000,4296.538574,4278.717773,4316.410156,4307.307617,4278.974121,4280.000000,4336.025879,4397.179688,4295.128418,4279.615234,4471.025879,4508.205078,4333.205078,4399.615234,1701.000000,1.000000,22.000000,,,,0.000000,2.000000,2.000000,0.000000,4.000000,2.000000,2.000000,0.000000,0.000000,4.000000,4.000000,4.000000,4.000000,4.000000,4.000000,0.000000,,,,,,,,,,,,,,,,,25.000000,0.000000,0.508899,0.479370,-0.543274,0.464844,0.962520,-0.029789,-0.053717,-35.789948,45.526142,31.770981
1732157909.559590,1732157909.562083,101.000000,0.000000,4293.846191,4280.512695,4315.897461,4305.897461,4285.897461,4285.512695,4335.641113,4397.179688,4293.077148,4278.333496,4470.769043,4504.871582,4333.077148,4397.563965,1614.000000,1.000000,22.000000,,,,0.000000,2.000000,2.000000,0.000000,4.000000,2.000000,2.000000,0.000000,0.000000,4.000000,4.000000,4.000000,4.000000,4.000000,4.000000,0.000000,,,,,,,,,,,,,,,,,,,,,,,,,,,,
1732157909.567399,1732157909.569691,102.000000,0.000000,4293.461426,4280.128418,4316.410156,4306.794922,4287.436035,4287.563965,4336.025879,4398.333496,4296.282227,4278.589844,4464.871582,4507.307617,4333.077148,4397.307617,1556.000000,1.000000,22.000000,,,,0.000000,2.000000,2.000000,0.000000,4.000000,2.000000,2.000000,0.000000,0.000000,4.000000,4.000000,4.000000,4.000000,4.000000,4.000000,0.000000,,,,,,,,,,,,,,,,,,,,,,,,,,,,
1732157909.575207,1732157909.577499,103.000000,0.000000,4292.692383,4277.179688,4316.282227,4305.769043,4278.333496,4281.794922,4336.666504,4398.717773,4297.051270,4280.641113,4462.948730,4508.846191,4331.666504,4398.205078,1566.000000,1.000000,22.000000,,,,0.000000,2.000000,2.000000,0.000000,4.000000,2.000000,2.000000,0.000000,0.000000,4.000000,4.000000,4.000000,4.000000,4.000000,4.000000,0.000000,,,,,,,,,,,,,,,,,,,,,,,,,,,,
1732157909.583015,1732157909.585208,104.000000,0.000000,4293.846191,4277.307617,4316.282227,4301.922852,4284.102539,4280.256348,4336.153809,4400.000000,4296.153809,4280.384766,4469.230957,4508.461426,4333.077148,4398.333496,1701.000000,1.000000,22.000000,,,,0.000000,2.000000,2.000000,0.000000,4.000000,2.000000,2.000000,0.000000,0.000000,4.000000,4.000000,4.000000,4.000000,4.000000,4.000000,0.000000,,,,,,,,,,,,,,,,,26.000000,0.000000,0.508624,0.479553,-0.543213,0.465027,0.975705,-0.017580,-0.052741,-35.628189,45.506176,31.556162
1732157909.590823,1732157909.593016,105.000000,0.000000,4296.282227,4276.794922,4315.897461,4305.897461,4303.077148,4281.922852,4334.615234,4400.256348,4296.153809,4278.589844,4466.922852,4511.025879,4334.102539,4397.051270,1614.000000,1.000000,22.000000,,,,0.000000,2.000000,2.000000,0.000000,4.000000,2.000000,2.000000,0.000000,0.000000,4.000000,4.000000,4.000000,4.000000,4.000000,4.000000,0.000000,,,,,,,,,,,,,,,,,,,,,,,,,,,,
1732157909.598632,1732157909.600624,106.000000,0.000000,4289.230957,4276.666504,4316.153809,4309.102539,4289.871582,4282.051270,4334.615234,4399.871582,4296.922852,4280.769043,4465.128418,4510.512695,4333.461426,4397.948730,1556.000000,1.000000,22.000000,,,,0.000000,2.000000,2.000000,0.000000,4.000000,2.000000,2.000000,0.000000,0.000000,4.000000,4.000000,4.000000,4.000000,4.000000,4.000000,0.000000,,,,,,,,,,,,,,,,,,,,,,,,,,,,
1732157909.606440,1732157909.608432,107.000000,0.000000,4281.153809,4276.410156,4317.179688,4301.922852,4261.410156,4282.436035,4336.153809,4399.871582,4296.025879,4281.922852,4472.436035,4506.282227,4333.077148,4399.615234,1566.000000,1.000000,22.000000,,,,0.000000,2.000000,2.000000,0.000000,4.000000,2.000000,2.000000,0.000000,0.000000,4.000000,4.000000,4.000000,4.000000,4.000000,4.000000,0.000000,,,,,,,,,,,,,,,,,,,,,,,,,,,,
1732157909.614248,1732157909.616141,108.000000,0.000000,4288.461426,4278.205078,4317.179688,4299.487305,4267.436035,4282.179688,4336.410156,4400.512695,4298.205078,4282.692383,4472.948730,4511.666504,4334.358887,4399.487305,1701.000000,1.000000,22.000000,,,,0.000000,2.000000,2.000000,0.000000,4.000000,2.000000,2.000000,0.000000,0.000000,4.000000,4.000000,4.000000,4.000000,4.000000,4.000000,0.000000,,,,,,,,,,,,,,,,,27.000000,0.000000,0.508730,0.479431,-0.543274,0.464966,0.982542,-0.024417,-0.057624,-35.603832,45.215004,31.557158
1732157909.622056,1732157909.623949,109.000000,0.000000,4297.436035,4279.102539,4317.563965,4303.461426,4287.179688,4282.051270,4335.128418,4399.487305,4306.410156,4287.051270,4470.641113,4519.487305,4336.410156,4400.512695,1614.000000,1.000000,22.000000,,,,0.000000,2.000000,2.000000,0.000000,4.000000,2.000000,2.000000,0.000000,0.000000,4.000000,4.000000,4.000000,4.000000,4.000000,4.000000,0.000000,,,,,,,,,,,,,,,,,,,,,,,,,,,,
1732157909.629865,1732157909.631557,110.000000,0.000000,4293.333496,4276.538574,4314.743652,4303.846191,4280.000000,4286.794922,4334.743652,4398.846191,4307.563965,4286.153809,4473.846191,4513.205078,4337.563965,4400.769043,1556.000000,1.000000,22.000000,,,,0.000000,2.000000,2.000000,0.000000,4.000000,2.000000,2.000000,0.000000,0.000000,4.000000,4.000000,4.000000,4.000000,4.000000,4.000000,0.000000,,,,,,,,,,,,,,,,,,,,,,,,,,,,
1732157909.637673,1732157909.639365,111.000000,0.000000,4287.436035,4278.846191,4311.794922,4304.358887,4278.846191,4286.410156,4335.128418,4399.230957,4296.410156,4276.794922,4469.102539,4504.358887,4336.538574,4397.307617,1566.000000,1.000000,22.000000,,,,0.000000,2.000000,2.000000,0.000000,4.000000,2.000000,2.000000,0.000000,0.000000,4.000000,4.000000,4.000000,4.000000,4.000000,4.000000,0.000000,,,,,,,,,,,,,,,,,,,,,,,,,,,,
1732157909.645481,1732157909.647074,112.000000,0.000000,4291.153809,4279.871582,4314.871582,4307.307617,4302.563965,4280.897461,4335.000000,4399.487305,4290.384766,4273.461426,4459.615234,4505.256348,4330.641113,4395.128418,1701.000000,1.000000,22.000000,,,,0.000000,2.000000,2.000000,0.000000,4.000000,2.000000,2.000000,0.000000,0.000000,4.000000,4.000000,4.000000,4.000000,4.000000,4.000000,0.000000,,,,,,,,,,,,,,,,,28.000000,0.000000,0.508730,0.479431,-0.543274,0.464966,0.974240,-0.013674,-0.050787,-35.404106,45.069153,31.392963
1732157909.653289,1732157909.654882,113.000000,0.000000,4294.358887,4275.641113,4319.487305,4303.461426,4296.538574,4282.436035,4334.871582,4398.974121,4294.487305,4278.589844,4462.051270,4506.410156,4325.897461,4396.410156,1614.000000,1.000000,22.000000,,,,0.000000,2.000000,2.000000,0.000000,4.000000,2.000000,2.000000,0.000000,0.000000,4.000000,4.000000,4.000000,4.000000,4.000000,4.000000,0.000000,,,,,,,,,,,,,,,,,,,,,,,,,,,,
1732157909.661098,1732157909.662490,114.000000,0.000000,4289.358887,4273.333496,4318.333496,4296.282227,4262.820313,4283.846191,4335.000000,4399.487305,4297.692383,4282.179688,4468.846191,4506.922852,4332.307617,4396.538574,1556.000000,1.000000,22.000000,,,,0.000000,2.000000,2.000000,0.000000,4.000000,2.000000,2.000000,0.000000,0.000000,4.000000,4.000000,4.000000,4.000000,4.000000,4.000000,0.000000,,,,,,,,,,,,,,,,,,,,,,,,,,,,
1732157909.668906,1732157909.670299,115.000000,0.000000,4280.000000,4271.410156,4317.436035,4293.974121,4261.410156,4286.282227,4335.000000,4401.153809,4298.717773,4282.179688,4466.410156,4506.153809,4336.538574,4388.974121,1566.000000,1.000000,22.000000,,,,0.000000,2.000000,2.000000,0.000000,4.000000,2.000000,2.000000,0.000000,0.000000,4.000000,4.000000,4.000000,4.000000,4.000000,4.000000,0.000000,,,,,,,,,,,,,,,,,,,,,,,,,,,,
1732157909.676714,1732157909.678007,116.000000,0.000000,4277.051270,4271.153809,4315.769043,4296.538574,4284.358887,4292.307617,4335.000000,4399.358887,4297.051270,4281.282227,4460.512695,4501.282227,4328.461426,4379.743652,1701.000000,1.000000,22.000000,,,,0.000000,2.000000,2.000000,0.000000,4.000000,2.000000,2.000000,0.000000,0.000000,4.000000,4.000000,4.000000,4.000000,4.000000,4.000000,0.000000,,,,,,,,,,,,,,,,,29.000000,0.000000,0.508724,0.479309,-0.543335,0.465027,0.992309,-0.029300,-0.048346,-35.780659,45.199348,31.358301
1732157909.684522,1732157909.685815,117.000000,0.000000,4284.743652,4277.948730,4314.487305,4300.000000,4281.282227,4290.641113,4335.000000,4399.743652,4296.025879,4283.077148,4462.179688,4501.282227,4329.615234,4386.153809,1614.000000,1.000000,22.000000,,,,0.000000,2.000000,2.000000,0.000000,4.000000,2.000000,2.000000,0.000000,0.000000,4.000000,4.000000,4.000000,4.000000,4.000000,4.000000,0.000000,,,,,,,,,,,,,,,,,,,,,,,,,,,,
1732157909.692330,1732157909.693823,118.000000,0.000000,4288.974121,4281.025879,4315.769043,4299.743652,4274.487305,4282.692383,4335.000000,4402.179688,4297.051270,4284.102539,4463.846191,4501.794922,4337.436035,4398.461426,1556.000000,1.000000,22.000000,,,,0.000000,2.000000,2.000000,0.000000,4.000000,2.000000,2.000000,0.000000,0.000000,4.000000,4.000000,4.000000,4.000000,4.000000,4.000000,0.000000,,,,,,,,,,,,,,,,,,,,,,,,,,,,
1732157909.700139,1732157909.701631,119.000000,0.000000,4283.333496,4273.974121,4317.307617,4296.025879,4294.871582,4283.333496,4335.000000,4399.871582,4295.512695,4280.256348,4460.512695,4498.333496,4333.974121,4398.333496,1566.000000,1.000000,22.000000,,,,0.000000,2.000000,2.000000,0.000000,4.000000,2.000000,2.000000,0.000000,0.000000,4.000000,4.000000,4.000000,4.000000,4.000000,4.000000,0.000000,,,,,,,,,,,,,,,,,,,,,,,,,,,,
1732157909.707947,1732157909.709539,120.000000,0.000000,4279.487305,4275.512695,4315.641113,4295.512695,4295.256348,4289.230957,4335.000000,4397.563965,4293.717773,4280.641113,4460.512695,4499.230957,4332.436035,4393.333496,1701.000000,1.000000,22.000000,,,,0.000000,2.000000,2.000000,0.000000,4.000000,2.000000,2.000000,0.000000,0.000000,4.000000,4.000000,4.000000,4.000000,4.000000,4.000000,0.000000,,,,,,,,,,,,,,,,,30.000000,0.000000,0.508402,0.479492,-0.543213,0.465332,0.979123,-0.034672,-0.052252,-35.914001,45.186470,31.228558
1732157909.715755,1732157909.717348,121.000000,0.000000,4281.922852,4277.563965,4314.230957,4298.333496,4268.974121,4295.512695,4335.000000,4399.487305,4297.051270,4286.666504,4462.179688,4503.717773,4333.333496,4391.410156,1614.000000,1.000000,22.000000,,,,0.000000,2.000000,2.000000,0.000000,4.000000,2.000000,2.000000,0.000000,0.000000,4.000000,4.000000,4.000000,4.000000,4.000000,4.000000,0.000000,,,,,,,,,,,,,,,,,,,,,,,,,,,,
1732157909.723564,1732157909.725356,122.000000,0.000000,4280.641113,4267.563965,4315.128418,4296.922852,4263.717773,4296.538574,4335.000000,4399.871582,4298.077148,4285.897461,4459.871582,4499.230957,4331.282227,4387.307617,1556.000000,1.000000,22.000000,,,,0.000000,2.000000,2.000000,0.000000,4.000000,2.000000,2.000000,0.000000,0.000000,4.000000,4.000000,4.000000,4.000000,4.000000,4.000000,0.000000,,,,,,,,,,,,,,,,,,,,,,,,,,,,
1732157909.731372,1732157909.733164,123.000000,0.000000,4276.794922,4264.358887,4315.384766,4292.820313,4278.974121,4285.256348,4335.000000,4398.846191,4295.769043,4279.743652,4459.743652,4495.769043,4332.563965,4385.512695,1566.000000,1.000000,22.000000,,,,0.000000,2.000000,2.000000,0.000000,4.000000,2.000000,2.000000,0.000000,0.000000,4.000000,4.000000,4.000000,4.000000,4.000000,4.000000,0.000000,,,,,,,,,,,,,,,,,,,,,,,,,,,,
1732157909.739180,1732157909.741072,124.000000,0.000000,4282.179688,4267.563965,4313.846191,4292.436035,4279.230957,4281.025879,4334.871582,4399.871582,4302.307617,4285.256348,4463.077148,4497.692383,4335.384766,4391.410156,1701.000000,1.000000,22.000000,,,,0.000000,2.000000,2.000000,0.000000,4.000000,2.000000,2.000000,0.000000,0.000000,4.000000,4.000000,4.000000,4.000000,4.000000,4.000000,0.000000,,,,,,,,,,,,,,,,,31.000000,0.000000,0.508235,0.479492,-0.543213,0.465515,0.971310,-0.028812,-0.056159,-35.828674,45.139374,31.186798
1732157909.746988,1732157909.748880,125.000000,0.000000,4288.717773,4264.871582,4314.743652,4299.230957,4270.128418,4289.358887,4335.000000,4400.128418,4308.717773,4294.487305,4463.333496,4497.948730,4337.563965,4398.333496,1614.000000,1.000000,22.000000,,,,0.000000,2.000000,2.000000,0.000000,4.000000,2.000000,2.000000,0.000000,0.000000,4.000000,4.000000,4.000000,4.000000,4.000000,4.000000,0.000000,,,,,,,,,,,,,,,,,,,,,,,,,,,,
1732157909.754797,1732157909.756888,126.000000,0.000000,4288.077148,4268.846191,4316.794922,4302.307617,4286.410156,4286.538574,4334.871582,4400.128418,4301.282227,4287.948730,4461.922852,4495.128418,4338.974121,4396.538574,1556.000000,1.000000,22.000000,,,,0.000000,2.000000,2.000000,0.000000,4.000000,2.000000,2.000000,0.000000,0.000000,4.000000,4.000000,4.000000,4.000000,4.000000,4.000000,0.000000,,,,,,,,,,,,,,,,,,,,,,,,,,,,
1732157909.762605,1732157909.764696,127.000000,0.000000,4286.922852,4273.974121,4315.769043,4296.410156,4302.692383,4278.717773,4334.487305,4401.282227,4292.820313,4277.436035,4460.512695,4494.615234,4334.230957,4388.974121,22.000000,1.000000,22.000000,,,,0.000000,2.000000,2.000000,0.000000,4.000000,2.000000,2.000000,0.000000,0.000000,4.000000,4.000000,4.000000,4.000000,4.000000,4.000000,0.000000,,,,,,,,,,,,,,,,,,,,,,,,,,,,
1732157909.770413,1732157909.772605,0.000000,0.000000,4287.948730,4271.025879,4317.179688,4296.794922,4282.563965,4286.282227,4335.897461,4401.538574,4296.282227,4283.333496,4460.897461,4497.948730,4331.922852,4389.358887,0.000000,1.000000,22.000000,,,,0.000000,2.000000,2.000000,0.000000,4.000000,2.000000,2.000000,0.000000,0.000000,4.000000,4.000000,4.000000,4.000000,4.000000,4.000000,0.000000,,,,,,,,,,,,,,,,,0.000000,0.000000,0.508387,0.479370,-0.543335,0.465332,0.971310,-0.028812,-0.056159,-35.702892,45.049561,31.531305
1732157909.778221,1732157909.780413,1.000000,0.000000,4288.077148,4270.641113,4317.563965,4305.512695,4258.333496,4294.102539,4336.794922,4401.538574,4298.717773,4289.358887,4464.615234,4500.000000,4340.641113,4396.282227,1604.000000,1.000000,22.000000,,,,0.000000,2.000000,2.000000,0.000000,4.000000,2.000000,2.000000,0.000000,0.000000,4.000000,4.000000,4.000000,4.000000,4.000000,4.000000,0.000000,,,,,,,,,,,,,,,,,,,,,,,,,,,,
1732157909.786029,1732157909.788421,2.000000,0.000000,4287.436035,4273.077148,4312.051270,4304.615234,4265.512695,4289.615234,4334.230957,4401.538574,4295.897461,4285.641113,4467.948730,4502.051270,4343.461426,4397.436035,1362.000000,1.000000,22.000000,,,,0.000000,2.000000,2.000000,0.000000,4.000000,2.000000,2.000000,0.000000,0.000000,4.000000,4.000000,4.000000,4.000000,4.000000,4.000000,0.000000,,,,,,,,,,,,,,,,,,,,,,,,,,,,
1732157909.793838,1732157909.796229,3.000000,0.000000,4289.358887,4272.179688,4312.436035,4295.256348,4280.512695,4290.512695,4333.077148,4401.153809,4298.846191,4286.922852,4464.487305,4502.051270,4339.871582,4395.384766,1426.000000,1.000000,22.000000,,,,0.000000,2.000000,2.000000,0.000000,4.000000,2.000000,2.000000,0.000000,0.000000,4.000000,4.000000,4.000000,4.000000,4.000000,4.000000,0.000000,,,,,,,,,,,,,,,,,,,,,,,,,,,,
1732157909.801646,1732157909.804137,4.000000,0.000000,4288.205078,4272.948730,4319.358887,4295.256348,4279.230957,4289.615234,4335.512695,4399.743652,4303.974121,4289.230957,4464.487305,4501.410156,4341.410156,4395.641113,1421.000000,1.000000,22.000000,,,,0.000000,2.000000,2.000000,0.000000,4.000000,2.000000,2.000000,0.000000,0.000000,4.000000,4.000000,4.000000,4.000000,4.000000,4.000000,0.000000,,,,,,,,,,,,,,,,,1.000000,0.000000,0.508524,0.479126,-0.543579,0.465149,0.983030,-0.029789,-0.052252,-35.821011,45.231812,31.468691
1732157909.809454,1732157909.811945,5.000000,0.000000,4283.205078,4273.333496,4316.922852,4301.922852,4273.974121,4282.948730,4336.153809,4397.948730,4305.897461,4289.487305,4472.307617,4505.256348,4343.461426,4395.641113,1207.000000,1.000000,22.000000,,,,0.000000,2.000000,2.000000,0.000000,4.000000,2.000000,2.000000,0.000000,0.000000,4.000000,4.000000,4.000000,4.000000,4.000000,4.000000,0.000000,,,,,,,,,,,,,,,,,,,,,,,,,,,,
1732157909.817263,1732157909.819953,6.000000,0.000000,4280.384766,4269.358887,4311.153809,4301.538574,4281.153809,4284.615234,4334.871582,4399.102539,4302.820313,4290.128418,4470.897461,4507.820313,4342.179688,4395.641113,0.000000,1.000000,22.000000,,,,0.000000,2.000000,2.000000,0.000000,4.000000,2.000000,2.000000,0.000000,0.000000,4.000000,4.000000,4.000000,4.000000,4.000000,4.000000,0.000000,,,,,,,,,,,,,,,,,,,,,,,,,,,,
1732157909.825071,1732157909.827761,7.000000,0.000000,4281.025879,4270.000000,4312.179688,4296.153809,4296.153809,4290.256348,4335.512695,4400.897461,4298.333496,4285.641113,4462.563965,4507.307617,4336.794922,4397.051270,0.000000,1.000000,22.000000,,,,0.000000,2.000000,2.000000,0.000000,4.000000,2.000000,2.000000,0.000000,0.000000,4.000000,4.000000,4.000000,4.000000,4.000000,4.000000,0.000000,,,,,,,,,,,,,,,,,,,,,,,,,,,,
1732157909.832879,1732157909.835670,8.000000,0.000000,4281.922852,4276.025879,4314.358887,4298.589844,4290.128418,4287.948730,4336.153809,4400.641113,4296.025879,4279.871582,4464.487305,4506.794922,4333.461426,4397.563965,1536.000000,1.000000,22.000000,,,,0.000000,2.000000,2.000000,0.000000,4.000000,2.000000,2.000000,0.000000,0.000000,4.000000,4.000000,4.000000,4.000000,4.000000,4.000000,0.000000,,,,,,,,,,,,,,,,,2.000000,0.000000,0.508466,0.479187,-0.543579,0.465149,0.979123,-0.022952,-0.049811,-35.705017,45.087765,31.596306
1732157909.840687,1732157909.843478,9.000000,0.000000,4282.436035,4281.153809,4312.307617,4309.615234,4270.000000,4289.358887,4335.641113,4401.538574,4296.922852,4281.410156,4470.256348,4508.077148,4336.666504,4398.333496,1691.000000,1.000000,22.000000,,,,0.000000,2.000000,2.000000,0.000000,4.000000,2.000000,2.000000,0.000000,0.000000,4.000000,4.000000,4.000000,4.000000,4.000000,4.000000,0.000000,,,,,,,,,,,,,,,,,,,,,,,,,,,,
1732157909.848496,1732157909.851486,10.000000,0.000000,4282.692383,4279.487305,4311.025879,4311.538574,4275.384766,4297.051270,4336.153809,4402.563965,4298.205078,4283.589844,4466.025879,4505.641113,4337.307617,4397.692383,1554.000000,1.000000,22.000000,,,,0.000000,2.000000,2.000000,0.000000,4.000000,2.000000,2.000000,0.000000,0.000000,4.000000,4.000000,4.000000,4.000000,4.000000,4.000000,0.000000,,,,,,,,,,,,,,,,,,,,,,,,,,,,
1732157909.856304,1732157909.859294,11.000000,0.000000,4281.153809,4270.384766,4313.717773,4302.820313,4286.282227,4296.538574,4336.410156,4400.769043,4298.974121,4281.153809,4459.102539,4505.641113,4332.948730,4392.436035,1566.000000,1.000000,22.000000,,,,0.000000,2.000000,2.000000,0.000000,4.000000,2.000000,2.000000,0.000000,0.000000,4.000000,4.000000,4.000000,4.000000,4.000000,4.000000,0.000000,,,,,,,,,,,,,,,,,,,,,,,,,,,,
1732157909.864112,1732157909.867002,12.000000,0.000000,4280.128418,4266.922852,4315.000000,4298.461426,4280.000000,4294.487305,4335.769043,4400.769043,4301.282227,4282.436035,4460.128418,4507.948730,4333.333496,4388.589844,1701.000000,1.000000,22.000000,,,,0.000000,2.000000,2.000000,0.000000,4.000000,2.000000,2.000000,0.000000,0.000000,4.000000,4.000000,4.000000,4.000000,4.000000,4.000000,0.000000,,,,,,,,,,,,,,,,,3.000000,0.000000,0.508505,0.479126,-0.543701,0.465027,0.974240,-0.024905,-0.063484,-35.491066,45.104424,31.696342
1732157909.871920,1732157909.874811,13.000000,0.000000,4281.410156,4268.333496,4312.948730,4302.307617,4281.282227,4296.153809,4335.641113,4403.077148,4299.871582,4287.179688,4461.025879,4502.692383,4336.153809,4386.410156,1613.000000,1.000000,22.000000,,,,0.000000,2.000000,2.000000,0.000000,4.000000,2.000000,2.000000,0.000000,0.000000,4.000000,4.000000,4.000000,4.000000,4.000000,4.000000,0.000000,,,,,,,,,,,,,,,,,,,,,,,,,,,,
1732157909.879728,1732157909.882419,14.000000,0.000000,4281.025879,4270.128418,4313.846191,4302.179688,4282.436035,4293.205078,4335.641113,4400.897461,4296.282227,4291.282227,4459.743652,4496.025879,4333.974121,4384.230957,1554.000000,1.000000,22.000000,,,,0.000000,2.000000,2.000000,0.000000,4.000000,2.000000,2.000000,0.000000,0.000000,4.000000,4.000000,4.000000,4.000000,4.000000,4.000000,0.000000,1.000000,0.000000,2.000000,1.000000,0.000000,4.000000,2.000000,2.000000,0.000000,0.000000,4.000000,4.000000,4.000000,4.000000,4.000000,4.000000,,,,,,,,,,,,
1732157909.887537,1732157909.890227,15.000000,0.000000,4279.102539,4270.000000,4317.563965,4299.615234,4279.358887,4284.743652,4335.769043,4398.461426,4298.717773,4287.563965,4461.282227,4495.256348,4333.846191,4388.205078,1566.000000,1.000000,22.000000,,,,0.000000,2.000000,2.000000,0.000000,4.000000,2.000000,2.000000,0.000000,0.000000,4.000000,4.000000,4.000000,4.000000,4.000000,4.000000,0.000000,,,,,,,,,,,,,,,,,,,,,,,,,,,,
1732157909.895345,1732157909.897935,16.000000,0.000000,4276.794922,4265.256348,4316.153809,4298.333496,4292.179688,4278.589844,4336.410156,4399.871582,4297.820313,4278.974121,4461.538574,4495.512695,4335.128418,4395.384766,0.000000,1.000000,22.000000,,,,0.000000,2.000000,2.000000,0.000000,4.000000,2.000000,2.000000,0.000000,0.000000,4.000000,4.000000,4.000000,4.000000,4.000000,4.000000,0.000000,,,,,,,,,,,,,,,,,4.000000,0.000000,0.508592,0.479004,-0.543884,0.464844,0.969845,-0.029300,-0.052252,-35.714428,44.894585,31.912371
1732157909.903153,1732157909.905744,17.000000,0.000000,4276.282227,4265.512695,4314.102539,4299.230957,4295.512695,4285.769043,4336.025879,4401.153809,4295.641113,4280.769043,4460.641113,4497.820313,4332.307617,4395.256348,0.000000,1.000000,22.000000,,,,0.000000,2.000000,2.000000,0.000000,4.000000,2.000000,2.000000,0.000000,0.000000,4.000000,4.000000,4.000000,4.000000,4.000000,4.000000,0.000000,,,,,,,,,,,,,,,,,,,,,,,,,,,,
1732157909.910962,1732157909.913352,18.000000,0.000000,4278.461426,4272.563965,4312.948730,4303.205078,4275.897461,4291.794922,4335.512695,4400.128418,4306.922852,4291.282227,4467.563965,4506.153809,4334.102539,4391.282227,0.000000,1.000000,22.000000,,,,0.000000,2.000000,2.000000,0.000000,4.000000,2.000000,2.000000,0.000000,0.000000,4.000000,4.000000,4.000000,4.000000,4.000000,4.000000,0.000000,,,,,,,,,,,,,,,,,,,,,,,,,,,,
1732157909.918770,1732157909.921160,19.000000,0.000000,4278.461426,4274.358887,4312.051270,4306.538574,4269.230957,4286.282227,4335.897461,4400.384766,4312.307617,4296.794922,4472.692383,4507.436035,4338.717773,4389.487305,0.000000,1.000000,22.000000,,,,0.000000,2.000000,2.000000,0.000000,4.000000,2.000000,2.000000,0.000000,0.000000,4.000000,4.000000,4.000000,4.000000,4.000000,4.000000,0.000000,,,,,,,,,,,,,,,,,,,,,,,,,,,,
1732157909.926578,1732157909.928869,20.000000,0.000000,4276.282227,4271.153809,4312.820313,4306.538574,4276.025879,4284.487305,4335.641113,4399.743652,4299.743652,4291.282227,4466.282227,4498.589844,4337.307617,4387.307617,0.000000,1.000000,22.000000,,,,0.000000,2.000000,2.000000,0.000000,4.000000,2.000000,2.000000,0.000000,0.000000,4.000000,4.000000,4.000000,4.000000,4.000000,4.000000,0.000000,,,,,,,,,,,,,,,,,5.000000,0.000000,0.508632,0.478882,-0.544006,0.464783,0.985472,-0.017580,-0.047857,-35.627022,45.067947,31.710686
1732157909.934386,1732157909.936677,21.000000,0.000000,4277.436035,4272.948730,4313.589844,4304.102539,4277.948730,4288.589844,4334.743652,4397.692383,4294.615234,4284.102539,4462.179688,4498.461426,4334.230957,4387.179688,0.000000,1.000000,22.000000,,,,0.000000,2.000000,2.000000,0.000000,4.000000,2.000000,2.000000,0.000000,0.000000,4.000000,4.000000,4.000000,4.000000,4.000000,4.000000,0.000000,,,,,,,,,,,,,,,,,,,,,,,,,,,,
1732157909.942195,1732157909.944285,22.000000,0.000000,4279.615234,4274.230957,4311.025879,4302.563965,4290.897461,4286.025879,4334.358887,4397.820313,4299.358887,4281.025879,4462.820313,4498.974121,4333.333496,4383.846191,0.000000,1.000000,22.000000,,,,0.000000,2.000000,2.000000,0.000000,4.000000,2.000000,2.000000,0.000000,0.000000,4.000000,4.000000,4.000000,4.000000,4.000000,4.000000,0.000000,,,,,,,,,,,,,,,,,,,,,,,,,,,,
1732157909.950003,1732157909.952093,23.000000,0.000000,4278.077148,4269.230957,4311.282227,4301.410156,4297.948730,4283.974121,4335.000000,4399.615234,4294.615234,4280.512695,4458.589844,4495.384766,4332.692383,4381.153809,0.000000,1.000000,22.000000,,,,0.000000,2.000000,2.000000,0.000000,4.000000,2.000000,2.000000,0.000000,0.000000,4.000000,4.000000,4.000000,4.000000,4.000000,4.000000,0.000000,,,,,,,,,,,,,,,,,,,,,,,,,,,,
1732157909.957811,1732157909.959802,24.000000,0.000000,4278.717773,4270.641113,4315.128418,4304.102539,4277.820313,4294.487305,4334.871582,4400.000000,4294.230957,4284.358887,4463.333496,4502.179688,4334.743652,4390.384766,0.000000,1.000000,22.000000,,,,0.000000,2.000000,2.000000,0.000000,4.000000,2.000000,2.000000,0.000000,0.000000,4.000000,4.000000,4.000000,4.000000,4.000000,4.000000,0.000000,,,,,,,,,,,,,,,,,6.000000,0.000000,0.508632,0.478882,-0.544006,0.464783,0.981565,-0.028324,-0.038091,-35.676220,45.133369,31.742323
1732157909.965619,1732157909.967610,25.000000,0.000000,4283.205078,4276.282227,4316.538574,4308.461426,4267.179688,4294.871582,4333.846191,4399.615234,4304.230957,4292.307617,4473.333496,4510.256348,4336.410156,4398.461426,0.000000,1.000000,22.000000,,,,0.000000,2.000000,2.000000,0.000000,4.000000,2.000000,2.000000,0.000000,0.000000,4.000000,4.000000,4.000000,4.000000,4.000000,4.000000,0.000000,,,,,,,,,,,,,,,,,,,,,,,,,,,,
1732157909.973427,1732157909.975218,26.000000,0.000000,4283.846191,4276.922852,4316.153809,4309.487305,4278.077148,4282.563965,4336.282227,4400.384766,4303.846191,4294.487305,4470.128418,4507.563965,4333.205078,4395.256348,0.000000,1.000000,22.000000,,,,0.000000,2.000000,2.000000,0.000000,4.000000,2.000000,2.000000,0.000000,0.000000,4.000000,4.000000,4.000000,4.000000,4.000000,4.000000,0.000000,,,,,,,,,,,,,,,,,,,,,,,,,,,,
1732157909.981236,1732157909.983027,27.000000,0.000000,4282.307617,4278.077148,4316.025879,4309.102539,4280.897461,4279.102539,4341.025879,4401.410156,4296.282227,4285.769043,4465.128418,4505.512695,4332.563965,4395.128418,0.000000,1.000000,22.000000,,,,0.000000,2.000000,2.000000,0.000000,4.000000,2.000000,2.000000,0.000000,0.000000,4.000000,4.000000,4.000000,4.000000,4.000000,4.000000,0.000000,,,,,,,,,,,,,,,,,,,,,,,,,,,,
1732157909.989044,1732157909.990735,28.000000,0.000000,4282.820313,4278.461426,4316.410156,4307.820313,4273.205078,4282.436035,4342.692383,4400.256348,4293.974121,4285.384766,4467.179688,4511.922852,4337.436035,4401.410156,0.000000,1.000000,22.000000,,,,0.000000,2.000000,2.000000,0.000000,4.000000,2.000000,2.000000,0.000000,0.000000,4.000000,4.000000,4.000000,4.000000,4.000000,4.000000,0.000000,,,,,,,,,,,,,,,,,7.000000,0.000000,0.508463,0.478943,-0.544006,0.464905,0.982542,-0.030765,-0.044927,-35.991070,44.949696,31.822948
1732157909.996852,1732157909.998543,29.000000,0.000000,4283.077148,4273.205078,4316.025879,4302.563965,4281.025879,4282.051270,4341.153809,4399.487305,4295.256348,4290.641113,4465.128418,4510.641113,4336.025879,4399.487305,0.000000,1.000000,22.000000,,,,0.000000,2.000000,2.000000,0.000000,4.000000,2.000000,2.000000,0.000000,0.000000,4.000000,4.000000,4.000000,4.000000,4.000000,4.000000,0.000000,,,,,,,,,,,,,,,,,,,,,,,,,,,,
1732157910.004660,1732157910.006151,30.000000,0.000000,4281.794922,4271.922852,4314.102539,4295.256348,4290.769043,4280.000000,4340.641113,4401.025879,4293.974121,4285.384766,4460.256348,4504.230957,4333.846191,4396.153809,0.000000,1.000000,22.000000,,,,0.000000,2.000000,2.000000,0.000000,4.000000,2.000000,2.000000,0.000000,0.000000,4.000000,4.000000,4.000000,4.000000,4.000000,4.000000,0.000000,,,,,,,,,,,,,,,,,,,,,,,,,,,,
1732157910.012469,1732157910.013960,31.000000,0.000000,4282.179688,4276.282227,4311.538574,4300.128418,4277.051270,4283.333496,4341.153809,4401.153809,4292.948730,4284.358887,4466.666504,4508.846191,4338.974121,4398.717773,0.000000,1.000000,22.000000,,,,0.000000,2.000000,2.000000,0.000000,4.000000,2.000000,2.000000,0.000000,0.000000,4.000000,4.000000,4.000000,4.000000,4.000000,4.000000,0.000000,,,,,,,,,,,,,,,,,,,,,,,,,,,,
1732157910.020277,1732157910.021668,32.000000,0.000000,4283.077148,4271.922852,4312.563965,4304.358887,4263.974121,4286.025879,4341.666504,4400.128418,4294.871582,4296.025879,4473.589844,4515.769043,4339.615234,4400.128418,0.000000,1.000000,22.000000,,,,0.000000,2.000000,2.000000,0.000000,4.000000,2.000000,2.000000,0.000000,0.000000,4.000000,4.000000,4.000000,4.000000,4.000000,4.000000,0.000000,,,,,,,,,,,,,,,,,8.000000,0.000000,0.508197,0.479126,-0.543884,0.465149,0.982542,-0.018069,-0.066414,-35.904434,45.085922,31.539921
1732157910.028085,1732157910.029476,33.000000,0.000000,4281.538574,4269.871582,4315.128418,4298.461426,4269.743652,4285.897461,4342.051270,4401.153809,4295.512695,4296.410156,4468.589844,4511.025879,4333.974121,4395.641113,0.000000,1.000000,22.000000,,,,0.000000,2.000000,2.000000,0.000000,4.000000,2.000000,2.000000,0.000000,0.000000,4.000000,4.000000,4.000000,4.000000,4.000000,4.000000,0.000000,,,,,,,,,,,,,,,,,,,,,,,,,,,,
1732157910.035894,1732157910.037085,34.000000,0.000000,4278.333496,4272.179688,4313.589844,4295.641113,4277.820313,4287.820313,4341.666504,4401.794922,4295.512695,4284.230957,4461.282227,4504.102539,4334.102539,4390.256348,0.000000,1.000000,22.000000,,,,0.000000,2.000000,2.000000,0.000000,4.000000,2.000000,2.000000,0.000000,0.000000,4.000000,4.000000,4.000000,4.000000,4.000000,4.000000,0.000000,,,,,,,,,,,,,,,,,,,,,,,,,,,,
1732157910.043702,1732157910.044893,35.000000,0.000000,4276.410156,4264.230957,4312.692383,4296.153809,4290.512695,4290.641113,4341.922852,4400.128418,4294.102539,4283.205078,4459.102539,4505.384766,4335.256348,4388.461426,0.000000,1.000000,22.000000,,,,0.000000,2.000000,2.000000,0.000000,4.000000,2.000000,2.000000,0.000000,0.000000,4.000000,4.000000,4.000000,4.000000,4.000000,4.000000,0.000000,,,,,,,,,,,,,,,,,,,,,,,,,,,,
1732157910.051510,1732157910.052801,36.000000,0.000000,4277.563965,4262.692383,4315.641113,4296.153809,4293.717773,4288.846191,4341.922852,4401.282227,4293.589844,4291.666504,4466.282227,4507.307617,4334.358887,4386.794922,0.000000,1.000000,22.000000,,,,0.000000,2.000000,2.000000,0.000000,4.000000,2.000000,2.000000,0.000000,0.000000,4.000000,4.000000,4.000000,4.000000,4.000000,4.000000,0.000000,,,,,,,,,,,,,,,,,9.000000,0.000000,0.508286,0.478943,-0.544067,0.465027,0.981077,-0.027347,-0.052252,-35.920925,45.196262,31.310669
1732157910.059318,1732157910.060609,37.000000,0.000000,4279.487305,4273.974121,4314.871582,4299.871582,4271.410156,4285.256348,4341.794922,4401.153809,4295.000000,4296.410156,4472.307617,4506.282227,4338.589844,4385.256348,0.000000,1.000000,22.000000,,,,0.000000,2.000000,2.000000,0.000000,4.000000,2.000000,2.000000,0.000000,0.000000,4.000000,4.000000,4.000000,4.000000,4.000000,4.000000,0.000000,,,,,,,,,,,,,,,,,,,,,,,,,,,,
1732157910.067126,1732157910.068617,38.000000,0.000000,4279.871582,4274.230957,4311.794922,4301.666504,4261.153809,4285.384766,4341.922852,4397.692383,4296.794922,4297.051270,4468.205078,4508.461426,4342.820313,4388.333496,0.000000,1.000000,22.000000,,,,0.000000,2.000000,2.000000,0.000000,4.000000,2.000000,2.000000,0.000000,0.000000,4.000000,4.000000,4.000000,4.000000,4.000000,4.000000,0.000000,,,,,,,,,,,,,,,,,,,,,,,,,,,,
1732157910.074935,1732157910.076425,39.000000,0.000000,4279.487305,4269.615234,4312.563965,4298.077148,4278.974121,4285.256348,4341.794922,4397.179688,4295.384766,4295.256348,4465.769043,4510.769043,4341.153809,4396.538574,0.000000,1.000000,22.000000,,,,0.000000,2.000000,2.000000,0.000000,4.000000,2.000000,2.000000,0.000000,0.000000,4.000000,4.000000,4.000000,4.000000,4.000000,4.000000,0.000000,,,,,,,,,,,,,,,,,,,,,,,,,,,,
1732157910.082743,1732157910.084134,40.000000,0.000000,4280.769043,4276.538574,4313.589844,4297.563965,4283.717773,4283.974121,4341.922852,4400.256348,4293.333496,4292.820313,4473.205078,4509.358887,4341.794922,4396.410156,0.000000,1.000000,22.000000,,,,0.000000,2.000000,2.000000,0.000000,4.000000,2.000000,2.000000,0.000000,0.000000,4.000000,4.000000,4.000000,4.000000,4.000000,4.000000,0.000000,,,,,,,,,,,,,,,,,10.000000,0.000000,0.508238,0.479004,-0.544006,0.465088,0.981077,-0.027347,-0.052252,-35.777615,45.158974,31.251642
1732157910.090551,1732157910.091942,41.000000,0.000000,4281.153809,4281.794922,4311.794922,4301.410156,4273.205078,4285.769043,4342.307617,4400.512695,4296.410156,4292.563965,4474.230957,4505.897461,4343.589844,4390.128418,0.000000,1.000000,22.000000,,,,0.000000,2.000000,2.000000,0.000000,4.000000,2.000000,2.000000,0.000000,0.000000,4.000000,4.000000,4.000000,4.000000,4.000000,4.000000,0.000000,,,,,,,,,,,,,,,,,,,,,,,,,,,,
1732157910.098359,1732157910.099950,42.000000,0.000000,4279.615234,4278.717773,4312.179688,4301.922852,4282.948730,4285.512695,4342.051270,4400.000000,4291.410156,4290.897461,4464.102539,4503.461426,4339.743652,4391.282227,0.000000,1.000000,22.000000,,,,0.000000,2.000000,2.000000,0.000000,4.000000,2.000000,2.000000,0.000000,0.000000,4.000000,4.000000,4.000000,4.000000,4.000000,4.000000,0.000000,,,,,,,,,,,,,,,,,,,,,,,,,,,,
1732157910.106168,1732157910.107758,43.000000,0.000000,4278.589844,4277.563965,4314.230957,4298.974121,4300.512695,4281.282227,4341.410156,4401.666504,4281.410156,4287.692383,4460.256348,4506.025879,4337.820313,4396.666504,0.000000,1.000000,22.000000,,,,0.000000,2.000000,2.000000,0.000000,4.000000,2.000000,2.000000,0.000000,0.000000,4.000000,4.000000,4.000000,4.000000,4.000000,4.000000,0.000000,,,,,,,,,,,,,,,,,,,,,,,,,,,,
1732157910.113976,1732157910.115666,44.000000,0.000000,4279.358887,4279.615234,4314.743652,4299.358887,4288.077148,4286.025879,4342.820313,4401.282227,4280.512695,4291.282227,4466.922852,4507.436035,4339.102539,4397.563965,0.000000,1.000000,22.000000,,,,0.000000,2.000000,2.000000,0.000000,4.000000,2.000000,2.000000,0.000000,0.000000,4.000000,4.000000,4.000000,4.000000,4.000000,4.000000,0.000000,,,,,,,,,,,,,,,,,11.000000,0.000000,0.508182,0.479004,-0.544006,0.465149,0.986937,-0.024417,-0.050299,-35.649868,45.315434,31.392164
1732157910.121784,1732157910.123474,45.000000,0.000000,4281.922852,4280.128418,4312.820313,4304.615234,4261.666504,4295.256348,4341.666504,4400.000000,4283.333496,4296.794922,4474.230957,4506.666504,4339.358887,4396.666504,0.000000,1.000000,22.000000,,,,0.000000,2.000000,2.000000,0.000000,4.000000,2.000000,2.000000,0.000000,0.000000,4.000000,4.000000,4.000000,4.000000,4.000000,4.000000,0.000000,,,,,,,,,,,,,,,,,,,,,,,,,,,,
1732157910.129593,1732157910.131482,46.000000,0.000000,4282.563965,4281.282227,4314.358887,4303.717773,4268.461426,4290.512695,4335.512695,4400.384766,4285.256348,4295.897461,4471.922852,4507.563965,4339.615234,4396.922852,0.000000,1.000000,22.000000,,,,0.000000,2.000000,2.000000,0.000000,4.000000,2.000000,2.000000,0.000000,0.000000,4.000000,4.000000,4.000000,4.000000,4.000000,4.000000,0.000000,,,,,,,,,,,,,,,,,,,,,,,,,,,,
1732157910.137401,1732157910.139291,47.000000,0.000000,4280.128418,4279.487305,4317.051270,4298.333496,4286.666504,4282.179688,4333.589844,4400.769043,4290.128418,4293.589844,4466.282227,4508.974121,4340.384766,4397.563965,0.000000,1.000000,22.000000,,,,0.000000,2.000000,2.000000,0.000000,4.000000,2.000000,2.000000,0.000000,0.000000,4.000000,4.000000,4.000000,4.000000,4.000000,4.000000,0.000000,,,,,,,,,,,,,,,,,,,,,,,,,,,,
1732157910.145209,1732157910.147199,48.000000,0.000000,4280.384766,4277.436035,4315.256348,4300.128418,4276.025879,4283.974121,4336.666504,4401.025879,4289.743652,4296.282227,4471.410156,4507.820313,4343.461426,4398.974121,0.000000,1.000000,22.000000,,,,0.000000,2.000000,2.000000,0.000000,4.000000,2.000000,2.000000,0.000000,0.000000,4.000000,4.000000,4.000000,4.000000,4.000000,4.000000,0.000000,,,,,,,,,,,,,,,,,12.000000,0.000000,0.508431,0.478699,-0.544250,0.464905,0.980100,-0.034672,-0.049811,-35.413059,45.192169,31.455986
1732157910.153017,1732157910.155007,49.000000,0.000000,4282.436035,4279.871582,4315.512695,4300.128418,4278.717773,4285.256348,4336.666504,4400.256348,4281.538574,4295.256348,4473.333496,4505.512695,4342.820313,4397.948730,0.000000,1.000000,22.000000,,,,0.000000,2.000000,2.000000,0.000000,4.000000,2.000000,2.000000,0.000000,0.000000,4.000000,4.000000,4.000000,4.000000,4.000000,4.000000,0.000000,,,,,,,,,,,,,,,,,,,,,,,,,,,,
1732157910.160825,1732157910.163015,50.000000,0.000000,4282.179688,4280.897461,4316.410156,4295.897461,4299.358887,4287.436035,4335.000000,4399.102539,4280.641113,4290.512695,4462.948730,4506.794922,4336.538574,4396.410156,0.000000,1.000000,22.000000,,,,0.000000,2.000000,2.000000,0.000000,4.000000,2.000000,2.000000,0.000000,0.000000,4.000000,4.000000,4.000000,4.000000,4.000000,4.000000,0.000000,,,,,,,,,,,,,,,,,,,,,,,,,,,,
1732157910.168634,1732157910.170823,51.000000,0.000000,4278.717773,4272.179688,4312.820313,4294.615234,4285.000000,4295.641113,4335.128418,4399.358887,4283.846191,4289.358887,4459.230957,4505.000000,4333.077148,4395.384766,0.000000,1.000000,22.000000,,,,0.000000,2.000000,2.000000,0.000000,4.000000,2.000000,2.000000,0.000000,0.000000,4.000000,4.000000,4.000000,4.000000,4.000000,4.000000,0.000000,,,,,,,,,,,,,,,,,,,,,,,,,,,,
1732157910.176442,1732157910.178731,52.000000,0.000000,4270.897461,4262.436035,4309.615234,4293.974121,4263.205078,4298.717773,4335.384766,4401.025879,4281.922852,4290.384766,4463.333496,4497.307617,4334.871582,4387.820313,0.000000,1.000000,22.000000,,,,0.000000,2.000000,2.000000,0.000000,4.000000,2.000000,2.000000,0.000000,0.000000,4.000000,4.000000,4.000000,4.000000,4.000000,4.000000,0.000000,,,,,,,,,,,,,,,,,13.000000,0.000000,0.508328,0.478760,-0.544189,0.465027,0.980100,-0.034672,-0.049811,-35.342911,45.108990,31.332682
1732157910.184250,1732157910.186539,53.000000,0.000000,4265.897461,4265.384766,4310.897461,4293.077148,4273.717773,4295.897461,4335.128418,4401.282227,4281.794922,4292.051270,4460.897461,4495.897461,4333.846191,4383.333496,0.000000,1.000000,22.000000,,,,0.000000,2.000000,2.000000,0.000000,4.000000,2.000000,2.000000,0.000000,0.000000,4.000000,4.000000,4.000000,4.000000,4.000000,4.000000,0.000000,,,,,,,,,,,,,,,,,,,,,,,,,,,,
1732157910.192058,1732157910.194547,54.000000,0.000000,4272.179688,4273.205078,4311.922852,4293.717773,4284.871582,4294.615234,4336.282227,4400.128418,4282.820313,4293.333496,4460.384766,4497.948730,4335.000000,4391.410156,0.000000,1.000000,22.000000,,,,0.000000,2.000000,2.000000,0.000000,4.000000,2.000000,2.000000,0.000000,0.000000,4.000000,4.000000,4.000000,4.000000,4.000000,4.000000,0.000000,,,,,,,,,,,,,,,,,,,,,,,,,,,,
1732157910.199867,1732157910.202356,55.000000,0.000000,4280.769043,4278.205078,4313.461426,4295.897461,4276.666504,4290.128418,4336.153809,4399.230957,4280.000000,4295.256348,4468.461426,4499.871582,4343.077148,4399.871582,0.000000,1.000000,22.000000,,,,0.000000,2.000000,2.000000,0.000000,4.000000,2.000000,2.000000,0.000000,0.000000,4.000000,4.000000,4.000000,4.000000,4.000000,4.000000,0.000000,,,,,,,,,,,,,,,,,,,,,,,,,,,,
1732157910.207675,1732157910.210264,56.000000,0.000000,4280.641113,4280.769043,4315.384766,4296.922852,4278.205078,4281.025879,4335.384766,4399.871582,4280.641113,4295.128418,4473.461426,4503.589844,4345.384766,4400.256348,0.000000,1.000000,22.000000,,,,0.000000,2.000000,2.000000,0.000000,4.000000,2.000000,2.000000,0.000000,0.000000,4.000000,4.000000,4.000000,4.000000,4.000000,4.000000,0.000000,,,,,,,,,,,,,,,,,14.000000,0.000000,0.508013,0.479065,-0.544006,0.465271,0.981077,-0.020999,-0.051276,-35.309425,45.088284,31.016138
1732157910.215483,1732157910.218072,57.000000,0.000000,4277.820313,4276.666504,4316.666504,4295.384766,4283.589844,4279.487305,4338.717773,4400.897461,4286.666504,4294.615234,4473.077148,4507.820313,4342.307617,4399.358887,0.000000,1.000000,22.000000,,,,0.000000,2.000000,2.000000,0.000000,4.000000,2.000000,2.000000,0.000000,0.000000,4.000000,4.000000,4.000000,4.000000,4.000000,4.000000,0.000000,,,,,,,,,,,,,,,,,,,,,,,,,,,,
1732157910.223292,1732157910.226080,58.000000,0.000000,4277.948730,4271.538574,4316.282227,4294.871582,4278.717773,4287.820313,4341.410156,4399.358887,4287.820313,4297.436035,4471.794922,4504.615234,4341.794922,4398.717773,0.000000,1.000000,22.000000,,,,0.000000,2.000000,2.000000,0.000000,4.000000,2.000000,2.000000,0.000000,0.000000,4.000000,4.000000,4.000000,4.000000,4.000000,4.000000,0.000000,,,,,,,,,,,,,,,,,,,,,,,,,,,,
1732157910.231100,1732157910.233888,59.000000,0.000000,4277.820313,4275.641113,4312.820313,4295.641113,4291.025879,4286.922852,4337.307617,4397.948730,4281.153809,4296.410156,4464.743652,4495.000000,4337.692383,4395.384766,0.000000,1.000000,22.000000,,,,0.000000,2.000000,2.000000,0.000000,4.000000,2.000000,2.000000,0.000000,0.000000,4.000000,4.000000,4.000000,4.000000,4.000000,4.000000,0.000000,,,,,,,,,,,,,,,,,,,,,,,,,,,,
1732157910.238908,1732157910.241696,60.000000,0.000000,4279.230957,4281.410156,4312.948730,4296.666504,4299.871582,4279.487305,4334.615234,4398.974121,4278.461426,4293.077148,4460.512695,4490.769043,4335.641113,4394.615234,0.000000,1.000000,22.000000,,,,0.000000,2.000000,2.000000,0.000000,4.000000,2.000000,2.000000,0.000000,0.000000,4.000000,4.000000,4.000000,4.000000,4.000000,4.000000,0.000000,,,,,,,,,,,,,,,,,15.000000,0.000000,0.507762,0.479370,-0.543762,0.465515,0.989867,-0.020510,-0.041509,-35.328968,45.183174,31.096405
1732157910.246716,1732157910.249505,61.000000,0.000000,4279.871582,4278.717773,4316.025879,4298.589844,4284.102539,4287.436035,4336.410156,4400.641113,4282.179688,4293.974121,4468.846191,4498.333496,4337.820313,4397.563965,0.000000,1.000000,22.000000,,,,0.000000,2.000000,2.000000,0.000000,4.000000,2.000000,2.000000,0.000000,0.000000,4.000000,4.000000,4.000000,4.000000,4.000000,4.000000,0.000000,,,,,,,,,,,,,,,,,,,,,,,,,,,,
1732157910.254524,1732157910.257213,62.000000,0.000000,4278.717773,4277.948730,4313.846191,4297.692383,4275.000000,4290.769043,4335.256348,4400.512695,4281.922852,4295.384766,4471.025879,4503.333496,4336.410156,4397.563965,0.000000,1.000000,22.000000,,,,0.000000,2.000000,2.000000,0.000000,4.000000,2.000000,2.000000,0.000000,0.000000,4.000000,4.000000,4.000000,4.000000,4.000000,4.000000,0.000000,,,,,,,,,,,,,,,,,,,,,,,,,,,,
1732157910.262333,1732157910.265021,63.000000,0.000000,4278.589844,4278.461426,4310.512695,4294.230957,4276.025879,4279.102539,4333.974121,4398.589844,4279.487305,4295.769043,4466.153809,4497.051270,4338.205078,4395.641113,0.000000,1.000000,22.000000,,,,0.000000,2.000000,2.000000,0.000000,4.000000,2.000000,2.000000,0.000000,0.000000,4.000000,4.000000,4.000000,4.000000,4.000000,4.000000,0.000000,,,,,,,,,,,,,,,,,,,,,,,,,,,,
1732157910.270141,1732157910.272729,64.000000,0.000000,4280.128418,4272.307617,4312.436035,4294.743652,4267.307617,4283.974121,4336.538574,4399.358887,4285.256348,4297.179688,4470.641113,4497.948730,4345.000000,4395.000000,0.000000,1.000000,22.000000,,,,0.000000,2.000000,2.000000,0.000000,4.000000,2.000000,2.000000,0.000000,0.000000,4.000000,4.000000,4.000000,4.000000,4.000000,4.000000,0.000000,,,,,,,,,,,,,,,,,16.000000,0.000000,0.507812,0.479248,-0.543823,0.465515,0.961055,-0.026859,-0.052252,-35.313129,45.125038,31.134756
1732157910.277949,1732157910.280538,65.000000,0.000000,4281.538574,4272.692383,4312.563965,4296.153809,4267.179688,4295.512695,4337.948730,4400.384766,4289.615234,4298.077148,4475.769043,4509.102539,4343.974121,4397.307617,1604.000000,1.000000,22.000000,,,,0.000000,2.000000,2.000000,0.000000,4.000000,2.000000,2.000000,0.000000,0.000000,4.000000,4.000000,4.000000,4.000000,4.000000,4.000000,0.000000,,,,,,,,,,,,,,,,,,,,,,,,,,,,
1732157910.285757,1732157910.288146,66.000000,0.000000,4280.897461,4278.205078,4311.666504,4297.051270,4281.153809,4286.282227,4337.179688,4398.333496,4286.794922,4298.077148,4472.820313,4509.487305,4340.256348,4401.153809,1362.000000,1.000000,22.000000,,,,0.000000,2.000000,2.000000,0.000000,4.000000,2.000000,2.000000,0.000000,0.000000,4.000000,4.000000,4.000000,4.000000,4.000000,4.000000,0.000000,,,,,,,,,,,,,,,,,,,,,,,,,,,,
1732157910.293566,1732157910.295954,67.000000,0.000000,4280.000000,4275.256348,4312.563965,4296.666504,4282.820313,4280.384766,4335.769043,4397.563965,4287.948730,4299.743652,4471.538574,4500.769043,4343.077148,4402.179688,1426.000000,1.000000,22.000000,,,,0.000000,2.000000,2.000000,0.000000,4.000000,2.000000,2.000000,0.000000,0.000000,4.000000,4.000000,4.000000,4.000000,4.000000,4.000000,0.000000,,,,,,,,,,,,,,,,,,,,,,,,,,,,
1732157910.301374,1732157910.303862,68.000000,0.000000,4278.717773,4267.948730,4313.589844,4290.769043,4278.589844,4288.846191,4335.512695,4399.358887,4290.000000,4297.692383,4470.256348,4497.948730,4337.820313,4396.922852,1419.000000,1.000000,22.000000,,,,0.000000,2.000000,2.000000,0.000000,4.000000,2.000000,2.000000,0.000000,0.000000,4.000000,4.000000,4.000000,4.000000,4.000000,4.000000,0.000000,,,,,,,,,,,,,,,,,17.000000,0.000000,0.507853,0.479126,-0.543945,0.465454,0.983518,-0.020022,-0.049322,-35.348637,45.101280,31.267485
1732157910.309182,1732157910.311671,69.000000,0.000000,4275.641113,4263.205078,4314.230957,4284.230957,4278.589844,4292.692383,4336.794922,4399.871582,4284.230957,4295.256348,4464.102539,4497.179688,4329.487305,4391.538574,1207.000000,1.000000,22.000000,,,,0.000000,2.000000,2.000000,0.000000,4.000000,2.000000,2.000000,0.000000,0.000000,4.000000,4.000000,4.000000,4.000000,4.000000,4.000000,0.000000,,,,,,,,,,,,,,,,,,,,,,,,,,,,
1732157910.316991,1732157910.319279,70.000000,0.000000,4274.358887,4259.871582,4312.948730,4281.922852,4289.615234,4291.025879,4336.794922,4400.769043,4278.461426,4296.025879,4462.436035,4496.282227,4332.307617,4393.333496,0.000000,1.000000,22.000000,,,,0.000000,2.000000,2.000000,0.000000,4.000000,2.000000,2.000000,0.000000,0.000000,4.000000,4.000000,4.000000,4.000000,4.000000,4.000000,0.000000,,,,,,,,,,,,,,,,,,,,,,,,,,,,
1732157910.324799,1732157910.327087,71.000000,0.000000,4275.769043,4265.769043,4311.153809,4284.871582,4301.666504,4291.410156,4335.641113,4401.025879,4277.692383,4295.384766,4462.820313,4497.307617,4336.282227,4393.974121,0.000000,1.000000,22.000000,,,,0.000000,2.000000,2.000000,0.000000,4.000000,2.000000,2.000000,0.000000,0.000000,4.000000,4.000000,4.000000,4.000000,4.000000,4.000000,0.000000,,,,,,,,,,,,,,,,,,,,,,,,,,,,
1732157910.332607,1732157910.334796,72.000000,0.000000,4278.461426,4278.461426,4312.179688,4292.179688,4283.461426,4292.563965,4335.384766,4400.769043,4279.615234,4298.589844,4465.641113,4500.000000,4337.307617,4391.666504,1536.000000,1.000000,22.000000,,,,0.000000,2.000000,2.000000,0.000000,4.000000,2.000000,2.000000,0.000000,0.000000,4.000000,4.000000,4.000000,4.000000,4.000000,4.000000,0.000000,,,,,,,,,,,,,,,,,18.000000,0.000000,0.507895,0.478943,-0.544067,0.465454,0.976193,-0.023440,-0.050299,-35.472397,45.018703,31.216663
1732157910.340415,1732157910.342604,73.000000,0.000000,4282.948730,4280.000000,4314.230957,4297.179688,4264.615234,4291.922852,4335.256348,4400.897461,4281.153809,4306.282227,4471.025879,4504.230957,4341.794922,4393.461426,1691.000000,1.000000,22.000000,,,,0.000000,2.000000,2.000000,0.000000,4.000000,2.000000,2.000000,0.000000,0.000000,4.000000,4.000000,4.000000,4.000000,4.000000,4.000000,0.000000,,,,,,,,,,,,,,,,,,,,,,,,,,,,
1732157910.348223,1732157910.350212,74.000000,0.000000,4286.538574,4277.307617,4313.589844,4296.922852,4277.692383,4287.948730,4335.384766,4399.615234,4276.794922,4305.000000,4473.589844,4507.692383,4345.384766,4399.743652,1551.000000,1.000000,22.000000,,,,0.000000,2.000000,2.000000,0.000000,4.000000,2.000000,2.000000,0.000000,0.000000,4.000000,4.000000,4.000000,4.000000,4.000000,4.000000,0.000000,,,,,,,,,,,,,,,,,,,,,,,,,,,,
1732157910.356032,1732157910.358020,75.000000,0.000000,4284.358887,4279.871582,4313.717773,4297.051270,4283.846191,4287.436035,4335.897461,4399.102539,4276.794922,4299.102539,4471.025879,4504.230957,4342.307617,4400.000000,1566.000000,1.000000,22.000000,,,,0.000000,2.000000,2.000000,0.000000,4.000000,2.000000,2.000000,0.000000,0.000000,4.000000,4.000000,4.000000,4.000000,4.000000,4.000000,0.000000,,,,,,,,,,,,,,,,,,,,,,,,,,,,
1732157910.363840,1732157910.365729,76.000000,0.000000,4280.000000,4275.384766,4314.615234,4296.794922,4276.282227,4287.948730,4335.897461,4400.897461,4281.410156,4300.128418,4467.051270,4497.307617,4341.282227,4392.179688,1701.000000,1.000000,22.000000,,,,0.000000,2.000000,2.000000,0.000000,4.000000,2.000000,2.000000,0.000000,0.000000,4.000000,4.000000,4.000000,4.000000,4.000000,4.000000,0.000000,,,,,,,,,,,,,,,,,19.000000,0.000000,0.507831,0.478882,-0.544128,0.465515,0.977658,-0.038091,-0.044927,-35.529308,45.041817,31.335497
1732157910.371648,1732157910.373537,77.000000,0.000000,4279.743652,4268.717773,4312.436035,4293.717773,4290.256348,4284.102539,4335.769043,4400.384766,4269.871582,4298.717773,4462.051270,4496.666504,4342.051270,4390.000000,1618.000000,1.000000,22.000000,,,,0.000000,2.000000,2.000000,0.000000,4.000000,2.000000,2.000000,0.000000,0.000000,4.000000,4.000000,4.000000,4.000000,4.000000,4.000000,0.000000,,,,,,,,,,,,,,,,,,,,,,,,,,,,
1732157910.379456,1732157910.381145,78.000000,0.000000,4279.743652,4271.153809,4310.512695,4294.102539,4300.512695,4288.589844,4335.897461,4399.743652,4264.871582,4293.589844,4460.256348,4496.025879,4339.615234,4396.153809,1551.000000,1.000000,22.000000,,,,0.000000,2.000000,2.000000,0.000000,4.000000,2.000000,2.000000,0.000000,0.000000,4.000000,4.000000,4.000000,4.000000,4.000000,4.000000,0.000000,1.000000,0.000000,2.000000,2.000000,0.000000,4.000000,2.000000,2.000000,0.000000,0.000000,4.000000,4.000000,3.000000,4.000000,3.000000,4.000000,,,,,,,,,,,,
1732157910.387265,1732157910.388953,79.000000,0.000000,4279.358887,4275.897461,4312.948730,4295.897461,4279.743652,4298.333496,4335.897461,4401.538574,4278.717773,4295.897461,4464.615234,4493.717773,4340.897461,4397.692383,1566.000000,1.000000,22.000000,,,,0.000000,2.000000,2.000000,0.000000,4.000000,2.000000,2.000000,0.000000,0.000000,4.000000,4.000000,4.000000,4.000000,4.000000,4.000000,0.000000,,,,,,,,,,,,,,,,,,,,,,,,,,,,
1732157910.395073,1732157910.396862,80.000000,0.000000,4278.589844,4271.666504,4314.615234,4295.897461,4271.922852,4299.230957,4335.897461,4400.384766,4274.743652,4296.538574,4465.384766,4491.282227,4341.153809,4385.769043,1701.000000,1.000000,22.000000,,,,0.000000,2.000000,2.000000,0.000000,4.000000,2.000000,2.000000,0.000000,0.000000,4.000000,4.000000,4.000000,4.000000,4.000000,4.000000,0.000000,,,,,,,,,,,,,,,,,20.000000,0.000000,0.507727,0.478943,-0.544067,0.465637,0.976682,-0.024417,-0.041997,-35.650406,45.013870,31.156754
1732157910.402881,1732157910.404670,81.000000,0.000000,4274.615234,4266.794922,4312.948730,4292.307617,4296.410156,4295.769043,4335.897461,4400.384766,4262.692383,4291.153809,4457.948730,4487.692383,4334.743652,4377.692383,1618.000000,1.000000,22.000000,,,,0.000000,2.000000,2.000000,0.000000,4.000000,2.000000,2.000000,0.000000,0.000000,4.000000,4.000000,4.000000,4.000000,4.000000,4.000000,0.000000,,,,,,,,,,,,,,,,,,,,,,,,,,,,
1732157910.410689,1732157910.412678,82.000000,0.000000,4276.410156,4271.025879,4311.538574,4290.641113,4299.871582,4294.743652,4335.897461,4401.922852,4270.897461,4292.948730,4459.615234,4487.820313,4335.128418,4386.410156,1551.000000,1.000000,22.000000,,,,0.000000,2.000000,2.000000,0.000000,4.000000,2.000000,2.000000,0.000000,0.000000,4.000000,4.000000,4.000000,4.000000,4.000000,4.000000,0.000000,,,,,,,,,,,,,,,,,,,,,,,,,,,,
1732157910.418498,1732157910.420486,83.000000,0.000000,4282.179688,4274.871582,4312.179688,4296.153809,4269.615234,4293.333496,4335.897461,4398.974121,4272.436035,4297.820313,4472.051270,4493.333496,4343.974121,4396.666504,1566.000000,1.000000,22.000000,,,,0.000000,2.000000,2.000000,0.000000,4.000000,2.000000,2.000000,0.000000,0.000000,4.000000,4.000000,4.000000,4.000000,4.000000,4.000000,0.000000,,,,,,,,,,,,,,,,,,,,,,,,,,,,
1732157910.426306,1732157910.428394,84.000000,0.000000,4283.846191,4275.256348,4312.436035,4299.871582,4262.436035,4291.153809,4335.897461,4396.282227,4263.589844,4294.615234,4472.820313,4493.717773,4341.922852,4396.922852,1701.000000,1.000000,22.000000,,,,0.000000,2.000000,2.000000,0.000000,4.000000,2.000000,2.000000,0.000000,0.000000,4.000000,4.000000,4.000000,4.000000,4.000000,4.000000,0.000000,,,,,,,,,,,,,,,,,21.000000,0.000000,0.507511,0.479004,-0.544006,0.465881,0.983518,-0.021975,-0.051764,-35.558495,44.852901,30.873636
1732157910.434114,1732157910.436202,85.000000,0.000000,4282.948730,4277.820313,4315.897461,4296.922852,4281.025879,4288.077148,4335.897461,4398.974121,4274.102539,4293.589844,4462.436035,4490.256348,4333.846191,4396.410156,1618.000000,1.000000,22.000000,,,,0.000000,2.000000,2.000000,0.000000,4.000000,2.000000,2.000000,0.000000,0.000000,4.000000,4.000000,4.000000,4.000000,4.000000,4.000000,0.000000,,,,,,,,,,,,,,,,,,,,,,,,,,,,
1732157910.441922,1732157910.443811,86.000000,0.000000,4281.538574,4275.641113,4316.922852,4293.205078,4285.769043,4282.692383,4335.897461,4400.897461,4282.948730,4296.538574,4463.077148,4492.436035,4334.358887,4397.820313,1551.000000,1.000000,22.000000,,,,0.000000,2.000000,2.000000,0.000000,4.000000,2.000000,2.000000,0.000000,0.000000,4.000000,4.000000,4.000000,4.000000,4.000000,4.000000,0.000000,,,,,,,,,,,,,,,,,,,,,,,,,,,,
1732157910.449731,1732157910.451619,87.000000,0.000000,4278.589844,4267.948730,4312.436035,4290.897461,4279.358887,4280.512695,4335.897461,4398.717773,4273.461426,4296.794922,4471.410156,4499.230957,4339.230957,4397.307617,1566.000000,1.000000,22.000000,,,,0.000000,2.000000,2.000000,0.000000,4.000000,2.000000,2.000000,0.000000,0.000000,4.000000,4.000000,4.000000,4.000000,4.000000,4.000000,0.000000,,,,,,,,,,,,,,,,,,,,,,,,,,,,
1732157910.457539,1732157910.459327,88.000000,0.000000,4279.230957,4267.563965,4310.897461,4291.538574,4278.461426,4286.153809,4335.897461,4397.948730,4275.000000,4296.922852,4472.948730,4501.282227,4342.692383,4401.025879,1701.000000,1.000000,22.000000,,,,0.000000,2.000000,2.000000,0.000000,4.000000,2.000000,2.000000,0.000000,0.000000,4.000000,4.000000,4.000000,4.000000,4.000000,4.000000,0.000000,,,,,,,,,,,,,,,,,22.000000,0.000000,0.507141,0.479187,-0.543823,0.466309,0.977658,-0.040532,-0.050787,-35.345715,44.849186,30.815979
1732157910.465347,1732157910.467135,89.000000,0.000000,4280.769043,4272.948730,4313.205078,4292.436035,4288.717773,4287.692383,4335.769043,4399.871582,4280.769043,4298.333496,4471.538574,4495.641113,4342.820313,4402.820313,1618.000000,1.000000,22.000000,,,,0.000000,2.000000,2.000000,0.000000,4.000000,2.000000,2.000000,0.000000,0.000000,4.000000,4.000000,4.000000,4.000000,4.000000,4.000000,0.000000,,,,,,,,,,,,,,,,,,,,,,,,,,,,
1732157910.473155,1732157910.475143,90.000000,0.000000,4278.589844,4271.153809,4313.717773,4291.282227,4304.871582,4282.436035,4335.769043,4400.256348,4272.820313,4297.436035,4472.179688,4492.051270,4341.153809,4401.282227,1551.000000,1.000000,22.000000,,,,0.000000,2.000000,2.000000,0.000000,4.000000,2.000000,2.000000,0.000000,0.000000,4.000000,4.000000,4.000000,4.000000,4.000000,4.000000,0.000000,,,,,,,,,,,,,,,,,,,,,,,,,,,,
1732157910.480964,1732157910.482952,91.000000,0.000000,4279.871582,4272.307617,4313.205078,4291.410156,4289.871582,4281.794922,4335.897461,4398.717773,4271.282227,4296.025879,4474.487305,4496.153809,4343.589844,4403.846191,1566.000000,1.000000,22.000000,,,,0.000000,2.000000,2.000000,0.000000,4.000000,2.000000,2.000000,0.000000,0.000000,4.000000,4.000000,4.000000,4.000000,4.000000,4.000000,0.000000,,,,,,,,,,,,,,,,,,,,,,,,,,,,
1732157910.488772,1732157910.490860,92.000000,0.000000,4283.461426,4278.077148,4311.025879,4295.769043,4262.948730,4286.153809,4335.769043,4398.974121,4280.000000,4296.538574,4475.512695,4497.948730,4345.000000,4402.948730,1701.000000,1.000000,22.000000,,,,0.000000,2.000000,2.000000,0.000000,4.000000,2.000000,2.000000,0.000000,0.000000,4.000000,4.000000,4.000000,4.000000,4.000000,4.000000,0.000000,,,,,,,,,,,,,,,,,23.000000,0.000000,0.506932,0.479309,-0.543701,0.466553,0.990355,-0.025394,-0.053717,-35.381695,44.812840,30.724276
1732157910.496580,1732157910.498668,93.000000,0.000000,4279.743652,4273.589844,4309.871582,4292.563965,4281.666504,4286.025879,4335.769043,4399.102539,4279.230957,4294.615234,4470.769043,4493.461426,4339.871582,4396.025879,1618.000000,1.000000,22.000000,,,,0.000000,2.000000,2.000000,0.000000,4.000000,2.000000,2.000000,0.000000,0.000000,4.000000,4.000000,4.000000,4.000000,4.000000,4.000000,0.000000,,,,,,,,,,,,,,,,,,,,,,,,,,,,
1732157910.504388,1732157910.506676,94.000000,0.000000,4274.743652,4266.922852,4312.948730,4286.025879,4297.436035,4284.102539,4336.153809,4397.307617,4275.128418,4295.769043,4468.589844,4489.743652,4339.871582,4396.153809,1551.000000,1.000000,22.000000,,,,0.000000,2.000000,2.000000,0.000000,4.000000,2.000000,2.000000,0.000000,0.000000,4.000000,4.000000,4.000000,4.000000,4.000000,4.000000,0.000000,,,,,,,,,,,,,,,,,,,,,,,,,,,,
1732157910.512197,1732157910.514484,95.000000,0.000000,4277.563965,4272.051270,4315.897461,4289.230957,4267.948730,4285.769043,4336.666504,4398.974121,4280.256348,4301.153809,4474.487305,4496.794922,4344.230957,4400.128418,1566.000000,1.000000,22.000000,,,,0.000000,2.000000,2.000000,0.000000,4.000000,2.000000,2.000000,0.000000,0.000000,4.000000,4.000000,4.000000,4.000000,4.000000,4.000000,0.000000,,,,,,,,,,,,,,,,,,,,,,,,,,,,
1732157910.520005,1732157910.522392,96.000000,0.000000,4283.077148,4280.384766,4315.897461,4295.256348,4254.230957,4283.589844,4336.666504,4401.666504,4283.077148,4300.769043,4476.538574,4503.333496,4340.256348,4398.205078,1701.000000,1.000000,22.000000,,,,0.000000,2.000000,2.000000,0.000000,4.000000,2.000000,2.000000,0.000000,0.000000,4.000000,4.000000,4.000000,4.000000,4.000000,4.000000,0.000000,,,,,,,,,,,,,,,,,24.000000,0.000000,0.506754,0.479309,-0.543762,0.466675,0.985960,-0.028812,-0.048834,-35.530838,44.816734,30.808331
1732157910.527813,1732157910.530201,97.000000,0.000000,4282.179688,4278.077148,4315.641113,4295.000000,4277.436035,4280.000000,4336.282227,4398.077148,4278.589844,4296.025879,4471.410156,4498.461426,4336.922852,4398.589844,1618.000000,1.000000,22.000000,,,,0.000000,2.000000,2.000000,0.000000,4.000000,2.000000,2.000000,0.000000,0.000000,4.000000,4.000000,4.000000,4.000000,4.000000,4.000000,0.000000,,,,,,,,,,,,,,,,,,,,,,,,,,,,
1732157910.535621,1732157910.537809,98.000000,0.000000,4278.974121,4272.179688,4313.846191,4291.922852,4284.102539,4280.512695,4336.410156,4395.512695,4277.051270,4293.846191,4471.282227,4498.717773,4341.538574,4402.948730,1551.000000,1.000000,22.000000,,,,0.000000,2.000000,2.000000,0.000000,4.000000,2.000000,2.000000,0.000000,0.000000,4.000000,4.000000,4.000000,4.000000,4.000000,4.000000,0.000000,,,,,,,,,,,,,,,,,,,,,,,,,,,,
1732157910.543429,1732157910.545617,99.000000,0.000000,4278.205078,4272.179688,4308.974121,4293.333496,4272.563965,4280.128418,4336.153809,4398.205078,4278.333496,4295.000000,4473.461426,4503.461426,4343.846191,4401.666504,1566.000000,1.000000,22.000000,,,,0.000000,2.000000,2.000000,0.000000,4.000000,2.000000,2.000000,0.000000,0.000000,4.000000,4.000000,4.000000,4.000000,4.000000,4.000000,0.000000,,,,,,,,,,,,,,,,,,,,,,,,,,,,
1732157910.551238,1732157910.553525,100.000000,0.000000,4276.666504,4271.538574,4308.974121,4294.871582,4286.538574,4280.000000,4335.384766,4399.743652,4279.358887,4294.743652,4472.563965,4495.769043,4339.487305,4397.436035,1701.000000,1.000000,22.000000,,,,0.000000,2.000000,2.000000,0.000000,4.000000,2.000000,2.000000,0.000000,0.000000,4.000000,4.000000,4.000000,4.000000,4.000000,4.000000,0.000000,,,,,,,,,,,,,,,,,25.000000,0.000000,0.506853,0.479126,-0.543884,0.466614,0.985472,-0.023929,-0.058113,-35.553314,44.721554,30.719748
1732157910.559046,1732157910.561333,101.000000,0.000000,4275.000000,4270.512695,4311.922852,4293.589844,4302.563965,4280.000000,4335.769043,4398.205078,4275.769043,4288.077148,4472.692383,4486.922852,4336.025879,4397.307617,1618.000000,1.000000,22.000000,,,,0.000000,2.000000,2.000000,0.000000,4.000000,2.000000,2.000000,0.000000,0.000000,4.000000,4.000000,4.000000,4.000000,4.000000,4.000000,0.000000,,,,,,,,,,,,,,,,,,,,,,,,,,,,
1732157910.566854,1732157910.569341,102.000000,0.000000,4276.282227,4269.358887,4312.820313,4292.692383,4280.384766,4280.256348,4336.410156,4398.077148,4270.512695,4280.384766,4468.205078,4491.025879,4334.871582,4399.102539,1551.000000,1.000000,22.000000,,,,0.000000,2.000000,2.000000,0.000000,4.000000,2.000000,2.000000,0.000000,0.000000,4.000000,4.000000,4.000000,4.000000,4.000000,4.000000,0.000000,,,,,,,,,,,,,,,,,,,,,,,,,,,,
1732157910.574663,1732157910.577150,103.000000,0.000000,4278.589844,4270.897461,4312.179688,4293.205078,4258.589844,4285.256348,4336.025879,4398.205078,4272.563965,4285.128418,4460.256348,4493.717773,4334.358887,4397.948730,1566.000000,1.000000,22.000000,,,,0.000000,2.000000,2.000000,0.000000,4.000000,2.000000,2.000000,0.000000,0.000000,4.000000,4.000000,4.000000,4.000000,4.000000,4.000000,0.000000,,,,,,,,,,,,,,,,,,,,,,,,,,,,
1732157910.582471,1732157910.585058,104.000000,0.000000,4280.641113,4277.179688,4313.846191,4295.769043,4271.794922,4288.846191,4335.897461,4397.563965,4279.358887,4296.538574,4464.230957,4492.563965,4335.384766,4396.666504,1701.000000,1.000000,22.000000,,,,0.000000,2.000000,2.000000,0.000000,4.000000,2.000000,2.000000,0.000000,0.000000,4.000000,4.000000,4.000000,4.000000,4.000000,4.000000,0.000000,,,,,,,,,,,,,,,,,26.000000,0.000000,0.506487,0.479492,-0.543640,0.466919,0.969357,-0.027835,-0.056159,-35.638184,44.711124,30.547995
1732157910.590279,1732157910.592866,105.000000,0.000000,4281.666504,4280.128418,4315.512695,4296.538574,4284.871582,4283.461426,4336.538574,4398.717773,4280.769043,4296.666504,4472.692383,4497.563965,4338.077148,4401.282227,1618.000000,1.000000,22.000000,,,,0.000000,2.000000,2.000000,0.000000,4.000000,2.000000,2.000000,0.000000,0.000000,4.000000,4.000000,4.000000,4.000000,4.000000,4.000000,0.000000,,,,,,,,,,,,,,,,,,,,,,,,,,,,
1732157910.598087,1732157910.600874,106.000000,0.000000,4282.179688,4278.846191,4313.461426,4297.436035,4280.128418,4279.615234,4336.794922,4400.000000,4276.025879,4292.692383,4472.051270,4503.589844,4342.692383,4410.128418,1551.000000,1.000000,22.000000,,,,0.000000,2.000000,2.000000,0.000000,4.000000,2.000000,2.000000,0.000000,0.000000,4.000000,4.000000,4.000000,4.000000,4.000000,4.000000,0.000000,,,,,,,,,,,,,,,,,,,,,,,,,,,,
1732157910.605896,1732157910.608682,107.000000,0.000000,4282.820313,4279.230957,4313.974121,4297.948730,4275.897461,4281.282227,4336.025879,4398.333496,4274.615234,4293.974121,4471.410156,4501.922852,4344.487305,4410.128418,1566.000000,1.000000,22.000000,,,,0.000000,2.000000,2.000000,0.000000,4.000000,2.000000,2.000000,0.000000,0.000000,4.000000,4.000000,4.000000,4.000000,4.000000,4.000000,0.000000,,,,,,,,,,,,,,,,,,,,,,,,,,,,
1732157910.613704,1732157910.616590,108.000000,0.000000,4281.282227,4279.487305,4315.769043,4296.794922,4281.794922,4280.769043,4335.128418,4398.077148,4278.333496,4294.487305,4471.922852,4499.102539,4337.948730,4400.769043,1701.000000,1.000000,22.000000,,,,0.000000,2.000000,2.000000,0.000000,4.000000,2.000000,2.000000,0.000000,0.000000,4.000000,4.000000,4.000000,4.000000,4.000000,4.000000,0.000000,,,,,,,,,,,,,,,,,27.000000,0.000000,0.506342,0.479675,-0.543457,0.467102,0.969357,-0.027835,-0.056159,-35.616928,44.817677,30.468876
1732157910.621512,1732157910.624399,109.000000,0.000000,4278.717773,4273.974121,4314.871582,4294.358887,4296.666504,4280.641113,4334.487305,4400.128418,4279.230957,4292.692383,4468.461426,4501.282227,4333.333496,4397.692383,1618.000000,1.000000,22.000000,,,,0.000000,2.000000,2.000000,0.000000,4.000000,2.000000,2.000000,0.000000,0.000000,4.000000,4.000000,4.000000,4.000000,4.000000,4.000000,0.000000,,,,,,,,,,,,,,,,,,,,,,,,,,,,
1732157910.629320,1732157910.632407,110.000000,0.000000,4278.333496,4271.282227,4310.897461,4293.333496,4289.615234,4281.922852,4334.743652,4401.538574,4276.922852,4293.205078,4469.743652,4498.717773,4339.230957,4399.230957,1551.000000,1.000000,22.000000,,,,0.000000,2.000000,2.000000,0.000000,4.000000,2.000000,2.000000,0.000000,0.000000,4.000000,4.000000,4.000000,4.000000,4.000000,4.000000,0.000000,,,,,,,,,,,,,,,,,,,,,,,,,,,,
1732157910.637128,1732157910.640215,111.000000,0.000000,4279.102539,4274.871582,4311.538574,4292.948730,4262.948730,4284.230957,4335.384766,4401.282227,4277.307617,4296.410156,4473.333496,4491.282227,4344.230957,4396.410156,1566.000000,1.000000,22.000000,,,,0.000000,2.000000,2.000000,0.000000,4.000000,2.000000,2.000000,0.000000,0.000000,4.000000,4.000000,4.000000,4.000000,4.000000,4.000000,0.000000,,,,,,,,,,,,,,,,,,,,,,,,,,,,
1732157910.644937,1732157910.648123,112.000000,0.000000,4279.358887,4275.128418,4315.769043,4292.563965,4266.025879,4288.717773,4336.666504,4400.128418,4282.179688,4297.692383,4472.179688,4490.769043,4341.794922,4395.256348,1701.000000,1.000000,22.000000,,,,0.000000,2.000000,2.000000,0.000000,4.000000,2.000000,2.000000,0.000000,0.000000,4.000000,4.000000,4.000000,4.000000,4.000000,4.000000,0.000000,,,,,,,,,,,,,,,,,28.000000,0.000000,0.506244,0.479797,-0.543335,0.467224,0.973752,-0.033696,-0.054694,-35.464714,44.930653,30.578123
1732157910.652745,1732157910.655931,113.000000,0.000000,4279.743652,4270.256348,4314.102539,4294.102539,4286.922852,4290.128418,4336.922852,4399.358887,4281.922852,4297.051270,4470.897461,4493.717773,4340.897461,4396.922852,1618.000000,1.000000,22.000000,,,,0.000000,2.000000,2.000000,0.000000,4.000000,2.000000,2.000000,0.000000,0.000000,4.000000,4.000000,4.000000,4.000000,4.000000,4.000000,0.000000,,,,,,,,,,,,,,,,,,,,,,,,,,,,
1732157910.660553,1732157910.663539,114.000000,0.000000,4279.102539,4272.051270,4311.794922,4295.000000,4279.487305,4288.717773,4335.384766,4400.512695,4278.461426,4297.948730,4473.846191,4491.410156,4343.974121,4396.666504,1551.000000,1.000000,22.000000,,,,0.000000,2.000000,2.000000,0.000000,4.000000,2.000000,2.000000,0.000000,0.000000,4.000000,4.000000,4.000000,4.000000,4.000000,4.000000,0.000000,,,,,,,,,,,,,,,,,,,,,,,,,,,,
1732157910.668362,1732157910.671348,115.000000,0.000000,4278.461426,4277.820313,4314.487305,4293.589844,4274.230957,4285.128418,4334.487305,4401.025879,4282.179688,4297.948730,4474.871582,4490.512695,4342.692383,4397.948730,1566.000000,1.000000,22.000000,,,,0.000000,2.000000,2.000000,0.000000,4.000000,2.000000,2.000000,0.000000,0.000000,4.000000,4.000000,4.000000,4.000000,4.000000,4.000000,0.000000,,,,,,,,,,,,,,,,,,,,,,,,,,,,
1732157910.676170,1732157910.679056,116.000000,0.000000,4281.153809,4277.051270,4315.769043,4292.436035,4293.717773,4280.256348,4335.128418,4396.666504,4281.410156,4295.000000,4468.333496,4490.897461,4339.615234,4400.000000,1701.000000,1.000000,22.000000,,,,0.000000,2.000000,2.000000,0.000000,4.000000,2.000000,2.000000,0.000000,0.000000,4.000000,4.000000,4.000000,4.000000,4.000000,4.000000,0.000000,,,,,,,,,,,,,,,,,29.000000,0.000000,0.506074,0.479858,-0.543335,0.467346,0.973263,-0.033696,-0.051276,-35.508083,45.185497,30.646612
1732157910.683978,1732157910.686864,117.000000,0.000000,4283.333496,4275.641113,4312.307617,4293.846191,4287.692383,4280.000000,4334.743652,4394.487305,4271.410156,4293.333496,4466.794922,4490.641113,4341.666504,4399.615234,1618.000000,1.000000,22.000000,,,,0.000000,2.000000,2.000000,0.000000,4.000000,2.000000,2.000000,0.000000,0.000000,4.000000,4.000000,4.000000,4.000000,4.000000,4.000000,0.000000,,,,,,,,,,,,,,,,,,,,,,,,,,,,
1732157910.691786,1732157910.694473,118.000000,0.000000,4282.948730,4277.179688,4311.025879,4293.717773,4262.436035,4282.179688,4333.717773,4397.307617,4270.641113,4294.615234,4471.153809,4493.461426,4341.922852,4399.102539,1551.000000,1.000000,22.000000,,,,0.000000,2.000000,2.000000,0.000000,4.000000,2.000000,2.000000,0.000000,0.000000,4.000000,4.000000,4.000000,4.000000,4.000000,4.000000,0.000000,,,,,,,,,,,,,,,,,,,,,,,,,,,,
1732157910.699595,1732157910.702281,119.000000,0.000000,4281.282227,4275.769043,4314.102539,4291.794922,4262.051270,4281.025879,4333.717773,4398.077148,4278.846191,4295.384766,4469.102539,4494.358887,4337.179688,4399.487305,1566.000000,1.000000,22.000000,,,,0.000000,2.000000,2.000000,0.000000,4.000000,2.000000,2.000000,0.000000,0.000000,4.000000,4.000000,4.000000,4.000000,4.000000,4.000000,0.000000,,,,,,,,,,,,,,,,,,,,,,,,,,,,
1732157910.707403,1732157910.709989,120.000000,0.000000,4280.641113,4276.153809,4312.820313,4292.563965,4276.282227,4282.179688,4334.358887,4397.563965,4280.769043,4293.589844,4462.179688,4493.717773,4333.846191,4400.256348,1701.000000,1.000000,22.000000,,,,0.000000,2.000000,2.000000,0.000000,4.000000,2.000000,2.000000,0.000000,0.000000,4.000000,4.000000,4.000000,4.000000,4.000000,4.000000,0.000000,,,,,,,,,,,,,,,,,30.000000,0.000000,0.506109,0.479614,-0.543518,0.467346,0.991332,-0.033207,-0.051764,-35.364880,45.333584,30.810423
1732157910.715211,1732157910.717797,121.000000,0.000000,4278.461426,4275.641113,4309.615234,4289.615234,4285.256348,4282.051270,4335.256348,4398.589844,4278.589844,4291.794922,4461.410156,4494.102539,4334.871582,4402.051270,1618.000000,1.000000,22.000000,,,,0.000000,2.000000,2.000000,0.000000,4.000000,2.000000,2.000000,0.000000,0.000000,4.000000,4.000000,4.000000,4.000000,4.000000,4.000000,0.000000,,,,,,,,,,,,,,,,,,,,,,,,,,,,
1732157910.723019,1732157910.725805,122.000000,0.000000,4275.128418,4269.615234,4311.282227,4282.820313,4288.717773,4279.871582,4336.538574,4397.820313,4278.846191,4292.948730,4466.153809,4492.820313,4337.179688,4404.102539,1551.000000,1.000000,22.000000,,,,0.000000,2.000000,2.000000,0.000000,4.000000,2.000000,2.000000,0.000000,0.000000,4.000000,4.000000,4.000000,4.000000,4.000000,4.000000,0.000000,,,,,,,,,,,,,,,,,,,,,,,,,,,,
1732157910.730827,1732157910.733614,123.000000,0.000000,4275.897461,4271.794922,4315.256348,4282.307617,4280.897461,4286.282227,4336.794922,4395.641113,4280.769043,4295.769043,4471.282227,4492.692383,4341.025879,4406.666504,1566.000000,1.000000,22.000000,,,,0.000000,2.000000,2.000000,0.000000,4.000000,2.000000,2.000000,0.000000,0.000000,4.000000,4.000000,4.000000,4.000000,4.000000,4.000000,0.000000,,,,,,,,,,,,,,,,,,,,,,,,,,,,
1732157910.738636,1732157910.741322,124.000000,0.000000,4277.307617,4276.153809,4312.307617,4287.436035,4270.769043,4293.077148,4336.666504,4397.563965,4283.205078,4297.820313,4474.358887,4496.794922,4343.589844,4405.384766,1701.000000,1.000000,22.000000,,,,0.000000,2.000000,2.000000,0.000000,4.000000,2.000000,2.000000,0.000000,0.000000,4.000000,4.000000,4.000000,4.000000,4.000000,4.000000,0.000000,,,,,,,,,,,,,,,,,31.000000,0.000000,0.506157,0.479553,-0.543579,0.467285,0.991332,-0.033207,-0.051764,-35.580555,45.270203,31.163109
1732157910.746444,1732157910.749130,125.000000,0.000000,4275.512695,4273.974121,4311.025879,4284.487305,4277.820313,4288.461426,4336.666504,4399.358887,4280.384766,4299.230957,4472.563965,4496.794922,4342.692383,4404.487305,1618.000000,1.000000,22.000000,,,,0.000000,2.000000,2.000000,0.000000,4.000000,2.000000,2.000000,0.000000,0.000000,4.000000,4.000000,4.000000,4.000000,4.000000,4.000000,0.000000,,,,,,,,,,,,,,,,,,,,,,,,,,,,
1732157910.754252,1732157910.757138,126.000000,0.000000,4275.512695,4274.487305,4316.153809,4280.769043,4282.948730,4282.307617,4336.794922,4398.461426,4280.641113,4299.615234,4473.461426,4489.871582,4342.563965,4407.692383,1551.000000,1.000000,22.000000,,,,0.000000,2.000000,2.000000,0.000000,4.000000,2.000000,2.000000,0.000000,0.000000,4.000000,4.000000,4.000000,4.000000,4.000000,4.000000,0.000000,,,,,,,,,,,,,,,,,,,,,,,,,,,,
1732157910.762061,1732157910.764946,127.000000,0.000000,4277.820313,4278.333496,4316.666504,4287.307617,4280.000000,4279.358887,4336.666504,4397.820313,4290.897461,4296.922852,4475.769043,4492.051270,4343.589844,4409.871582,22.000000,1.000000,22.000000,,,,0.000000,2.000000,2.000000,0.000000,4.000000,2.000000,2.000000,0.000000,0.000000,4.000000,4.000000,4.000000,4.000000,4.000000,4.000000,0.000000,,,,,,,,,,,,,,,,,,,,,,,,,,,,
1732157910.769869,1732157910.772655,0.000000,0.000000,4280.769043,4279.358887,4315.256348,4295.897461,4276.666504,4279.743652,4336.666504,4398.077148,4291.794922,4298.717773,4476.282227,4499.102539,4343.846191,4410.256348,0.000000,1.000000,22.000000,,,,0.000000,2.000000,2.000000,0.000000,4.000000,2.000000,2.000000,0.000000,0.000000,4.000000,4.000000,4.000000,4.000000,4.000000,4.000000,0.000000,,,,,,,,,,,,,,,,,0.000000,0.000000,0.506118,0.479248,-0.543884,0.467285,0.975217,-0.031742,-0.054206,-35.471916,45.222198,31.182119
1732157910.777677,1732157910.780463,1.000000,0.000000,4284.743652,4281.666504,4316.025879,4296.922852,4279.102539,4279.615234,4336.666504,4398.589844,4281.025879,4296.794922,4477.436035,4498.846191,4343.846191,4413.974121,1604.000000,1.000000,22.000000,,,,0.000000,2.000000,2.000000,0.000000,4.000000,2.000000,2.000000,0.000000,0.000000,4.000000,4.000000,4.000000,4.000000,4.000000,4.000000,0.000000,,,,,,,,,,,,,,,,,,,,,,,,,,,,
1732157910.785485,1732157910.788071,2.000000,0.000000,4288.333496,4283.589844,4317.692383,4295.384766,4294.102539,4271.922852,4336.666504,4397.948730,4274.102539,4284.487305,4470.384766,4496.922852,4342.948730,4411.666504,1362.000000,1.000000,22.000000,,,,0.000000,2.000000,2.000000,0.000000,4.000000,2.000000,2.000000,0.000000,0.000000,4.000000,4.000000,4.000000,4.000000,4.000000,4.000000,0.000000,,,,,,,,,,,,,,,,,,,,,,,,,,,,
1732157910.793294,1732157910.795879,3.000000,0.000000,4289.615234,4281.538574,4316.025879,4300.128418,4289.615234,4269.615234,4336.666504,4396.282227,4275.256348,4281.410156,4464.102539,4496.794922,4342.307617,4402.436035,1422.000000,1.000000,22.000000,,,,0.000000,2.000000,2.000000,0.000000,4.000000,2.000000,2.000000,0.000000,0.000000,4.000000,4.000000,4.000000,4.000000,4.000000,4.000000,0.000000,,,,,,,,,,,,,,,,,,,,,,,,,,,,
1732157910.801102,1732157910.803788,4.000000,0.000000,4287.436035,4282.436035,4313.205078,4304.230957,4264.358887,4279.230957,4336.666504,4397.307617,4278.205078,4287.436035,4468.589844,4494.871582,4342.436035,4399.615234,1422.000000,1.000000,22.000000,,,,0.000000,2.000000,2.000000,0.000000,4.000000,2.000000,2.000000,0.000000,0.000000,4.000000,4.000000,4.000000,4.000000,4.000000,4.000000,0.000000,,,,,,,,,,,,,,,,,1.000000,0.000000,0.506045,0.479187,-0.544006,0.467285,0.975705,-0.033207,-0.057136,-35.378918,45.359982,31.040850
1732157910.808910,1732157910.811596,5.000000,0.000000,4283.205078,4282.051270,4311.282227,4299.615234,4265.256348,4284.358887,4336.666504,4398.077148,4278.077148,4285.128418,4467.563965,4492.692383,4340.641113,4401.794922,1212.000000,1.000000,22.000000,,,,0.000000,2.000000,2.000000,0.000000,4.000000,2.000000,2.000000,0.000000,0.000000,4.000000,4.000000,4.000000,4.000000,4.000000,4.000000,0.000000,,,,,,,,,,,,,,,,,,,,,,,,,,,,
1732157910.816718,1732157910.819604,6.000000,0.000000,4278.333496,4273.589844,4313.589844,4291.025879,4282.820313,4278.974121,4336.666504,4397.307617,4276.922852,4282.820313,4460.512695,4495.000000,4336.410156,4400.641113,0.000000,1.000000,22.000000,,,,0.000000,2.000000,2.000000,0.000000,4.000000,2.000000,2.000000,0.000000,0.000000,4.000000,4.000000,4.000000,4.000000,4.000000,4.000000,0.000000,,,,,,,,,,,,,,,,,,,,,,,,,,,,
1732157910.824526,1732157910.827412,7.000000,0.000000,4277.307617,4269.871582,4314.487305,4290.128418,4278.205078,4279.615234,4336.666504,4396.410156,4280.128418,4290.128418,4466.282227,4497.692383,4333.974121,4401.282227,0.000000,1.000000,22.000000,,,,0.000000,2.000000,2.000000,0.000000,4.000000,2.000000,2.000000,0.000000,0.000000,4.000000,4.000000,4.000000,4.000000,4.000000,4.000000,0.000000,,,,,,,,,,,,,,,,,,,,,,,,,,,,
1732157910.832335,1732157910.835320,8.000000,0.000000,4283.205078,4277.820313,4314.102539,4295.641113,4269.102539,4283.077148,4336.666504,4396.794922,4283.717773,4294.615234,4475.256348,4501.025879,4337.307617,4408.333496,1536.000000,1.000000,22.000000,,,,0.000000,2.000000,2.000000,0.000000,4.000000,2.000000,2.000000,0.000000,0.000000,4.000000,4.000000,4.000000,4.000000,4.000000,4.000000,0.000000,,,,,,,,,,,,,,,,,2.000000,0.000000,0.505923,0.479187,-0.544067,0.467346,0.977658,-0.033696,-0.054206,-35.325256,45.629917,31.339754
1732157910.840143,1732157910.843128,9.000000,0.000000,4288.974121,4281.538574,4317.307617,4294.615234,4284.743652,4272.051270,4336.666504,4398.461426,4281.922852,4294.871582,4474.230957,4505.384766,4346.282227,4415.256348,1691.000000,1.000000,22.000000,,,,0.000000,2.000000,2.000000,0.000000,4.000000,2.000000,2.000000,0.000000,0.000000,4.000000,4.000000,4.000000,4.000000,4.000000,4.000000,0.000000,,,,,,,,,,,,,,,,,,,,,,,,,,,,
1732157910.847951,1732157910.850737,10.000000,0.000000,4287.692383,4277.051270,4316.666504,4292.820313,4288.846191,4261.666504,4336.666504,4399.615234,4280.897461,4297.307617,4473.974121,4507.307617,4350.128418,4416.153809,1549.000000,1.000000,22.000000,,,,0.000000,2.000000,2.000000,0.000000,4.000000,2.000000,2.000000,0.000000,0.000000,4.000000,4.000000,4.000000,4.000000,4.000000,4.000000,0.000000,,,,,,,,,,,,,,,,,,,,,,,,,,,,
1732157910.855760,1732157910.858545,11.000000,0.000000,4283.589844,4279.615234,4313.974121,4297.436035,4266.922852,4270.128418,4336.666504,4398.333496,4281.922852,4295.641113,4476.666504,4508.333496,4345.000000,4414.487305,1566.000000,1.000000,22.000000,,,,0.000000,2.000000,2.000000,0.000000,4.000000,2.000000,2.000000,0.000000,0.000000,4.000000,4.000000,4.000000,4.000000,4.000000,4.000000,0.000000,,,,,,,,,,,,,,,,,,,,,,,,,,,,
1732157910.863568,1732157910.866253,12.000000,0.000000,4282.051270,4279.743652,4312.820313,4298.589844,4259.230957,4282.307617,4336.666504,4396.538574,4280.384766,4294.230957,4475.769043,4508.077148,4338.974121,4413.974121,1701.000000,1.000000,22.000000,,,,0.000000,2.000000,2.000000,0.000000,4.000000,2.000000,2.000000,0.000000,0.000000,4.000000,4.000000,4.000000,4.000000,4.000000,4.000000,0.000000,,,,,,,,,,,,,,,,,3.000000,0.000000,0.505923,0.479187,-0.544067,0.467346,0.977658,-0.033696,-0.054206,-35.506790,45.818565,31.446869
1732157910.871376,1732157910.874061,13.000000,0.000000,4278.461426,4269.871582,4313.589844,4290.769043,4275.384766,4279.358887,4336.666504,4396.282227,4281.153809,4296.922852,4473.461426,4504.487305,4338.461426,4411.794922,1609.000000,1.000000,22.000000,,,,0.000000,2.000000,2.000000,0.000000,4.000000,2.000000,2.000000,0.000000,0.000000,4.000000,4.000000,4.000000,4.000000,4.000000,4.000000,0.000000,,,,,,,,,,,,,,,,,,,,,,,,,,,,
1732157910.879184,1732157910.881670,14.000000,0.000000,4277.051270,4270.641113,4313.589844,4287.179688,4277.563965,4275.641113,4336.666504,4396.410156,4284.743652,4298.461426,4471.922852,4498.077148,4341.025879,4411.025879,1549.000000,1.000000,22.000000,,,,0.000000,2.000000,2.000000,0.000000,4.000000,2.000000,2.000000,0.000000,0.000000,4.000000,4.000000,4.000000,4.000000,4.000000,4.000000,0.000000,1.000000,0.000000,2.000000,2.000000,0.000000,4.000000,1.000000,2.000000,0.000000,0.000000,4.000000,3.000000,4.000000,4.000000,3.000000,4.000000,,,,,,,,,,,,
1732157910.886993,1732157910.889478,15.000000,0.000000,4280.641113,4279.871582,4311.794922,4292.692383,4273.589844,4282.307617,4336.666504,4397.820313,4283.589844,4297.051270,4470.769043,4492.948730,4342.820313,4411.025879,1566.000000,1.000000,22.000000,,,,0.000000,2.000000,2.000000,0.000000,4.000000,2.000000,2.000000,0.000000,0.000000,4.000000,4.000000,4.000000,4.000000,4.000000,4.000000,0.000000,,,,,,,,,,,,,,,,,,,,,,,,,,,,
1732157910.894801,1732157910.897386,16.000000,0.000000,4280.769043,4278.974121,4313.846191,4294.230957,4293.846191,4280.256348,4336.666504,4399.102539,4278.205078,4292.307617,4471.410156,4491.153809,4342.179688,4405.641113,0.000000,1.000000,22.000000,,,,0.000000,2.000000,2.000000,0.000000,4.000000,2.000000,2.000000,0.000000,0.000000,4.000000,4.000000,4.000000,4.000000,4.000000,4.000000,0.000000,,,,,,,,,,,,,,,,,4.000000,0.000000,0.505832,0.479065,-0.544312,0.467285,0.977658,-0.024905,-0.054694,-35.708836,45.759705,31.393629
1732157910.902609,1732157910.905194,17.000000,0.000000,4279.230957,4275.512695,4317.436035,4288.461426,4293.717773,4271.282227,4336.666504,4397.948730,4278.846191,4287.307617,4472.948730,4498.589844,4339.743652,4404.487305,0.000000,1.000000,22.000000,,,,0.000000,2.000000,2.000000,0.000000,4.000000,2.000000,2.000000,0.000000,0.000000,4.000000,4.000000,4.000000,4.000000,4.000000,4.000000,0.000000,,,,,,,,,,,,,,,,,,,,,,,,,,,,
1732157910.910417,1732157910.913202,18.000000,0.000000,4283.846191,4279.230957,4316.410156,4287.051270,4263.205078,4269.487305,4336.666504,4398.205078,4279.487305,4289.487305,4475.897461,4507.820313,4340.897461,4412.307617,0.000000,1.000000,22.000000,,,,0.000000,2.000000,2.000000,0.000000,4.000000,2.000000,2.000000,0.000000,0.000000,4.000000,4.000000,4.000000,4.000000,4.000000,4.000000,0.000000,,,,,,,,,,,,,,,,,,,,,,,,,,,,
1732157910.918225,1732157910.921011,19.000000,0.000000,4293.589844,4281.538574,4314.230957,4292.563965,4257.436035,4270.256348,4336.410156,4398.333496,4280.384766,4295.256348,4476.794922,4507.820313,4344.102539,4415.128418,0.000000,1.000000,22.000000,,,,0.000000,2.000000,2.000000,0.000000,4.000000,2.000000,2.000000,0.000000,0.000000,4.000000,4.000000,4.000000,4.000000,4.000000,4.000000,0.000000,,,,,,,,,,,,,,,,,,,,,,,,,,,,
1732157910.926034,1732157910.928919,20.000000,0.000000,4297.179688,4280.512695,4315.128418,4295.512695,4277.692383,4271.282227,4336.922852,4398.461426,4288.717773,4293.974121,4475.000000,4506.025879,4344.102539,4412.179688,0.000000,1.000000,22.000000,,,,0.000000,2.000000,2.000000,0.000000,4.000000,2.000000,2.000000,0.000000,0.000000,4.000000,4.000000,4.000000,4.000000,4.000000,4.000000,0.000000,,,,,,,,,,,,,,,,,5.000000,0.000000,0.505710,0.479065,-0.544373,0.467346,0.981077,-0.042486,-0.059089,-35.892490,45.652027,31.290506
1732157910.933842,1732157910.936727,21.000000,0.000000,4290.000000,4281.025879,4317.051270,4296.922852,4278.717773,4277.179688,4336.666504,4397.820313,4291.410156,4292.692383,4473.974121,4510.641113,4342.307617,4414.487305,0.000000,1.000000,22.000000,,,,0.000000,2.000000,2.000000,0.000000,4.000000,2.000000,2.000000,0.000000,0.000000,4.000000,4.000000,4.000000,4.000000,4.000000,4.000000,0.000000,,,,,,,,,,,,,,,,,,,,,,,,,,,,
1732157910.941650,1732157910.944735,22.000000,0.000000,4282.563965,4280.384766,4315.128418,4296.922852,4275.512695,4281.538574,4335.512695,4394.615234,4282.436035,4293.205078,4474.615234,4506.794922,4341.794922,4415.000000,0.000000,1.000000,22.000000,,,,0.000000,2.000000,2.000000,0.000000,4.000000,2.000000,2.000000,0.000000,0.000000,4.000000,4.000000,4.000000,4.000000,4.000000,4.000000,0.000000,,,,,,,,,,,,,,,,,,,,,,,,,,,,
1732157910.949458,1732157910.952543,23.000000,0.000000,4281.666504,4277.692383,4312.948730,4290.641113,4293.717773,4278.205078,4335.384766,4395.000000,4278.205078,4285.769043,4473.461426,4495.897461,4341.922852,4408.974121,0.000000,1.000000,22.000000,,,,0.000000,2.000000,2.000000,0.000000,4.000000,2.000000,2.000000,0.000000,0.000000,4.000000,4.000000,4.000000,4.000000,4.000000,4.000000,0.000000,,,,,,,,,,,,,,,,,,,,,,,,,,,,
1732157910.957267,1732157910.960451,24.000000,0.000000,4282.051270,4276.538574,4313.205078,4286.666504,4288.717773,4278.077148,4335.256348,4397.563965,4281.538574,4285.256348,4472.820313,4494.871582,4342.179688,4408.717773,0.000000,1.000000,22.000000,,,,0.000000,2.000000,2.000000,0.000000,4.000000,2.000000,2.000000,0.000000,0.000000,4.000000,4.000000,4.000000,4.000000,4.000000,4.000000,0.000000,,,,,,,,,,,,,,,,,6.000000,0.000000,0.505710,0.479065,-0.544373,0.467346,0.982053,-0.029789,-0.046392,-35.951248,45.414810,31.101976
1732157910.965075,1732157910.968259,25.000000,0.000000,4280.256348,4278.205078,4314.871582,4289.871582,4261.922852,4282.820313,4334.743652,4397.436035,4282.820313,4292.307617,4473.461426,4496.794922,4341.666504,4413.717773,0.000000,1.000000,22.000000,,,,0.000000,2.000000,2.000000,0.000000,4.000000,2.000000,2.000000,0.000000,0.000000,4.000000,4.000000,4.000000,4.000000,4.000000,4.000000,0.000000,,,,,,,,,,,,,,,,,,,,,,,,,,,,
1732157910.972883,1732157910.976267,26.000000,0.000000,4280.384766,4279.358887,4314.102539,4292.563965,4263.333496,4282.820313,4335.000000,4397.179688,4281.538574,4286.025879,4472.692383,4492.563965,4340.512695,4411.410156,0.000000,1.000000,22.000000,,,,0.000000,2.000000,2.000000,0.000000,4.000000,2.000000,2.000000,0.000000,0.000000,4.000000,4.000000,4.000000,4.000000,4.000000,4.000000,0.000000,,,,,,,,,,,,,,,,,,,,,,,,,,,,
1732157910.980692,1732157910.984076,27.000000,0.000000,4282.179688,4279.358887,4311.794922,4288.717773,4281.538574,4281.538574,4335.769043,4398.205078,4280.769043,4278.333496,4471.794922,4490.769043,4340.897461,4406.025879,0.000000,1.000000,22.000000,,,,0.000000,2.000000,2.000000,0.000000,4.000000,2.000000,2.000000,0.000000,0.000000,4.000000,4.000000,4.000000,4.000000,4.000000,4.000000,0.000000,,,,,,,,,,,,,,,,,,,,,,,,,,,,
1732157910.988500,1732157910.991984,28.000000,0.000000,4282.307617,4278.077148,4312.179688,4285.384766,4279.743652,4280.512695,4336.153809,4397.563965,4281.666504,4283.846191,4472.692383,4499.102539,4341.794922,4409.615234,0.000000,1.000000,22.000000,,,,0.000000,2.000000,2.000000,0.000000,4.000000,2.000000,2.000000,0.000000,0.000000,4.000000,4.000000,4.000000,4.000000,4.000000,4.000000,0.000000,,,,,,,,,,,,,,,,,7.000000,0.000000,0.505478,0.478943,-0.544434,0.467651,0.986449,-0.033696,-0.043951,-35.817181,45.287663,31.134268
1732157910.996308,1732157910.999792,29.000000,0.000000,4282.307617,4276.410156,4311.410156,4287.436035,4275.000000,4278.974121,4336.538574,4398.077148,4282.307617,4284.615234,4474.487305,4508.589844,4342.820313,4415.000000,0.000000,1.000000,22.000000,,,,0.000000,2.000000,2.000000,0.000000,4.000000,2.000000,2.000000,0.000000,0.000000,4.000000,4.000000,4.000000,4.000000,4.000000,4.000000,0.000000,,,,,,,,,,,,,,,,,,,,,,,,,,,,
1732157911.004116,1732157911.007400,30.000000,0.000000,4282.948730,4277.692383,4310.641113,4291.922852,4282.948730,4276.025879,4335.897461,4399.102539,4279.102539,4280.512695,4474.615234,4505.384766,4344.358887,4415.641113,0.000000,1.000000,22.000000,,,,0.000000,2.000000,2.000000,0.000000,4.000000,2.000000,2.000000,0.000000,0.000000,4.000000,4.000000,4.000000,4.000000,4.000000,4.000000,0.000000,,,,,,,,,,,,,,,,,,,,,,,,,,,,
1732157911.011924,1732157911.015209,31.000000,0.000000,4282.820313,4279.358887,4311.153809,4290.769043,4279.358887,4274.358887,4334.743652,4397.051270,4285.512695,4288.333496,4474.358887,4497.179688,4344.871582,4416.153809,0.000000,1.000000,22.000000,,,,0.000000,2.000000,2.000000,0.000000,4.000000,2.000000,2.000000,0.000000,0.000000,4.000000,4.000000,4.000000,4.000000,4.000000,4.000000,0.000000,,,,,,,,,,,,,,,,,,,,,,,,,,,,
1732157911.019733,1732157911.022917,32.000000,0.000000,4279.743652,4277.436035,4312.051270,4286.922852,4280.384766,4277.436035,4334.871582,4397.179688,4295.512695,4291.410156,4474.230957,4495.128418,4344.102539,4415.384766,0.000000,1.000000,22.000000,,,,0.000000,2.000000,2.000000,0.000000,4.000000,2.000000,2.000000,0.000000,0.000000,4.000000,4.000000,4.000000,4.000000,4.000000,4.000000,0.000000,,,,,,,,,,,,,,,,,8.000000,0.000000,0.505511,0.478760,-0.544617,0.467590,0.961543,-0.043951,-0.049322,-35.793583,45.186340,31.100424
1732157911.027541,1732157911.030725,33.000000,0.000000,4278.333496,4272.820313,4312.307617,4287.436035,4297.563965,4279.743652,4335.128418,4397.436035,4287.948730,4281.666504,4472.692383,4495.384766,4340.384766,4412.948730,0.000000,1.000000,22.000000,,,,0.000000,2.000000,2.000000,0.000000,4.000000,2.000000,2.000000,0.000000,0.000000,4.000000,4.000000,4.000000,4.000000,4.000000,4.000000,0.000000,,,,,,,,,,,,,,,,,,,,,,,,,,,,
1732157911.035349,1732157911.038333,34.000000,0.000000,4280.384766,4274.230957,4312.179688,4288.205078,4295.000000,4280.512695,4335.000000,4396.794922,4278.717773,4279.358887,4470.641113,4490.128418,4336.025879,4409.487305,0.000000,1.000000,22.000000,,,,0.000000,2.000000,2.000000,0.000000,4.000000,2.000000,2.000000,0.000000,0.000000,4.000000,4.000000,4.000000,4.000000,4.000000,4.000000,0.000000,,,,,,,,,,,,,,,,,,,,,,,,,,,,
1732157911.043157,1732157911.046142,35.000000,0.000000,4279.487305,4275.512695,4313.846191,4290.512695,4274.358887,4286.410156,4335.000000,4397.307617,4286.538574,4283.333496,4470.256348,4486.922852,4336.410156,4404.871582,0.000000,1.000000,22.000000,,,,0.000000,2.000000,2.000000,0.000000,4.000000,2.000000,2.000000,0.000000,0.000000,4.000000,4.000000,4.000000,4.000000,4.000000,4.000000,0.000000,,,,,,,,,,,,,,,,,,,,,,,,,,,,
1732157911.050966,1732157911.053850,36.000000,0.000000,4276.538574,4272.948730,4314.102539,4293.461426,4269.871582,4289.102539,4335.000000,4396.922852,4291.410156,4282.563965,4471.282227,4495.512695,4340.897461,4405.897461,0.000000,1.000000,22.000000,,,,0.000000,2.000000,2.000000,0.000000,4.000000,2.000000,2.000000,0.000000,0.000000,4.000000,4.000000,4.000000,4.000000,4.000000,4.000000,0.000000,,,,,,,,,,,,,,,,,9.000000,0.000000,0.505323,0.478760,-0.544739,0.467651,0.978147,-0.036626,-0.054206,-35.864468,45.202602,31.074677
1732157911.058774,1732157911.061658,37.000000,0.000000,4278.461426,4271.282227,4311.666504,4292.307617,4280.897461,4282.179688,4334.871582,4397.179688,4287.820313,4285.769043,4473.205078,4502.179688,4344.871582,4411.153809,0.000000,1.000000,22.000000,,,,0.000000,2.000000,2.000000,0.000000,4.000000,2.000000,2.000000,0.000000,0.000000,4.000000,4.000000,4.000000,4.000000,4.000000,4.000000,0.000000,,,,,,,,,,,,,,,,,,,,,,,,,,,,
1732157911.066582,1732157911.069267,38.000000,0.000000,4280.769043,4271.282227,4312.436035,4287.179688,4279.743652,4279.487305,4335.128418,4398.846191,4293.717773,4294.358887,4477.563965,4498.589844,4346.794922,4412.307617,0.000000,1.000000,22.000000,,,,0.000000,2.000000,2.000000,0.000000,4.000000,2.000000,2.000000,0.000000,0.000000,4.000000,4.000000,4.000000,4.000000,4.000000,4.000000,0.000000,,,,,,,,,,,,,,,,,,,,,,,,,,,,
1732157911.074391,1732157911.077075,39.000000,0.000000,4279.871582,4272.948730,4313.974121,4284.615234,4274.230957,4283.205078,4335.000000,4398.717773,4299.743652,4296.153809,4480.384766,4499.743652,4348.205078,4413.846191,0.000000,1.000000,22.000000,,,,0.000000,2.000000,2.000000,0.000000,4.000000,2.000000,2.000000,0.000000,0.000000,4.000000,4.000000,4.000000,4.000000,4.000000,4.000000,0.000000,,,,,,,,,,,,,,,,,,,,,,,,,,,,
1732157911.082199,1732157911.084783,40.000000,0.000000,4279.871582,4270.897461,4313.846191,4285.384766,4287.051270,4280.000000,4333.974121,4397.436035,4297.179688,4292.692383,4478.589844,4506.794922,4350.000000,4416.666504,0.000000,1.000000,22.000000,,,,0.000000,2.000000,2.000000,0.000000,4.000000,2.000000,2.000000,0.000000,0.000000,4.000000,4.000000,4.000000,4.000000,4.000000,4.000000,0.000000,,,,,,,,,,,,,,,,,10.000000,0.000000,0.505323,0.478760,-0.544739,0.467651,0.978147,-0.036626,-0.054206,-35.891884,45.365776,30.978821
1732157911.090007,1732157911.092591,41.000000,0.000000,4282.051270,4270.512695,4312.563965,4287.307617,4292.948730,4276.410156,4334.615234,4397.692383,4296.794922,4292.948730,4478.846191,4508.333496,4351.666504,4414.230957,0.000000,1.000000,22.000000,,,,0.000000,2.000000,2.000000,0.000000,4.000000,2.000000,2.000000,0.000000,0.000000,4.000000,4.000000,4.000000,4.000000,4.000000,4.000000,0.000000,,,,,,,,,,,,,,,,,,,,,,,,,,,,
1732157911.097815,1732157911.100200,42.000000,0.000000,4283.589844,4275.897461,4311.282227,4293.333496,4277.051270,4278.974121,4336.410156,4398.717773,4296.282227,4293.717773,4479.230957,4505.384766,4351.153809,4413.589844,0.000000,1.000000,22.000000,,,,0.000000,2.000000,2.000000,0.000000,4.000000,2.000000,2.000000,0.000000,0.000000,4.000000,4.000000,4.000000,4.000000,4.000000,4.000000,0.000000,,,,,,,,,,,,,,,,,,,,,,,,,,,,
1732157911.105623,1732157911.108008,43.000000,0.000000,4283.717773,4279.102539,4312.179688,4296.153809,4264.230957,4279.871582,4336.410156,4400.384766,4296.922852,4294.102539,4477.692383,4507.051270,4350.128418,4418.205078,0.000000,1.000000,22.000000,,,,0.000000,2.000000,2.000000,0.000000,4.000000,2.000000,2.000000,0.000000,0.000000,4.000000,4.000000,4.000000,4.000000,4.000000,4.000000,0.000000,,,,,,,,,,,,,,,,,,,,,,,,,,,,
1732157911.113432,1732157911.115716,44.000000,0.000000,4282.948730,4278.077148,4314.871582,4296.153809,4275.769043,4280.641113,4334.871582,4400.641113,4302.948730,4294.358887,4477.179688,4506.922852,4349.743652,4417.179688,0.000000,1.000000,22.000000,,,,0.000000,2.000000,2.000000,0.000000,4.000000,2.000000,2.000000,0.000000,0.000000,4.000000,4.000000,4.000000,4.000000,4.000000,4.000000,0.000000,,,,,,,,,,,,,,,,,11.000000,0.000000,0.505029,0.478821,-0.544800,0.467834,0.974728,-0.025882,-0.075693,-35.870762,45.329609,30.996180
1732157911.121240,1732157911.123524,45.000000,0.000000,4283.205078,4277.820313,4313.974121,4296.153809,4297.051270,4282.307617,4334.743652,4398.333496,4301.025879,4288.461426,4477.692383,4506.153809,4350.000000,4413.077148,0.000000,1.000000,22.000000,,,,0.000000,2.000000,2.000000,0.000000,4.000000,2.000000,2.000000,0.000000,0.000000,4.000000,4.000000,4.000000,4.000000,4.000000,4.000000,0.000000,,,,,,,,,,,,,,,,,,,,,,,,,,,,
1732157911.129048,1732157911.131133,46.000000,0.000000,4282.051270,4279.358887,4312.692383,4297.563965,4295.128418,4282.179688,4335.128418,4399.358887,4292.051270,4279.743652,4477.307617,4506.794922,4350.000000,4414.487305,0.000000,1.000000,22.000000,,,,0.000000,2.000000,2.000000,0.000000,4.000000,2.000000,2.000000,0.000000,0.000000,4.000000,4.000000,4.000000,4.000000,4.000000,4.000000,0.000000,,,,,,,,,,,,,,,,,,,,,,,,,,,,
1732157911.136856,1732157911.138941,47.000000,0.000000,4282.051270,4277.820313,4315.897461,4296.922852,4272.051270,4281.794922,4334.615234,4401.922852,4292.948730,4279.743652,4475.897461,4507.179688,4345.128418,4419.230957,0.000000,1.000000,22.000000,,,,0.000000,2.000000,2.000000,0.000000,4.000000,2.000000,2.000000,0.000000,0.000000,4.000000,4.000000,4.000000,4.000000,4.000000,4.000000,0.000000,,,,,,,,,,,,,,,,,,,,,,,,,,,,
1732157911.144665,1732157911.146649,48.000000,0.000000,4286.410156,4277.948730,4316.666504,4296.410156,4264.358887,4282.948730,4334.871582,4400.769043,4297.051270,4287.563965,4476.282227,4507.948730,4340.897461,4420.897461,0.000000,1.000000,22.000000,,,,0.000000,2.000000,2.000000,0.000000,4.000000,2.000000,2.000000,0.000000,0.000000,4.000000,4.000000,4.000000,4.000000,4.000000,4.000000,0.000000,,,,,,,,,,,,,,,,,12.000000,0.000000,0.504819,0.478943,-0.544678,0.468079,0.974728,-0.041021,-0.049811,-35.723648,45.330318,30.965239
1732157911.152473,1732157911.154458,49.000000,0.000000,4286.666504,4272.692383,4314.743652,4295.256348,4279.358887,4282.948730,4335.897461,4399.743652,4298.589844,4293.333496,4480.128418,4509.743652,4344.358887,4420.641113,0.000000,1.000000,22.000000,,,,0.000000,2.000000,2.000000,0.000000,4.000000,2.000000,2.000000,0.000000,0.000000,4.000000,4.000000,4.000000,4.000000,4.000000,4.000000,0.000000,,,,,,,,,,,,,,,,,,,,,,,,,,,,
1732157911.160281,1732157911.162066,50.000000,0.000000,4281.410156,4270.128418,4313.717773,4293.077148,4283.461426,4281.538574,4336.538574,4400.512695,4305.128418,4294.743652,4480.384766,4510.769043,4349.358887,4421.538574,0.000000,1.000000,22.000000,,,,0.000000,2.000000,2.000000,0.000000,4.000000,2.000000,2.000000,0.000000,0.000000,4.000000,4.000000,4.000000,4.000000,4.000000,4.000000,0.000000,,,,,,,,,,,,,,,,,,,,,,,,,,,,
1732157911.168090,1732157911.169874,51.000000,0.000000,4281.410156,4278.333496,4312.436035,4292.563965,4277.820313,4280.000000,4336.538574,4400.128418,4305.897461,4294.615234,4480.128418,4507.820313,4350.641113,4421.666504,0.000000,1.000000,22.000000,,,,0.000000,2.000000,2.000000,0.000000,4.000000,2.000000,2.000000,0.000000,0.000000,4.000000,4.000000,4.000000,4.000000,4.000000,4.000000,0.000000,,,,,,,,,,,,,,,,,,,,,,,,,,,,
1732157911.175898,1732157911.177583,52.000000,0.000000,4282.563965,4280.512695,4311.410156,4291.794922,4283.077148,4278.333496,4336.153809,4398.974121,4297.436035,4293.205078,4483.846191,4503.717773,4350.384766,4419.871582,0.000000,1.000000,22.000000,,,,0.000000,2.000000,2.000000,0.000000,4.000000,2.000000,2.000000,0.000000,0.000000,4.000000,4.000000,4.000000,4.000000,4.000000,4.000000,0.000000,,,,,,,,,,,,,,,,,13.000000,0.000000,0.504762,0.478943,-0.544678,0.468140,0.974728,-0.041021,-0.049811,-35.522823,45.584225,31.130177
1732157911.183706,1732157911.185391,53.000000,0.000000,4282.179688,4275.897461,4312.051270,4293.717773,4279.615234,4278.846191,4335.256348,4398.461426,4295.512695,4296.282227,4484.358887,4502.820313,4351.025879,4419.487305,0.000000,1.000000,22.000000,,,,0.000000,2.000000,2.000000,0.000000,4.000000,2.000000,2.000000,0.000000,0.000000,4.000000,4.000000,4.000000,4.000000,4.000000,4.000000,0.000000,,,,,,,,,,,,,,,,,,,,,,,,,,,,
1732157911.191514,1732157911.192999,54.000000,0.000000,4286.153809,4277.948730,4309.871582,4297.563965,4282.563965,4280.128418,4334.743652,4398.077148,4297.820313,4294.102539,4479.102539,4504.871582,4350.769043,4420.641113,0.000000,1.000000,22.000000,,,,0.000000,2.000000,2.000000,0.000000,4.000000,2.000000,2.000000,0.000000,0.000000,4.000000,4.000000,4.000000,4.000000,4.000000,4.000000,0.000000,,,,,,,,,,,,,,,,,,,,,,,,,,,,
1732157911.199322,1732157911.200807,55.000000,0.000000,4285.256348,4280.641113,4308.717773,4296.794922,4303.717773,4281.153809,4334.871582,4400.256348,4293.974121,4282.436035,4475.641113,4506.538574,4346.025879,4417.307617,0.000000,1.000000,22.000000,,,,0.000000,2.000000,2.000000,0.000000,4.000000,2.000000,2.000000,0.000000,0.000000,4.000000,4.000000,4.000000,4.000000,4.000000,4.000000,0.000000,,,,,,,,,,,,,,,,,,,,,,,,,,,,
1732157911.207131,1732157911.208715,56.000000,0.000000,4278.461426,4277.820313,4313.333496,4296.025879,4303.077148,4281.666504,4334.487305,4401.153809,4293.717773,4279.487305,4474.358887,4501.666504,4343.461426,4412.563965,0.000000,1.000000,22.000000,,,,0.000000,2.000000,2.000000,0.000000,4.000000,2.000000,2.000000,0.000000,0.000000,4.000000,4.000000,4.000000,4.000000,4.000000,4.000000,0.000000,,,,,,,,,,,,,,,,,14.000000,0.000000,0.504883,0.478638,-0.545044,0.467896,0.983030,-0.031742,-0.058113,-35.578487,45.254887,31.257109
1732157911.214939,1732157911.216524,57.000000,0.000000,4280.384766,4278.333496,4314.358887,4299.743652,4278.205078,4282.692383,4334.871582,4397.307617,4296.538574,4283.589844,4473.974121,4496.922852,4343.846191,4416.538574,0.000000,1.000000,22.000000,,,,0.000000,2.000000,2.000000,0.000000,4.000000,2.000000,2.000000,0.000000,0.000000,4.000000,4.000000,4.000000,4.000000,4.000000,4.000000,0.000000,,,,,,,,,,,,,,,,,,,,,,,,,,,,
1732157911.222747,1732157911.224532,58.000000,0.000000,4284.871582,4279.743652,4311.282227,4301.282227,4267.307617,4284.102539,4336.153809,4397.436035,4295.512695,4282.692383,4477.179688,4503.333496,4343.974121,4423.846191,0.000000,1.000000,22.000000,,,,0.000000,2.000000,2.000000,0.000000,4.000000,2.000000,2.000000,0.000000,0.000000,4.000000,4.000000,4.000000,4.000000,4.000000,4.000000,0.000000,,,,,,,,,,,,,,,,,,,,,,,,,,,,
1732157911.230555,1732157911.232340,59.000000,0.000000,4282.307617,4277.820313,4312.820313,4296.666504,4285.256348,4281.922852,4336.794922,4399.358887,4294.743652,4285.384766,4478.846191,4509.615234,4346.025879,4421.282227,0.000000,1.000000,22.000000,,,,0.000000,2.000000,2.000000,0.000000,4.000000,2.000000,2.000000,0.000000,0.000000,4.000000,4.000000,4.000000,4.000000,4.000000,4.000000,0.000000,,,,,,,,,,,,,,,,,,,,,,,,,,,,
1732157911.238364,1732157911.240248,60.000000,0.000000,4278.974121,4277.563965,4315.256348,4293.589844,4297.948730,4279.871582,4336.538574,4398.333496,4296.794922,4293.461426,4477.436035,4506.794922,4350.384766,4413.717773,0.000000,1.000000,22.000000,,,,0.000000,2.000000,2.000000,0.000000,4.000000,2.000000,2.000000,0.000000,0.000000,4.000000,4.000000,4.000000,4.000000,4.000000,4.000000,0.000000,,,,,,,,,,,,,,,,,15.000000,0.000000,0.504663,0.478760,-0.544983,0.468079,0.973752,-0.027835,-0.051764,-35.656906,45.188126,31.209925
1732157911.246172,1732157911.248056,61.000000,0.000000,4279.743652,4275.641113,4312.179688,4292.563965,4282.692383,4283.461426,4336.282227,4398.333496,4300.384766,4296.025879,4482.820313,4504.358887,4353.077148,4414.358887,0.000000,1.000000,22.000000,,,,0.000000,2.000000,2.000000,0.000000,4.000000,2.000000,2.000000,0.000000,0.000000,4.000000,4.000000,4.000000,4.000000,4.000000,4.000000,0.000000,,,,,,,,,,,,,,,,,,,,,,,,,,,,
1732157911.253980,1732157911.255665,62.000000,0.000000,4280.000000,4272.563965,4311.666504,4290.769043,4264.743652,4285.897461,4336.282227,4399.102539,4300.000000,4295.641113,4488.205078,4506.025879,4351.922852,4417.820313,0.000000,1.000000,22.000000,,,,0.000000,2.000000,2.000000,0.000000,4.000000,2.000000,2.000000,0.000000,0.000000,4.000000,4.000000,4.000000,4.000000,4.000000,4.000000,0.000000,,,,,,,,,,,,,,,,,,,,,,,,,,,,
1732157911.261788,1732157911.263473,63.000000,0.000000,4280.000000,4271.794922,4315.641113,4291.282227,4270.256348,4283.717773,4336.410156,4399.102539,4296.794922,4296.282227,4487.820313,4506.282227,4352.820313,4418.974121,0.000000,1.000000,22.000000,,,,0.000000,2.000000,2.000000,0.000000,4.000000,2.000000,2.000000,0.000000,0.000000,4.000000,4.000000,4.000000,4.000000,4.000000,4.000000,0.000000,,,,,,,,,,,,,,,,,,,,,,,,,,,,
1732157911.269597,1732157911.271181,64.000000,0.000000,4280.512695,4271.666504,4315.641113,4292.436035,4286.666504,4281.153809,4336.666504,4399.871582,4297.948730,4294.102539,4486.282227,4506.666504,4351.666504,4421.538574,0.000000,1.000000,22.000000,,,,0.000000,2.000000,2.000000,0.000000,4.000000,2.000000,2.000000,0.000000,0.000000,4.000000,4.000000,4.000000,4.000000,4.000000,4.000000,0.000000,,,,,,,,,,,,,,,,,16.000000,0.000000,0.504607,0.478760,-0.544983,0.468140,0.965938,-0.010255,-0.054206,-36.007095,45.279049,31.138372
1732157911.277405,1732157911.278989,65.000000,0.000000,4281.666504,4272.436035,4312.307617,4292.692383,4282.051270,4281.410156,4336.410156,4399.102539,4301.666504,4296.153809,4489.230957,4507.436035,4347.436035,4424.358887,1603.000000,1.000000,22.000000,,,,0.000000,2.000000,2.000000,0.000000,4.000000,2.000000,2.000000,0.000000,0.000000,4.000000,4.000000,4.000000,4.000000,4.000000,4.000000,0.000000,,,,,,,,,,,,,,,,,,,,,,,,,,,,
1732157911.285213,1732157911.286997,66.000000,0.000000,4280.384766,4270.897461,4311.666504,4288.205078,4275.641113,4281.666504,4336.025879,4399.487305,4303.333496,4298.717773,4487.820313,4506.538574,4344.615234,4419.358887,1366.000000,1.000000,22.000000,,,,0.000000,2.000000,2.000000,0.000000,4.000000,2.000000,2.000000,0.000000,0.000000,4.000000,4.000000,4.000000,4.000000,4.000000,4.000000,0.000000,,,,,,,,,,,,,,,,,,,,,,,,,,,,
1732157911.293021,1732157911.294806,67.000000,0.000000,4273.974121,4263.717773,4311.410156,4281.410156,4289.743652,4279.743652,4336.666504,4402.436035,4307.692383,4294.871582,4481.666504,4505.000000,4343.589844,4413.589844,1419.000000,1.000000,22.000000,,,,0.000000,2.000000,2.000000,0.000000,4.000000,2.000000,2.000000,0.000000,0.000000,4.000000,4.000000,4.000000,4.000000,4.000000,4.000000,0.000000,,,,,,,,,,,,,,,,,,,,,,,,,,,,
1732157911.300830,1732157911.302714,68.000000,0.000000,4273.205078,4261.794922,4312.563965,4282.692383,4292.051270,4277.820313,4336.794922,4399.487305,4307.179688,4292.692383,4481.794922,4505.512695,4344.871582,4419.358887,1426.000000,1.000000,22.000000,,,,0.000000,2.000000,2.000000,0.000000,4.000000,2.000000,2.000000,0.000000,0.000000,4.000000,4.000000,4.000000,4.000000,4.000000,4.000000,0.000000,,,,,,,,,,,,,,,,,17.000000,0.000000,0.504558,0.478821,-0.544922,0.468201,0.972775,-0.045904,-0.054206,-36.037415,45.289364,31.080416
1732157911.308638,1732157911.310522,69.000000,0.000000,4283.846191,4270.000000,4312.948730,4292.820313,4269.358887,4279.487305,4336.025879,4395.512695,4297.436035,4295.512695,4486.794922,4508.205078,4350.512695,4429.871582,1212.000000,1.000000,22.000000,,,,0.000000,2.000000,2.000000,0.000000,4.000000,2.000000,2.000000,0.000000,0.000000,4.000000,4.000000,4.000000,4.000000,4.000000,4.000000,0.000000,,,,,,,,,,,,,,,,,,,,,,,,,,,,
1732157911.316446,1732157911.318530,70.000000,0.000000,4289.615234,4271.538574,4311.922852,4298.205078,4258.077148,4282.436035,4337.179688,4398.589844,4294.358887,4297.051270,4486.666504,4508.974121,4351.282227,4432.179688,0.000000,1.000000,22.000000,,,,0.000000,2.000000,2.000000,0.000000,4.000000,2.000000,2.000000,0.000000,0.000000,4.000000,4.000000,4.000000,4.000000,4.000000,4.000000,0.000000,,,,,,,,,,,,,,,,,,,,,,,,,,,,
1732157911.324254,1732157911.326338,71.000000,0.000000,4283.205078,4265.000000,4311.410156,4292.563965,4273.333496,4280.256348,4337.820313,4400.256348,4300.512695,4293.974121,4479.743652,4508.077148,4344.615234,4424.743652,0.000000,1.000000,22.000000,,,,0.000000,2.000000,2.000000,0.000000,4.000000,2.000000,2.000000,0.000000,0.000000,4.000000,4.000000,4.000000,4.000000,4.000000,4.000000,0.000000,,,,,,,,,,,,,,,,,,,,,,,,,,,,
1732157911.332063,1732157911.334246,72.000000,0.000000,4278.333496,4264.871582,4312.563965,4289.743652,4283.333496,4279.615234,4335.128418,4399.615234,4302.563965,4291.025879,4476.794922,4508.846191,4344.871582,4415.384766,1536.000000,1.000000,22.000000,,,,0.000000,2.000000,2.000000,0.000000,4.000000,2.000000,2.000000,0.000000,0.000000,4.000000,4.000000,4.000000,4.000000,4.000000,4.000000,0.000000,,,,,,,,,,,,,,,,,18.000000,0.000000,0.504518,0.478516,-0.545227,0.468201,0.982053,-0.045904,-0.050299,-35.965305,45.389385,31.088470
1732157911.339871,1732157911.342054,73.000000,0.000000,4278.846191,4266.666504,4313.974121,4292.563965,4274.871582,4285.897461,4333.846191,4400.128418,4302.692383,4291.666504,4478.461426,4504.102539,4346.794922,4410.897461,1691.000000,1.000000,22.000000,,,,0.000000,2.000000,2.000000,0.000000,4.000000,2.000000,2.000000,0.000000,0.000000,4.000000,4.000000,4.000000,4.000000,4.000000,4.000000,0.000000,,,,,,,,,,,,,,,,,,,,,,,,,,,,
1732157911.347679,1732157911.350062,74.000000,0.000000,4278.333496,4265.641113,4313.461426,4287.948730,4279.358887,4287.948730,4335.769043,4400.641113,4303.717773,4292.563965,4476.153809,4496.538574,4340.384766,4411.025879,1549.000000,1.000000,22.000000,,,,0.000000,2.000000,2.000000,0.000000,4.000000,2.000000,2.000000,0.000000,0.000000,4.000000,4.000000,4.000000,4.000000,4.000000,4.000000,0.000000,,,,,,,,,,,,,,,,,,,,,,,,,,,,
1732157911.355487,1732157911.357871,75.000000,0.000000,4279.102539,4263.846191,4312.948730,4281.538574,4296.666504,4281.025879,4336.538574,4400.897461,4302.692383,4292.692383,4477.820313,4500.128418,4341.538574,4412.563965,1566.000000,1.000000,22.000000,,,,0.000000,2.000000,2.000000,0.000000,4.000000,2.000000,2.000000,0.000000,0.000000,4.000000,4.000000,4.000000,4.000000,4.000000,4.000000,0.000000,,,,,,,,,,,,,,,,,,,,,,,,,,,,
1732157911.363296,1732157911.365779,76.000000,0.000000,4279.743652,4265.384766,4316.025879,4288.333496,4287.436035,4278.974121,4335.769043,4400.128418,4305.512695,4294.487305,4487.307617,4509.487305,4350.256348,4415.384766,1701.000000,1.000000,22.000000,,,,0.000000,2.000000,2.000000,0.000000,4.000000,2.000000,2.000000,0.000000,0.000000,4.000000,4.000000,4.000000,4.000000,4.000000,4.000000,0.000000,,,,,,,,,,,,,,,,,19.000000,0.000000,0.504395,0.478516,-0.545288,0.468262,0.971310,-0.028812,-0.057136,-35.943565,45.477066,31.163326
1732157911.371104,1732157911.373587,77.000000,0.000000,4279.743652,4266.922852,4318.461426,4297.179688,4262.948730,4287.051270,4336.025879,4397.820313,4310.000000,4296.153809,4490.256348,4510.128418,4351.666504,4418.077148,1609.000000,1.000000,22.000000,,,,0.000000,2.000000,2.000000,0.000000,4.000000,2.000000,2.000000,0.000000,0.000000,4.000000,4.000000,4.000000,4.000000,4.000000,4.000000,0.000000,,,,,,,,,,,,,,,,,,,,,,,,,,,,
1732157911.378912,1732157911.381595,78.000000,0.000000,4280.897461,4264.487305,4313.589844,4295.000000,4268.589844,4289.358887,4336.153809,4400.000000,4312.948730,4297.307617,4486.282227,4507.051270,4347.051270,4416.666504,1549.000000,1.000000,22.000000,,,,0.000000,2.000000,2.000000,0.000000,4.000000,2.000000,2.000000,0.000000,0.000000,4.000000,4.000000,4.000000,4.000000,4.000000,4.000000,0.000000,1.000000,0.000000,2.000000,2.000000,0.000000,4.000000,1.000000,2.000000,0.000000,0.000000,4.000000,4.000000,4.000000,4.000000,1.000000,4.000000,,,,,,,,,,,,
1732157911.386720,1732157911.389403,79.000000,0.000000,4280.769043,4267.051270,4309.615234,4292.179688,4288.333496,4283.589844,4335.769043,4402.563965,4311.410156,4296.794922,4482.948730,4507.692383,4344.615234,4414.102539,1566.000000,1.000000,22.000000,,,,0.000000,2.000000,2.000000,0.000000,4.000000,2.000000,2.000000,0.000000,0.000000,4.000000,4.000000,4.000000,4.000000,4.000000,4.000000,0.000000,,,,,,,,,,,,,,,,,,,,,,,,,,,,
1732157911.394529,1732157911.397111,80.000000,0.000000,4279.615234,4271.922852,4312.307617,4295.000000,4280.256348,4281.538574,4336.410156,4399.358887,4310.512695,4295.128418,4482.820313,4507.307617,4347.179688,4413.589844,1701.000000,1.000000,22.000000,,,,0.000000,2.000000,2.000000,0.000000,4.000000,2.000000,2.000000,0.000000,0.000000,4.000000,4.000000,4.000000,4.000000,4.000000,4.000000,0.000000,,,,,,,,,,,,,,,,,20.000000,0.000000,0.504339,0.478516,-0.545288,0.468323,0.983518,-0.034672,-0.060066,-35.925953,45.503090,31.103962
1732157911.402337,1732157911.404920,81.000000,0.000000,4281.282227,4270.512695,4313.589844,4294.487305,4272.692383,4283.077148,4336.153809,4398.717773,4312.948730,4296.282227,4487.692383,4506.666504,4351.410156,4420.769043,1609.000000,1.000000,22.000000,,,,0.000000,2.000000,2.000000,0.000000,4.000000,2.000000,2.000000,0.000000,0.000000,4.000000,4.000000,4.000000,4.000000,4.000000,4.000000,0.000000,,,,,,,,,,,,,,,,,,,,,,,,,,,,
1732157911.410145,1732157911.412528,82.000000,0.000000,4283.846191,4270.769043,4313.461426,4292.563965,4293.077148,4281.922852,4335.000000,4401.153809,4309.743652,4297.307617,4489.358887,4506.282227,4350.000000,4427.563965,1549.000000,1.000000,22.000000,,,,0.000000,2.000000,2.000000,0.000000,4.000000,2.000000,2.000000,0.000000,0.000000,4.000000,4.000000,4.000000,4.000000,4.000000,4.000000,0.000000,,,,,,,,,,,,,,,,,,,,,,,,,,,,
1732157911.417953,1732157911.420336,83.000000,0.000000,4284.743652,4273.461426,4315.512695,4296.666504,4297.563965,4280.512695,4337.948730,4398.846191,4305.769043,4295.897461,4486.794922,4505.897461,4350.000000,4424.871582,1566.000000,1.000000,22.000000,,,,0.000000,2.000000,2.000000,0.000000,4.000000,2.000000,2.000000,0.000000,0.000000,4.000000,4.000000,4.000000,4.000000,4.000000,4.000000,0.000000,,,,,,,,,,,,,,,,,,,,,,,,,,,,
1732157911.425762,1732157911.428045,84.000000,0.000000,4286.410156,4269.230957,4315.641113,4299.871582,4269.487305,4282.563965,4339.487305,4397.436035,4308.846191,4293.333496,4487.436035,4509.358887,4351.922852,4418.846191,1701.000000,1.000000,22.000000,,,,0.000000,2.000000,2.000000,0.000000,4.000000,2.000000,2.000000,0.000000,0.000000,4.000000,4.000000,4.000000,4.000000,4.000000,4.000000,0.000000,,,,,,,,,,,,,,,,,21.000000,0.000000,0.504079,0.478699,-0.545105,0.468628,0.972775,-0.031742,-0.048346,-36.108356,45.487503,31.069208
1732157911.433570,1732157911.435853,85.000000,0.000000,4284.743652,4264.615234,4314.230957,4296.025879,4255.641113,4283.461426,4335.897461,4399.102539,4307.563965,4293.461426,4486.538574,4510.384766,4346.922852,4416.410156,1609.000000,1.000000,22.000000,,,,0.000000,2.000000,2.000000,0.000000,4.000000,2.000000,2.000000,0.000000,0.000000,4.000000,4.000000,4.000000,4.000000,4.000000,4.000000,0.000000,,,,,,,,,,,,,,,,,,,,,,,,,,,,
1732157911.441378,1732157911.443461,86.000000,0.000000,4279.230957,4265.384766,4311.922852,4293.589844,4275.512695,4281.282227,4334.615234,4398.589844,4296.922852,4292.179688,4478.333496,4503.205078,4340.512695,4414.230957,1549.000000,1.000000,22.000000,,,,0.000000,2.000000,2.000000,0.000000,4.000000,2.000000,2.000000,0.000000,0.000000,4.000000,4.000000,4.000000,4.000000,4.000000,4.000000,0.000000,,,,,,,,,,,,,,,,,,,,,,,,,,,,
1732157911.449186,1732157911.451269,87.000000,0.000000,4277.051270,4266.410156,4311.282227,4295.641113,4284.871582,4280.897461,4335.641113,4399.487305,4292.307617,4284.358887,4473.846191,4498.717773,4338.333496,4411.410156,1566.000000,1.000000,22.000000,,,,0.000000,2.000000,2.000000,0.000000,4.000000,2.000000,2.000000,0.000000,0.000000,4.000000,4.000000,4.000000,4.000000,4.000000,4.000000,0.000000,,,,,,,,,,,,,,,,,,,,,,,,,,,,
1732157911.456995,1732157911.458978,88.000000,0.000000,4280.128418,4266.410156,4312.948730,4295.384766,4276.794922,4286.410156,4335.000000,4402.563965,4299.615234,4277.692383,4474.358887,4499.102539,4335.000000,4411.666504,1701.000000,1.000000,22.000000,,,,0.000000,2.000000,2.000000,0.000000,4.000000,2.000000,2.000000,0.000000,0.000000,4.000000,4.000000,4.000000,4.000000,4.000000,4.000000,0.000000,,,,,,,,,,,,,,,,,22.000000,0.000000,0.504151,0.478455,-0.545410,0.468445,0.971798,-0.049811,-0.054694,-36.132767,45.616547,31.012726
1732157911.464803,1732157911.466786,89.000000,0.000000,4280.769043,4264.743652,4313.077148,4292.051270,4291.282227,4288.077148,4334.871582,4401.410156,4306.922852,4280.512695,4471.922852,4499.102539,4332.307617,4411.410156,1609.000000,1.000000,22.000000,,,,0.000000,2.000000,2.000000,0.000000,4.000000,2.000000,2.000000,0.000000,0.000000,4.000000,4.000000,4.000000,4.000000,4.000000,4.000000,0.000000,,,,,,,,,,,,,,,,,,,,,,,,,,,,
1732157911.472611,1732157911.474394,90.000000,0.000000,4278.717773,4267.692383,4313.717773,4295.000000,4305.256348,4282.563965,4335.128418,4399.487305,4306.922852,4284.358887,4473.333496,4503.717773,4337.436035,4412.179688,1549.000000,1.000000,22.000000,,,,0.000000,2.000000,2.000000,0.000000,4.000000,2.000000,2.000000,0.000000,0.000000,4.000000,4.000000,4.000000,4.000000,4.000000,4.000000,0.000000,,,,,,,,,,,,,,,,,,,,,,,,,,,,
1732157911.480419,1732157911.482203,91.000000,0.000000,4281.153809,4277.436035,4315.512695,4302.179688,4287.179688,4280.384766,4334.358887,4399.743652,4302.948730,4282.051270,4479.487305,4515.641113,4341.922852,4413.846191,1566.000000,1.000000,22.000000,,,,0.000000,2.000000,2.000000,0.000000,4.000000,2.000000,2.000000,0.000000,0.000000,4.000000,4.000000,4.000000,4.000000,4.000000,4.000000,0.000000,,,,,,,,,,,,,,,,,,,,,,,,,,,,
1732157911.488228,1732157911.489911,92.000000,0.000000,4282.051270,4274.230957,4312.948730,4302.948730,4268.589844,4283.333496,4334.615234,4399.743652,4305.769043,4286.282227,4480.256348,4517.307617,4341.922852,4413.846191,1701.000000,1.000000,22.000000,,,,0.000000,2.000000,2.000000,0.000000,4.000000,2.000000,2.000000,0.000000,0.000000,4.000000,4.000000,4.000000,4.000000,4.000000,4.000000,0.000000,,,,,,,,,,,,,,,,,23.000000,0.000000,0.504151,0.478455,-0.545410,0.468445,0.979123,-0.044927,-0.061531,-36.257542,45.691067,31.026974
1732157911.496036,1732157911.497719,93.000000,0.000000,4278.205078,4261.153809,4311.538574,4294.615234,4277.051270,4283.077148,4335.000000,4399.102539,4311.794922,4292.820313,4475.897461,4507.820313,4341.282227,4413.205078,1609.000000,1.000000,22.000000,,,,0.000000,2.000000,2.000000,0.000000,4.000000,2.000000,2.000000,0.000000,0.000000,4.000000,4.000000,4.000000,4.000000,4.000000,4.000000,0.000000,,,,,,,,,,,,,,,,,,,,,,,,,,,,
1732157911.503844,1732157911.505328,94.000000,0.000000,4278.077148,4264.871582,4316.153809,4294.102539,4285.128418,4281.666504,4335.512695,4398.077148,4306.282227,4287.051270,4475.384766,4504.871582,4340.512695,4410.641113,1549.000000,1.000000,22.000000,,,,0.000000,2.000000,2.000000,0.000000,4.000000,2.000000,2.000000,0.000000,0.000000,4.000000,4.000000,4.000000,4.000000,4.000000,4.000000,0.000000,,,,,,,,,,,,,,,,,,,,,,,,,,,,
1732157911.511652,1732157911.513136,95.000000,0.000000,4285.384766,4275.512695,4317.179688,4302.051270,4273.974121,4282.436035,4336.666504,4398.589844,4299.102539,4281.410156,4477.948730,4507.436035,4341.538574,4412.820313,1566.000000,1.000000,22.000000,,,,0.000000,2.000000,2.000000,0.000000,4.000000,2.000000,2.000000,0.000000,0.000000,4.000000,4.000000,4.000000,4.000000,4.000000,4.000000,0.000000,,,,,,,,,,,,,,,,,,,,,,,,,,,,
1732157911.519461,1732157911.520844,96.000000,0.000000,4286.538574,4273.333496,4315.128418,4302.179688,4280.000000,4279.871582,4335.769043,4401.538574,4296.025879,4282.179688,4477.563965,4506.666504,4343.461426,4418.333496,1701.000000,1.000000,22.000000,,,,0.000000,2.000000,2.000000,0.000000,4.000000,2.000000,2.000000,0.000000,0.000000,4.000000,4.000000,4.000000,4.000000,4.000000,4.000000,0.000000,,,,,,,,,,,,,,,,,24.000000,0.000000,0.503892,0.478638,-0.545227,0.468750,0.979123,-0.039067,-0.049811,-36.193607,45.453098,31.023516
1732157911.527269,1732157911.528652,97.000000,0.000000,4281.282227,4268.077148,4315.256348,4299.487305,4297.692383,4276.922852,4335.256348,4401.794922,4294.615234,4280.512695,4476.153809,4504.871582,4342.179688,4416.666504,1609.000000,1.000000,22.000000,,,,0.000000,2.000000,2.000000,0.000000,4.000000,2.000000,2.000000,0.000000,0.000000,4.000000,4.000000,4.000000,4.000000,4.000000,4.000000,0.000000,,,,,,,,,,,,,,,,,,,,,,,,,,,,
1732157911.535077,1732157911.536261,98.000000,0.000000,4282.051270,4270.128418,4313.846191,4301.410156,4282.948730,4278.589844,4336.025879,4399.615234,4298.333496,4278.974121,4477.563965,4507.179688,4342.051270,4412.692383,1549.000000,1.000000,22.000000,,,,0.000000,2.000000,2.000000,0.000000,4.000000,2.000000,2.000000,0.000000,0.000000,4.000000,4.000000,4.000000,4.000000,4.000000,4.000000,0.000000,,,,,,,,,,,,,,,,,,,,,,,,,,,,
1732157911.542885,1732157911.544069,99.000000,0.000000,4285.128418,4273.717773,4311.025879,4300.384766,4260.897461,4280.384766,4336.025879,4399.358887,4304.358887,4284.743652,4477.692383,4507.307617,4344.487305,4414.487305,1566.000000,1.000000,22.000000,,,,0.000000,2.000000,2.000000,0.000000,4.000000,2.000000,2.000000,0.000000,0.000000,4.000000,4.000000,4.000000,4.000000,4.000000,4.000000,0.000000,,,,,,,,,,,,,,,,,,,,,,,,,,,,
1732157911.550694,1732157911.551977,100.000000,0.000000,4282.051270,4271.410156,4313.077148,4297.948730,4268.717773,4280.256348,4335.769043,4400.512695,4302.692383,4288.077148,4473.846191,4504.102539,4340.512695,4415.128418,1701.000000,1.000000,22.000000,,,,0.000000,2.000000,2.000000,0.000000,4.000000,2.000000,2.000000,0.000000,0.000000,4.000000,4.000000,4.000000,4.000000,4.000000,4.000000,0.000000,,,,,,,,,,,,,,,,,25.000000,0.000000,0.503972,0.478455,-0.545471,0.468567,0.980588,-0.037114,-0.048346,-36.208488,45.460342,31.304049
1732157911.558502,1732157911.559785,101.000000,0.000000,4281.666504,4270.641113,4314.230957,4300.512695,4278.589844,4282.179688,4335.384766,4399.358887,4298.461426,4282.307617,4472.692383,4505.000000,4337.436035,4412.563965,1609.000000,1.000000,22.000000,,,,0.000000,2.000000,2.000000,0.000000,4.000000,2.000000,2.000000,0.000000,0.000000,4.000000,4.000000,4.000000,4.000000,4.000000,4.000000,0.000000,,,,,,,,,,,,,,,,,,,,,,,,,,,,
1732157911.566310,1732157911.567394,102.000000,0.000000,4286.282227,4274.615234,4312.563965,4301.666504,4277.692383,4282.179688,4335.384766,4398.846191,4301.410156,4279.871582,4474.871582,4505.384766,4341.410156,4412.692383,1549.000000,1.000000,22.000000,,,,0.000000,2.000000,2.000000,0.000000,4.000000,2.000000,2.000000,0.000000,0.000000,4.000000,4.000000,4.000000,4.000000,4.000000,4.000000,0.000000,,,,,,,,,,,,,,,,,,,,,,,,,,,,
1732157911.574118,1732157911.575202,103.000000,0.000000,4284.358887,4278.846191,4313.333496,4300.128418,4286.025879,4277.692383,4335.769043,4399.743652,4301.410156,4281.794922,4474.871582,4502.948730,4342.820313,4413.461426,1566.000000,1.000000,22.000000,,,,0.000000,2.000000,2.000000,0.000000,4.000000,2.000000,2.000000,0.000000,0.000000,4.000000,4.000000,4.000000,4.000000,4.000000,4.000000,0.000000,,,,,,,,,,,,,,,,,,,,,,,,,,,,
1732157911.581927,1732157911.582910,104.000000,0.000000,4281.025879,4279.487305,4314.230957,4301.153809,4275.769043,4278.333496,4335.384766,4400.384766,4295.897461,4282.051270,4476.282227,4507.436035,4339.102539,4413.205078,1701.000000,1.000000,22.000000,,,,0.000000,2.000000,2.000000,0.000000,4.000000,2.000000,2.000000,0.000000,0.000000,4.000000,4.000000,4.000000,4.000000,4.000000,4.000000,0.000000,,,,,,,,,,,,,,,,,26.000000,0.000000,0.503735,0.478455,-0.545532,0.468750,0.983030,-0.042974,-0.055671,-36.178879,45.369545,31.247946
1732157911.589735,1732157911.590718,105.000000,0.000000,4282.563965,4271.282227,4312.436035,4298.205078,4255.000000,4282.692383,4335.512695,4399.871582,4296.666504,4284.615234,4478.846191,4514.487305,4335.769043,4413.461426,1609.000000,1.000000,22.000000,,,,0.000000,2.000000,2.000000,0.000000,4.000000,2.000000,2.000000,0.000000,0.000000,4.000000,4.000000,4.000000,4.000000,4.000000,4.000000,0.000000,,,,,,,,,,,,,,,,,,,,,,,,,,,,
1732157911.597543,1732157911.598327,106.000000,0.000000,4282.692383,4264.615234,4309.615234,4294.615234,4272.563965,4281.282227,4336.538574,4399.615234,4303.589844,4287.563965,4478.205078,4512.307617,4335.769043,4413.205078,1549.000000,1.000000,22.000000,,,,0.000000,2.000000,2.000000,0.000000,4.000000,2.000000,2.000000,0.000000,0.000000,4.000000,4.000000,4.000000,4.000000,4.000000,4.000000,0.000000,,,,,,,,,,,,,,,,,,,,,,,,,,,,
1732157911.605351,1732157911.606135,107.000000,0.000000,4280.897461,4265.256348,4311.794922,4296.538574,4287.051270,4278.333496,4336.538574,4399.871582,4304.615234,4283.461426,4476.282227,4502.692383,4335.641113,4413.333496,1566.000000,1.000000,22.000000,,,,0.000000,2.000000,2.000000,0.000000,4.000000,2.000000,2.000000,0.000000,0.000000,4.000000,4.000000,4.000000,4.000000,4.000000,4.000000,0.000000,,,,,,,,,,,,,,,,,,,,,,,,,,,,
1732157911.613160,1732157911.614043,108.000000,0.000000,4281.282227,4268.205078,4314.102539,4298.717773,4265.000000,4278.974121,4336.282227,4400.384766,4298.333496,4278.974121,4474.358887,4498.333496,4333.205078,4412.948730,1701.000000,1.000000,22.000000,,,,0.000000,2.000000,2.000000,0.000000,4.000000,2.000000,2.000000,0.000000,0.000000,4.000000,4.000000,4.000000,4.000000,4.000000,4.000000,0.000000,,,,,,,,,,,,,,,,,27.000000,0.000000,0.503718,0.478394,-0.545654,0.468689,0.983030,-0.042974,-0.055671,-35.986557,45.235996,31.422503
1732157911.620968,1732157911.621851,109.000000,0.000000,4281.153809,4263.717773,4312.179688,4294.102539,4258.333496,4285.000000,4336.666504,4400.512695,4296.922852,4281.025879,4471.025879,4497.563965,4332.563965,4411.153809,1609.000000,1.000000,22.000000,,,,0.000000,2.000000,2.000000,0.000000,4.000000,2.000000,2.000000,0.000000,0.000000,4.000000,4.000000,4.000000,4.000000,4.000000,4.000000,0.000000,,,,,,,,,,,,,,,,,,,,,,,,,,,,
1732157911.628776,1732157911.629859,110.000000,0.000000,4280.897461,4262.692383,4311.025879,4292.051270,4277.692383,4288.461426,4336.538574,4399.743652,4297.563965,4280.769043,4471.410156,4497.692383,4335.512695,4411.538574,1549.000000,1.000000,22.000000,,,,0.000000,2.000000,2.000000,0.000000,4.000000,2.000000,2.000000,0.000000,0.000000,4.000000,4.000000,4.000000,4.000000,4.000000,4.000000,0.000000,,,,,,,,,,,,,,,,,,,,,,,,,,,,
1732157911.636584,1732157911.637667,111.000000,0.000000,4282.179688,4266.666504,4315.000000,4294.615234,4276.794922,4286.666504,4336.538574,4400.000000,4297.692383,4282.179688,4475.000000,4502.692383,4335.512695,4412.179688,1566.000000,1.000000,22.000000,,,,0.000000,2.000000,2.000000,0.000000,4.000000,2.000000,2.000000,0.000000,0.000000,4.000000,4.000000,4.000000,4.000000,4.000000,4.000000,0.000000,,,,,,,,,,,,,,,,,,,,,,,,,,,,
1732157911.644393,1732157911.645576,112.000000,0.000000,4281.282227,4266.025879,4316.025879,4292.051270,4278.589844,4286.538574,4335.897461,4400.641113,4298.846191,4285.512695,4474.487305,4503.461426,4333.461426,4411.153809,1701.000000,1.000000,22.000000,,,,0.000000,2.000000,2.000000,0.000000,4.000000,2.000000,2.000000,0.000000,0.000000,4.000000,4.000000,4.000000,4.000000,4.000000,4.000000,0.000000,,,,,,,,,,,,,,,,,28.000000,0.000000,0.503669,0.478455,-0.545593,0.468750,0.988890,-0.035161,-0.049811,-36.010777,45.119492,31.275560
1732157911.652201,1732157911.653384,113.000000,0.000000,4280.256348,4264.102539,4312.563965,4288.717773,4298.077148,4289.871582,4334.358887,4400.384766,4302.307617,4285.769043,4473.077148,4502.436035,4335.512695,4411.282227,1609.000000,1.000000,22.000000,,,,0.000000,2.000000,2.000000,0.000000,4.000000,2.000000,2.000000,0.000000,0.000000,4.000000,4.000000,4.000000,4.000000,4.000000,4.000000,0.000000,,,,,,,,,,,,,,,,,,,,,,,,,,,,
1732157911.660009,1732157911.661392,114.000000,0.000000,4281.794922,4265.000000,4312.179688,4292.051270,4286.025879,4291.410156,4334.615234,4399.102539,4303.589844,4284.743652,4474.615234,4505.000000,4335.897461,4412.563965,1549.000000,1.000000,22.000000,,,,0.000000,2.000000,2.000000,0.000000,4.000000,2.000000,2.000000,0.000000,0.000000,4.000000,4.000000,4.000000,4.000000,4.000000,4.000000,0.000000,,,,,,,,,,,,,,,,,,,,,,,,,,,,
1732157911.667817,1732157911.669200,115.000000,0.000000,4282.948730,4265.769043,4315.769043,4295.128418,4258.589844,4292.307617,4335.512695,4398.461426,4301.922852,4283.205078,4475.641113,4505.256348,4333.589844,4417.820313,1566.000000,1.000000,22.000000,,,,0.000000,2.000000,2.000000,0.000000,4.000000,2.000000,2.000000,0.000000,0.000000,4.000000,4.000000,4.000000,4.000000,4.000000,4.000000,0.000000,,,,,,,,,,,,,,,,,,,,,,,,,,,,
1732157911.675626,1732157911.676908,116.000000,0.000000,4282.948730,4265.000000,4315.641113,4293.974121,4267.563965,4294.230957,4336.025879,4399.230957,4304.743652,4285.384766,4477.436035,4505.384766,4337.179688,4422.051270,1701.000000,1.000000,22.000000,,,,0.000000,2.000000,2.000000,0.000000,4.000000,2.000000,2.000000,0.000000,0.000000,4.000000,4.000000,4.000000,4.000000,4.000000,4.000000,0.000000,,,,,,,,,,,,,,,,,29.000000,0.000000,0.503758,0.478699,-0.545349,0.468689,0.978147,-0.019534,-0.049322,-36.060398,45.001789,31.179871
1732157911.683434,1732157911.684717,117.000000,0.000000,4281.025879,4265.384766,4313.077148,4293.077148,4288.333496,4293.205078,4336.025879,4400.128418,4312.051270,4293.205078,4478.077148,4505.256348,4339.871582,4416.025879,1609.000000,1.000000,22.000000,,,,0.000000,2.000000,2.000000,0.000000,4.000000,2.000000,2.000000,0.000000,0.000000,4.000000,4.000000,4.000000,4.000000,4.000000,4.000000,0.000000,,,,,,,,,,,,,,,,,,,,,,,,,,,,
1732157911.691242,1732157911.692725,118.000000,0.000000,4276.666504,4265.512695,4310.769043,4292.563965,4281.538574,4294.102539,4335.897461,4398.974121,4316.794922,4297.563965,4476.153809,4498.717773,4336.025879,4409.102539,1549.000000,1.000000,22.000000,,,,0.000000,2.000000,2.000000,0.000000,4.000000,2.000000,2.000000,0.000000,0.000000,4.000000,4.000000,4.000000,4.000000,4.000000,4.000000,0.000000,,,,,,,,,,,,,,,,,,,,,,,,,,,,
1732157911.699050,1732157911.700533,119.000000,0.000000,4275.641113,4263.846191,4310.769043,4292.563965,4276.410156,4295.128418,4334.871582,4398.717773,4307.692383,4288.717773,4474.102539,4490.256348,4333.974121,4411.922852,1566.000000,1.000000,22.000000,,,,0.000000,2.000000,2.000000,0.000000,4.000000,2.000000,2.000000,0.000000,0.000000,4.000000,4.000000,4.000000,4.000000,4.000000,4.000000,0.000000,,,,,,,,,,,,,,,,,,,,,,,,,,,,
1732157911.706859,1732157911.708441,120.000000,0.000000,4277.179688,4263.846191,4312.436035,4294.102539,4296.153809,4291.410156,4334.358887,4400.256348,4295.000000,4277.179688,4469.487305,4490.000000,4331.666504,4411.410156,1701.000000,1.000000,22.000000,,,,0.000000,2.000000,2.000000,0.000000,4.000000,2.000000,2.000000,0.000000,0.000000,4.000000,4.000000,4.000000,4.000000,4.000000,4.000000,0.000000,,,,,,,,,,,,,,,,,30.000000,0.000000,0.503757,0.478760,-0.545349,0.468628,0.961543,-0.032230,-0.041021,-35.972256,45.019783,31.230696
1732157911.714667,1732157911.716249,121.000000,0.000000,4276.025879,4264.487305,4313.846191,4294.743652,4303.974121,4291.153809,4335.384766,4400.256348,4297.692383,4275.128418,4462.820313,4493.717773,4324.615234,4404.487305,1609.000000,1.000000,22.000000,,,,0.000000,2.000000,2.000000,0.000000,4.000000,2.000000,2.000000,0.000000,0.000000,4.000000,4.000000,4.000000,4.000000,4.000000,4.000000,0.000000,,,,,,,,,,,,,,,,,,,,,,,,,,,,
1732157911.722475,1732157911.724257,122.000000,0.000000,4276.538574,4265.512695,4313.974121,4295.897461,4285.256348,4295.897461,4336.025879,4399.743652,4304.102539,4277.307617,4464.743652,4497.436035,4326.153809,4403.846191,1549.000000,1.000000,22.000000,,,,0.000000,2.000000,2.000000,0.000000,4.000000,2.000000,2.000000,0.000000,0.000000,4.000000,4.000000,4.000000,4.000000,4.000000,4.000000,0.000000,,,,,,,,,,,,,,,,,,,,,,,,,,,,
1732157911.730283,1732157911.732065,123.000000,0.000000,4279.615234,4265.769043,4315.000000,4297.051270,4269.615234,4300.000000,4335.897461,4399.358887,4303.461426,4280.641113,4473.205078,4501.794922,4333.077148,4408.077148,1566.000000,1.000000,22.000000,,,,0.000000,2.000000,2.000000,0.000000,4.000000,2.000000,2.000000,0.000000,0.000000,4.000000,4.000000,4.000000,4.000000,4.000000,4.000000,0.000000,,,,,,,,,,,,,,,,,,,,,,,,,,,,
1732157911.738092,1732157911.739973,124.000000,0.000000,4280.000000,4264.743652,4315.769043,4294.487305,4286.282227,4292.948730,4335.000000,4400.256348,4303.846191,4281.153809,4475.000000,4504.358887,4331.794922,4411.025879,1701.000000,1.000000,22.000000,,,,0.000000,2.000000,2.000000,0.000000,4.000000,2.000000,2.000000,0.000000,0.000000,4.000000,4.000000,4.000000,4.000000,4.000000,4.000000,0.000000,,,,,,,,,,,,,,,,,31.000000,0.000000,0.503708,0.478821,-0.545288,0.468689,0.990355,-0.034184,-0.050787,-36.262527,45.142689,30.996862
1732157911.745900,1732157911.747782,125.000000,0.000000,4281.282227,4265.128418,4315.769043,4294.102539,4300.256348,4279.871582,4333.589844,4400.128418,4303.846191,4280.641113,4474.743652,4506.025879,4330.384766,4411.410156,1609.000000,1.000000,22.000000,,,,0.000000,2.000000,2.000000,0.000000,4.000000,2.000000,2.000000,0.000000,0.000000,4.000000,4.000000,4.000000,4.000000,4.000000,4.000000,0.000000,,,,,,,,,,,,,,,,,,,,,,,,,,,,
1732157911.753708,1732157911.755790,126.000000,0.000000,4283.333496,4265.897461,4316.666504,4295.769043,4278.461426,4281.025879,4333.974121,4397.436035,4298.717773,4280.512695,4477.307617,4506.025879,4338.461426,4413.205078,1549.000000,1.000000,22.000000,,,,0.000000,2.000000,2.000000,0.000000,4.000000,2.000000,2.000000,0.000000,0.000000,4.000000,4.000000,4.000000,4.000000,4.000000,4.000000,0.000000,,,,,,,,,,,,,,,,,,,,,,,,,,,,
1732157911.761516,1732157911.763598,127.000000,0.000000,4282.179688,4264.615234,4314.102539,4295.000000,4261.025879,4290.128418,4335.641113,4398.077148,4304.487305,4282.820313,4477.692383,4504.871582,4342.563965,4417.692383,22.000000,1.000000,22.000000,,,,0.000000,2.000000,2.000000,0.000000,4.000000,2.000000,2.000000,0.000000,0.000000,4.000000,4.000000,4.000000,4.000000,4.000000,4.000000,0.000000,,,,,,,,,,,,,,,,,,,,,,,,,,,,
1732157911.769325,1732157911.771506,0.000000,0.000000,4281.153809,4263.589844,4311.410156,4293.974121,4273.333496,4288.333496,4335.769043,4400.769043,4312.820313,4282.692383,4477.179688,4506.666504,4337.820313,4418.461426,0.000000,1.000000,22.000000,,,,0.000000,2.000000,2.000000,0.000000,4.000000,2.000000,2.000000,0.000000,0.000000,4.000000,4.000000,4.000000,4.000000,4.000000,4.000000,0.000000,,,,,,,,,,,,,,,,,0.000000,0.000000,0.503382,0.479004,-0.545166,0.468994,0.987425,-0.030277,-0.052252,-36.389313,45.242245,30.924126
1732157911.777133,1732157911.779314,1.000000,0.000000,4282.820313,4264.102539,4312.563965,4294.743652,4279.743652,4284.871582,4334.871582,4399.871582,4305.000000,4281.666504,4478.077148,4507.436035,4337.051270,4414.871582,1603.000000,1.000000,22.000000,,,,0.000000,2.000000,2.000000,0.000000,4.000000,2.000000,2.000000,0.000000,0.000000,4.000000,4.000000,4.000000,4.000000,4.000000,4.000000,0.000000,,,,,,,,,,,,,,,,,,,,,,,,,,,,
1732157911.784941,1732157911.787022,2.000000,0.000000,4282.563965,4263.846191,4313.461426,4296.025879,4276.666504,4289.743652,4335.641113,4399.230957,4294.743652,4282.692383,4477.307617,4506.025879,4342.307617,4413.717773,1366.000000,1.000000,22.000000,,,,0.000000,2.000000,2.000000,0.000000,4.000000,2.000000,2.000000,0.000000,0.000000,4.000000,4.000000,4.000000,4.000000,4.000000,4.000000,0.000000,,,,,,,,,,,,,,,,,,,,,,,,,,,,
1732157911.792749,1732157911.794831,3.000000,0.000000,4280.128418,4264.487305,4312.307617,4297.436035,4295.384766,4288.846191,4336.282227,4401.153809,4296.153809,4279.487305,4475.641113,4506.282227,4341.282227,4405.897461,1424.000000,1.000000,22.000000,,,,0.000000,2.000000,2.000000,0.000000,4.000000,2.000000,2.000000,0.000000,0.000000,4.000000,4.000000,4.000000,4.000000,4.000000,4.000000,0.000000,,,,,,,,,,,,,,,,,,,,,,,,,,,,
1732157911.800557,1732157911.802739,4.000000,0.000000,4278.717773,4265.256348,4314.487305,4297.179688,4294.743652,4285.000000,4335.769043,4399.743652,4305.897461,4278.077148,4476.153809,4505.512695,4334.358887,4396.794922,1424.000000,1.000000,22.000000,,,,0.000000,2.000000,2.000000,0.000000,4.000000,2.000000,2.000000,0.000000,0.000000,4.000000,4.000000,4.000000,4.000000,4.000000,4.000000,0.000000,,,,,,,,,,,,,,,,,1.000000,0.000000,0.503382,0.479004,-0.545166,0.468994,0.981077,-0.034184,-0.065926,-36.537010,45.322884,31.015209
1732157911.808366,1732157911.810547,5.000000,0.000000,4278.461426,4263.333496,4316.282227,4296.666504,4266.410156,4291.410156,4335.512695,4398.205078,4311.922852,4283.974121,4477.948730,4500.256348,4335.641113,4403.974121,1212.000000,1.000000,22.000000,,,,0.000000,2.000000,2.000000,0.000000,4.000000,2.000000,2.000000,0.000000,0.000000,4.000000,4.000000,4.000000,4.000000,4.000000,4.000000,0.000000,,,,,,,,,,,,,,,,,,,,,,,,,,,,
1732157911.816174,1732157911.818155,6.000000,0.000000,4278.974121,4262.563965,4315.256348,4296.794922,4269.743652,4296.538574,4336.025879,4400.000000,4311.538574,4285.897461,4478.846191,4499.102539,4340.512695,4413.846191,0.000000,1.000000,22.000000,,,,0.000000,2.000000,2.000000,0.000000,4.000000,2.000000,2.000000,0.000000,0.000000,4.000000,4.000000,4.000000,4.000000,4.000000,4.000000,0.000000,,,,,,,,,,,,,,,,,,,,,,,,,,,,
1732157911.823982,1732157911.825964,7.000000,0.000000,4280.384766,4265.384766,4314.102539,4296.025879,4283.717773,4288.846191,4335.512695,4401.025879,4312.948730,4282.820313,4478.717773,4501.025879,4339.615234,4408.846191,0.000000,1.000000,22.000000,,,,0.000000,2.000000,2.000000,0.000000,4.000000,2.000000,2.000000,0.000000,0.000000,4.000000,4.000000,4.000000,4.000000,4.000000,4.000000,0.000000,,,,,,,,,,,,,,,,,,,,,,,,,,,,
1732157911.831791,1732157911.833672,8.000000,0.000000,4279.743652,4266.282227,4311.153809,4296.538574,4277.820313,4281.025879,4334.487305,4399.487305,4308.205078,4281.025879,4477.436035,4497.051270,4336.666504,4400.512695,1536.000000,1.000000,22.000000,,,,0.000000,2.000000,2.000000,0.000000,4.000000,2.000000,2.000000,0.000000,0.000000,4.000000,4.000000,4.000000,4.000000,4.000000,4.000000,0.000000,,,,,,,,,,,,,,,,,2.000000,0.000000,0.503473,0.478760,-0.545349,0.468933,0.983518,-0.045416,-0.052252,-36.276646,45.039871,31.075653
1732157911.839599,1732157911.841480,9.000000,0.000000,4278.589844,4265.128418,4311.025879,4296.794922,4289.615234,4282.436035,4334.487305,4397.948730,4297.051270,4276.922852,4475.897461,4495.000000,4333.205078,4398.589844,1691.000000,1.000000,22.000000,,,,0.000000,2.000000,2.000000,0.000000,4.000000,2.000000,2.000000,0.000000,0.000000,4.000000,4.000000,4.000000,4.000000,4.000000,4.000000,0.000000,,,,,,,,,,,,,,,,,,,,,,,,,,,,
1732157911.847407,1732157911.849088,10.000000,0.000000,4279.230957,4264.230957,4313.589844,4294.230957,4301.282227,4289.871582,4335.512695,4398.717773,4302.563965,4275.128418,4476.153809,4503.077148,4335.384766,4403.077148,1548.000000,1.000000,22.000000,,,,0.000000,2.000000,2.000000,0.000000,4.000000,2.000000,2.000000,0.000000,0.000000,4.000000,4.000000,4.000000,4.000000,4.000000,4.000000,0.000000,,,,,,,,,,,,,,,,,,,,,,,,,,,,
1732157911.855215,1732157911.856897,11.000000,0.000000,4281.794922,4266.410156,4315.256348,4296.410156,4276.922852,4295.384766,4338.461426,4400.384766,4316.666504,4280.000000,4478.205078,4508.333496,4341.666504,4411.922852,1566.000000,1.000000,22.000000,,,,0.000000,2.000000,2.000000,0.000000,4.000000,2.000000,2.000000,0.000000,0.000000,4.000000,4.000000,4.000000,4.000000,4.000000,4.000000,0.000000,,,,,,,,,,,,,,,,,,,,,,,,,,,,
1732157911.863024,1732157911.864605,12.000000,0.000000,4283.846191,4272.307617,4313.589844,4301.282227,4266.025879,4292.436035,4341.153809,4400.512695,4309.871582,4280.384766,4480.512695,4506.025879,4343.974121,4415.769043,1701.000000,1.000000,22.000000,,,,0.000000,2.000000,2.000000,0.000000,4.000000,2.000000,2.000000,0.000000,0.000000,4.000000,4.000000,4.000000,4.000000,4.000000,4.000000,0.000000,,,,,,,,,,,,,,,,,3.000000,0.000000,0.503800,0.478516,-0.545471,0.468689,0.979123,-0.029789,-0.050787,-36.435749,45.015629,31.052944
1732157911.870832,1732157911.872413,13.000000,0.000000,4288.717773,4272.563965,4311.025879,4302.692383,4277.948730,4285.512695,4339.358887,4400.512695,4305.128418,4278.461426,4481.025879,4507.051270,4344.230957,4413.077148,1614.000000,1.000000,22.000000,,,,0.000000,2.000000,2.000000,0.000000,4.000000,2.000000,2.000000,0.000000,0.000000,4.000000,4.000000,4.000000,4.000000,4.000000,4.000000,0.000000,,,,,,,,,,,,,,,,,,,,,,,,,,,,
1732157911.878640,1732157911.880022,14.000000,0.000000,4293.077148,4266.153809,4311.794922,4300.769043,4282.179688,4282.563965,4335.128418,4400.128418,4311.153809,4281.153809,4478.589844,4507.692383,4344.487305,4413.205078,1548.000000,1.000000,22.000000,,,,0.000000,2.000000,2.000000,0.000000,4.000000,2.000000,2.000000,0.000000,0.000000,4.000000,4.000000,4.000000,4.000000,4.000000,4.000000,0.000000,1.000000,0.000000,1.000000,2.000000,0.000000,1.000000,1.000000,2.000000,0.000000,0.000000,4.000000,4.000000,4.000000,4.000000,1.000000,4.000000,,,,,,,,,,,,
1732157911.886448,1732157911.887830,15.000000,0.000000,4288.461426,4265.256348,4314.358887,4297.948730,4284.871582,4280.641113,4334.358887,4399.102539,4305.128418,4279.358887,4475.000000,4505.512695,4339.487305,4414.487305,1566.000000,1.000000,22.000000,,,,0.000000,2.000000,2.000000,0.000000,4.000000,2.000000,2.000000,0.000000,0.000000,4.000000,4.000000,4.000000,4.000000,4.000000,4.000000,0.000000,,,,,,,,,,,,,,,,,,,,,,,,,,,,
1732157911.894256,1732157911.895538,16.000000,0.000000,4285.128418,4266.538574,4313.717773,4297.436035,4277.948730,4281.538574,4335.256348,4398.846191,4301.666504,4276.666504,4474.358887,4506.282227,4336.153809,4412.051270,0.000000,1.000000,22.000000,,,,0.000000,2.000000,2.000000,0.000000,4.000000,2.000000,2.000000,0.000000,0.000000,4.000000,4.000000,4.000000,4.000000,4.000000,4.000000,0.000000,,,,,,,,,,,,,,,,,4.000000,0.000000,0.503726,0.478455,-0.545593,0.468689,0.982542,-0.033696,-0.054206,-36.351292,45.064327,31.036219
1732157911.902065,1732157911.903346,17.000000,0.000000,4292.563965,4266.538574,4311.153809,4303.589844,4260.769043,4285.256348,4334.615234,4400.128418,4307.563965,4279.615234,4481.538574,4508.333496,4341.282227,4413.205078,0.000000,1.000000,22.000000,,,,0.000000,2.000000,2.000000,0.000000,4.000000,2.000000,2.000000,0.000000,0.000000,4.000000,4.000000,4.000000,4.000000,4.000000,4.000000,0.000000,,,,,,,,,,,,,,,,,,,,,,,,,,,,
1732157911.909873,1732157911.910955,18.000000,0.000000,4297.820313,4270.256348,4310.897461,4310.000000,4265.769043,4286.794922,4334.615234,4399.871582,4306.922852,4280.000000,4490.641113,4508.974121,4344.743652,4417.948730,0.000000,1.000000,22.000000,,,,0.000000,2.000000,2.000000,0.000000,4.000000,2.000000,2.000000,0.000000,0.000000,4.000000,4.000000,4.000000,4.000000,4.000000,4.000000,0.000000,,,,,,,,,,,,,,,,,,,,,,,,,,,,
1732157911.917681,1732157911.918763,19.000000,0.000000,4289.487305,4270.641113,4312.307617,4304.871582,4284.358887,4286.282227,4334.743652,4399.358887,4305.769043,4278.205078,4486.794922,4513.461426,4341.794922,4417.820313,0.000000,1.000000,22.000000,,,,0.000000,2.000000,2.000000,0.000000,4.000000,2.000000,2.000000,0.000000,0.000000,4.000000,4.000000,4.000000,4.000000,4.000000,4.000000,0.000000,,,,,,,,,,,,,,,,,,,,,,,,,,,,
1732157911.925490,1732157911.926671,20.000000,0.000000,4281.794922,4264.358887,4311.153809,4296.794922,4281.153809,4284.358887,4334.871582,4400.000000,4311.025879,4281.282227,4480.384766,4516.666504,4340.128418,4414.230957,0.000000,1.000000,22.000000,,,,0.000000,2.000000,2.000000,0.000000,4.000000,2.000000,2.000000,0.000000,0.000000,4.000000,4.000000,4.000000,4.000000,4.000000,4.000000,0.000000,,,,,,,,,,,,,,,,,5.000000,0.000000,0.503726,0.478455,-0.545593,0.468689,0.982542,-0.033696,-0.054206,-36.569546,45.337105,31.156004
1732157911.933298,1732157911.934479,21.000000,0.000000,4282.948730,4263.461426,4311.282227,4296.282227,4273.846191,4282.179688,4334.871582,4400.769043,4311.410156,4283.461426,4487.307617,4510.256348,4342.051270,4412.307617,0.000000,1.000000,22.000000,,,,0.000000,2.000000,2.000000,0.000000,4.000000,2.000000,2.000000,0.000000,0.000000,4.000000,4.000000,4.000000,4.000000,4.000000,4.000000,0.000000,,,,,,,,,,,,,,,,,,,,,,,,,,,,
1732157911.941106,1732157911.942487,22.000000,0.000000,4283.333496,4266.410156,4312.436035,4297.436035,4291.153809,4282.948730,4334.871582,4400.897461,4310.128418,4282.179688,4490.128418,4506.153809,4341.538574,4412.436035,0.000000,1.000000,22.000000,,,,0.000000,2.000000,2.000000,0.000000,4.000000,2.000000,2.000000,0.000000,0.000000,4.000000,4.000000,4.000000,4.000000,4.000000,4.000000,0.000000,,,,,,,,,,,,,,,,,,,,,,,,,,,,
1732157911.948914,1732157911.950295,23.000000,0.000000,4282.051270,4265.897461,4312.948730,4295.512695,4304.102539,4289.487305,4334.871582,4398.974121,4312.692383,4282.692383,4479.230957,4508.589844,4337.307617,4411.794922,0.000000,1.000000,22.000000,,,,0.000000,2.000000,2.000000,0.000000,4.000000,2.000000,2.000000,0.000000,0.000000,4.000000,4.000000,4.000000,4.000000,4.000000,4.000000,0.000000,,,,,,,,,,,,,,,,,,,,,,,,,,,,
1732157911.956723,1732157911.958204,24.000000,0.000000,4281.282227,4265.128418,4314.102539,4298.205078,4288.333496,4295.769043,4334.871582,4397.436035,4313.205078,4283.589844,4473.717773,4506.538574,4334.615234,4407.179688,0.000000,1.000000,22.000000,,,,0.000000,2.000000,2.000000,0.000000,4.000000,2.000000,2.000000,0.000000,0.000000,4.000000,4.000000,4.000000,4.000000,4.000000,4.000000,0.000000,,,,,,,,,,,,,,,,,6.000000,0.000000,0.503718,0.478394,-0.545654,0.468689,0.977170,-0.034184,-0.057136,-36.291332,45.273056,31.159697
1732157911.964531,1732157911.966012,25.000000,0.000000,4279.230957,4266.794922,4315.641113,4304.358887,4266.794922,4294.743652,4334.871582,4398.846191,4314.358887,4283.205078,4477.307617,4506.538574,4335.512695,4404.871582,0.000000,1.000000,22.000000,,,,0.000000,2.000000,2.000000,0.000000,4.000000,2.000000,2.000000,0.000000,0.000000,4.000000,4.000000,4.000000,4.000000,4.000000,4.000000,0.000000,,,,,,,,,,,,,,,,,,,,,,,,,,,,
1732157911.972339,1732157911.974020,26.000000,0.000000,4277.436035,4267.692383,4313.205078,4301.282227,4272.179688,4290.000000,4334.871582,4400.897461,4316.922852,4284.358887,4478.846191,4512.436035,4335.769043,4403.077148,0.000000,1.000000,22.000000,,,,0.000000,2.000000,2.000000,0.000000,4.000000,2.000000,2.000000,0.000000,0.000000,4.000000,4.000000,4.000000,4.000000,4.000000,4.000000,0.000000,,,,,,,,,,,,,,,,,,,,,,,,,,,,
1732157911.980147,1732157911.981828,27.000000,0.000000,4278.974121,4265.128418,4311.410156,4293.589844,4291.282227,4285.769043,4334.871582,4400.512695,4311.666504,4283.589844,4476.538574,4509.871582,4336.153809,4398.205078,0.000000,1.000000,22.000000,,,,0.000000,2.000000,2.000000,0.000000,4.000000,2.000000,2.000000,0.000000,0.000000,4.000000,4.000000,4.000000,4.000000,4.000000,4.000000,0.000000,,,,,,,,,,,,,,,,,,,,,,,,,,,,
1732157911.987955,1732157911.989536,28.000000,0.000000,4281.282227,4267.307617,4315.897461,4294.743652,4285.897461,4283.846191,4334.871582,4399.487305,4301.025879,4278.589844,4478.846191,4502.563965,4339.102539,4402.692383,0.000000,1.000000,22.000000,,,,0.000000,2.000000,2.000000,0.000000,4.000000,2.000000,2.000000,0.000000,0.000000,4.000000,4.000000,4.000000,4.000000,4.000000,4.000000,0.000000,,,,,,,,,,,,,,,,,7.000000,0.000000,0.503546,0.478455,-0.545654,0.468811,0.981565,-0.022464,-0.057624,-36.030979,45.206173,31.064354
1732157911.995764,1732157911.997345,29.000000,0.000000,4284.615234,4274.871582,4315.256348,4302.307617,4262.692383,4281.666504,4334.871582,4400.641113,4302.563965,4276.922852,4485.769043,4507.307617,4342.051270,4413.974121,0.000000,1.000000,22.000000,,,,0.000000,2.000000,2.000000,0.000000,4.000000,2.000000,2.000000,0.000000,0.000000,4.000000,4.000000,4.000000,4.000000,4.000000,4.000000,0.000000,,,,,,,,,,,,,,,,,,,,,,,,,,,,
1732157912.003572,1732157912.004953,30.000000,0.000000,4289.743652,4275.128418,4310.128418,4300.769043,4259.358887,4282.307617,4334.871582,4400.512695,4311.794922,4282.563965,4488.461426,4515.256348,4341.410156,4413.461426,0.000000,1.000000,22.000000,,,,0.000000,2.000000,2.000000,0.000000,4.000000,2.000000,2.000000,0.000000,0.000000,4.000000,4.000000,4.000000,4.000000,4.000000,4.000000,0.000000,,,,,,,,,,,,,,,,,,,,,,,,,,,,
1732157912.011380,1732157912.012761,31.000000,0.000000,4292.436035,4273.077148,4310.641113,4295.769043,4273.589844,4284.743652,4334.871582,4398.077148,4304.871582,4281.666504,4487.820313,4514.230957,4340.769043,4408.717773,0.000000,1.000000,22.000000,,,,0.000000,2.000000,2.000000,0.000000,4.000000,2.000000,2.000000,0.000000,0.000000,4.000000,4.000000,4.000000,4.000000,4.000000,4.000000,0.000000,,,,,,,,,,,,,,,,,,,,,,,,,,,,
1732157912.019189,1732157912.020669,32.000000,0.000000,4291.666504,4273.717773,4313.077148,4298.717773,4276.922852,4286.153809,4334.871582,4397.051270,4294.871582,4270.769043,4487.436035,4510.128418,4342.563965,4413.846191,0.000000,1.000000,22.000000,,,,0.000000,2.000000,2.000000,0.000000,4.000000,2.000000,2.000000,0.000000,0.000000,4.000000,4.000000,4.000000,4.000000,4.000000,4.000000,0.000000,,,,,,,,,,,,,,,,,8.000000,0.000000,0.503498,0.478516,-0.545593,0.468872,0.981565,-0.022464,-0.057624,-35.886761,45.433666,31.123793
1732157912.026997,1732157912.028477,33.000000,0.000000,4291.794922,4267.307617,4313.461426,4299.487305,4291.153809,4286.153809,4334.871582,4399.615234,4302.051270,4267.692383,4484.743652,4507.051270,4340.000000,4416.410156,0.000000,1.000000,22.000000,,,,0.000000,2.000000,2.000000,0.000000,4.000000,2.000000,2.000000,0.000000,0.000000,4.000000,4.000000,4.000000,4.000000,4.000000,4.000000,0.000000,,,,,,,,,,,,,,,,,,,,,,,,,,,,
1732157912.034805,1732157912.036485,34.000000,0.000000,4293.333496,4261.922852,4314.743652,4297.179688,4300.256348,4287.051270,4334.871582,4400.512695,4312.563965,4276.282227,4483.333496,4510.000000,4337.948730,4413.846191,0.000000,1.000000,22.000000,,,,0.000000,2.000000,2.000000,0.000000,4.000000,2.000000,2.000000,0.000000,0.000000,4.000000,4.000000,4.000000,4.000000,4.000000,4.000000,0.000000,,,,,,,,,,,,,,,,,,,,,,,,,,,,
1732157912.042613,1732157912.044294,35.000000,0.000000,4294.358887,4272.436035,4314.230957,4300.641113,4272.820313,4291.794922,4334.871582,4397.692383,4312.179688,4280.128418,4487.692383,4519.743652,4342.051270,4415.128418,0.000000,1.000000,22.000000,,,,0.000000,2.000000,2.000000,0.000000,4.000000,2.000000,2.000000,0.000000,0.000000,4.000000,4.000000,4.000000,4.000000,4.000000,4.000000,0.000000,,,,,,,,,,,,,,,,,,,,,,,,,,,,
1732157912.050422,1732157912.052202,36.000000,0.000000,4294.102539,4279.358887,4313.717773,4302.179688,4266.666504,4287.179688,4334.871582,4398.717773,4309.102539,4276.153809,4489.358887,4523.461426,4341.538574,4414.615234,0.000000,1.000000,22.000000,,,,0.000000,2.000000,2.000000,0.000000,4.000000,2.000000,2.000000,0.000000,0.000000,4.000000,4.000000,4.000000,4.000000,4.000000,4.000000,0.000000,,,,,,,,,,,,,,,,,9.000000,0.000000,0.503498,0.478516,-0.545593,0.468872,0.989867,-0.031254,-0.064461,-35.939941,45.414604,31.226940
1732157912.058230,1732157912.060010,37.000000,0.000000,4294.102539,4276.282227,4315.769043,4300.512695,4283.974121,4279.615234,4334.871582,4402.563965,4309.487305,4277.436035,4487.051270,4520.769043,4339.871582,4412.820313,0.000000,1.000000,22.000000,,,,0.000000,2.000000,2.000000,0.000000,4.000000,2.000000,2.000000,0.000000,0.000000,4.000000,4.000000,4.000000,4.000000,4.000000,4.000000,0.000000,,,,,,,,,,,,,,,,,,,,,,,,,,,,
1732157912.066038,1732157912.068018,38.000000,0.000000,4295.384766,4277.820313,4317.563965,4303.205078,4271.794922,4283.205078,4334.871582,4401.025879,4311.538574,4283.589844,4487.692383,4521.922852,4344.615234,4412.692383,0.000000,1.000000,22.000000,,,,0.000000,2.000000,2.000000,0.000000,4.000000,2.000000,2.000000,0.000000,0.000000,4.000000,4.000000,4.000000,4.000000,4.000000,4.000000,0.000000,,,,,,,,,,,,,,,,,,,,,,,,,,,,
1732157912.073846,1732157912.075826,39.000000,0.000000,4293.077148,4272.948730,4316.538574,4300.897461,4254.358887,4282.948730,4334.871582,4398.077148,4311.538574,4284.230957,4489.871582,4517.820313,4345.769043,4413.846191,0.000000,1.000000,22.000000,,,,0.000000,2.000000,2.000000,0.000000,4.000000,2.000000,2.000000,0.000000,0.000000,4.000000,4.000000,4.000000,4.000000,4.000000,4.000000,0.000000,,,,,,,,,,,,,,,,,,,,,,,,,,,,
1732157912.081654,1732157912.083734,40.000000,0.000000,4292.563965,4262.436035,4314.871582,4293.846191,4266.538574,4278.333496,4334.871582,4401.025879,4312.436035,4282.307617,4487.436035,4511.666504,4339.358887,4411.666504,0.000000,1.000000,22.000000,,,,0.000000,2.000000,2.000000,0.000000,4.000000,2.000000,2.000000,0.000000,0.000000,4.000000,4.000000,4.000000,4.000000,4.000000,4.000000,0.000000,,,,,,,,,,,,,,,,,10.000000,0.000000,0.503334,0.478638,-0.545532,0.468994,0.981077,-0.031742,-0.051764,-36.053020,45.345829,31.177155
1732157912.089463,1732157912.091543,41.000000,0.000000,4293.077148,4268.205078,4312.692383,4297.692383,4274.487305,4281.282227,4334.871582,4402.563965,4314.102539,4282.179688,4479.871582,4514.102539,4335.384766,4407.051270,0.000000,1.000000,22.000000,,,,0.000000,2.000000,2.000000,0.000000,4.000000,2.000000,2.000000,0.000000,0.000000,4.000000,4.000000,4.000000,4.000000,4.000000,4.000000,0.000000,,,,,,,,,,,,,,,,,,,,,,,,,,,,
1732157912.097271,1732157912.099551,42.000000,0.000000,4286.922852,4278.461426,4312.051270,4302.436035,4281.410156,4286.538574,4334.871582,4399.230957,4310.256348,4280.384766,4473.589844,4511.153809,4332.820313,4398.846191,0.000000,1.000000,22.000000,,,,0.000000,2.000000,2.000000,0.000000,4.000000,2.000000,2.000000,0.000000,0.000000,4.000000,4.000000,4.000000,4.000000,4.000000,4.000000,0.000000,,,,,,,,,,,,,,,,,,,,,,,,,,,,
1732157912.105079,1732157912.107359,43.000000,0.000000,4278.846191,4268.846191,4313.974121,4297.307617,4294.487305,4289.871582,4334.871582,4399.615234,4308.974121,4276.666504,4473.333496,4503.846191,4327.820313,4388.589844,0.000000,1.000000,22.000000,,,,0.000000,2.000000,2.000000,0.000000,4.000000,2.000000,2.000000,0.000000,0.000000,4.000000,4.000000,4.000000,4.000000,4.000000,4.000000,0.000000,,,,,,,,,,,,,,,,,,,,,,,,,,,,
1732157912.112888,1732157912.115267,44.000000,0.000000,4279.358887,4259.871582,4314.743652,4293.205078,4282.179688,4295.641113,4334.871582,4401.666504,4311.410156,4277.179688,4472.820313,4503.974121,4328.205078,4388.205078,0.000000,1.000000,22.000000,,,,0.000000,2.000000,2.000000,0.000000,4.000000,2.000000,2.000000,0.000000,0.000000,4.000000,4.000000,4.000000,4.000000,4.000000,4.000000,0.000000,,,,,,,,,,,,,,,,,11.000000,0.000000,0.503064,0.478821,-0.545410,0.469238,0.972775,-0.042974,-0.053717,-36.147945,45.318455,31.033495
1732157912.120696,1732157912.123075,45.000000,0.000000,4286.025879,4270.769043,4314.871582,4297.436035,4261.922852,4290.512695,4334.871582,4399.871582,4307.051270,4280.641113,4472.051270,4506.538574,4336.410156,4396.666504,0.000000,1.000000,22.000000,,,,0.000000,2.000000,2.000000,0.000000,4.000000,2.000000,2.000000,0.000000,0.000000,4.000000,4.000000,4.000000,4.000000,4.000000,4.000000,0.000000,,,,,,,,,,,,,,,,,,,,,,,,,,,,
1732157912.128504,1732157912.131083,46.000000,0.000000,4290.641113,4279.743652,4315.000000,4301.922852,4258.205078,4279.230957,4334.871582,4399.743652,4307.692383,4282.820313,4481.410156,4508.333496,4343.461426,4402.051270,0.000000,1.000000,22.000000,,,,0.000000,2.000000,2.000000,0.000000,4.000000,2.000000,2.000000,0.000000,0.000000,4.000000,4.000000,4.000000,4.000000,4.000000,4.000000,0.000000,,,,,,,,,,,,,,,,,,,,,,,,,,,,
1732157912.136312,1732157912.138891,47.000000,0.000000,4289.615234,4277.948730,4317.692383,4298.974121,4274.487305,4279.743652,4334.871582,4401.794922,4309.102539,4280.897461,4486.922852,4511.666504,4344.615234,4401.794922,0.000000,1.000000,22.000000,,,,0.000000,2.000000,2.000000,0.000000,4.000000,2.000000,2.000000,0.000000,0.000000,4.000000,4.000000,4.000000,4.000000,4.000000,4.000000,0.000000,,,,,,,,,,,,,,,,,,,,,,,,,,,,
1732157912.144121,1732157912.146799,48.000000,0.000000,4287.051270,4275.256348,4316.282227,4298.717773,4289.358887,4282.692383,4334.871582,4399.871582,4298.333496,4277.051270,4477.948730,4510.641113,4340.256348,4399.871582,0.000000,1.000000,22.000000,,,,0.000000,2.000000,2.000000,0.000000,4.000000,2.000000,2.000000,0.000000,0.000000,4.000000,4.000000,4.000000,4.000000,4.000000,4.000000,0.000000,,,,,,,,,,,,,,,,,12.000000,0.000000,0.503016,0.478882,-0.545349,0.469299,0.985472,-0.038579,-0.054694,-36.151505,44.972950,30.995464
1732157912.151929,1732157912.154608,49.000000,0.000000,4286.794922,4271.410156,4312.436035,4302.563965,4273.846191,4281.794922,4334.871582,4397.179688,4294.487305,4277.692383,4475.128418,4507.307617,4335.897461,4399.102539,0.000000,1.000000,22.000000,,,,0.000000,2.000000,2.000000,0.000000,4.000000,2.000000,2.000000,0.000000,0.000000,4.000000,4.000000,4.000000,4.000000,4.000000,4.000000,0.000000,,,,,,,,,,,,,,,,,,,,,,,,,,,,
1732157912.159737,1732157912.162216,50.000000,0.000000,4283.974121,4267.179688,4313.846191,4299.230957,4261.666504,4281.538574,4334.871582,4398.077148,4304.615234,4280.000000,4479.358887,4506.410156,4335.897461,4399.615234,0.000000,1.000000,22.000000,,,,0.000000,2.000000,2.000000,0.000000,4.000000,2.000000,2.000000,0.000000,0.000000,4.000000,4.000000,4.000000,4.000000,4.000000,4.000000,0.000000,,,,,,,,,,,,,,,,,,,,,,,,,,,,
1732157912.167545,1732157912.170024,51.000000,0.000000,4279.871582,4268.974121,4314.615234,4294.230957,4277.436035,4281.794922,4334.871582,4399.358887,4309.230957,4279.230957,4477.948730,4506.538574,4336.538574,4398.589844,0.000000,1.000000,22.000000,,,,0.000000,2.000000,2.000000,0.000000,4.000000,2.000000,2.000000,0.000000,0.000000,4.000000,4.000000,4.000000,4.000000,4.000000,4.000000,0.000000,,,,,,,,,,,,,,,,,,,,,,,,,,,,
1732157912.175353,1732157912.177733,52.000000,0.000000,4285.512695,4275.128418,4311.922852,4299.230957,4278.846191,4284.871582,4334.871582,4401.538574,4308.077148,4279.615234,4480.641113,4507.820313,4336.666504,4394.615234,0.000000,1.000000,22.000000,,,,0.000000,2.000000,2.000000,0.000000,4.000000,2.000000,2.000000,0.000000,0.000000,4.000000,4.000000,4.000000,4.000000,4.000000,4.000000,0.000000,,,,,,,,,,,,,,,,,13.000000,0.000000,0.502957,0.478943,-0.545349,0.469299,0.976193,-0.038091,-0.060554,-35.781052,45.186420,31.079659
1732157912.183162,1732157912.185541,53.000000,0.000000,4289.102539,4277.051270,4316.410156,4302.179688,4258.589844,4287.948730,4334.871582,4405.256348,4309.358887,4281.282227,4487.948730,4509.230957,4337.948730,4393.846191,0.000000,1.000000,22.000000,,,,0.000000,2.000000,2.000000,0.000000,4.000000,2.000000,2.000000,0.000000,0.000000,4.000000,4.000000,4.000000,4.000000,4.000000,4.000000,0.000000,,,,,,,,,,,,,,,,,,,,,,,,,,,,
1732157912.190970,1732157912.193149,54.000000,0.000000,4282.820313,4275.897461,4321.025879,4297.179688,4263.846191,4283.846191,4334.871582,4405.000000,4308.077148,4280.384766,4486.794922,4509.743652,4340.512695,4395.384766,0.000000,1.000000,22.000000,,,,0.000000,2.000000,2.000000,0.000000,4.000000,2.000000,2.000000,0.000000,0.000000,4.000000,4.000000,4.000000,4.000000,4.000000,4.000000,0.000000,,,,,,,,,,,,,,,,,,,,,,,,,,,,
1732157912.198778,1732157912.200957,55.000000,0.000000,4279.743652,4277.307617,4314.871582,4298.974121,4279.871582,4280.000000,4334.871582,4402.179688,4310.000000,4281.794922,4482.179688,4508.077148,4341.410156,4394.743652,0.000000,1.000000,22.000000,,,,0.000000,2.000000,2.000000,0.000000,4.000000,2.000000,2.000000,0.000000,0.000000,4.000000,4.000000,4.000000,4.000000,4.000000,4.000000,0.000000,,,,,,,,,,,,,,,,,,,,,,,,,,,,
1732157912.206586,1732157912.208666,56.000000,0.000000,4282.436035,4277.692383,4310.641113,4301.410156,4280.256348,4281.153809,4334.871582,4400.641113,4313.333496,4283.846191,4482.436035,4505.641113,4341.538574,4393.974121,0.000000,1.000000,22.000000,,,,0.000000,2.000000,2.000000,0.000000,4.000000,2.000000,2.000000,0.000000,0.000000,4.000000,4.000000,4.000000,4.000000,4.000000,4.000000,0.000000,,,,,,,,,,,,,,,,,14.000000,0.000000,0.502883,0.478882,-0.545471,0.469299,0.981565,-0.039556,-0.050299,-35.590984,45.154335,31.156191
1732157912.214395,1732157912.216474,57.000000,0.000000,4280.769043,4270.897461,4314.615234,4297.307617,4277.307617,4281.025879,4334.871582,4400.512695,4311.410156,4281.538574,4485.897461,4507.179688,4340.512695,4395.384766,0.000000,1.000000,22.000000,,,,0.000000,2.000000,2.000000,0.000000,4.000000,2.000000,2.000000,0.000000,0.000000,4.000000,4.000000,4.000000,4.000000,4.000000,4.000000,0.000000,,,,,,,,,,,,,,,,,,,,,,,,,,,,
1732157912.222203,1732157912.224082,58.000000,0.000000,4277.563965,4267.948730,4316.794922,4295.384766,4271.410156,4281.025879,4334.871582,4401.282227,4311.410156,4280.897461,4488.717773,4510.000000,4341.666504,4394.743652,0.000000,1.000000,22.000000,,,,0.000000,2.000000,2.000000,0.000000,4.000000,2.000000,2.000000,0.000000,0.000000,4.000000,4.000000,4.000000,4.000000,4.000000,4.000000,0.000000,,,,,,,,,,,,,,,,,,,,,,,,,,,,
1732157912.230011,1732157912.231890,59.000000,0.000000,4277.692383,4273.077148,4314.615234,4294.871582,4280.128418,4280.128418,4334.871582,4402.307617,4309.871582,4281.025879,4482.692383,4506.538574,4340.256348,4390.384766,0.000000,1.000000,22.000000,,,,0.000000,2.000000,2.000000,0.000000,4.000000,2.000000,2.000000,0.000000,0.000000,4.000000,4.000000,4.000000,4.000000,4.000000,4.000000,0.000000,,,,,,,,,,,,,,,,,,,,,,,,,,,,
1732157912.237820,1732157912.239599,60.000000,0.000000,4279.230957,4272.051270,4313.077148,4295.897461,4296.794922,4282.436035,4334.871582,4402.179688,4306.410156,4278.846191,4474.487305,4503.205078,4331.666504,4390.128418,0.000000,1.000000,22.000000,,,,0.000000,2.000000,2.000000,0.000000,4.000000,2.000000,2.000000,0.000000,0.000000,4.000000,4.000000,4.000000,4.000000,4.000000,4.000000,0.000000,,,,,,,,,,,,,,,,,15.000000,0.000000,0.502826,0.478882,-0.545471,0.469360,0.996704,-0.043951,-0.057136,-35.662029,45.218346,31.128181
1732157912.245628,1732157912.247407,61.000000,0.000000,4279.615234,4270.641113,4314.487305,4298.974121,4282.692383,4289.743652,4334.871582,4400.512695,4307.563965,4279.358887,4475.641113,4505.641113,4328.333496,4392.307617,0.000000,1.000000,22.000000,,,,0.000000,2.000000,2.000000,0.000000,4.000000,2.000000,2.000000,0.000000,0.000000,4.000000,4.000000,4.000000,4.000000,4.000000,4.000000,0.000000,,,,,,,,,,,,,,,,,,,,,,,,,,,,
1732157912.253436,1732157912.255015,62.000000,0.000000,4278.846191,4277.051270,4315.641113,4302.051270,4257.948730,4291.922852,4334.871582,4401.153809,4311.025879,4281.794922,4478.333496,4508.717773,4335.641113,4392.563965,0.000000,1.000000,22.000000,,,,0.000000,2.000000,2.000000,0.000000,4.000000,2.000000,2.000000,0.000000,0.000000,4.000000,4.000000,4.000000,4.000000,4.000000,4.000000,0.000000,,,,,,,,,,,,,,,,,,,,,,,,,,,,
1732157912.261244,1732157912.262824,63.000000,0.000000,4279.615234,4279.230957,4314.358887,4304.615234,4268.717773,4287.436035,4334.871582,4400.897461,4309.871582,4281.282227,4477.179688,4508.205078,4341.666504,4395.256348,0.000000,1.000000,22.000000,,,,0.000000,2.000000,2.000000,0.000000,4.000000,2.000000,2.000000,0.000000,0.000000,4.000000,4.000000,4.000000,4.000000,4.000000,4.000000,0.000000,,,,,,,,,,,,,,,,,,,,,,,,,,,,
1732157912.269052,1732157912.270532,64.000000,0.000000,4282.563965,4278.205078,4315.769043,4306.794922,4295.000000,4286.282227,4334.871582,4398.589844,4306.666504,4280.000000,4474.871582,4506.410156,4337.820313,4397.051270,0.000000,1.000000,22.000000,,,,0.000000,2.000000,2.000000,0.000000,4.000000,2.000000,2.000000,0.000000,0.000000,4.000000,4.000000,4.000000,4.000000,4.000000,4.000000,0.000000,,,,,,,,,,,,,,,,,16.000000,0.000000,0.502730,0.478943,-0.545349,0.469543,0.988402,-0.035649,-0.051276,-35.631245,44.955193,31.325493
1732157912.276861,1732157912.278340,65.000000,0.000000,4283.205078,4279.358887,4316.282227,4307.948730,4287.179688,4287.051270,4334.871582,4397.307617,4308.333496,4280.128418,4476.025879,4507.563965,4335.128418,4395.384766,1601.000000,1.000000,22.000000,,,,0.000000,2.000000,2.000000,0.000000,4.000000,2.000000,2.000000,0.000000,0.000000,4.000000,4.000000,4.000000,4.000000,4.000000,4.000000,0.000000,,,,,,,,,,,,,,,,,,,,,,,,,,,,
1732157912.284669,1732157912.285949,66.000000,0.000000,4281.538574,4275.384766,4313.717773,4305.128418,4265.000000,4287.692383,4334.743652,4400.512695,4310.641113,4280.000000,4477.948730,4509.358887,4339.615234,4394.487305,1366.000000,1.000000,22.000000,,,,0.000000,2.000000,2.000000,0.000000,4.000000,2.000000,2.000000,0.000000,0.000000,4.000000,4.000000,4.000000,4.000000,4.000000,4.000000,0.000000,,,,,,,,,,,,,,,,,,,,,,,,,,,,
1732157912.292477,1732157912.293757,67.000000,0.000000,4281.410156,4272.563965,4313.717773,4300.384766,4262.051270,4292.948730,4334.743652,4403.077148,4310.128418,4284.358887,4477.436035,4509.102539,4343.974121,4394.358887,1424.000000,1.000000,22.000000,,,,0.000000,2.000000,2.000000,0.000000,4.000000,2.000000,2.000000,0.000000,0.000000,4.000000,4.000000,4.000000,4.000000,4.000000,4.000000,0.000000,,,,,,,,,,,,,,,,,,,,,,,,,,,,
1732157912.300285,1732157912.301465,68.000000,0.000000,4281.666504,4275.384766,4316.666504,4299.102539,4275.128418,4290.897461,4335.000000,4399.743652,4309.358887,4290.769043,4478.333496,4508.205078,4342.051270,4393.333496,1422.000000,1.000000,22.000000,,,,0.000000,2.000000,2.000000,0.000000,4.000000,2.000000,2.000000,0.000000,0.000000,4.000000,4.000000,4.000000,4.000000,4.000000,4.000000,0.000000,,,,,,,,,,,,,,,,,17.000000,0.000000,0.502818,0.478821,-0.545532,0.469360,0.976682,-0.022464,-0.058113,-35.606308,45.058704,31.346983
1732157912.308094,1732157912.309273,69.000000,0.000000,4281.410156,4276.410156,4317.179688,4303.717773,4292.051270,4284.230957,4334.743652,4397.051270,4310.641113,4292.179688,4476.538574,4508.205078,4339.487305,4394.615234,1212.000000,1.000000,22.000000,,,,0.000000,2.000000,2.000000,0.000000,4.000000,2.000000,2.000000,0.000000,0.000000,4.000000,4.000000,4.000000,4.000000,4.000000,4.000000,0.000000,,,,,,,,,,,,,,,,,,,,,,,,,,,,
1732157912.315902,1732157912.317281,70.000000,0.000000,4280.512695,4276.538574,4314.871582,4303.846191,4289.615234,4288.974121,4334.743652,4398.846191,4311.282227,4292.692383,4477.051270,4508.589844,4344.230957,4396.025879,0.000000,1.000000,22.000000,,,,0.000000,2.000000,2.000000,0.000000,4.000000,2.000000,2.000000,0.000000,0.000000,4.000000,4.000000,4.000000,4.000000,4.000000,4.000000,0.000000,,,,,,,,,,,,,,,,,,,,,,,,,,,,
1732157912.323710,1732157912.325090,71.000000,0.000000,4281.410156,4275.769043,4313.461426,4298.717773,4267.820313,4295.897461,4335.641113,4400.384766,4311.922852,4295.000000,4485.256348,4507.948730,4350.128418,4396.025879,0.000000,1.000000,22.000000,,,,0.000000,2.000000,2.000000,0.000000,4.000000,2.000000,2.000000,0.000000,0.000000,4.000000,4.000000,4.000000,4.000000,4.000000,4.000000,0.000000,,,,,,,,,,,,,,,,,,,,,,,,,,,,
1732157912.331519,1732157912.332998,72.000000,0.000000,4284.102539,4277.563965,4312.692383,4299.615234,4257.051270,4295.512695,4336.025879,4400.000000,4315.897461,4296.153809,4486.922852,4507.820313,4351.153809,4396.922852,1529.000000,1.000000,22.000000,,,,0.000000,2.000000,2.000000,0.000000,4.000000,2.000000,2.000000,0.000000,0.000000,4.000000,4.000000,4.000000,4.000000,4.000000,4.000000,0.000000,,,,,,,,,,,,,,,,,18.000000,0.000000,0.502710,0.479004,-0.545471,0.469360,0.968868,-0.029300,-0.046881,-35.619442,45.209217,31.256056
1732157912.339327,1732157912.340806,73.000000,0.000000,4283.589844,4277.692383,4313.717773,4298.717773,4279.102539,4291.922852,4335.128418,4399.615234,4320.512695,4295.128418,4479.102539,4507.692383,4347.820313,4396.538574,1691.000000,1.000000,22.000000,,,,0.000000,2.000000,2.000000,0.000000,4.000000,2.000000,2.000000,0.000000,0.000000,4.000000,4.000000,4.000000,4.000000,4.000000,4.000000,0.000000,,,,,,,,,,,,,,,,,,,,,,,,,,,,
1732157912.347135,1732157912.348814,74.000000,0.000000,4281.538574,4270.769043,4315.256348,4295.384766,4294.358887,4289.230957,4334.871582,4401.282227,4319.230957,4293.589844,4481.153809,4506.922852,4349.102539,4397.563965,1548.000000,1.000000,22.000000,,,,0.000000,2.000000,2.000000,0.000000,4.000000,2.000000,2.000000,0.000000,0.000000,4.000000,4.000000,4.000000,4.000000,4.000000,4.000000,0.000000,,,,,,,,,,,,,,,,,,,,,,,,,,,,
1732157912.354943,1732157912.356622,75.000000,0.000000,4283.205078,4263.717773,4314.615234,4295.384766,4277.692383,4283.461426,4335.769043,4403.205078,4315.897461,4293.717773,4490.128418,4506.282227,4351.282227,4402.051270,1566.000000,1.000000,22.000000,,,,0.000000,2.000000,2.000000,0.000000,4.000000,2.000000,2.000000,0.000000,0.000000,4.000000,4.000000,4.000000,4.000000,4.000000,4.000000,0.000000,,,,,,,,,,,,,,,,,,,,,,,,,,,,
1732157912.362751,1732157912.364530,76.000000,0.000000,4284.358887,4266.025879,4311.282227,4297.692383,4257.948730,4281.794922,4335.769043,4403.333496,4316.666504,4294.230957,4490.128418,4508.077148,4351.025879,4403.077148,1701.000000,1.000000,22.000000,,,,0.000000,2.000000,2.000000,0.000000,4.000000,2.000000,2.000000,0.000000,0.000000,4.000000,4.000000,4.000000,4.000000,4.000000,4.000000,0.000000,,,,,,,,,,,,,,,,,19.000000,0.000000,0.502710,0.479004,-0.545471,0.469360,0.982542,-0.029300,-0.058601,-35.945084,45.422802,31.365740
1732157912.370560,1732157912.372338,77.000000,0.000000,4281.025879,4267.948730,4309.358887,4296.922852,4262.307617,4283.717773,4335.641113,4401.922852,4315.769043,4291.538574,4484.230957,4505.769043,4350.512695,4399.487305,1601.000000,1.000000,22.000000,,,,0.000000,2.000000,2.000000,0.000000,4.000000,2.000000,2.000000,0.000000,0.000000,4.000000,4.000000,4.000000,4.000000,4.000000,4.000000,0.000000,,,,,,,,,,,,,,,,,,,,,,,,,,,,
1732157912.378368,1732157912.379947,78.000000,0.000000,4280.641113,4264.230957,4310.512695,4292.563965,4284.615234,4280.000000,4336.025879,4401.153809,4310.897461,4288.974121,4480.769043,4500.256348,4350.512695,4397.692383,1548.000000,1.000000,22.000000,,,,0.000000,2.000000,2.000000,0.000000,4.000000,2.000000,2.000000,0.000000,0.000000,4.000000,4.000000,4.000000,4.000000,4.000000,4.000000,0.000000,1.000000,0.000000,1.000000,1.000000,0.000000,1.000000,2.000000,2.000000,0.000000,0.000000,4.000000,4.000000,4.000000,4.000000,4.000000,4.000000,,,,,,,,,,,,
1732157912.386176,1732157912.387755,79.000000,0.000000,4282.820313,4262.692383,4311.025879,4287.820313,4282.563965,4281.282227,4336.025879,4401.153809,4309.487305,4288.461426,4480.512695,4501.922852,4352.179688,4399.487305,1566.000000,1.000000,22.000000,,,,0.000000,2.000000,2.000000,0.000000,4.000000,2.000000,2.000000,0.000000,0.000000,4.000000,4.000000,4.000000,4.000000,4.000000,4.000000,0.000000,,,,,,,,,,,,,,,,,,,,,,,,,,,,
1732157912.393984,1732157912.395663,80.000000,0.000000,4281.410156,4267.692383,4311.666504,4290.128418,4260.769043,4290.897461,4335.512695,4399.358887,4310.128418,4282.820313,4477.307617,4503.205078,4348.974121,4398.589844,1701.000000,1.000000,22.000000,,,,0.000000,2.000000,2.000000,0.000000,4.000000,2.000000,2.000000,0.000000,0.000000,4.000000,4.000000,4.000000,4.000000,4.000000,4.000000,0.000000,,,,,,,,,,,,,,,,,20.000000,0.000000,0.502538,0.479065,-0.545471,0.469482,0.979612,-0.044927,-0.053229,-35.798851,45.369133,31.236248
1732157912.401793,1732157912.403471,81.000000,0.000000,4283.717773,4277.820313,4313.077148,4298.077148,4257.692383,4291.410156,4335.641113,4398.846191,4310.128418,4276.410156,4472.307617,4501.410156,4342.820313,4395.897461,1601.000000,1.000000,22.000000,,,,0.000000,2.000000,2.000000,0.000000,4.000000,2.000000,2.000000,0.000000,0.000000,4.000000,4.000000,4.000000,4.000000,4.000000,4.000000,0.000000,,,,,,,,,,,,,,,,,,,,,,,,,,,,
1732157912.409601,1732157912.411479,82.000000,0.000000,4288.461426,4277.563965,4313.461426,4301.410156,4273.589844,4282.563965,4335.641113,4398.717773,4311.794922,4279.102539,4474.487305,4504.615234,4341.794922,4398.846191,1548.000000,1.000000,22.000000,,,,0.000000,2.000000,2.000000,0.000000,4.000000,2.000000,2.000000,0.000000,0.000000,4.000000,4.000000,4.000000,4.000000,4.000000,4.000000,0.000000,,,,,,,,,,,,,,,,,,,,,,,,,,,,
1732157912.417409,1732157912.419287,83.000000,0.000000,4289.871582,4270.384766,4317.436035,4300.769043,4281.922852,4282.948730,4335.512695,4398.717773,4312.692383,4282.820313,4479.102539,4507.820313,4343.974121,4402.563965,1566.000000,1.000000,22.000000,,,,0.000000,2.000000,2.000000,0.000000,4.000000,2.000000,2.000000,0.000000,0.000000,4.000000,4.000000,4.000000,4.000000,4.000000,4.000000,0.000000,,,,,,,,,,,,,,,,,,,,,,,,,,,,
1732157912.425218,1732157912.427196,84.000000,0.000000,4287.948730,4272.436035,4319.102539,4303.205078,4279.615234,4287.179688,4335.641113,4399.743652,4311.025879,4280.769043,4476.922852,4505.897461,4343.333496,4399.615234,1701.000000,1.000000,22.000000,,,,0.000000,2.000000,2.000000,0.000000,4.000000,2.000000,2.000000,0.000000,0.000000,4.000000,4.000000,4.000000,4.000000,4.000000,4.000000,0.000000,,,,,,,,,,,,,,,,,21.000000,0.000000,0.502530,0.479004,-0.545532,0.469482,0.972287,-0.041021,-0.065438,-35.947067,45.242332,31.164694
1732157912.433026,1732157912.435004,85.000000,0.000000,4286.025879,4273.589844,4315.512695,4304.230957,4281.025879,4283.461426,4335.641113,4401.410156,4309.743652,4278.333496,4473.333496,4506.282227,4341.922852,4400.897461,1601.000000,1.000000,22.000000,,,,0.000000,2.000000,2.000000,0.000000,4.000000,2.000000,2.000000,0.000000,0.000000,4.000000,4.000000,4.000000,4.000000,4.000000,4.000000,0.000000,,,,,,,,,,,,,,,,,,,,,,,,,,,,
1732157912.440834,1732157912.443012,86.000000,0.000000,4286.538574,4272.563965,4314.230957,4299.615234,4284.102539,4280.769043,4335.641113,4402.820313,4309.230957,4278.461426,4474.358887,4507.692383,4342.436035,4406.025879,1548.000000,1.000000,22.000000,,,,0.000000,2.000000,2.000000,0.000000,4.000000,2.000000,2.000000,0.000000,0.000000,4.000000,4.000000,4.000000,4.000000,4.000000,4.000000,0.000000,,,,,,,,,,,,,,,,,,,,,,,,,,,,
1732157912.448642,1732157912.450820,87.000000,0.000000,4287.820313,4273.974121,4315.641113,4294.743652,4281.410156,4281.794922,4335.641113,4402.436035,4312.307617,4279.871582,4475.897461,4509.102539,4343.717773,4405.897461,1566.000000,1.000000,22.000000,,,,0.000000,2.000000,2.000000,0.000000,4.000000,2.000000,2.000000,0.000000,0.000000,4.000000,4.000000,4.000000,4.000000,4.000000,4.000000,0.000000,,,,,,,,,,,,,,,,,,,,,,,,,,,,
1732157912.456450,1732157912.458728,88.000000,0.000000,4289.102539,4276.538574,4313.589844,4296.794922,4277.051270,4281.538574,4335.641113,4399.615234,4315.512695,4281.025879,4479.358887,4512.948730,4349.358887,4406.282227,1701.000000,1.000000,22.000000,,,,0.000000,2.000000,2.000000,0.000000,4.000000,2.000000,2.000000,0.000000,0.000000,4.000000,4.000000,4.000000,4.000000,4.000000,4.000000,0.000000,,,,,,,,,,,,,,,,,22.000000,0.000000,0.502357,0.479065,-0.545532,0.469604,0.974240,-0.037114,-0.061531,-36.002125,45.057957,31.113403
1732157912.464259,1732157912.466536,89.000000,0.000000,4287.179688,4274.102539,4310.512695,4300.769043,4289.743652,4281.794922,4335.641113,4398.461426,4312.820313,4281.282227,4483.077148,4512.436035,4352.692383,4406.410156,1601.000000,1.000000,22.000000,,,,0.000000,2.000000,2.000000,0.000000,4.000000,2.000000,2.000000,0.000000,0.000000,4.000000,4.000000,4.000000,4.000000,4.000000,4.000000,0.000000,,,,,,,,,,,,,,,,,,,,,,,,,,,,
1732157912.472067,1732157912.474544,90.000000,0.000000,4283.589844,4269.871582,4314.358887,4298.333496,4296.410156,4280.897461,4335.641113,4400.512695,4311.025879,4280.256348,4481.794922,4507.436035,4346.666504,4400.256348,1548.000000,1.000000,22.000000,,,,0.000000,2.000000,2.000000,0.000000,4.000000,2.000000,2.000000,0.000000,0.000000,4.000000,4.000000,4.000000,4.000000,4.000000,4.000000,0.000000,,,,,,,,,,,,,,,,,,,,,,,,,,,,
1732157912.479875,1732157912.482353,91.000000,0.000000,4281.922852,4269.358887,4314.358887,4296.025879,4270.641113,4281.538574,4335.641113,4401.025879,4315.897461,4278.974121,4482.436035,4508.077148,4342.436035,4400.256348,1566.000000,1.000000,22.000000,,,,0.000000,2.000000,2.000000,0.000000,4.000000,2.000000,2.000000,0.000000,0.000000,4.000000,4.000000,4.000000,4.000000,4.000000,4.000000,0.000000,,,,,,,,,,,,,,,,,,,,,,,,,,,,
1732157912.487683,1732157912.490261,92.000000,0.000000,4282.307617,4268.974121,4310.897461,4297.692383,4253.846191,4282.563965,4335.641113,4400.641113,4315.256348,4278.846191,4486.794922,4513.717773,4349.615234,4411.410156,1701.000000,1.000000,22.000000,,,,0.000000,2.000000,2.000000,0.000000,4.000000,2.000000,2.000000,0.000000,0.000000,4.000000,4.000000,4.000000,4.000000,4.000000,4.000000,0.000000,,,,,,,,,,,,,,,,,23.000000,0.000000,0.502308,0.479126,-0.545471,0.469666,0.989379,-0.037114,-0.065438,-36.018387,45.225277,30.950190
1732157912.495492,1732157912.498069,93.000000,0.000000,4282.051270,4264.615234,4312.436035,4295.128418,4277.820313,4280.000000,4335.641113,4400.641113,4304.358887,4278.205078,4483.077148,4512.179688,4349.743652,4412.820313,1601.000000,1.000000,22.000000,,,,0.000000,2.000000,2.000000,0.000000,4.000000,2.000000,2.000000,0.000000,0.000000,4.000000,4.000000,4.000000,4.000000,4.000000,4.000000,0.000000,,,,,,,,,,,,,,,,,,,,,,,,,,,,
1732157912.503300,1732157912.506077,94.000000,0.000000,4281.410156,4264.230957,4313.974121,4294.871582,4288.974121,4280.256348,4335.641113,4401.025879,4303.461426,4278.077148,4478.077148,4506.153809,4342.948730,4408.846191,1548.000000,1.000000,22.000000,,,,0.000000,2.000000,2.000000,0.000000,4.000000,2.000000,2.000000,0.000000,0.000000,4.000000,4.000000,4.000000,4.000000,4.000000,4.000000,0.000000,,,,,,,,,,,,,,,,,,,,,,,,,,,,
1732157912.511108,1732157912.513885,95.000000,0.000000,4282.051270,4274.871582,4313.077148,4302.307617,4266.922852,4285.769043,4335.641113,4401.538574,4312.948730,4278.589844,4481.410156,4505.128418,4345.000000,4411.025879,1566.000000,1.000000,22.000000,,,,0.000000,2.000000,2.000000,0.000000,4.000000,2.000000,2.000000,0.000000,0.000000,4.000000,4.000000,4.000000,4.000000,4.000000,4.000000,0.000000,,,,,,,,,,,,,,,,,,,,,,,,,,,,
1732157912.518916,1732157912.521793,96.000000,0.000000,4282.692383,4280.641113,4312.948730,4306.538574,4265.128418,4287.179688,4335.769043,4402.051270,4312.948730,4279.487305,4481.282227,4508.205078,4348.205078,4408.333496,1701.000000,1.000000,22.000000,,,,0.000000,2.000000,2.000000,0.000000,4.000000,2.000000,2.000000,0.000000,0.000000,4.000000,4.000000,4.000000,4.000000,4.000000,4.000000,0.000000,,,,,,,,,,,,,,,,,24.000000,0.000000,0.502062,0.479492,-0.545166,0.469910,0.982053,-0.041509,-0.057136,-36.089893,45.310810,31.076321
1732157912.526725,1732157912.529601,97.000000,0.000000,4285.641113,4278.846191,4312.051270,4305.128418,4279.487305,4287.436035,4335.384766,4400.769043,4308.333496,4281.538574,4477.436035,4507.948730,4347.051270,4404.102539,1601.000000,1.000000,22.000000,,,,0.000000,2.000000,2.000000,0.000000,4.000000,2.000000,2.000000,0.000000,0.000000,4.000000,4.000000,4.000000,4.000000,4.000000,4.000000,0.000000,,,,,,,,,,,,,,,,,,,,,,,,,,,,
1732157912.534533,1732157912.537609,98.000000,0.000000,4286.666504,4276.410156,4311.153809,4302.436035,4279.487305,4288.717773,4334.871582,4400.897461,4309.743652,4281.282227,4478.077148,4505.897461,4346.538574,4403.717773,1548.000000,1.000000,22.000000,,,,0.000000,2.000000,2.000000,0.000000,4.000000,2.000000,2.000000,0.000000,0.000000,4.000000,4.000000,4.000000,4.000000,4.000000,4.000000,0.000000,,,,,,,,,,,,,,,,,,,,,,,,,,,,
1732157912.542341,1732157912.545418,99.000000,0.000000,4285.128418,4270.256348,4312.563965,4296.922852,4288.205078,4283.461426,4334.743652,4402.307617,4310.128418,4275.128418,4475.897461,4506.282227,4342.820313,4401.025879,1566.000000,1.000000,22.000000,,,,0.000000,2.000000,2.000000,0.000000,4.000000,2.000000,2.000000,0.000000,0.000000,4.000000,4.000000,4.000000,4.000000,4.000000,4.000000,0.000000,,,,,,,,,,,,,,,,,,,,,,,,,,,,
1732157912.550149,1732157912.553326,100.000000,0.000000,4287.692383,4267.307617,4313.205078,4294.615234,4293.974121,4278.846191,4335.000000,4400.769043,4309.871582,4272.051270,4473.846191,4507.051270,4338.205078,4398.974121,1701.000000,1.000000,22.000000,,,,0.000000,2.000000,2.000000,0.000000,4.000000,2.000000,2.000000,0.000000,0.000000,4.000000,4.000000,4.000000,4.000000,4.000000,4.000000,0.000000,,,,,,,,,,,,,,,,,25.000000,0.000000,0.501790,0.479736,-0.545044,0.470093,0.967403,-0.035161,-0.059578,-36.231148,45.380089,30.978485
1732157912.557958,1732157912.561134,101.000000,0.000000,4289.615234,4271.666504,4310.000000,4301.666504,4268.205078,4282.820313,4334.871582,4397.948730,4309.358887,4276.282227,4477.051270,4507.948730,4339.743652,4403.205078,1601.000000,1.000000,22.000000,,,,0.000000,2.000000,2.000000,0.000000,4.000000,2.000000,2.000000,0.000000,0.000000,4.000000,4.000000,4.000000,4.000000,4.000000,4.000000,0.000000,,,,,,,,,,,,,,,,,,,,,,,,,,,,
1732157912.565766,1732157912.568842,102.000000,0.000000,4288.589844,4276.025879,4311.153809,4303.333496,4263.461426,4281.410156,4334.871582,4398.717773,4301.538574,4273.205078,4476.666504,4508.461426,4338.846191,4404.871582,1548.000000,1.000000,22.000000,,,,0.000000,2.000000,2.000000,0.000000,4.000000,2.000000,2.000000,0.000000,0.000000,4.000000,4.000000,4.000000,4.000000,4.000000,4.000000,0.000000,,,,,,,,,,,,,,,,,,,,,,,,,,,,
1732157912.573574,1732157912.576650,103.000000,0.000000,4288.077148,4276.794922,4314.230957,4298.589844,4286.282227,4277.051270,4334.871582,4402.820313,4301.282227,4267.820313,4471.794922,4508.461426,4338.077148,4401.538574,1566.000000,1.000000,22.000000,,,,0.000000,2.000000,2.000000,0.000000,4.000000,2.000000,2.000000,0.000000,0.000000,4.000000,4.000000,4.000000,4.000000,4.000000,4.000000,0.000000,,,,,,,,,,,,,,,,,,,,,,,,,,,,
1732157912.581382,1732157912.584359,104.000000,0.000000,4286.922852,4276.410156,4313.333496,4300.128418,4275.384766,4282.692383,4334.871582,4402.948730,4311.153809,4271.410156,4471.282227,4507.948730,4339.615234,4399.871582,1701.000000,1.000000,22.000000,,,,0.000000,2.000000,2.000000,0.000000,4.000000,2.000000,2.000000,0.000000,0.000000,4.000000,4.000000,4.000000,4.000000,4.000000,4.000000,0.000000,,,,,,,,,,,,,,,,,26.000000,0.000000,0.501790,0.479736,-0.545044,0.470093,0.967403,-0.035161,-0.059578,-36.313896,45.276203,31.014240
1732157912.589191,1732157912.592167,105.000000,0.000000,4289.358887,4277.179688,4311.922852,4305.128418,4258.333496,4286.153809,4334.871582,4401.538574,4314.871582,4275.384766,4474.358887,4503.589844,4334.615234,4398.333496,1601.000000,1.000000,22.000000,,,,0.000000,2.000000,2.000000,0.000000,4.000000,2.000000,2.000000,0.000000,0.000000,4.000000,4.000000,4.000000,4.000000,4.000000,4.000000,0.000000,,,,,,,,,,,,,,,,,,,,,,,,,,,,
1732157912.596999,1732157912.599775,106.000000,0.000000,4293.589844,4281.025879,4313.077148,4308.846191,4274.615234,4280.641113,4334.871582,4402.307617,4306.410156,4271.922852,4471.282227,4501.025879,4332.692383,4398.205078,1548.000000,1.000000,22.000000,,,,0.000000,2.000000,2.000000,0.000000,4.000000,2.000000,2.000000,0.000000,0.000000,4.000000,4.000000,4.000000,4.000000,4.000000,4.000000,0.000000,,,,,,,,,,,,,,,,,,,,,,,,,,,,
1732157912.604807,1732157912.607584,107.000000,0.000000,4286.922852,4279.358887,4313.589844,4303.461426,4287.563965,4281.153809,4334.871582,4402.563965,4300.897461,4266.666504,4464.615234,4500.384766,4335.256348,4398.589844,1566.000000,1.000000,22.000000,,,,0.000000,2.000000,2.000000,0.000000,4.000000,2.000000,2.000000,0.000000,0.000000,4.000000,4.000000,4.000000,4.000000,4.000000,4.000000,0.000000,,,,,,,,,,,,,,,,,,,,,,,,,,,,
1732157912.612615,1732157912.615292,108.000000,0.000000,4280.384766,4272.307617,4313.077148,4295.512695,4278.846191,4289.487305,4334.871582,4402.563965,4305.512695,4265.256348,4466.538574,4500.128418,4334.487305,4396.666504,1701.000000,1.000000,22.000000,,,,0.000000,2.000000,2.000000,0.000000,4.000000,2.000000,2.000000,0.000000,0.000000,4.000000,4.000000,4.000000,4.000000,4.000000,4.000000,0.000000,,,,,,,,,,,,,,,,,27.000000,0.000000,0.501674,0.479797,-0.545044,0.470154,0.974728,-0.026859,-0.065438,-36.092590,45.318726,31.153202
1732157912.620424,1732157912.623100,109.000000,0.000000,4282.179688,4269.487305,4315.769043,4297.179688,4279.358887,4289.487305,4334.871582,4402.820313,4304.487305,4265.769043,4472.692383,4500.384766,4333.461426,4396.025879,1601.000000,1.000000,22.000000,,,,0.000000,2.000000,2.000000,0.000000,4.000000,2.000000,2.000000,0.000000,0.000000,4.000000,4.000000,4.000000,4.000000,4.000000,4.000000,0.000000,,,,,,,,,,,,,,,,,,,,,,,,,,,,
1732157912.628232,1732157912.630709,110.000000,0.000000,4282.436035,4275.512695,4315.769043,4301.666504,4298.846191,4279.743652,4334.871582,4401.922852,4294.743652,4264.102539,4471.794922,4498.461426,4333.461426,4397.307617,1548.000000,1.000000,22.000000,,,,0.000000,2.000000,2.000000,0.000000,4.000000,2.000000,2.000000,0.000000,0.000000,4.000000,4.000000,4.000000,4.000000,4.000000,4.000000,0.000000,,,,,,,,,,,,,,,,,,,,,,,,,,,,
1732157912.636040,1732157912.638517,111.000000,0.000000,4282.692383,4280.000000,4312.948730,4302.563965,4304.102539,4279.743652,4334.871582,4400.897461,4298.974121,4264.743652,4471.282227,4500.128418,4333.717773,4398.717773,1566.000000,1.000000,22.000000,,,,0.000000,2.000000,2.000000,0.000000,4.000000,2.000000,2.000000,0.000000,0.000000,4.000000,4.000000,4.000000,4.000000,4.000000,4.000000,0.000000,,,,,,,,,,,,,,,,,,,,,,,,,,,,
1732157912.643848,1732157912.646425,112.000000,0.000000,4288.717773,4278.846191,4313.974121,4305.897461,4279.102539,4292.436035,4334.871582,4400.128418,4310.384766,4270.641113,4474.487305,4501.666504,4338.077148,4398.461426,1701.000000,1.000000,22.000000,,,,0.000000,2.000000,2.000000,0.000000,4.000000,2.000000,2.000000,0.000000,0.000000,4.000000,4.000000,4.000000,4.000000,4.000000,4.000000,0.000000,,,,,,,,,,,,,,,,,28.000000,0.000000,0.501714,0.479736,-0.545166,0.470032,0.977170,-0.022952,-0.057136,-35.986664,45.018169,31.200760
1732157912.651657,1732157912.654233,113.000000,0.000000,4289.743652,4278.846191,4316.794922,4308.461426,4269.743652,4295.897461,4334.871582,4399.615234,4305.000000,4268.974121,4473.461426,4494.871582,4337.692383,4398.205078,1601.000000,1.000000,22.000000,,,,0.000000,2.000000,2.000000,0.000000,4.000000,2.000000,2.000000,0.000000,0.000000,4.000000,4.000000,4.000000,4.000000,4.000000,4.000000,0.000000,,,,,,,,,,,,,,,,,,,,,,,,,,,,
1732157912.659465,1732157912.662241,114.000000,0.000000,4283.461426,4278.974121,4315.128418,4300.641113,4294.358887,4283.846191,4335.000000,4401.025879,4299.743652,4265.769043,4471.153809,4489.102539,4332.820313,4398.333496,1548.000000,1.000000,22.000000,,,,0.000000,2.000000,2.000000,0.000000,4.000000,2.000000,2.000000,0.000000,0.000000,4.000000,4.000000,4.000000,4.000000,4.000000,4.000000,0.000000,,,,,,,,,,,,,,,,,,,,,,,,,,,,
1732157912.667273,1732157912.670049,115.000000,0.000000,4280.000000,4278.589844,4312.948730,4294.615234,4296.153809,4280.128418,4335.000000,4403.589844,4305.641113,4273.333496,4472.179688,4496.794922,4337.692383,4395.256348,1566.000000,1.000000,22.000000,,,,0.000000,2.000000,2.000000,0.000000,4.000000,2.000000,2.000000,0.000000,0.000000,4.000000,4.000000,4.000000,4.000000,4.000000,4.000000,0.000000,,,,,,,,,,,,,,,,,,,,,,,,,,,,
1732157912.675081,1732157912.677758,116.000000,0.000000,4283.974121,4278.974121,4311.153809,4297.307617,4273.333496,4290.512695,4334.871582,4403.974121,4308.717773,4277.820313,4473.461426,4503.205078,4340.769043,4394.358887,1701.000000,1.000000,22.000000,,,,0.000000,2.000000,2.000000,0.000000,4.000000,2.000000,2.000000,0.000000,0.000000,4.000000,4.000000,4.000000,4.000000,4.000000,4.000000,0.000000,,,,,,,,,,,,,,,,,29.000000,0.000000,0.501608,0.479797,-0.545105,0.470154,0.971798,-0.039556,-0.047369,-35.757530,45.176384,31.125948
1732157912.682890,1732157912.685566,117.000000,0.000000,4287.051270,4279.358887,4311.922852,4299.487305,4273.846191,4296.666504,4335.256348,4404.615234,4311.282227,4275.384766,4475.256348,4495.769043,4335.641113,4396.922852,1601.000000,1.000000,22.000000,,,,0.000000,2.000000,2.000000,0.000000,4.000000,2.000000,2.000000,0.000000,0.000000,4.000000,4.000000,4.000000,4.000000,4.000000,4.000000,0.000000,,,,,,,,,,,,,,,,,,,,,,,,,,,,
1732157912.690698,1732157912.693174,118.000000,0.000000,4283.333496,4279.230957,4314.871582,4296.666504,4286.666504,4290.384766,4334.871582,4405.256348,4311.025879,4277.692383,4474.871582,4491.282227,4338.974121,4391.410156,1548.000000,1.000000,22.000000,,,,0.000000,2.000000,2.000000,0.000000,4.000000,2.000000,2.000000,0.000000,0.000000,4.000000,4.000000,4.000000,4.000000,4.000000,4.000000,0.000000,,,,,,,,,,,,,,,,,,,,,,,,,,,,
1732157912.698506,1732157912.700982,119.000000,0.000000,4280.769043,4279.358887,4314.102539,4295.769043,4280.384766,4284.358887,4333.461426,4402.307617,4309.487305,4278.846191,4472.563965,4493.333496,4342.692383,4385.641113,1566.000000,1.000000,22.000000,,,,0.000000,2.000000,2.000000,0.000000,4.000000,2.000000,2.000000,0.000000,0.000000,4.000000,4.000000,4.000000,4.000000,4.000000,4.000000,0.000000,,,,,,,,,,,,,,,,,,,,,,,,,,,,
1732157912.706314,1732157912.708691,120.000000,0.000000,4282.692383,4278.205078,4310.384766,4298.846191,4274.615234,4282.307617,4334.102539,4399.871582,4310.256348,4271.922852,4473.205078,4494.615234,4335.641113,4390.897461,1701.000000,1.000000,22.000000,,,,0.000000,2.000000,2.000000,0.000000,4.000000,2.000000,2.000000,0.000000,0.000000,4.000000,4.000000,4.000000,4.000000,4.000000,4.000000,0.000000,,,,,,,,,,,,,,,,,30.000000,0.000000,0.501608,0.479797,-0.545105,0.470154,0.982542,-0.026370,-0.057624,-35.803600,45.079536,31.165352
1732157912.714123,1732157912.716499,121.000000,0.000000,4281.666504,4277.179688,4310.128418,4297.948730,4293.461426,4280.384766,4336.153809,4401.922852,4302.948730,4263.846191,4474.487305,4492.948730,4332.692383,4392.179688,1601.000000,1.000000,22.000000,,,,0.000000,2.000000,2.000000,0.000000,4.000000,2.000000,2.000000,0.000000,0.000000,4.000000,4.000000,4.000000,4.000000,4.000000,4.000000,0.000000,,,,,,,,,,,,,,,,,,,,,,,,,,,,
1732157912.721931,1732157912.724507,122.000000,0.000000,4279.615234,4279.230957,4310.769043,4294.487305,4295.769043,4281.666504,4335.897461,4403.589844,4293.974121,4264.487305,4473.333496,4492.692383,4335.769043,4382.692383,1548.000000,1.000000,22.000000,,,,0.000000,2.000000,2.000000,0.000000,4.000000,2.000000,2.000000,0.000000,0.000000,4.000000,4.000000,4.000000,4.000000,4.000000,4.000000,0.000000,,,,,,,,,,,,,,,,,,,,,,,,,,,,
1732157912.729739,1732157912.732315,123.000000,0.000000,4280.256348,4278.077148,4309.358887,4295.641113,4267.051270,4283.717773,4334.487305,4401.538574,4303.717773,4273.589844,4473.717773,4492.692383,4334.487305,4379.102539,1566.000000,1.000000,22.000000,,,,0.000000,2.000000,2.000000,0.000000,4.000000,2.000000,2.000000,0.000000,0.000000,4.000000,4.000000,4.000000,4.000000,4.000000,4.000000,0.000000,,,,,,,,,,,,,,,,,,,,,,,,,,,,
1732157912.737547,1732157912.740223,124.000000,0.000000,4280.128418,4276.794922,4312.307617,4295.641113,4259.743652,4282.179688,4334.487305,4400.512695,4312.307617,4275.769043,4475.000000,4491.282227,4334.487305,4383.205078,1701.000000,1.000000,22.000000,,,,0.000000,2.000000,2.000000,0.000000,4.000000,2.000000,2.000000,0.000000,0.000000,4.000000,4.000000,4.000000,4.000000,4.000000,4.000000,0.000000,,,,,,,,,,,,,,,,,31.000000,0.000000,0.501451,0.479980,-0.544983,0.470276,0.973263,-0.030765,-0.062019,-35.562584,45.242760,31.047268
1732157912.745355,1732157912.748031,125.000000,0.000000,4280.512695,4277.948730,4315.512695,4292.692383,4276.922852,4282.179688,4335.512695,4401.410156,4306.025879,4274.743652,4473.333496,4492.563965,4338.589844,4383.205078,1601.000000,1.000000,22.000000,,,,0.000000,2.000000,2.000000,0.000000,4.000000,2.000000,2.000000,0.000000,0.000000,4.000000,4.000000,4.000000,4.000000,4.000000,4.000000,0.000000,,,,,,,,,,,,,,,,,,,,,,,,,,,,
1732157912.753164,1732157912.756039,126.000000,0.000000,4282.179688,4274.487305,4310.897461,4294.230957,4277.563965,4285.641113,4334.743652,4400.512695,4307.692383,4278.205078,4472.436035,4494.743652,4336.666504,4380.512695,1548.000000,1.000000,22.000000,,,,0.000000,2.000000,2.000000,0.000000,4.000000,2.000000,2.000000,0.000000,0.000000,4.000000,4.000000,4.000000,4.000000,4.000000,4.000000,0.000000,,,,,,,,,,,,,,,,,,,,,,,,,,,,
1732157912.760972,1732157912.763848,127.000000,0.000000,4279.743652,4262.820313,4308.077148,4292.820313,4283.077148,4288.589844,4334.230957,4400.769043,4312.179688,4272.436035,4470.384766,4493.333496,4330.128418,4380.769043,22.000000,1.000000,22.000000,,,,0.000000,2.000000,2.000000,0.000000,4.000000,2.000000,2.000000,0.000000,0.000000,4.000000,4.000000,4.000000,4.000000,4.000000,4.000000,0.000000,,,,,,,,,,,,,,,,,,,,,,,,,,,,
1732157912.768780,1732157912.771756,0.000000,0.000000,4275.769043,4250.641113,4312.179688,4284.871582,4302.436035,4292.820313,4337.563965,4403.589844,4304.743652,4263.461426,4461.282227,4488.589844,4326.410156,4380.256348,0.000000,1.000000,22.000000,,,,0.000000,2.000000,2.000000,0.000000,4.000000,2.000000,2.000000,0.000000,0.000000,4.000000,4.000000,4.000000,4.000000,4.000000,4.000000,0.000000,,,,,,,,,,,,,,,,,0.000000,0.000000,0.501179,0.480164,-0.544861,0.470520,0.983518,-0.030765,-0.053229,-35.639027,45.284966,30.989954
1732157912.776589,1732157912.779564,1.000000,0.000000,4277.692383,4253.461426,4312.179688,4287.563965,4288.589844,4297.436035,4340.769043,4403.589844,4299.358887,4263.205078,4459.358887,4487.436035,4326.666504,4380.256348,1598.000000,1.000000,22.000000,,,,0.000000,2.000000,2.000000,0.000000,4.000000,2.000000,2.000000,0.000000,0.000000,4.000000,4.000000,4.000000,4.000000,4.000000,4.000000,0.000000,,,,,,,,,,,,,,,,,,,,,,,,,,,,
1732157912.784397,1732157912.787572,2.000000,0.000000,4282.307617,4266.282227,4310.512695,4297.820313,4265.512695,4289.871582,4340.128418,4401.794922,4302.436035,4264.615234,4471.410156,4491.794922,4333.461426,4387.692383,1366.000000,1.000000,22.000000,,,,0.000000,2.000000,2.000000,0.000000,4.000000,2.000000,2.000000,0.000000,0.000000,4.000000,4.000000,4.000000,4.000000,4.000000,4.000000,0.000000,,,,,,,,,,,,,,,,,,,,,,,,,,,,
1732157912.792205,1732157912.795380,3.000000,0.000000,4282.436035,4269.230957,4313.333496,4298.974121,4268.077148,4278.717773,4337.307617,4401.666504,4307.051270,4272.179688,4479.743652,4497.820313,4342.692383,4398.974121,1421.000000,1.000000,22.000000,,,,0.000000,2.000000,2.000000,0.000000,4.000000,2.000000,2.000000,0.000000,0.000000,4.000000,4.000000,4.000000,4.000000,4.000000,4.000000,0.000000,,,,,,,,,,,,,,,,,,,,,,,,,,,,
1732157912.800013,1732157912.803088,4.000000,0.000000,4282.179688,4264.102539,4315.000000,4295.128418,4279.743652,4277.948730,4335.897461,4401.282227,4307.051270,4280.769043,4476.153809,4505.256348,4341.025879,4398.205078,1434.000000,1.000000,22.000000,,,,0.000000,2.000000,2.000000,0.000000,4.000000,2.000000,2.000000,0.000000,0.000000,4.000000,4.000000,4.000000,4.000000,4.000000,4.000000,0.000000,,,,,,,,,,,,,,,,,1.000000,0.000000,0.501179,0.480164,-0.544861,0.470520,0.976193,-0.027347,-0.050299,-35.700943,45.319157,30.868530
1732157912.807822,1732157912.810897,5.000000,0.000000,4282.179688,4264.615234,4312.436035,4295.512695,4293.077148,4280.128418,4335.641113,4400.384766,4299.102539,4272.948730,4471.666504,4500.256348,4328.333496,4385.128418,1212.000000,1.000000,22.000000,,,,0.000000,2.000000,2.000000,0.000000,4.000000,2.000000,2.000000,0.000000,0.000000,4.000000,4.000000,4.000000,4.000000,4.000000,4.000000,0.000000,,,,,,,,,,,,,,,,,,,,,,,,,,,,
1732157912.815630,1732157912.818905,6.000000,0.000000,4281.922852,4268.205078,4312.051270,4295.641113,4289.487305,4278.717773,4335.641113,4402.436035,4293.205078,4261.410156,4472.436035,4490.769043,4326.025879,4383.717773,0.000000,1.000000,22.000000,,,,0.000000,2.000000,2.000000,0.000000,4.000000,2.000000,2.000000,0.000000,0.000000,4.000000,4.000000,4.000000,4.000000,4.000000,4.000000,0.000000,,,,,,,,,,,,,,,,,,,,,,,,,,,,
1732157912.823438,1732157912.826713,7.000000,0.000000,4286.153809,4266.666504,4314.358887,4298.461426,4266.025879,4279.615234,4335.769043,4403.974121,4300.256348,4266.666504,4475.384766,4494.615234,4334.871582,4394.743652,0.000000,1.000000,22.000000,,,,0.000000,2.000000,2.000000,0.000000,4.000000,2.000000,2.000000,0.000000,0.000000,4.000000,4.000000,4.000000,4.000000,4.000000,4.000000,0.000000,,,,,,,,,,,,,,,,,,,,,,,,,,,,
1732157912.831246,1732157912.834621,8.000000,0.000000,4288.333496,4265.769043,4314.487305,4300.512695,4268.205078,4284.615234,4334.487305,4402.436035,4307.436035,4276.025879,4476.794922,4502.179688,4338.461426,4395.000000,1521.000000,1.000000,22.000000,,,,0.000000,2.000000,2.000000,0.000000,4.000000,2.000000,2.000000,0.000000,0.000000,4.000000,4.000000,4.000000,4.000000,4.000000,4.000000,0.000000,,,,,,,,,,,,,,,,,2.000000,0.000000,0.501138,0.480286,-0.544739,0.470581,0.984007,-0.031254,-0.054206,-35.814430,45.321850,30.900175
1732157912.839054,1732157912.842429,9.000000,0.000000,4283.205078,4266.666504,4313.461426,4295.128418,4286.025879,4289.743652,4335.384766,4401.794922,4307.820313,4273.974121,4473.077148,4498.077148,4334.358887,4384.102539,1691.000000,1.000000,22.000000,,,,0.000000,2.000000,2.000000,0.000000,4.000000,2.000000,2.000000,0.000000,0.000000,4.000000,4.000000,4.000000,4.000000,4.000000,4.000000,0.000000,,,,,,,,,,,,,,,,,,,,,,,,,,,,
1732157912.846863,1732157912.850437,10.000000,0.000000,4280.128418,4267.051270,4312.436035,4294.358887,4277.563965,4293.974121,4340.000000,4401.922852,4308.589844,4266.410156,4471.282227,4491.794922,4331.025879,4380.512695,1548.000000,1.000000,22.000000,,,,0.000000,2.000000,2.000000,0.000000,4.000000,2.000000,2.000000,0.000000,0.000000,4.000000,4.000000,4.000000,4.000000,4.000000,4.000000,0.000000,,,,,,,,,,,,,,,,,,,,,,,,,,,,
1732157912.854671,1732157912.858245,11.000000,0.000000,4281.153809,4264.871582,4311.538574,4294.743652,4283.333496,4290.384766,4340.128418,4402.307617,4303.589844,4264.230957,4471.666504,4492.051270,4331.666504,4382.179688,1566.000000,1.000000,22.000000,,,,0.000000,2.000000,2.000000,0.000000,4.000000,2.000000,2.000000,0.000000,0.000000,4.000000,4.000000,4.000000,4.000000,4.000000,4.000000,0.000000,,,,,,,,,,,,,,,,,,,,,,,,,,,,
1732157912.862479,1732157912.866154,12.000000,0.000000,4279.871582,4265.000000,4310.769043,4291.666504,4303.333496,4279.743652,4335.000000,4401.538574,4296.922852,4270.641113,4469.487305,4490.384766,4334.102539,4379.230957,1701.000000,1.000000,22.000000,,,,0.000000,2.000000,2.000000,0.000000,4.000000,2.000000,2.000000,0.000000,0.000000,4.000000,4.000000,4.000000,4.000000,4.000000,4.000000,0.000000,,,,,,,,,,,,,,,,,3.000000,0.000000,0.501227,0.480164,-0.544922,0.470398,0.963008,-0.036137,-0.067391,-35.804688,45.440701,30.995810
1732157912.870288,1732157912.873962,13.000000,0.000000,4279.743652,4267.051270,4311.794922,4291.922852,4279.871582,4279.615234,4334.230957,4401.410156,4301.153809,4276.666504,4471.282227,4489.743652,4334.102539,4383.333496,1604.000000,1.000000,22.000000,,,,0.000000,2.000000,2.000000,0.000000,4.000000,2.000000,2.000000,0.000000,0.000000,4.000000,4.000000,4.000000,4.000000,4.000000,4.000000,0.000000,,,,,,,,,,,,,,,,,,,,,,,,,,,,
1732157912.878096,1732157912.881770,14.000000,0.000000,4281.794922,4265.641113,4312.820313,4294.230957,4259.743652,4285.769043,4336.410156,4404.615234,4307.948730,4277.051270,4475.641113,4492.051270,4332.948730,4391.025879,1548.000000,1.000000,22.000000,,,,0.000000,2.000000,2.000000,0.000000,4.000000,2.000000,2.000000,0.000000,0.000000,4.000000,4.000000,4.000000,4.000000,4.000000,4.000000,0.000000,1.000000,0.000000,1.000000,2.000000,0.000000,1.000000,2.000000,2.000000,0.000000,0.000000,4.000000,4.000000,4.000000,4.000000,4.000000,4.000000,,,,,,,,,,,,
1732157912.885904,1732157912.889578,15.000000,0.000000,4280.897461,4264.487305,4313.461426,4292.948730,4286.410156,4283.974121,4335.897461,4405.256348,4305.384766,4276.025879,4473.717773,4493.717773,4333.461426,4389.358887,1566.000000,1.000000,22.000000,,,,0.000000,2.000000,2.000000,0.000000,4.000000,2.000000,2.000000,0.000000,0.000000,4.000000,4.000000,4.000000,4.000000,4.000000,4.000000,0.000000,,,,,,,,,,,,,,,,,,,,,,,,,,,,
1732157912.893712,1732157912.897286,16.000000,0.000000,4280.769043,4266.922852,4313.077148,4291.153809,4294.358887,4278.461426,4335.641113,4401.410156,4303.077148,4276.794922,4471.282227,4497.307617,4335.384766,4386.538574,0.000000,1.000000,22.000000,,,,0.000000,2.000000,2.000000,0.000000,4.000000,2.000000,2.000000,0.000000,0.000000,4.000000,4.000000,4.000000,4.000000,4.000000,4.000000,0.000000,,,,,,,,,,,,,,,,,4.000000,0.000000,0.501204,0.479980,-0.545105,0.470398,0.994750,-0.039067,-0.044927,-35.440132,45.458633,31.011604
1732157912.901521,1732157912.905095,17.000000,0.000000,4281.282227,4266.538574,4312.179688,4293.589844,4262.692383,4281.794922,4335.897461,4399.871582,4306.922852,4279.743652,4474.102539,4501.666504,4335.641113,4389.615234,0.000000,1.000000,22.000000,,,,0.000000,2.000000,2.000000,0.000000,4.000000,2.000000,2.000000,0.000000,0.000000,4.000000,4.000000,4.000000,4.000000,4.000000,4.000000,0.000000,,,,,,,,,,,,,,,,,,,,,,,,,,,,
1732157912.909329,1732157912.912703,18.000000,0.000000,4280.512695,4262.692383,4311.282227,4294.743652,4263.846191,4287.820313,4334.871582,4400.641113,4308.333496,4277.948730,4474.102539,4500.512695,4333.461426,4388.589844,0.000000,1.000000,22.000000,,,,0.000000,2.000000,2.000000,0.000000,4.000000,2.000000,2.000000,0.000000,0.000000,4.000000,4.000000,4.000000,4.000000,4.000000,4.000000,0.000000,,,,,,,,,,,,,,,,,,,,,,,,,,,,
1732157912.917137,1732157912.920511,19.000000,0.000000,4281.025879,4263.589844,4311.282227,4291.025879,4292.563965,4285.641113,4335.769043,4400.128418,4306.282227,4275.000000,4470.769043,4497.692383,4331.922852,4387.051270,0.000000,1.000000,22.000000,,,,0.000000,2.000000,2.000000,0.000000,4.000000,2.000000,2.000000,0.000000,0.000000,4.000000,4.000000,4.000000,4.000000,4.000000,4.000000,0.000000,,,,,,,,,,,,,,,,,,,,,,,,,,,,
1732157912.924945,1732157912.928220,20.000000,0.000000,4281.538574,4266.538574,4311.666504,4288.461426,4282.948730,4285.641113,4336.666504,4400.769043,4306.666504,4278.461426,4473.333496,4503.461426,4334.871582,4393.717773,0.000000,1.000000,22.000000,,,,0.000000,2.000000,2.000000,0.000000,4.000000,2.000000,2.000000,0.000000,0.000000,4.000000,4.000000,4.000000,4.000000,4.000000,4.000000,0.000000,,,,,,,,,,,,,,,,,5.000000,0.000000,0.501204,0.479980,-0.545105,0.470398,0.994750,-0.039067,-0.044927,-35.279839,45.413158,31.009399
1732157912.932753,1732157912.936028,21.000000,0.000000,4281.025879,4264.743652,4311.538574,4291.410156,4258.333496,4293.846191,4335.641113,4403.717773,4305.256348,4283.205078,4476.538574,4508.846191,4337.436035,4394.743652,0.000000,1.000000,22.000000,,,,0.000000,2.000000,2.000000,0.000000,4.000000,2.000000,2.000000,0.000000,0.000000,4.000000,4.000000,4.000000,4.000000,4.000000,4.000000,0.000000,,,,,,,,,,,,,,,,,,,,,,,,,,,,
1732157912.940562,1732157912.943636,22.000000,0.000000,4279.743652,4263.717773,4311.538574,4293.461426,4264.230957,4296.538574,4335.769043,4403.333496,4297.948730,4280.384766,4473.205078,4500.641113,4336.794922,4385.128418,0.000000,1.000000,22.000000,,,,0.000000,2.000000,2.000000,0.000000,4.000000,2.000000,2.000000,0.000000,0.000000,4.000000,4.000000,4.000000,4.000000,4.000000,4.000000,0.000000,,,,,,,,,,,,,,,,,,,,,,,,,,,,
1732157912.948370,1732157912.951444,23.000000,0.000000,4279.743652,4265.769043,4312.436035,4288.589844,4280.897461,4286.025879,4336.282227,4401.410156,4298.846191,4280.000000,4471.666504,4495.769043,4335.384766,4387.307617,0.000000,1.000000,22.000000,,,,0.000000,2.000000,2.000000,0.000000,4.000000,2.000000,2.000000,0.000000,0.000000,4.000000,4.000000,4.000000,4.000000,4.000000,4.000000,0.000000,,,,,,,,,,,,,,,,,,,,,,,,,,,,
1732157912.956178,1732157912.959153,24.000000,0.000000,4281.153809,4265.897461,4313.589844,4290.256348,4276.922852,4280.512695,4336.153809,4402.307617,4311.025879,4288.205078,4475.384766,4499.487305,4336.025879,4394.358887,0.000000,1.000000,22.000000,,,,0.000000,2.000000,2.000000,0.000000,4.000000,2.000000,2.000000,0.000000,0.000000,4.000000,4.000000,4.000000,4.000000,4.000000,4.000000,0.000000,,,,,,,,,,,,,,,,,6.000000,0.000000,0.500891,0.480225,-0.544861,0.470764,0.979123,-0.041997,-0.040532,-35.215004,45.369659,30.684280
1732157912.963987,1732157912.966961,25.000000,0.000000,4280.897461,4264.358887,4312.051270,4292.307617,4271.025879,4286.410156,4335.256348,4403.589844,4312.820313,4290.128418,4476.025879,4499.871582,4337.307617,4392.307617,0.000000,1.000000,22.000000,,,,0.000000,2.000000,2.000000,0.000000,4.000000,2.000000,2.000000,0.000000,0.000000,4.000000,4.000000,4.000000,4.000000,4.000000,4.000000,0.000000,,,,,,,,,,,,,,,,,,,,,,,,,,,,
1732157912.971795,1732157912.974569,26.000000,0.000000,4278.077148,4264.487305,4312.307617,4285.384766,4287.436035,4285.512695,4334.615234,4401.025879,4300.256348,4282.820313,4472.563965,4496.153809,4337.436035,4391.666504,0.000000,1.000000,22.000000,,,,0.000000,2.000000,2.000000,0.000000,4.000000,2.000000,2.000000,0.000000,0.000000,4.000000,4.000000,4.000000,4.000000,4.000000,4.000000,0.000000,,,,,,,,,,,,,,,,,,,,,,,,,,,,
1732157912.979603,1732157912.982378,27.000000,0.000000,4277.051270,4263.589844,4312.820313,4283.461426,4296.025879,4281.666504,4335.000000,4401.025879,4297.948730,4279.615234,4470.512695,4496.153809,4335.000000,4391.922852,0.000000,1.000000,22.000000,,,,0.000000,2.000000,2.000000,0.000000,4.000000,2.000000,2.000000,0.000000,0.000000,4.000000,4.000000,4.000000,4.000000,4.000000,4.000000,0.000000,,,,,,,,,,,,,,,,,,,,,,,,,,,,
1732157912.987411,1732157912.990086,28.000000,0.000000,4279.871582,4262.563965,4309.102539,4293.333496,4275.384766,4288.974121,4335.128418,4406.153809,4304.743652,4281.410156,4470.512695,4498.333496,4332.307617,4389.230957,0.000000,1.000000,22.000000,,,,0.000000,2.000000,2.000000,0.000000,4.000000,2.000000,2.000000,0.000000,0.000000,4.000000,4.000000,4.000000,4.000000,4.000000,4.000000,0.000000,,,,,,,,,,,,,,,,,7.000000,0.000000,0.500890,0.480286,-0.544861,0.470703,0.973752,-0.031254,-0.073251,-35.304153,45.342758,30.617601
1732157912.995220,1732157912.997894,29.000000,0.000000,4280.769043,4264.615234,4307.563965,4295.128418,4256.410156,4294.230957,4334.358887,4406.153809,4307.051270,4281.410156,4471.410156,4497.563965,4333.205078,4392.307617,0.000000,1.000000,22.000000,,,,0.000000,2.000000,2.000000,0.000000,4.000000,2.000000,2.000000,0.000000,0.000000,4.000000,4.000000,4.000000,4.000000,4.000000,4.000000,0.000000,,,,,,,,,,,,,,,,,,,,,,,,,,,,
1732157913.003028,1732157913.005503,30.000000,0.000000,4280.384766,4265.256348,4312.692383,4284.358887,4263.589844,4285.769043,4334.615234,4401.794922,4309.487305,4282.051270,4472.692383,4497.820313,4338.589844,4398.333496,0.000000,1.000000,22.000000,,,,0.000000,2.000000,2.000000,0.000000,4.000000,2.000000,2.000000,0.000000,0.000000,4.000000,4.000000,4.000000,4.000000,4.000000,4.000000,0.000000,,,,,,,,,,,,,,,,,,,,,,,,,,,,
1732157913.010836,1732157913.013311,31.000000,0.000000,4281.153809,4264.615234,4314.102539,4281.025879,4277.820313,4280.769043,4335.512695,4401.538574,4312.820313,4282.692383,4474.230957,4497.307617,4341.282227,4394.615234,0.000000,1.000000,22.000000,,,,0.000000,2.000000,2.000000,0.000000,4.000000,2.000000,2.000000,0.000000,0.000000,4.000000,4.000000,4.000000,4.000000,4.000000,4.000000,0.000000,,,,,,,,,,,,,,,,,,,,,,,,,,,,
1732157913.018644,1732157913.021019,32.000000,0.000000,4281.025879,4265.512695,4310.512695,4287.179688,4276.025879,4286.153809,4336.025879,4402.179688,4304.358887,4280.384766,4472.563965,4491.922852,4337.563965,4388.717773,0.000000,1.000000,22.000000,,,,0.000000,2.000000,2.000000,0.000000,4.000000,2.000000,2.000000,0.000000,0.000000,4.000000,4.000000,4.000000,4.000000,4.000000,4.000000,0.000000,,,,,,,,,,,,,,,,,8.000000,0.000000,0.500889,0.480347,-0.544861,0.470642,0.973752,-0.031254,-0.073251,-35.531364,45.202633,30.486923
1732157913.026452,1732157913.028827,33.000000,0.000000,4280.128418,4265.897461,4310.256348,4290.769043,4278.205078,4287.820313,4336.153809,4401.794922,4296.922852,4279.487305,4467.179688,4489.743652,4335.512695,4387.692383,0.000000,1.000000,22.000000,,,,0.000000,2.000000,2.000000,0.000000,4.000000,2.000000,2.000000,0.000000,0.000000,4.000000,4.000000,4.000000,4.000000,4.000000,4.000000,0.000000,,,,,,,,,,,,,,,,,,,,,,,,,,,,
1732157913.034261,1732157913.036436,34.000000,0.000000,4280.641113,4266.410156,4312.179688,4290.128418,4296.153809,4283.077148,4335.769043,4403.589844,4301.794922,4279.871582,4467.051270,4495.000000,4337.436035,4388.717773,0.000000,1.000000,22.000000,,,,0.000000,2.000000,2.000000,0.000000,4.000000,2.000000,2.000000,0.000000,0.000000,4.000000,4.000000,4.000000,4.000000,4.000000,4.000000,0.000000,,,,,,,,,,,,,,,,,,,,,,,,,,,,
1732157913.042069,1732157913.044244,35.000000,0.000000,4282.436035,4266.922852,4311.666504,4291.025879,4294.102539,4283.846191,4334.871582,4403.589844,4304.871582,4281.538574,4473.717773,4496.794922,4336.794922,4394.230957,0.000000,1.000000,22.000000,,,,0.000000,2.000000,2.000000,0.000000,4.000000,2.000000,2.000000,0.000000,0.000000,4.000000,4.000000,4.000000,4.000000,4.000000,4.000000,0.000000,,,,,,,,,,,,,,,,,,,,,,,,,,,,
1732157913.049877,1732157913.051952,36.000000,0.000000,4281.282227,4265.256348,4310.897461,4293.205078,4264.615234,4287.563965,4334.871582,4404.102539,4302.051270,4281.922852,4473.077148,4495.769043,4335.256348,4396.410156,0.000000,1.000000,22.000000,,,,0.000000,2.000000,2.000000,0.000000,4.000000,2.000000,2.000000,0.000000,0.000000,4.000000,4.000000,4.000000,4.000000,4.000000,4.000000,0.000000,,,,,,,,,,,,,,,,,9.000000,0.000000,0.500832,0.480347,-0.544861,0.470703,0.985472,-0.036137,-0.058601,-35.748737,45.292465,30.776075
1732157913.057686,1732157913.059760,37.000000,0.000000,4278.077148,4262.948730,4311.410156,4288.589844,4257.563965,4284.102539,4335.128418,4406.666504,4299.615234,4281.153809,4467.436035,4498.077148,4334.230957,4391.025879,0.000000,1.000000,22.000000,,,,0.000000,2.000000,2.000000,0.000000,4.000000,2.000000,2.000000,0.000000,0.000000,4.000000,4.000000,4.000000,4.000000,4.000000,4.000000,0.000000,,,,,,,,,,,,,,,,,,,,,,,,,,,,
1732157913.065494,1732157913.067768,38.000000,0.000000,4277.307617,4263.717773,4312.692383,4282.179688,4278.717773,4279.743652,4334.871582,4404.102539,4296.922852,4280.897461,4469.230957,4498.077148,4332.948730,4387.307617,0.000000,1.000000,22.000000,,,,0.000000,2.000000,2.000000,0.000000,4.000000,2.000000,2.000000,0.000000,0.000000,4.000000,4.000000,4.000000,4.000000,4.000000,4.000000,0.000000,,,,,,,,,,,,,,,,,,,,,,,,,,,,
1732157913.073302,1732157913.075577,39.000000,0.000000,4279.615234,4266.025879,4312.436035,4287.948730,4277.563965,4281.666504,4335.256348,4400.256348,4296.794922,4279.487305,4473.589844,4501.153809,4333.333496,4393.077148,0.000000,1.000000,22.000000,,,,0.000000,2.000000,2.000000,0.000000,4.000000,2.000000,2.000000,0.000000,0.000000,4.000000,4.000000,4.000000,4.000000,4.000000,4.000000,0.000000,,,,,,,,,,,,,,,,,,,,,,,,,,,,
1732157913.081110,1732157913.083485,40.000000,0.000000,4282.436035,4267.051270,4311.538574,4294.871582,4272.307617,4283.077148,4336.025879,4401.410156,4301.025879,4279.102539,4474.358887,4509.358887,4334.102539,4398.846191,0.000000,1.000000,22.000000,,,,0.000000,2.000000,2.000000,0.000000,4.000000,2.000000,2.000000,0.000000,0.000000,4.000000,4.000000,4.000000,4.000000,4.000000,4.000000,0.000000,,,,,,,,,,,,,,,,,10.000000,0.000000,0.500823,0.480347,-0.544922,0.470642,0.991332,-0.028812,-0.060066,-35.774811,45.265232,30.826954
1732157913.088919,1732157913.091293,41.000000,0.000000,4282.307617,4266.025879,4311.666504,4287.692383,4291.025879,4280.769043,4336.282227,4401.666504,4302.436035,4281.153809,4474.487305,4508.333496,4334.230957,4395.128418,0.000000,1.000000,22.000000,,,,0.000000,2.000000,2.000000,0.000000,4.000000,2.000000,2.000000,0.000000,0.000000,4.000000,4.000000,4.000000,4.000000,4.000000,4.000000,0.000000,,,,,,,,,,,,,,,,,,,,,,,,,,,,
1732157913.096727,1732157913.098901,42.000000,0.000000,4280.897461,4265.512695,4311.666504,4284.743652,4291.794922,4285.384766,4336.410156,4400.128418,4304.102539,4282.948730,4474.358887,4498.077148,4337.948730,4391.922852,0.000000,1.000000,22.000000,,,,0.000000,2.000000,2.000000,0.000000,4.000000,2.000000,2.000000,0.000000,0.000000,4.000000,4.000000,4.000000,4.000000,4.000000,4.000000,0.000000,,,,,,,,,,,,,,,,,,,,,,,,,,,,
1732157913.104535,1732157913.106710,43.000000,0.000000,4284.102539,4267.692383,4311.025879,4293.461426,4269.615234,4287.307617,4336.922852,4403.717773,4307.436035,4281.922852,4474.358887,4500.769043,4343.077148,4396.666504,0.000000,1.000000,22.000000,,,,0.000000,2.000000,2.000000,0.000000,4.000000,2.000000,2.000000,0.000000,0.000000,4.000000,4.000000,4.000000,4.000000,4.000000,4.000000,0.000000,,,,,,,,,,,,,,,,,,,,,,,,,,,,
1732157913.112343,1732157913.114418,44.000000,0.000000,4286.922852,4268.077148,4310.256348,4297.179688,4259.615234,4282.692383,4336.025879,4405.384766,4303.589844,4280.641113,4473.717773,4509.487305,4343.717773,4400.641113,0.000000,1.000000,22.000000,,,,0.000000,2.000000,2.000000,0.000000,4.000000,2.000000,2.000000,0.000000,0.000000,4.000000,4.000000,4.000000,4.000000,4.000000,4.000000,0.000000,,,,,,,,,,,,,,,,,11.000000,0.000000,0.500823,0.480347,-0.544922,0.470642,0.978147,-0.038091,-0.067879,-35.912598,44.898170,30.859833
1732157913.120151,1732157913.122226,45.000000,0.000000,4282.948730,4265.769043,4309.871582,4292.051270,4266.410156,4281.538574,4333.846191,4402.179688,4298.461426,4279.743652,4471.538574,4501.922852,4338.589844,4398.077148,0.000000,1.000000,22.000000,,,,0.000000,2.000000,2.000000,0.000000,4.000000,2.000000,2.000000,0.000000,0.000000,4.000000,4.000000,4.000000,4.000000,4.000000,4.000000,0.000000,,,,,,,,,,,,,,,,,,,,,,,,,,,,
1732157913.127960,1732157913.129834,46.000000,0.000000,4281.282227,4265.641113,4308.974121,4290.897461,4280.769043,4281.922852,4333.461426,4401.025879,4297.692383,4276.666504,4470.384766,4488.974121,4336.153809,4395.897461,0.000000,1.000000,22.000000,,,,0.000000,2.000000,2.000000,0.000000,4.000000,2.000000,2.000000,0.000000,0.000000,4.000000,4.000000,4.000000,4.000000,4.000000,4.000000,0.000000,,,,,,,,,,,,,,,,,,,,,,,,,,,,
1732157913.135768,1732157913.137643,47.000000,0.000000,4284.615234,4267.692383,4310.769043,4293.974121,4287.436035,4279.743652,4334.615234,4401.282227,4298.717773,4275.897461,4472.436035,4493.717773,4341.025879,4396.282227,0.000000,1.000000,22.000000,,,,0.000000,2.000000,2.000000,0.000000,4.000000,2.000000,2.000000,0.000000,0.000000,4.000000,4.000000,4.000000,4.000000,4.000000,4.000000,0.000000,,,,,,,,,,,,,,,,,,,,,,,,,,,,
1732157913.143576,1732157913.145551,48.000000,0.000000,4282.436035,4267.948730,4310.897461,4291.794922,4272.820313,4279.358887,4334.743652,4400.641113,4300.000000,4276.794922,4473.717773,4506.410156,4340.128418,4395.769043,0.000000,1.000000,22.000000,,,,0.000000,2.000000,2.000000,0.000000,4.000000,2.000000,2.000000,0.000000,0.000000,4.000000,4.000000,4.000000,4.000000,4.000000,4.000000,0.000000,,,,,,,,,,,,,,,,,12.000000,0.000000,0.500789,0.480530,-0.544739,0.470703,0.979123,-0.028812,-0.056648,-35.770870,44.854183,30.791464
1732157913.151384,1732157913.153359,49.000000,0.000000,4279.487305,4265.769043,4310.384766,4287.948730,4253.846191,4282.307617,4335.384766,4402.179688,4304.230957,4277.692383,4473.205078,4508.717773,4334.230957,4395.641113,0.000000,1.000000,22.000000,,,,0.000000,2.000000,2.000000,0.000000,4.000000,2.000000,2.000000,0.000000,0.000000,4.000000,4.000000,4.000000,4.000000,4.000000,4.000000,0.000000,,,,,,,,,,,,,,,,,,,,,,,,,,,,
1732157913.159193,1732157913.161367,50.000000,0.000000,4281.538574,4264.871582,4310.897461,4287.051270,4266.410156,4283.333496,4336.153809,4402.820313,4303.717773,4278.333496,4473.333496,4502.948730,4335.897461,4394.230957,0.000000,1.000000,22.000000,,,,0.000000,2.000000,2.000000,0.000000,4.000000,2.000000,2.000000,0.000000,0.000000,4.000000,4.000000,4.000000,4.000000,4.000000,4.000000,0.000000,,,,,,,,,,,,,,,,,,,,,,,,,,,,
1732157913.167001,1732157913.169175,51.000000,0.000000,4278.717773,4264.102539,4311.410156,4286.025879,4289.615234,4281.922852,4334.871582,4399.871582,4301.666504,4277.820313,4473.589844,4498.846191,4338.846191,4388.846191,0.000000,1.000000,22.000000,,,,0.000000,2.000000,2.000000,0.000000,4.000000,2.000000,2.000000,0.000000,0.000000,4.000000,4.000000,4.000000,4.000000,4.000000,4.000000,0.000000,,,,,,,,,,,,,,,,,,,,,,,,,,,,
1732157913.174809,1732157913.177083,52.000000,0.000000,4273.589844,4262.436035,4309.871582,4282.179688,4281.666504,4280.897461,4334.230957,4400.769043,4307.692383,4279.230957,4473.077148,4502.948730,4338.077148,4389.102539,0.000000,1.000000,22.000000,,,,0.000000,2.000000,2.000000,0.000000,4.000000,2.000000,2.000000,0.000000,0.000000,4.000000,4.000000,4.000000,4.000000,4.000000,4.000000,0.000000,,,,,,,,,,,,,,,,,13.000000,0.000000,0.500795,0.480652,-0.544678,0.470642,0.978147,-0.023929,-0.047857,-35.737740,44.895222,30.824419
1732157913.182618,1732157913.184892,53.000000,0.000000,4277.051270,4263.333496,4310.512695,4284.743652,4261.025879,4285.897461,4335.897461,4404.358887,4307.051270,4280.000000,4474.230957,4508.077148,4338.846191,4396.538574,0.000000,1.000000,22.000000,,,,0.000000,2.000000,2.000000,0.000000,4.000000,2.000000,2.000000,0.000000,0.000000,4.000000,4.000000,4.000000,4.000000,4.000000,4.000000,0.000000,,,,,,,,,,,,,,,,,,,,,,,,,,,,
1732157913.190426,1732157913.192900,54.000000,0.000000,4281.282227,4266.282227,4313.974121,4293.205078,4261.922852,4290.256348,4335.641113,4403.205078,4298.077148,4278.205078,4475.769043,4507.948730,4337.051270,4397.563965,0.000000,1.000000,22.000000,,,,0.000000,2.000000,2.000000,0.000000,4.000000,2.000000,2.000000,0.000000,0.000000,4.000000,4.000000,4.000000,4.000000,4.000000,4.000000,0.000000,,,,,,,,,,,,,,,,,,,,,,,,,,,,
1732157913.198234,1732157913.200708,55.000000,0.000000,4279.358887,4265.769043,4313.717773,4290.000000,4271.666504,4283.461426,4333.846191,4401.794922,4299.871582,4278.205078,4474.615234,4507.051270,4333.589844,4394.871582,0.000000,1.000000,22.000000,,,,0.000000,2.000000,2.000000,0.000000,4.000000,2.000000,2.000000,0.000000,0.000000,4.000000,4.000000,4.000000,4.000000,4.000000,4.000000,0.000000,,,,,,,,,,,,,,,,,,,,,,,,,,,,
1732157913.206042,1732157913.208616,56.000000,0.000000,4279.487305,4263.717773,4311.666504,4281.025879,4264.487305,4277.563965,4334.743652,4405.128418,4309.102539,4281.025879,4473.589844,4510.512695,4335.769043,4398.077148,0.000000,1.000000,22.000000,,,,0.000000,2.000000,2.000000,0.000000,4.000000,2.000000,2.000000,0.000000,0.000000,4.000000,4.000000,4.000000,4.000000,4.000000,4.000000,0.000000,,,,,,,,,,,,,,,,,14.000000,0.000000,0.500887,0.480469,-0.544861,0.470520,0.969357,-0.031254,-0.065438,-35.722569,44.950130,30.831114
1732157913.213850,1732157913.216424,57.000000,0.000000,4281.153809,4264.102539,4310.769043,4282.948730,4271.794922,4280.512695,4336.538574,4404.487305,4305.512695,4280.641113,4474.358887,4508.974121,4335.256348,4399.743652,0.000000,1.000000,22.000000,,,,0.000000,2.000000,2.000000,0.000000,4.000000,2.000000,2.000000,0.000000,0.000000,4.000000,4.000000,4.000000,4.000000,4.000000,4.000000,0.000000,,,,,,,,,,,,,,,,,,,,,,,,,,,,
1732157913.221659,1732157913.224432,58.000000,0.000000,4279.487305,4267.179688,4310.641113,4289.358887,4292.051270,4280.897461,4336.025879,4400.641113,4297.692383,4276.666504,4473.589844,4505.384766,4332.051270,4398.846191,0.000000,1.000000,22.000000,,,,0.000000,2.000000,2.000000,0.000000,4.000000,2.000000,2.000000,0.000000,0.000000,4.000000,4.000000,4.000000,4.000000,4.000000,4.000000,0.000000,,,,,,,,,,,,,,,,,,,,,,,,,,,,
1732157913.229467,1732157913.232240,59.000000,0.000000,4281.153809,4269.615234,4309.615234,4290.512695,4277.948730,4279.487305,4335.512695,4401.410156,4300.128418,4276.538574,4473.077148,4506.282227,4336.666504,4401.410156,0.000000,1.000000,22.000000,,,,0.000000,2.000000,2.000000,0.000000,4.000000,2.000000,2.000000,0.000000,0.000000,4.000000,4.000000,4.000000,4.000000,4.000000,4.000000,0.000000,,,,,,,,,,,,,,,,,,,,,,,,,,,,
1732157913.237275,1732157913.240148,60.000000,0.000000,4284.487305,4269.615234,4308.846191,4289.102539,4256.025879,4281.410156,4335.641113,4402.820313,4308.333496,4278.846191,4474.871582,4509.102539,4342.563965,4403.333496,0.000000,1.000000,22.000000,,,,0.000000,2.000000,2.000000,0.000000,4.000000,2.000000,2.000000,0.000000,0.000000,4.000000,4.000000,4.000000,4.000000,4.000000,4.000000,0.000000,,,,,,,,,,,,,,,,,15.000000,0.000000,0.500936,0.480408,-0.544922,0.470459,0.977658,-0.032719,-0.046881,-35.631947,45.147938,30.911535
1732157913.245083,1732157913.247957,61.000000,0.000000,4282.179688,4267.436035,4310.128418,4287.179688,4259.487305,4281.153809,4335.769043,4401.794922,4310.000000,4280.769043,4474.871582,4508.205078,4340.641113,4400.256348,0.000000,1.000000,22.000000,,,,0.000000,2.000000,2.000000,0.000000,4.000000,2.000000,2.000000,0.000000,0.000000,4.000000,4.000000,4.000000,4.000000,4.000000,4.000000,0.000000,,,,,,,,,,,,,,,,,,,,,,,,,,,,
1732157913.252892,1732157913.255965,62.000000,0.000000,4277.948730,4265.769043,4311.666504,4285.897461,4269.487305,4280.769043,4336.153809,4402.051270,4303.333496,4281.538574,4471.794922,4504.102539,4336.922852,4397.051270,0.000000,1.000000,22.000000,,,,0.000000,2.000000,2.000000,0.000000,4.000000,2.000000,2.000000,0.000000,0.000000,4.000000,4.000000,4.000000,4.000000,4.000000,4.000000,0.000000,,,,,,,,,,,,,,,,,,,,,,,,,,,,
1732157913.260700,1732157913.263773,63.000000,0.000000,4277.563965,4265.769043,4310.384766,4287.436035,4267.179688,4281.666504,4336.025879,4400.641113,4299.230957,4279.358887,4470.641113,4504.743652,4337.051270,4399.102539,0.000000,1.000000,22.000000,,,,0.000000,2.000000,2.000000,0.000000,4.000000,2.000000,2.000000,0.000000,0.000000,4.000000,4.000000,4.000000,4.000000,4.000000,4.000000,0.000000,,,,,,,,,,,,,,,,,,,,,,,,,,,,
1732157913.268508,1732157913.271681,64.000000,0.000000,4278.333496,4265.512695,4308.077148,4285.897461,4266.153809,4280.000000,4334.487305,4400.128418,4298.717773,4277.051270,4472.307617,4507.051270,4338.077148,4402.948730,0.000000,1.000000,22.000000,,,,0.000000,2.000000,2.000000,0.000000,4.000000,2.000000,2.000000,0.000000,0.000000,4.000000,4.000000,4.000000,4.000000,4.000000,4.000000,0.000000,,,,,,,,,,,,,,,,,16.000000,0.000000,0.500838,0.480469,-0.544800,0.470642,0.974728,-0.023440,-0.057624,-35.945210,45.104832,30.860010
1732157913.276317,1732157913.279489,65.000000,0.000000,4278.589844,4265.512695,4308.717773,4286.153809,4274.487305,4280.000000,4334.615234,4405.769043,4298.461426,4277.436035,4473.717773,4507.179688,4340.128418,4402.179688,1599.000000,1.000000,22.000000,,,,0.000000,2.000000,2.000000,0.000000,4.000000,2.000000,2.000000,0.000000,0.000000,4.000000,4.000000,4.000000,4.000000,4.000000,4.000000,0.000000,,,,,,,,,,,,,,,,,,,,,,,,,,,,
1732157913.284125,1732157913.287497,66.000000,0.000000,4278.717773,4266.282227,4311.538574,4287.692383,4273.846191,4280.769043,4337.307617,4406.922852,4303.077148,4279.871582,4474.487305,4507.692383,4341.410156,4398.717773,1366.000000,1.000000,22.000000,,,,0.000000,2.000000,2.000000,0.000000,4.000000,2.000000,2.000000,0.000000,0.000000,4.000000,4.000000,4.000000,4.000000,4.000000,4.000000,0.000000,,,,,,,,,,,,,,,,,,,,,,,,,,,,
1732157913.291933,1732157913.295305,67.000000,0.000000,4277.948730,4265.000000,4311.922852,4281.922852,4276.922852,4278.589844,4337.563965,4400.769043,4305.384766,4279.358887,4473.717773,4502.692383,4336.922852,4398.461426,1421.000000,1.000000,22.000000,,,,0.000000,2.000000,2.000000,0.000000,4.000000,2.000000,2.000000,0.000000,0.000000,4.000000,4.000000,4.000000,4.000000,4.000000,4.000000,0.000000,,,,,,,,,,,,,,,,,,,,,,,,,,,,
1732157913.299741,1732157913.303213,68.000000,0.000000,4277.692383,4265.384766,4310.128418,4280.256348,4290.000000,4277.179688,4335.769043,4399.615234,4301.025879,4276.922852,4472.820313,4496.538574,4333.461426,4398.974121,1426.000000,1.000000,22.000000,,,,0.000000,2.000000,2.000000,0.000000,4.000000,2.000000,2.000000,0.000000,0.000000,4.000000,4.000000,4.000000,4.000000,4.000000,4.000000,0.000000,,,,,,,,,,,,,,,,,17.000000,0.000000,0.500897,0.480408,-0.544800,0.470642,0.970822,-0.040532,-0.047369,-36.170620,45.218246,30.761608
1732157913.307549,1732157913.311022,69.000000,0.000000,4279.615234,4267.948730,4309.743652,4288.846191,4282.948730,4279.230957,4335.512695,4401.922852,4305.256348,4278.717773,4474.487305,4501.025879,4338.461426,4398.974121,1209.000000,1.000000,22.000000,,,,0.000000,2.000000,2.000000,0.000000,4.000000,2.000000,2.000000,0.000000,0.000000,4.000000,4.000000,4.000000,4.000000,4.000000,4.000000,0.000000,,,,,,,,,,,,,,,,,,,,,,,,,,,,
1732157913.315358,1732157913.319030,70.000000,0.000000,4282.948730,4269.615234,4311.922852,4290.384766,4258.077148,4280.384766,4335.897461,4401.922852,4312.179688,4283.205078,4477.051270,4508.846191,4342.436035,4399.358887,0.000000,1.000000,22.000000,,,,0.000000,2.000000,2.000000,0.000000,4.000000,2.000000,2.000000,0.000000,0.000000,4.000000,4.000000,4.000000,4.000000,4.000000,4.000000,0.000000,,,,,,,,,,,,,,,,,,,,,,,,,,,,
1732157913.323166,1732157913.326838,71.000000,0.000000,4284.358887,4269.871582,4311.794922,4284.230957,4257.563965,4279.358887,4335.000000,4401.666504,4301.153809,4281.153809,4476.153809,4508.205078,4336.153809,4398.077148,0.000000,1.000000,22.000000,,,,0.000000,2.000000,2.000000,0.000000,4.000000,2.000000,2.000000,0.000000,0.000000,4.000000,4.000000,4.000000,4.000000,4.000000,4.000000,0.000000,,,,,,,,,,,,,,,,,,,,,,,,,,,,
1732157913.330974,1732157913.334546,72.000000,0.000000,4281.282227,4267.948730,4309.743652,4285.000000,4271.410156,4278.589844,4334.615234,4401.922852,4292.820313,4271.153809,4472.692383,4505.512695,4329.743652,4396.666504,1531.000000,1.000000,22.000000,,,,0.000000,2.000000,2.000000,0.000000,4.000000,2.000000,2.000000,0.000000,0.000000,4.000000,4.000000,4.000000,4.000000,4.000000,4.000000,0.000000,,,,,,,,,,,,,,,,,18.000000,0.000000,0.500624,0.480591,-0.544678,0.470886,0.966915,-0.042486,-0.062996,-35.884869,45.335114,30.490236
1732157913.338782,1732157913.342354,73.000000,0.000000,4279.102539,4267.436035,4311.153809,4290.641113,4265.128418,4281.282227,4335.128418,4401.794922,4305.512695,4273.333496,4473.077148,4508.205078,4332.948730,4397.307617,1691.000000,1.000000,22.000000,,,,0.000000,2.000000,2.000000,0.000000,4.000000,2.000000,2.000000,0.000000,0.000000,4.000000,4.000000,4.000000,4.000000,4.000000,4.000000,0.000000,,,,,,,,,,,,,,,,,,,,,,,,,,,,
1732157913.346591,1732157913.349963,74.000000,0.000000,4281.025879,4267.948730,4312.051270,4290.897461,4270.512695,4282.948730,4334.871582,4401.410156,4308.717773,4277.948730,4474.615234,4509.358887,4337.051270,4397.436035,1548.000000,1.000000,22.000000,,,,0.000000,2.000000,2.000000,0.000000,4.000000,2.000000,2.000000,0.000000,0.000000,4.000000,4.000000,4.000000,4.000000,4.000000,4.000000,0.000000,,,,,,,,,,,,,,,,,,,,,,,,,,,,
1732157913.354399,1732157913.357771,75.000000,0.000000,4282.563965,4269.358887,4310.512695,4286.922852,4291.666504,4279.358887,4334.871582,4400.897461,4296.025879,4268.461426,4473.589844,4508.333496,4335.128418,4397.307617,1566.000000,1.000000,22.000000,,,,0.000000,2.000000,2.000000,0.000000,4.000000,2.000000,2.000000,0.000000,0.000000,4.000000,4.000000,4.000000,4.000000,4.000000,4.000000,0.000000,,,,,,,,,,,,,,,,,,,,,,,,,,,,
1732157913.362207,1732157913.365479,76.000000,0.000000,4281.666504,4271.282227,4311.025879,4288.461426,4283.077148,4278.461426,4335.000000,4401.666504,4300.128418,4269.230957,4473.974121,4508.461426,4336.666504,4398.205078,1701.000000,1.000000,22.000000,,,,0.000000,2.000000,2.000000,0.000000,4.000000,2.000000,2.000000,0.000000,0.000000,4.000000,4.000000,4.000000,4.000000,4.000000,4.000000,0.000000,,,,,,,,,,,,,,,,,19.000000,0.000000,0.500733,0.480469,-0.544739,0.470825,0.975705,-0.030765,-0.058113,-35.823410,45.149776,30.545424
1732157913.370016,1732157913.373287,77.000000,0.000000,4282.436035,4271.794922,4312.179688,4291.922852,4261.922852,4280.128418,4335.000000,4403.077148,4309.743652,4283.589844,4476.282227,4509.871582,4343.077148,4398.974121,1606.000000,1.000000,22.000000,,,,0.000000,2.000000,2.000000,0.000000,4.000000,2.000000,2.000000,0.000000,0.000000,4.000000,4.000000,4.000000,4.000000,4.000000,4.000000,0.000000,,,,,,,,,,,,,,,,,,,,,,,,,,,,
1732157913.377824,1732157913.380896,78.000000,0.000000,4283.974121,4270.641113,4310.384766,4291.666504,4260.641113,4277.820313,4335.000000,4402.051270,4301.538574,4283.077148,4475.897461,4508.846191,4342.307617,4398.974121,1548.000000,1.000000,22.000000,,,,0.000000,2.000000,2.000000,0.000000,4.000000,2.000000,2.000000,0.000000,0.000000,4.000000,4.000000,4.000000,4.000000,4.000000,4.000000,0.000000,1.000000,0.000000,1.000000,2.000000,0.000000,1.000000,1.000000,2.000000,0.000000,0.000000,4.000000,4.000000,1.000000,4.000000,4.000000,4.000000,,,,,,,,,,,,
1732157913.385632,1732157913.388704,79.000000,0.000000,4282.692383,4273.077148,4311.153809,4291.922852,4265.256348,4277.692383,4335.000000,4401.410156,4294.358887,4274.230957,4474.230957,4505.384766,4336.922852,4399.487305,1566.000000,1.000000,22.000000,,,,0.000000,2.000000,2.000000,0.000000,4.000000,2.000000,2.000000,0.000000,0.000000,4.000000,4.000000,4.000000,4.000000,4.000000,4.000000,0.000000,,,,,,,,,,,,,,,,,,,,,,,,,,,,
1732157913.393440,1732157913.396612,80.000000,0.000000,4282.051270,4275.384766,4313.589844,4291.666504,4272.692383,4274.871582,4335.000000,4400.641113,4297.436035,4277.563965,4475.256348,4504.743652,4339.102539,4400.000000,1701.000000,1.000000,22.000000,,,,0.000000,2.000000,2.000000,0.000000,4.000000,2.000000,2.000000,0.000000,0.000000,4.000000,4.000000,4.000000,4.000000,4.000000,4.000000,0.000000,,,,,,,,,,,,,,,,,20.000000,0.000000,0.501053,0.480286,-0.544922,0.470459,0.967892,-0.033207,-0.055671,-35.923630,45.116318,30.573460
1732157913.401248,1732157913.404420,81.000000,0.000000,4282.692383,4270.897461,4310.641113,4288.846191,4281.794922,4266.025879,4335.000000,4400.384766,4297.179688,4280.000000,4475.384766,4506.153809,4341.538574,4399.615234,1606.000000,1.000000,22.000000,,,,0.000000,2.000000,2.000000,0.000000,4.000000,2.000000,2.000000,0.000000,0.000000,4.000000,4.000000,4.000000,4.000000,4.000000,4.000000,0.000000,,,,,,,,,,,,,,,,,,,,,,,,,,,,
1732157913.409057,1732157913.412029,82.000000,0.000000,4282.820313,4271.153809,4304.871582,4288.077148,4268.717773,4267.948730,4335.000000,4399.871582,4300.641113,4277.179688,4473.846191,4508.077148,4340.512695,4399.871582,1548.000000,1.000000,22.000000,,,,0.000000,2.000000,2.000000,0.000000,4.000000,2.000000,2.000000,0.000000,0.000000,4.000000,4.000000,4.000000,4.000000,4.000000,4.000000,0.000000,,,,,,,,,,,,,,,,,,,,,,,,,,,,
1732157913.416865,1732157913.419837,83.000000,0.000000,4283.333496,4273.077148,4308.333496,4289.358887,4254.358887,4278.461426,4335.000000,4399.487305,4305.384766,4277.563965,4473.333496,4512.307617,4339.871582,4400.128418,1566.000000,1.000000,22.000000,,,,0.000000,2.000000,2.000000,0.000000,4.000000,2.000000,2.000000,0.000000,0.000000,4.000000,4.000000,4.000000,4.000000,4.000000,4.000000,0.000000,,,,,,,,,,,,,,,,,,,,,,,,,,,,
1732157913.424673,1732157913.427545,84.000000,0.000000,4282.948730,4269.487305,4314.230957,4290.128418,4264.615234,4280.769043,4335.000000,4401.410156,4300.641113,4279.615234,4474.871582,4513.333496,4336.410156,4398.717773,1701.000000,1.000000,22.000000,,,,0.000000,2.000000,2.000000,0.000000,4.000000,2.000000,2.000000,0.000000,0.000000,4.000000,4.000000,4.000000,4.000000,4.000000,4.000000,0.000000,,,,,,,,,,,,,,,,,21.000000,0.000000,0.501095,0.480164,-0.545044,0.470398,0.973752,-0.033207,-0.044927,-35.948139,45.265884,30.752836
1732157913.432481,1732157913.435354,85.000000,0.000000,4281.153809,4268.846191,4314.358887,4292.436035,4266.410156,4278.333496,4335.000000,4403.077148,4297.436035,4278.461426,4476.538574,4511.282227,4333.333496,4399.230957,1606.000000,1.000000,22.000000,,,,0.000000,2.000000,2.000000,0.000000,4.000000,2.000000,2.000000,0.000000,0.000000,4.000000,4.000000,4.000000,4.000000,4.000000,4.000000,0.000000,,,,,,,,,,,,,,,,,,,,,,,,,,,,
1732157913.440290,1732157913.442962,86.000000,0.000000,4281.025879,4268.333496,4312.307617,4292.179688,4270.512695,4279.230957,4335.000000,4402.692383,4296.794922,4270.128418,4468.846191,4504.102539,4334.487305,4396.282227,1548.000000,1.000000,22.000000,,,,0.000000,2.000000,2.000000,0.000000,4.000000,2.000000,2.000000,0.000000,0.000000,4.000000,4.000000,4.000000,4.000000,4.000000,4.000000,0.000000,,,,,,,,,,,,,,,,,,,,,,,,,,,,
1732157913.448098,1732157913.450770,87.000000,0.000000,4281.922852,4268.974121,4311.282227,4290.769043,4288.846191,4280.384766,4335.000000,4401.666504,4293.589844,4261.153809,4458.333496,4496.794922,4332.307617,4389.743652,1566.000000,1.000000,22.000000,,,,0.000000,2.000000,2.000000,0.000000,4.000000,2.000000,2.000000,0.000000,0.000000,4.000000,4.000000,4.000000,4.000000,4.000000,4.000000,0.000000,,,,,,,,,,,,,,,,,,,,,,,,,,,,
1732157913.455906,1732157913.458478,88.000000,0.000000,4280.256348,4275.128418,4313.077148,4292.692383,4278.077148,4281.410156,4335.000000,4401.282227,4293.589844,4261.538574,4463.333496,4500.769043,4328.333496,4391.538574,1701.000000,1.000000,22.000000,,,,0.000000,2.000000,2.000000,0.000000,4.000000,2.000000,2.000000,0.000000,0.000000,4.000000,4.000000,4.000000,4.000000,4.000000,4.000000,0.000000,,,,,,,,,,,,,,,,,22.000000,0.000000,0.501095,0.480164,-0.545044,0.470398,0.973752,-0.033207,-0.044927,-35.957993,45.373699,30.483131
1732157913.463714,1732157913.466287,89.000000,0.000000,4282.563965,4278.974121,4314.102539,4296.410156,4254.230957,4281.025879,4335.000000,4400.512695,4298.205078,4272.692383,4475.128418,4507.948730,4336.666504,4400.256348,1606.000000,1.000000,22.000000,,,,0.000000,2.000000,2.000000,0.000000,4.000000,2.000000,2.000000,0.000000,0.000000,4.000000,4.000000,4.000000,4.000000,4.000000,4.000000,0.000000,,,,,,,,,,,,,,,,,,,,,,,,,,,,
1732157913.471523,1732157913.473895,90.000000,0.000000,4288.461426,4273.974121,4311.410156,4297.051270,4259.871582,4277.692383,4335.000000,4400.897461,4298.589844,4280.641113,4476.538574,4508.461426,4344.615234,4401.282227,1548.000000,1.000000,22.000000,,,,0.000000,2.000000,2.000000,0.000000,4.000000,2.000000,2.000000,0.000000,0.000000,4.000000,4.000000,4.000000,4.000000,4.000000,4.000000,0.000000,,,,,,,,,,,,,,,,,,,,,,,,,,,,
1732157913.479331,1732157913.481703,91.000000,0.000000,4287.948730,4274.358887,4308.974121,4296.538574,4269.871582,4275.769043,4335.000000,4402.179688,4295.256348,4278.461426,4473.077148,4507.563965,4338.077148,4397.692383,1566.000000,1.000000,22.000000,,,,0.000000,2.000000,2.000000,0.000000,4.000000,2.000000,2.000000,0.000000,0.000000,4.000000,4.000000,4.000000,4.000000,4.000000,4.000000,0.000000,,,,,,,,,,,,,,,,,,,,,,,,,,,,
1732157913.487139,1732157913.489611,92.000000,0.000000,4282.820313,4278.974121,4312.692383,4296.410156,4267.051270,4276.666504,4335.000000,4400.641113,4295.384766,4274.487305,4473.589844,4508.333496,4332.051270,4398.974121,1701.000000,1.000000,22.000000,,,,0.000000,2.000000,2.000000,0.000000,4.000000,2.000000,2.000000,0.000000,0.000000,4.000000,4.000000,4.000000,4.000000,4.000000,4.000000,0.000000,,,,,,,,,,,,,,,,,23.000000,0.000000,0.500549,0.480591,-0.544800,0.470825,0.979123,-0.032719,-0.057136,-35.965973,45.444363,30.453003
1732157913.494947,1732157913.497420,93.000000,0.000000,4282.179688,4279.871582,4314.615234,4295.897461,4269.230957,4280.384766,4335.000000,4399.358887,4296.922852,4277.692383,4475.000000,4507.692383,4337.563965,4399.102539,1606.000000,1.000000,22.000000,,,,0.000000,2.000000,2.000000,0.000000,4.000000,2.000000,2.000000,0.000000,0.000000,4.000000,4.000000,4.000000,4.000000,4.000000,4.000000,0.000000,,,,,,,,,,,,,,,,,,,,,,,,,,,,
1732157913.502756,1732157913.505428,94.000000,0.000000,4282.051270,4278.333496,4309.102539,4290.256348,4283.974121,4281.410156,4335.000000,4400.641113,4296.794922,4279.615234,4474.230957,4506.410156,4340.641113,4395.512695,1548.000000,1.000000,22.000000,,,,0.000000,2.000000,2.000000,0.000000,4.000000,2.000000,2.000000,0.000000,0.000000,4.000000,4.000000,4.000000,4.000000,4.000000,4.000000,0.000000,,,,,,,,,,,,,,,,,,,,,,,,,,,,
1732157913.510564,1732157913.513236,95.000000,0.000000,4278.717773,4277.436035,4306.922852,4289.487305,4290.769043,4278.205078,4335.000000,4402.563965,4295.769043,4273.846191,4471.025879,4506.282227,4334.487305,4394.358887,1566.000000,1.000000,22.000000,,,,0.000000,2.000000,2.000000,0.000000,4.000000,2.000000,2.000000,0.000000,0.000000,4.000000,4.000000,4.000000,4.000000,4.000000,4.000000,0.000000,,,,,,,,,,,,,,,,,,,,,,,,,,,,
1732157913.518372,1732157913.520944,96.000000,0.000000,4285.769043,4277.051270,4311.282227,4297.179688,4273.717773,4277.436035,4335.000000,4401.922852,4296.794922,4272.820313,4469.871582,4509.615234,4335.256348,4397.179688,1701.000000,1.000000,22.000000,,,,0.000000,2.000000,2.000000,0.000000,4.000000,2.000000,2.000000,0.000000,0.000000,4.000000,4.000000,4.000000,4.000000,4.000000,4.000000,0.000000,,,,,,,,,,,,,,,,,24.000000,0.000000,0.500648,0.480469,-0.544922,0.470703,0.983030,-0.028812,-0.057624,-36.055771,45.418266,30.595266
1732157913.526180,1732157913.528752,97.000000,0.000000,4293.846191,4278.333496,4312.692383,4300.512695,4256.410156,4280.256348,4335.000000,4398.974121,4298.461426,4278.205078,4473.461426,4513.846191,4340.769043,4400.641113,1606.000000,1.000000,22.000000,,,,0.000000,2.000000,2.000000,0.000000,4.000000,2.000000,2.000000,0.000000,0.000000,4.000000,4.000000,4.000000,4.000000,4.000000,4.000000,0.000000,,,,,,,,,,,,,,,,,,,,,,,,,,,,
1732157913.533989,1732157913.536361,98.000000,0.000000,4287.948730,4279.358887,4309.230957,4297.436035,4264.358887,4280.512695,4335.000000,4399.102539,4298.461426,4280.897461,4473.846191,4511.025879,4337.692383,4400.256348,1548.000000,1.000000,22.000000,,,,0.000000,2.000000,2.000000,0.000000,4.000000,2.000000,2.000000,0.000000,0.000000,4.000000,4.000000,4.000000,4.000000,4.000000,4.000000,0.000000,,,,,,,,,,,,,,,,,,,,,,,,,,,,
1732157913.541797,1732157913.544169,99.000000,0.000000,4282.948730,4278.461426,4308.461426,4296.666504,4271.794922,4278.077148,4335.000000,4401.282227,4296.666504,4277.436035,4471.282227,4501.282227,4335.897461,4397.436035,1566.000000,1.000000,22.000000,,,,0.000000,2.000000,2.000000,0.000000,4.000000,2.000000,2.000000,0.000000,0.000000,4.000000,4.000000,4.000000,4.000000,4.000000,4.000000,0.000000,,,,,,,,,,,,,,,,,,,,,,,,,,,,
1732157913.549605,1732157913.552077,100.000000,0.000000,4287.563965,4279.487305,4312.563965,4298.461426,4262.820313,4277.820313,4335.000000,4401.282227,4295.512695,4277.307617,4472.436035,4497.692383,4339.230957,4396.538574,1701.000000,1.000000,22.000000,,,,0.000000,2.000000,2.000000,0.000000,4.000000,2.000000,2.000000,0.000000,0.000000,4.000000,4.000000,4.000000,4.000000,4.000000,4.000000,0.000000,,,,,,,,,,,,,,,,,25.000000,0.000000,0.500599,0.480530,-0.544861,0.470764,0.980588,-0.040532,-0.052252,-35.918510,45.402130,30.665499
1732157913.557413,1732157913.559885,101.000000,0.000000,4289.102539,4281.794922,4313.205078,4297.692383,4271.025879,4278.589844,4335.000000,4400.897461,4296.025879,4279.358887,4472.948730,4499.102539,4338.077148,4398.077148,1606.000000,1.000000,22.000000,,,,0.000000,2.000000,2.000000,0.000000,4.000000,2.000000,2.000000,0.000000,0.000000,4.000000,4.000000,4.000000,4.000000,4.000000,4.000000,0.000000,,,,,,,,,,,,,,,,,,,,,,,,,,,,
1732157913.565222,1732157913.567893,102.000000,0.000000,4284.102539,4280.897461,4311.282227,4296.538574,4291.666504,4277.948730,4335.000000,4401.794922,4295.641113,4277.692383,4471.410156,4498.077148,4335.000000,4397.820313,1548.000000,1.000000,22.000000,,,,0.000000,2.000000,2.000000,0.000000,4.000000,2.000000,2.000000,0.000000,0.000000,4.000000,4.000000,4.000000,4.000000,4.000000,4.000000,0.000000,,,,,,,,,,,,,,,,,,,,,,,,,,,,
1732157913.573030,1732157913.575702,103.000000,0.000000,4281.282227,4277.436035,4311.666504,4296.666504,4283.077148,4276.538574,4335.000000,4401.666504,4294.487305,4276.410156,4470.256348,4493.717773,4335.512695,4394.615234,1566.000000,1.000000,22.000000,,,,0.000000,2.000000,2.000000,0.000000,4.000000,2.000000,2.000000,0.000000,0.000000,4.000000,4.000000,4.000000,4.000000,4.000000,4.000000,0.000000,,,,,,,,,,,,,,,,,,,,,,,,,,,,
1732157913.580838,1732157913.583610,104.000000,0.000000,4282.307617,4276.410156,4312.820313,4295.769043,4259.487305,4277.692383,4335.000000,4400.128418,4295.384766,4277.692383,4470.256348,4495.128418,4334.230957,4394.230957,1701.000000,1.000000,22.000000,,,,0.000000,2.000000,2.000000,0.000000,4.000000,2.000000,2.000000,0.000000,0.000000,4.000000,4.000000,4.000000,4.000000,4.000000,4.000000,0.000000,,,,,,,,,,,,,,,,,26.000000,0.000000,0.500367,0.480652,-0.544861,0.470886,0.972287,-0.043951,-0.061043,-36.028992,45.420727,30.570721
1732157913.588646,1732157913.591418,105.000000,0.000000,4284.487305,4278.461426,4312.307617,4294.487305,4256.153809,4280.384766,4335.000000,4399.487305,4295.897461,4278.461426,4472.179688,4503.589844,4335.128418,4397.307617,1606.000000,1.000000,22.000000,,,,0.000000,2.000000,2.000000,0.000000,4.000000,2.000000,2.000000,0.000000,0.000000,4.000000,4.000000,4.000000,4.000000,4.000000,4.000000,0.000000,,,,,,,,,,,,,,,,,,,,,,,,,,,,
1732157913.596455,1732157913.599426,106.000000,0.000000,4287.563965,4277.179688,4310.769043,4293.461426,4267.948730,4279.487305,4335.000000,4399.743652,4294.487305,4277.563965,4474.358887,4506.410156,4337.436035,4400.641113,1548.000000,1.000000,22.000000,,,,0.000000,2.000000,2.000000,0.000000,4.000000,2.000000,2.000000,0.000000,0.000000,4.000000,4.000000,4.000000,4.000000,4.000000,4.000000,0.000000,,,,,,,,,,,,,,,,,,,,,,,,,,,,
1732157913.604263,1732157913.607234,107.000000,0.000000,4287.436035,4272.307617,4312.436035,4292.179688,4265.897461,4276.794922,4335.000000,4400.769043,4294.743652,4277.179688,4474.230957,4505.512695,4336.153809,4401.794922,1566.000000,1.000000,22.000000,,,,0.000000,2.000000,2.000000,0.000000,4.000000,2.000000,2.000000,0.000000,0.000000,4.000000,4.000000,4.000000,4.000000,4.000000,4.000000,0.000000,,,,,,,,,,,,,,,,,,,,,,,,,,,,
1732157913.612071,1732157913.615142,108.000000,0.000000,4284.230957,4271.794922,4311.922852,4289.358887,4258.846191,4277.563965,4335.000000,4400.897461,4296.410156,4280.256348,4473.205078,4506.153809,4339.102539,4400.256348,1701.000000,1.000000,22.000000,,,,0.000000,2.000000,2.000000,0.000000,4.000000,2.000000,2.000000,0.000000,0.000000,4.000000,4.000000,4.000000,4.000000,4.000000,4.000000,0.000000,,,,,,,,,,,,,,,,,27.000000,0.000000,0.500184,0.480713,-0.544922,0.470947,0.988402,-0.048834,-0.062019,-35.918484,45.417454,30.742283
1732157913.619879,1732157913.622950,109.000000,0.000000,4281.282227,4274.487305,4311.794922,4287.051270,4274.743652,4280.641113,4335.000000,4400.512695,4295.769043,4282.692383,4472.692383,4504.871582,4343.461426,4397.948730,1606.000000,1.000000,22.000000,,,,0.000000,2.000000,2.000000,0.000000,4.000000,2.000000,2.000000,0.000000,0.000000,4.000000,4.000000,4.000000,4.000000,4.000000,4.000000,0.000000,,,,,,,,,,,,,,,,,,,,,,,,,,,,
1732157913.627688,1732157913.630958,110.000000,0.000000,4284.743652,4276.153809,4312.692383,4291.282227,4289.615234,4281.538574,4335.000000,4400.897461,4295.256348,4280.641113,4473.205078,4502.563965,4342.307617,4397.051270,1548.000000,1.000000,22.000000,,,,0.000000,2.000000,2.000000,0.000000,4.000000,2.000000,2.000000,0.000000,0.000000,4.000000,4.000000,4.000000,4.000000,4.000000,4.000000,0.000000,,,,,,,,,,,,,,,,,,,,,,,,,,,,
1732157913.635496,1732157913.638767,111.000000,0.000000,4289.358887,4278.461426,4311.794922,4297.307617,4274.487305,4283.205078,4335.000000,4400.512695,4297.436035,4283.974121,4474.230957,4502.436035,4341.666504,4401.538574,1566.000000,1.000000,22.000000,,,,0.000000,2.000000,2.000000,0.000000,4.000000,2.000000,2.000000,0.000000,0.000000,4.000000,4.000000,4.000000,4.000000,4.000000,4.000000,0.000000,,,,,,,,,,,,,,,,,,,,,,,,,,,,
1732157913.643304,1732157913.646675,112.000000,0.000000,4292.948730,4280.384766,4312.436035,4298.846191,4258.589844,4282.692383,4335.000000,4399.102539,4299.102539,4291.025879,4474.230957,4503.333496,4343.589844,4404.743652,1701.000000,1.000000,22.000000,,,,0.000000,2.000000,2.000000,0.000000,4.000000,2.000000,2.000000,0.000000,0.000000,4.000000,4.000000,4.000000,4.000000,4.000000,4.000000,0.000000,,,,,,,,,,,,,,,,,28.000000,0.000000,0.500069,0.480713,-0.544922,0.471069,0.973263,-0.032719,-0.061531,-36.083973,45.471470,30.724583
1732157913.651112,1732157913.654483,113.000000,0.000000,4295.000000,4278.461426,4314.871582,4296.666504,4268.846191,4279.615234,4335.000000,4399.871582,4298.717773,4287.563965,4472.436035,4502.179688,4340.384766,4400.512695,1606.000000,1.000000,22.000000,,,,0.000000,2.000000,2.000000,0.000000,4.000000,2.000000,2.000000,0.000000,0.000000,4.000000,4.000000,4.000000,4.000000,4.000000,4.000000,0.000000,,,,,,,,,,,,,,,,,,,,,,,,,,,,
1732157913.658921,1732157913.662491,114.000000,0.000000,4287.820313,4276.410156,4312.692383,4296.666504,4273.589844,4284.615234,4335.000000,4401.410156,4298.333496,4281.666504,4471.153809,4496.922852,4338.461426,4396.922852,1548.000000,1.000000,22.000000,,,,0.000000,2.000000,2.000000,0.000000,4.000000,2.000000,2.000000,0.000000,0.000000,4.000000,4.000000,4.000000,4.000000,4.000000,4.000000,0.000000,,,,,,,,,,,,,,,,,,,,,,,,,,,,
1732157913.666729,1732157913.670299,115.000000,0.000000,4279.487305,4276.025879,4309.743652,4295.897461,4274.743652,4289.871582,4335.000000,4400.256348,4295.384766,4280.512695,4470.769043,4493.333496,4339.743652,4398.589844,1566.000000,1.000000,22.000000,,,,0.000000,2.000000,2.000000,0.000000,4.000000,2.000000,2.000000,0.000000,0.000000,4.000000,4.000000,4.000000,4.000000,4.000000,4.000000,0.000000,,,,,,,,,,,,,,,,,,,,,,,,,,,,
1732157913.674537,1732157913.678207,116.000000,0.000000,4283.077148,4273.846191,4311.794922,4291.025879,4292.692383,4283.077148,4335.000000,4397.948730,4293.077148,4276.794922,4470.769043,4493.974121,4335.256348,4398.717773,1701.000000,1.000000,22.000000,,,,0.000000,2.000000,2.000000,0.000000,4.000000,2.000000,2.000000,0.000000,0.000000,4.000000,4.000000,4.000000,4.000000,4.000000,4.000000,0.000000,,,,,,,,,,,,,,,,,29.000000,0.000000,0.500010,0.480774,-0.544922,0.471069,0.970333,-0.027835,-0.054206,-36.068016,45.381893,30.998579
1732157913.682345,1732157913.686015,117.000000,0.000000,4290.384766,4274.487305,4313.461426,4290.897461,4285.769043,4276.025879,4335.000000,4399.230957,4299.743652,4279.871582,4471.153809,4499.358887,4335.769043,4399.871582,1606.000000,1.000000,22.000000,,,,0.000000,2.000000,2.000000,0.000000,4.000000,2.000000,2.000000,0.000000,0.000000,4.000000,4.000000,4.000000,4.000000,4.000000,4.000000,0.000000,,,,,,,,,,,,,,,,,,,,,,,,,,,,
1732157913.690154,1732157913.693824,118.000000,0.000000,4291.794922,4277.051270,4312.307617,4295.641113,4255.384766,4280.128418,4335.000000,4401.282227,4307.179688,4290.384766,4471.410156,4501.922852,4343.589844,4404.358887,1548.000000,1.000000,22.000000,,,,0.000000,2.000000,2.000000,0.000000,4.000000,2.000000,2.000000,0.000000,0.000000,4.000000,4.000000,4.000000,4.000000,4.000000,4.000000,0.000000,,,,,,,,,,,,,,,,,,,,,,,,,,,,
1732157913.697962,1732157913.701632,119.000000,0.000000,4291.794922,4277.948730,4312.307617,4297.307617,4263.077148,4283.717773,4335.000000,4399.230957,4300.384766,4285.512695,4471.794922,4498.333496,4341.410156,4400.256348,1566.000000,1.000000,22.000000,,,,0.000000,2.000000,2.000000,0.000000,4.000000,2.000000,2.000000,0.000000,0.000000,4.000000,4.000000,4.000000,4.000000,4.000000,4.000000,0.000000,,,,,,,,,,,,,,,,,,,,,,,,,,,,
1732157913.705770,1732157913.709340,120.000000,0.000000,4292.948730,4277.563965,4312.948730,4296.025879,4290.000000,4280.256348,4335.000000,4398.461426,4295.256348,4274.615234,4471.794922,4495.128418,4333.974121,4396.153809,1701.000000,1.000000,22.000000,,,,0.000000,2.000000,2.000000,0.000000,4.000000,2.000000,2.000000,0.000000,0.000000,4.000000,4.000000,4.000000,4.000000,4.000000,4.000000,0.000000,,,,,,,,,,,,,,,,,30.000000,0.000000,0.499886,0.480774,-0.544983,0.471130,0.977658,-0.045416,-0.070809,-35.861759,45.257664,30.942183
1732157913.713578,1732157913.717148,121.000000,0.000000,4293.077148,4278.205078,4312.307617,4296.282227,4280.512695,4278.717773,4335.000000,4400.256348,4304.871582,4281.666504,4473.205078,4497.436035,4338.717773,4402.051270,1606.000000,1.000000,22.000000,,,,0.000000,2.000000,2.000000,0.000000,4.000000,2.000000,2.000000,0.000000,0.000000,4.000000,4.000000,4.000000,4.000000,4.000000,4.000000,0.000000,,,,,,,,,,,,,,,,,,,,,,,,,,,,
1732157913.721387,1732157913.724757,122.000000,0.000000,4291.922852,4280.000000,4311.794922,4297.820313,4259.871582,4280.897461,4335.000000,4399.743652,4307.307617,4289.358887,4475.128418,4503.205078,4343.974121,4406.410156,1548.000000,1.000000,22.000000,,,,0.000000,2.000000,2.000000,0.000000,4.000000,2.000000,2.000000,0.000000,0.000000,4.000000,4.000000,4.000000,4.000000,4.000000,4.000000,0.000000,,,,,,,,,,,,,,,,,,,,,,,,,,,,
1732157913.729195,1732157913.732565,123.000000,0.000000,4292.179688,4280.000000,4310.384766,4298.589844,4262.436035,4282.563965,4335.000000,4397.948730,4297.179688,4282.948730,4474.230957,4506.538574,4342.307617,4402.692383,1566.000000,1.000000,22.000000,,,,0.000000,2.000000,2.000000,0.000000,4.000000,2.000000,2.000000,0.000000,0.000000,4.000000,4.000000,4.000000,4.000000,4.000000,4.000000,0.000000,,,,,,,,,,,,,,,,,,,,,,,,,,,,
1732157913.737003,1732157913.740273,124.000000,0.000000,4292.948730,4278.205078,4310.512695,4295.769043,4276.282227,4280.897461,4335.000000,4398.846191,4294.487305,4278.589844,4472.563965,4507.051270,4342.179688,4398.205078,1701.000000,1.000000,22.000000,,,,0.000000,2.000000,2.000000,0.000000,4.000000,2.000000,2.000000,0.000000,0.000000,4.000000,4.000000,4.000000,4.000000,4.000000,4.000000,0.000000,,,,,,,,,,,,,,,,,31.000000,0.000000,0.499662,0.480957,-0.544922,0.471252,0.970822,-0.018557,-0.070809,-35.784695,45.183708,30.916500
1732157913.744811,1732157913.748081,125.000000,0.000000,4287.307617,4277.563965,4312.436035,4291.282227,4287.179688,4280.000000,4335.000000,4400.000000,4297.948730,4281.153809,4471.538574,4500.512695,4344.358887,4399.102539,1606.000000,1.000000,22.000000,,,,0.000000,2.000000,2.000000,0.000000,4.000000,2.000000,2.000000,0.000000,0.000000,4.000000,4.000000,4.000000,4.000000,4.000000,4.000000,0.000000,,,,,,,,,,,,,,,,,,,,,,,,,,,,
1732157913.752620,1732157913.755690,126.000000,0.000000,4280.641113,4278.077148,4313.974121,4291.794922,4278.077148,4280.897461,4335.000000,4399.743652,4298.846191,4282.179688,4470.384766,4498.205078,4343.461426,4399.615234,1548.000000,1.000000,22.000000,,,,0.000000,2.000000,2.000000,0.000000,4.000000,2.000000,2.000000,0.000000,0.000000,4.000000,4.000000,4.000000,4.000000,4.000000,4.000000,0.000000,,,,,,,,,,,,,,,,,,,,,,,,,,,,
1732157913.760428,1732157913.763498,127.000000,0.000000,4283.974121,4278.077148,4312.307617,4295.769043,4260.128418,4280.641113,4335.000000,4399.358887,4297.179688,4280.769043,4471.666504,4506.153809,4340.897461,4397.820313,22.000000,1.000000,22.000000,,,,0.000000,2.000000,2.000000,0.000000,4.000000,2.000000,2.000000,0.000000,0.000000,4.000000,4.000000,4.000000,4.000000,4.000000,4.000000,0.000000,,,,,,,,,,,,,,,,,,,,,,,,,,,,
1732157913.768236,1732157913.771206,0.000000,0.000000,4292.307617,4277.179688,4311.922852,4295.512695,4265.000000,4279.743652,4335.000000,4400.769043,4296.282227,4280.512695,4475.512695,4509.230957,4342.563965,4403.077148,0.000000,1.000000,22.000000,,,,0.000000,2.000000,2.000000,0.000000,4.000000,2.000000,2.000000,0.000000,0.000000,4.000000,4.000000,4.000000,4.000000,4.000000,4.000000,0.000000,,,,,,,,,,,,,,,,,0.000000,0.000000,0.499711,0.480896,-0.544983,0.471191,0.970822,-0.018557,-0.070809,-35.983936,45.243805,30.995699
1732157913.776044,1732157913.779015,1.000000,0.000000,4293.717773,4278.205078,4313.589844,4293.974121,4274.743652,4280.512695,4335.000000,4402.820313,4301.538574,4280.769043,4478.077148,4507.820313,4345.000000,4410.384766,1599.000000,1.000000,22.000000,,,,0.000000,2.000000,2.000000,0.000000,4.000000,2.000000,2.000000,0.000000,0.000000,4.000000,4.000000,4.000000,4.000000,4.000000,4.000000,0.000000,,,,,,,,,,,,,,,,,,,,,,,,,,,,
1732157913.783853,1732157913.787023,2.000000,0.000000,4291.794922,4279.743652,4314.615234,4295.769043,4274.871582,4281.538574,4335.000000,4402.436035,4305.769043,4281.922852,4478.461426,4507.948730,4344.615234,4407.307617,1366.000000,1.000000,22.000000,,,,0.000000,2.000000,2.000000,0.000000,4.000000,2.000000,2.000000,0.000000,0.000000,4.000000,4.000000,4.000000,4.000000,4.000000,4.000000,0.000000,,,,,,,,,,,,,,,,,,,,,,,,,,,,
1732157913.791661,1732157913.794831,3.000000,0.000000,4293.205078,4279.230957,4313.205078,4295.512695,4289.230957,4278.589844,4335.000000,4400.384766,4299.615234,4282.051270,4478.205078,4507.820313,4342.820313,4403.333496,1421.000000,1.000000,22.000000,,,,0.000000,2.000000,2.000000,0.000000,4.000000,2.000000,2.000000,0.000000,0.000000,4.000000,4.000000,4.000000,4.000000,4.000000,4.000000,0.000000,,,,,,,,,,,,,,,,,,,,,,,,,,,,
1732157913.799469,1732157913.802539,4.000000,0.000000,4291.794922,4277.692383,4312.179688,4293.589844,4288.846191,4277.051270,4335.000000,4400.641113,4294.487305,4279.487305,4476.794922,4505.000000,4341.538574,4405.000000,1419.000000,1.000000,22.000000,,,,0.000000,2.000000,2.000000,0.000000,4.000000,2.000000,2.000000,0.000000,0.000000,4.000000,4.000000,4.000000,4.000000,4.000000,4.000000,0.000000,,,,,,,,,,,,,,,,,1.000000,0.000000,0.499696,0.480774,-0.545105,0.471191,0.963985,-0.039067,-0.063973,-35.688652,45.364147,31.143183
1732157913.807277,1732157913.810347,5.000000,0.000000,4286.538574,4278.846191,4311.538574,4297.820313,4265.641113,4280.384766,4335.000000,4400.897461,4296.666504,4278.205078,4475.256348,4503.205078,4342.948730,4403.846191,1209.000000,1.000000,22.000000,,,,0.000000,2.000000,2.000000,0.000000,4.000000,2.000000,2.000000,0.000000,0.000000,4.000000,4.000000,4.000000,4.000000,4.000000,4.000000,0.000000,,,,,,,,,,,,,,,,,,,,,,,,,,,,
1732157913.815086,1732157913.817956,6.000000,0.000000,4287.051270,4280.897461,4310.512695,4301.922852,4262.692383,4280.897461,4335.000000,4399.102539,4298.974121,4279.743652,4478.077148,4504.871582,4345.384766,4405.128418,0.000000,1.000000,22.000000,,,,0.000000,2.000000,2.000000,0.000000,4.000000,2.000000,2.000000,0.000000,0.000000,4.000000,4.000000,4.000000,4.000000,4.000000,4.000000,0.000000,,,,,,,,,,,,,,,,,,,,,,,,,,,,
1732157913.822894,1732157913.825764,7.000000,0.000000,4290.769043,4280.641113,4312.051270,4297.948730,4275.769043,4279.102539,4335.000000,4400.128418,4302.692383,4281.794922,4479.871582,4502.436035,4344.487305,4403.846191,0.000000,1.000000,22.000000,,,,0.000000,2.000000,2.000000,0.000000,4.000000,2.000000,2.000000,0.000000,0.000000,4.000000,4.000000,4.000000,4.000000,4.000000,4.000000,0.000000,,,,,,,,,,,,,,,,,,,,,,,,,,,,
1732157913.830702,1732157913.833472,8.000000,0.000000,4287.820313,4279.871582,4313.589844,4293.205078,4285.384766,4279.487305,4335.000000,4402.307617,4303.461426,4281.794922,4475.641113,4495.384766,4341.538574,4397.692383,1531.000000,1.000000,22.000000,,,,0.000000,2.000000,2.000000,0.000000,4.000000,2.000000,2.000000,0.000000,0.000000,4.000000,4.000000,4.000000,4.000000,4.000000,4.000000,0.000000,,,,,,,,,,,,,,,,,2.000000,0.000000,0.499878,0.480713,-0.545044,0.471130,0.984495,-0.032230,-0.050787,-35.611141,45.278294,31.132645
1732157913.838510,1732157913.841281,9.000000,0.000000,4288.589844,4280.384766,4313.205078,4293.974121,4285.641113,4279.230957,4335.000000,4400.384766,4296.922852,4280.769043,4473.461426,4498.461426,4344.743652,4404.230957,1690.000000,1.000000,22.000000,,,,0.000000,2.000000,2.000000,0.000000,4.000000,2.000000,2.000000,0.000000,0.000000,4.000000,4.000000,4.000000,4.000000,4.000000,4.000000,0.000000,,,,,,,,,,,,,,,,,,,,,,,,,,,,
1732157913.846319,1732157913.848889,10.000000,0.000000,4295.000000,4280.256348,4314.102539,4295.897461,4272.563965,4275.769043,4335.000000,4398.974121,4295.000000,4279.615234,4477.179688,4509.743652,4350.000000,4414.871582,1548.000000,1.000000,22.000000,,,,0.000000,2.000000,2.000000,0.000000,4.000000,2.000000,2.000000,0.000000,0.000000,4.000000,4.000000,4.000000,4.000000,4.000000,4.000000,0.000000,,,,,,,,,,,,,,,,,,,,,,,,,,,,
1732157913.854127,1732157913.856697,11.000000,0.000000,4297.307617,4279.487305,4313.846191,4296.282227,4254.487305,4277.307617,4335.000000,4401.025879,4300.000000,4283.589844,4479.743652,4511.410156,4350.128418,4409.487305,1566.000000,1.000000,22.000000,,,,0.000000,2.000000,2.000000,0.000000,4.000000,2.000000,2.000000,0.000000,0.000000,4.000000,4.000000,4.000000,4.000000,4.000000,4.000000,0.000000,,,,,,,,,,,,,,,,,,,,,,,,,,,,
1732157913.861935,1732157913.864405,12.000000,0.000000,4291.025879,4280.000000,4310.384766,4293.461426,4264.487305,4278.589844,4335.000000,4402.436035,4301.666504,4288.333496,4477.179688,4505.000000,4349.487305,4400.384766,1701.000000,1.000000,22.000000,,,,0.000000,2.000000,2.000000,0.000000,4.000000,2.000000,2.000000,0.000000,0.000000,4.000000,4.000000,4.000000,4.000000,4.000000,4.000000,0.000000,,,,,,,,,,,,,,,,,3.000000,0.000000,0.499936,0.480713,-0.545044,0.471069,0.984495,-0.032230,-0.050787,-35.653358,45.327084,31.105776
1732157913.869743,1732157913.872214,13.000000,0.000000,4285.641113,4281.282227,4311.025879,4292.051270,4283.589844,4271.282227,4335.000000,4401.025879,4298.717773,4284.230957,4474.487305,4504.358887,4350.641113,4403.846191,1604.000000,1.000000,22.000000,,,,0.000000,2.000000,2.000000,0.000000,4.000000,2.000000,2.000000,0.000000,0.000000,4.000000,4.000000,4.000000,4.000000,4.000000,4.000000,0.000000,,,,,,,,,,,,,,,,,,,,,,,,,,,,
1732157913.877552,1732157913.879822,14.000000,0.000000,4289.743652,4281.922852,4314.358887,4294.615234,4274.743652,4269.358887,4335.000000,4401.538574,4296.922852,4283.205078,4482.179688,4509.358887,4350.641113,4411.025879,1548.000000,1.000000,22.000000,,,,0.000000,2.000000,2.000000,0.000000,4.000000,2.000000,2.000000,0.000000,0.000000,4.000000,4.000000,4.000000,4.000000,4.000000,4.000000,0.000000,1.000000,0.000000,1.000000,2.000000,0.000000,1.000000,1.000000,1.000000,0.000000,0.000000,4.000000,4.000000,1.000000,4.000000,1.000000,4.000000,,,,,,,,,,,,
1732157913.885360,1732157913.887630,15.000000,0.000000,4294.871582,4281.666504,4314.102539,4297.820313,4259.615234,4277.307617,4335.000000,4403.205078,4297.563965,4287.436035,4490.769043,4511.282227,4351.282227,4413.333496,1566.000000,1.000000,22.000000,,,,0.000000,2.000000,2.000000,0.000000,4.000000,2.000000,2.000000,0.000000,0.000000,4.000000,4.000000,4.000000,4.000000,4.000000,4.000000,0.000000,,,,,,,,,,,,,,,,,,,,,,,,,,,,
1732157913.893168,1732157913.895538,16.000000,0.000000,4295.128418,4281.666504,4312.948730,4300.384766,4259.230957,4281.025879,4335.000000,4401.025879,4297.563965,4286.153809,4483.717773,4505.128418,4349.358887,4406.794922,0.000000,1.000000,22.000000,,,,0.000000,2.000000,2.000000,0.000000,4.000000,2.000000,2.000000,0.000000,0.000000,4.000000,4.000000,4.000000,4.000000,4.000000,4.000000,0.000000,,,,,,,,,,,,,,,,,4.000000,0.000000,0.499886,0.480774,-0.544983,0.471130,0.979123,-0.034672,-0.063484,-35.339222,45.486607,31.212345
1732157913.900976,1732157913.903347,17.000000,0.000000,4292.051270,4281.538574,4314.230957,4298.589844,4270.000000,4278.333496,4335.000000,4400.128418,4296.410156,4280.512695,4472.051270,4499.871582,4343.077148,4397.179688,0.000000,1.000000,22.000000,,,,0.000000,2.000000,2.000000,0.000000,4.000000,2.000000,2.000000,0.000000,0.000000,4.000000,4.000000,4.000000,4.000000,4.000000,4.000000,0.000000,,,,,,,,,,,,,,,,,,,,,,,,,,,,
1732157913.908785,1732157913.911355,18.000000,0.000000,4291.538574,4280.384766,4313.717773,4293.461426,4282.179688,4278.333496,4335.000000,4402.051270,4295.897461,4278.974121,4472.563965,4498.333496,4338.589844,4395.769043,0.000000,1.000000,22.000000,,,,0.000000,2.000000,2.000000,0.000000,4.000000,2.000000,2.000000,0.000000,0.000000,4.000000,4.000000,4.000000,4.000000,4.000000,4.000000,0.000000,,,,,,,,,,,,,,,,,,,,,,,,,,,,
1732157913.916593,1732157913.919163,19.000000,0.000000,4291.410156,4278.846191,4312.051270,4292.563965,4282.051270,4278.461426,4335.000000,4401.538574,4297.179688,4279.871582,4476.794922,4498.333496,4341.153809,4401.025879,0.000000,1.000000,22.000000,,,,0.000000,2.000000,2.000000,0.000000,4.000000,2.000000,2.000000,0.000000,0.000000,4.000000,4.000000,4.000000,4.000000,4.000000,4.000000,0.000000,,,,,,,,,,,,,,,,,,,,,,,,,,,,
1732157913.924401,1732157913.926871,20.000000,0.000000,4290.769043,4278.589844,4311.538574,4295.256348,4263.717773,4277.179688,4335.000000,4399.615234,4298.974121,4280.897461,4476.794922,4504.358887,4347.179688,4403.077148,0.000000,1.000000,22.000000,,,,0.000000,2.000000,2.000000,0.000000,4.000000,2.000000,2.000000,0.000000,0.000000,4.000000,4.000000,4.000000,4.000000,4.000000,4.000000,0.000000,,,,,,,,,,,,,,,,,5.000000,0.000000,0.499887,0.480713,-0.544983,0.471191,0.984007,-0.032719,-0.052741,-35.516434,45.615818,31.165333
1732157913.932209,1732157913.934679,21.000000,0.000000,4289.743652,4279.358887,4311.025879,4295.512695,4255.000000,4279.230957,4335.000000,4400.641113,4298.333496,4282.948730,4477.307617,4509.230957,4347.820313,4399.871582,0.000000,1.000000,22.000000,,,,0.000000,2.000000,2.000000,0.000000,4.000000,2.000000,2.000000,0.000000,0.000000,4.000000,4.000000,4.000000,4.000000,4.000000,4.000000,0.000000,,,,,,,,,,,,,,,,,,,,,,,,,,,,
1732157913.940018,1732157913.942288,22.000000,0.000000,4292.820313,4279.871582,4311.794922,4296.025879,4282.179688,4277.820313,4335.000000,4402.179688,4296.282227,4280.641113,4476.538574,4506.410156,4343.717773,4398.333496,0.000000,1.000000,22.000000,,,,0.000000,2.000000,2.000000,0.000000,4.000000,2.000000,2.000000,0.000000,0.000000,4.000000,4.000000,4.000000,4.000000,4.000000,4.000000,0.000000,,,,,,,,,,,,,,,,,,,,,,,,,,,,
1732157913.947826,1732157913.950096,23.000000,0.000000,4295.256348,4279.871582,4313.589844,4297.563965,4294.743652,4277.436035,4335.000000,4401.666504,4296.922852,4279.871582,4474.615234,4505.128418,4341.538574,4398.974121,0.000000,1.000000,22.000000,,,,0.000000,2.000000,2.000000,0.000000,4.000000,2.000000,2.000000,0.000000,0.000000,4.000000,4.000000,4.000000,4.000000,4.000000,4.000000,0.000000,,,,,,,,,,,,,,,,,,,,,,,,,,,,
1732157913.955634,1732157913.958004,24.000000,0.000000,4288.974121,4280.384766,4313.461426,4296.666504,4271.025879,4279.230957,4335.000000,4401.410156,4299.487305,4281.410156,4472.948730,4509.102539,4343.205078,4401.025879,0.000000,1.000000,22.000000,,,,0.000000,2.000000,2.000000,0.000000,4.000000,2.000000,2.000000,0.000000,0.000000,4.000000,4.000000,4.000000,4.000000,4.000000,4.000000,0.000000,,,,,,,,,,,,,,,,,6.000000,0.000000,0.499721,0.480835,-0.544922,0.471313,0.975705,-0.038579,-0.062508,-35.801647,45.653812,31.157253
1732157913.963442,1732157913.965812,25.000000,0.000000,4286.538574,4280.897461,4310.897461,4296.025879,4257.948730,4277.179688,4335.000000,4400.897461,4297.820313,4281.538574,4472.820313,4510.128418,4343.846191,4404.871582,0.000000,1.000000,22.000000,,,,0.000000,2.000000,2.000000,0.000000,4.000000,2.000000,2.000000,0.000000,0.000000,4.000000,4.000000,4.000000,4.000000,4.000000,4.000000,0.000000,,,,,,,,,,,,,,,,,,,,,,,,,,,,
1732157913.971251,1732157913.973820,26.000000,0.000000,4289.358887,4281.025879,4310.897461,4296.538574,4269.743652,4276.153809,4335.000000,4400.641113,4295.641113,4281.025879,4473.846191,4507.307617,4343.077148,4403.717773,0.000000,1.000000,22.000000,,,,0.000000,2.000000,2.000000,0.000000,4.000000,2.000000,2.000000,0.000000,0.000000,4.000000,4.000000,4.000000,4.000000,4.000000,4.000000,0.000000,,,,,,,,,,,,,,,,,,,,,,,,,,,,
1732157913.979059,1732157913.981628,27.000000,0.000000,4289.871582,4280.897461,4314.615234,4295.000000,4273.974121,4280.384766,4335.000000,4399.230957,4300.512695,4281.282227,4473.974121,4504.615234,4342.307617,4398.846191,0.000000,1.000000,22.000000,,,,0.000000,2.000000,2.000000,0.000000,4.000000,2.000000,2.000000,0.000000,0.000000,4.000000,4.000000,4.000000,4.000000,4.000000,4.000000,0.000000,,,,,,,,,,,,,,,,,,,,,,,,,,,,
1732157913.986867,1732157913.989537,28.000000,0.000000,4286.794922,4280.384766,4315.128418,4292.692383,4277.563965,4282.563965,4335.000000,4397.948730,4302.692383,4284.102539,4472.820313,4505.384766,4340.897461,4400.128418,0.000000,1.000000,22.000000,,,,0.000000,2.000000,2.000000,0.000000,4.000000,2.000000,2.000000,0.000000,0.000000,4.000000,4.000000,4.000000,4.000000,4.000000,4.000000,0.000000,,,,,,,,,,,,,,,,,7.000000,0.000000,0.499672,0.480896,-0.544861,0.471375,0.979612,-0.037114,-0.054206,-35.491001,45.624588,31.032375
1732157913.994675,1732157913.997345,29.000000,0.000000,4283.077148,4278.205078,4311.922852,4289.102539,4291.153809,4279.487305,4335.000000,4401.282227,4297.436035,4281.538574,4471.282227,4506.794922,4341.666504,4401.153809,0.000000,1.000000,22.000000,,,,0.000000,2.000000,2.000000,0.000000,4.000000,2.000000,2.000000,0.000000,0.000000,4.000000,4.000000,4.000000,4.000000,4.000000,4.000000,0.000000,,,,,,,,,,,,,,,,,,,,,,,,,,,,
1732157914.002483,1732157914.005353,30.000000,0.000000,4279.743652,4273.077148,4310.897461,4287.436035,4278.974121,4276.922852,4335.000000,4401.922852,4296.025879,4280.128418,4473.205078,4506.025879,4342.692383,4397.436035,0.000000,1.000000,22.000000,,,,0.000000,2.000000,2.000000,0.000000,4.000000,2.000000,2.000000,0.000000,0.000000,4.000000,4.000000,4.000000,4.000000,4.000000,4.000000,0.000000,,,,,,,,,,,,,,,,,,,,,,,,,,,,
1732157914.010292,1732157914.013161,31.000000,0.000000,4281.410156,4272.179688,4310.641113,4289.615234,4251.794922,4277.179688,4335.000000,4400.000000,4297.436035,4286.794922,4475.641113,4507.820313,4342.692383,4400.512695,0.000000,1.000000,22.000000,,,,0.000000,2.000000,2.000000,0.000000,4.000000,2.000000,2.000000,0.000000,0.000000,4.000000,4.000000,4.000000,4.000000,4.000000,4.000000,0.000000,,,,,,,,,,,,,,,,,,,,,,,,,,,,
1732157914.018100,1732157914.021069,32.000000,0.000000,4285.641113,4277.820313,4310.641113,4288.846191,4260.128418,4277.820313,4335.000000,4404.487305,4297.179688,4291.666504,4474.615234,4510.000000,4343.461426,4405.128418,0.000000,1.000000,22.000000,,,,0.000000,2.000000,2.000000,0.000000,4.000000,2.000000,2.000000,0.000000,0.000000,4.000000,4.000000,4.000000,4.000000,4.000000,4.000000,0.000000,,,,,,,,,,,,,,,,,8.000000,0.000000,0.499830,0.480713,-0.544983,0.471252,0.994262,-0.025882,-0.049811,-35.649376,45.534248,31.122890
1732157914.025908,1732157914.028877,33.000000,0.000000,4282.820313,4280.641113,4310.641113,4289.487305,4286.410156,4277.820313,4335.000000,4405.897461,4301.410156,4291.666504,4474.743652,4507.563965,4343.974121,4400.128418,0.000000,1.000000,22.000000,,,,0.000000,2.000000,2.000000,0.000000,4.000000,2.000000,2.000000,0.000000,0.000000,4.000000,4.000000,4.000000,4.000000,4.000000,4.000000,0.000000,,,,,,,,,,,,,,,,,,,,,,,,,,,,
1732157914.033717,1732157914.036885,34.000000,0.000000,4280.897461,4278.974121,4311.153809,4295.128418,4280.256348,4278.461426,4335.000000,4400.769043,4304.358887,4287.820313,4476.922852,4505.769043,4343.717773,4398.846191,0.000000,1.000000,22.000000,,,,0.000000,2.000000,2.000000,0.000000,4.000000,2.000000,2.000000,0.000000,0.000000,4.000000,4.000000,4.000000,4.000000,4.000000,4.000000,0.000000,,,,,,,,,,,,,,,,,,,,,,,,,,,,
1732157914.041525,1732157914.044694,35.000000,0.000000,4284.487305,4280.256348,4310.512695,4297.948730,4259.358887,4280.384766,4335.000000,4398.974121,4302.948730,4287.948730,4475.897461,4508.461426,4343.846191,4406.666504,0.000000,1.000000,22.000000,,,,0.000000,2.000000,2.000000,0.000000,4.000000,2.000000,2.000000,0.000000,0.000000,4.000000,4.000000,4.000000,4.000000,4.000000,4.000000,0.000000,,,,,,,,,,,,,,,,,,,,,,,,,,,,
1732157914.049333,1732157914.052402,36.000000,0.000000,4286.410156,4282.563965,4311.922852,4296.410156,4266.538574,4281.025879,4335.000000,4402.179688,4309.743652,4293.461426,4474.743652,4509.487305,4344.230957,4406.794922,0.000000,1.000000,22.000000,,,,0.000000,2.000000,2.000000,0.000000,4.000000,2.000000,2.000000,0.000000,0.000000,4.000000,4.000000,4.000000,4.000000,4.000000,4.000000,0.000000,,,,,,,,,,,,,,,,,9.000000,0.000000,0.500013,0.480347,-0.545349,0.471008,0.989867,-0.019045,-0.059578,-35.744328,45.491074,31.349541
1732157914.057141,1732157914.060210,37.000000,0.000000,4281.922852,4281.025879,4314.230957,4296.538574,4277.820313,4281.025879,4335.000000,4402.563965,4313.333496,4290.769043,4476.153809,4506.538574,4341.922852,4399.102539,0.000000,1.000000,22.000000,,,,0.000000,2.000000,2.000000,0.000000,4.000000,2.000000,2.000000,0.000000,0.000000,4.000000,4.000000,4.000000,4.000000,4.000000,4.000000,0.000000,,,,,,,,,,,,,,,,,,,,,,,,,,,,
1732157914.064950,1732157914.067818,38.000000,0.000000,4279.358887,4279.743652,4312.563965,4296.922852,4277.948730,4282.563965,4335.000000,4402.436035,4301.153809,4280.384766,4474.615234,4504.871582,4340.512695,4396.794922,0.000000,1.000000,22.000000,,,,0.000000,2.000000,2.000000,0.000000,4.000000,2.000000,2.000000,0.000000,0.000000,4.000000,4.000000,4.000000,4.000000,4.000000,4.000000,0.000000,,,,,,,,,,,,,,,,,,,,,,,,,,,,
1732157914.072758,1732157914.075627,39.000000,0.000000,4281.025879,4279.487305,4310.769043,4293.717773,4288.205078,4281.666504,4335.000000,4403.717773,4292.563965,4278.333496,4471.922852,4505.641113,4342.051270,4398.333496,0.000000,1.000000,22.000000,,,,0.000000,2.000000,2.000000,0.000000,4.000000,2.000000,2.000000,0.000000,0.000000,4.000000,4.000000,4.000000,4.000000,4.000000,4.000000,0.000000,,,,,,,,,,,,,,,,,,,,,,,,,,,,
1732157914.080566,1732157914.083335,40.000000,0.000000,4280.641113,4278.974121,4311.282227,4292.948730,4290.769043,4280.641113,4335.000000,4403.589844,4299.102539,4283.974121,4473.077148,4506.025879,4340.256348,4397.436035,0.000000,1.000000,22.000000,,,,0.000000,2.000000,2.000000,0.000000,4.000000,2.000000,2.000000,0.000000,0.000000,4.000000,4.000000,4.000000,4.000000,4.000000,4.000000,0.000000,,,,,,,,,,,,,,,,,10.000000,0.000000,0.500129,0.480286,-0.545349,0.470947,0.974240,-0.042486,-0.060554,-35.649574,45.586105,31.176462
1732157914.088374,1732157914.091143,41.000000,0.000000,4281.153809,4280.000000,4312.563965,4294.871582,4270.512695,4281.153809,4335.000000,4403.333496,4306.282227,4282.692383,4476.025879,4504.487305,4339.358887,4400.897461,0.000000,1.000000,22.000000,,,,0.000000,2.000000,2.000000,0.000000,4.000000,2.000000,2.000000,0.000000,0.000000,4.000000,4.000000,4.000000,4.000000,4.000000,4.000000,0.000000,,,,,,,,,,,,,,,,,,,,,,,,,,,,
1732157914.096182,1732157914.098752,42.000000,0.000000,4282.179688,4280.384766,4310.897461,4297.307617,4257.820313,4280.128418,4335.000000,4401.666504,4304.487305,4281.282227,4476.794922,4505.897461,4344.102539,4405.512695,0.000000,1.000000,22.000000,,,,0.000000,2.000000,2.000000,0.000000,4.000000,2.000000,2.000000,0.000000,0.000000,4.000000,4.000000,4.000000,4.000000,4.000000,4.000000,0.000000,,,,,,,,,,,,,,,,,,,,,,,,,,,,
1732157914.103991,1732157914.106560,43.000000,0.000000,4280.769043,4278.077148,4308.717773,4296.153809,4267.563965,4280.512695,4335.000000,4401.666504,4298.589844,4281.922852,4475.512695,4504.871582,4342.692383,4402.436035,0.000000,1.000000,22.000000,,,,0.000000,2.000000,2.000000,0.000000,4.000000,2.000000,2.000000,0.000000,0.000000,4.000000,4.000000,4.000000,4.000000,4.000000,4.000000,0.000000,,,,,,,,,,,,,,,,,,,,,,,,,,,,
1732157914.111799,1732157914.114268,44.000000,0.000000,4279.871582,4278.077148,4309.615234,4292.307617,4284.358887,4275.897461,4335.000000,4402.820313,4294.102539,4280.641113,4473.333496,4499.230957,4334.102539,4397.820313,0.000000,1.000000,22.000000,,,,0.000000,2.000000,2.000000,0.000000,4.000000,2.000000,2.000000,0.000000,0.000000,4.000000,4.000000,4.000000,4.000000,4.000000,4.000000,0.000000,,,,,,,,,,,,,,,,,11.000000,0.000000,0.499962,0.480469,-0.545288,0.471008,0.978635,-0.039067,-0.055671,-35.431152,45.538078,31.332933
1732157914.119607,1732157914.122076,45.000000,0.000000,4281.538574,4281.153809,4312.820313,4293.077148,4282.307617,4270.256348,4335.000000,4402.436035,4297.692383,4280.384766,4470.641113,4498.333496,4336.794922,4400.128418,0.000000,1.000000,22.000000,,,,0.000000,2.000000,2.000000,0.000000,4.000000,2.000000,2.000000,0.000000,0.000000,4.000000,4.000000,4.000000,4.000000,4.000000,4.000000,0.000000,,,,,,,,,,,,,,,,,,,,,,,,,,,,
1732157914.127416,1732157914.129685,46.000000,0.000000,4282.563965,4280.384766,4313.205078,4293.077148,4260.384766,4272.436035,4335.000000,4401.410156,4303.077148,4281.666504,4473.205078,4502.307617,4343.974121,4403.461426,0.000000,1.000000,22.000000,,,,0.000000,2.000000,2.000000,0.000000,4.000000,2.000000,2.000000,0.000000,0.000000,4.000000,4.000000,4.000000,4.000000,4.000000,4.000000,0.000000,,,,,,,,,,,,,,,,,,,,,,,,,,,,
1732157914.135224,1732157914.137493,47.000000,0.000000,4280.897461,4277.051270,4312.563965,4289.102539,4255.384766,4274.743652,4335.000000,4402.179688,4300.256348,4281.410156,4475.897461,4502.820313,4340.512695,4402.436035,0.000000,1.000000,22.000000,,,,0.000000,2.000000,2.000000,0.000000,4.000000,2.000000,2.000000,0.000000,0.000000,4.000000,4.000000,4.000000,4.000000,4.000000,4.000000,0.000000,,,,,,,,,,,,,,,,,,,,,,,,,,,,
1732157914.143032,1732157914.145201,48.000000,0.000000,4281.025879,4278.077148,4312.051270,4289.743652,4271.666504,4273.974121,4335.000000,4402.948730,4294.487305,4277.179688,4467.051270,4496.410156,4333.205078,4399.487305,0.000000,1.000000,22.000000,,,,0.000000,2.000000,2.000000,0.000000,4.000000,2.000000,2.000000,0.000000,0.000000,4.000000,4.000000,4.000000,4.000000,4.000000,4.000000,0.000000,,,,,,,,,,,,,,,,,12.000000,0.000000,0.500013,0.480347,-0.545349,0.471008,0.974240,-0.041021,-0.050299,-35.159233,45.507511,31.313009
1732157914.150840,1732157914.153009,49.000000,0.000000,4280.897461,4280.384766,4312.051270,4293.974121,4272.692383,4278.205078,4335.000000,4401.538574,4294.743652,4275.897461,4456.538574,4492.563965,4329.487305,4397.692383,0.000000,1.000000,22.000000,,,,0.000000,2.000000,2.000000,0.000000,4.000000,2.000000,2.000000,0.000000,0.000000,4.000000,4.000000,4.000000,4.000000,4.000000,4.000000,0.000000,,,,,,,,,,,,,,,,,,,,,,,,,,,,
1732157914.158649,1732157914.160618,50.000000,0.000000,4278.717773,4280.512695,4313.077148,4292.948730,4270.897461,4280.641113,4335.000000,4400.128418,4297.179688,4279.615234,4460.641113,4495.512695,4332.948730,4396.922852,0.000000,1.000000,22.000000,,,,0.000000,2.000000,2.000000,0.000000,4.000000,2.000000,2.000000,0.000000,0.000000,4.000000,4.000000,4.000000,4.000000,4.000000,4.000000,0.000000,,,,,,,,,,,,,,,,,,,,,,,,,,,,
1732157914.166457,1732157914.168426,51.000000,0.000000,4278.717773,4280.512695,4313.717773,4286.410156,4278.974121,4274.230957,4335.000000,4400.897461,4296.922852,4281.025879,4471.794922,4503.205078,4340.128418,4397.436035,0.000000,1.000000,22.000000,,,,0.000000,2.000000,2.000000,0.000000,4.000000,2.000000,2.000000,0.000000,0.000000,4.000000,4.000000,4.000000,4.000000,4.000000,4.000000,0.000000,,,,,,,,,,,,,,,,,,,,,,,,,,,,
1732157914.174265,1732157914.176134,52.000000,0.000000,4279.358887,4280.897461,4312.563965,4286.794922,4274.487305,4274.615234,4335.000000,4401.794922,4298.589844,4281.153809,4475.256348,4502.948730,4341.410156,4398.717773,0.000000,1.000000,22.000000,,,,0.000000,2.000000,2.000000,0.000000,4.000000,2.000000,2.000000,0.000000,0.000000,4.000000,4.000000,4.000000,4.000000,4.000000,4.000000,0.000000,,,,,,,,,,,,,,,,,13.000000,0.000000,0.500054,0.480225,-0.545471,0.470947,0.984984,-0.039556,-0.052741,-35.222313,45.482750,31.271872
1732157914.182073,1732157914.183943,53.000000,0.000000,4275.256348,4280.512695,4312.948730,4289.487305,4275.128418,4277.692383,4335.000000,4400.769043,4296.666504,4280.256348,4467.436035,4495.641113,4333.205078,4395.897461,0.000000,1.000000,22.000000,,,,0.000000,2.000000,2.000000,0.000000,4.000000,2.000000,2.000000,0.000000,0.000000,4.000000,4.000000,4.000000,4.000000,4.000000,4.000000,0.000000,,,,,,,,,,,,,,,,,,,,,,,,,,,,
1732157914.189881,1732157914.191951,54.000000,0.000000,4273.205078,4280.512695,4314.487305,4288.077148,4289.358887,4274.487305,4335.000000,4401.025879,4293.333496,4278.077148,4461.153809,4493.846191,4329.615234,4392.436035,0.000000,1.000000,22.000000,,,,0.000000,2.000000,2.000000,0.000000,4.000000,2.000000,2.000000,0.000000,0.000000,4.000000,4.000000,4.000000,4.000000,4.000000,4.000000,0.000000,,,,,,,,,,,,,,,,,,,,,,,,,,,,
1732157914.197690,1732157914.199759,55.000000,0.000000,4277.820313,4280.000000,4312.820313,4289.743652,4282.563965,4276.666504,4335.000000,4400.384766,4301.282227,4282.563965,4467.436035,4501.282227,4333.974121,4396.922852,0.000000,1.000000,22.000000,,,,0.000000,2.000000,2.000000,0.000000,4.000000,2.000000,2.000000,0.000000,0.000000,4.000000,4.000000,4.000000,4.000000,4.000000,4.000000,0.000000,,,,,,,,,,,,,,,,,,,,,,,,,,,,
1732157914.205498,1732157914.207667,56.000000,0.000000,4281.025879,4281.922852,4312.563965,4296.282227,4260.384766,4279.615234,4335.000000,4398.589844,4305.897461,4287.820313,4473.205078,4507.436035,4336.922852,4402.563965,0.000000,1.000000,22.000000,,,,0.000000,2.000000,2.000000,0.000000,4.000000,2.000000,2.000000,0.000000,0.000000,4.000000,4.000000,4.000000,4.000000,4.000000,4.000000,0.000000,,,,,,,,,,,,,,,,,14.000000,0.000000,0.500104,0.480164,-0.545532,0.470886,0.974728,-0.033207,-0.058113,-35.370075,45.391026,31.378550
1732157914.213306,1732157914.215475,57.000000,0.000000,4280.000000,4285.128418,4313.077148,4298.974121,4266.153809,4277.179688,4335.000000,4398.717773,4299.102539,4283.333496,4472.436035,4501.538574,4334.487305,4398.589844,0.000000,1.000000,22.000000,,,,0.000000,2.000000,2.000000,0.000000,4.000000,2.000000,2.000000,0.000000,0.000000,4.000000,4.000000,4.000000,4.000000,4.000000,4.000000,0.000000,,,,,,,,,,,,,,,,,,,,,,,,,,,,
1732157914.221115,1732157914.223084,58.000000,0.000000,4281.538574,4282.948730,4311.282227,4299.358887,4285.000000,4277.179688,4335.000000,4400.769043,4299.358887,4278.205078,4470.897461,4499.102539,4331.794922,4393.717773,0.000000,1.000000,22.000000,,,,0.000000,2.000000,2.000000,0.000000,4.000000,2.000000,2.000000,0.000000,0.000000,4.000000,4.000000,4.000000,4.000000,4.000000,4.000000,0.000000,,,,,,,,,,,,,,,,,,,,,,,,,,,,
1732157914.228923,1732157914.230892,59.000000,0.000000,4286.153809,4281.153809,4310.641113,4302.307617,4279.358887,4281.153809,4335.000000,4401.282227,4303.717773,4281.666504,4468.333496,4506.922852,4338.589844,4398.333496,0.000000,1.000000,22.000000,,,,0.000000,2.000000,2.000000,0.000000,4.000000,2.000000,2.000000,0.000000,0.000000,4.000000,4.000000,4.000000,4.000000,4.000000,4.000000,0.000000,,,,,,,,,,,,,,,,,,,,,,,,,,,,
1732157914.236731,1732157914.238600,60.000000,0.000000,4285.128418,4282.436035,4312.051270,4299.102539,4279.102539,4278.846191,4335.000000,4400.128418,4299.230957,4283.461426,4468.461426,4508.974121,4344.743652,4399.487305,0.000000,1.000000,22.000000,,,,0.000000,2.000000,2.000000,0.000000,4.000000,2.000000,2.000000,0.000000,0.000000,4.000000,4.000000,4.000000,4.000000,4.000000,4.000000,0.000000,,,,,,,,,,,,,,,,,15.000000,0.000000,0.500251,0.480042,-0.545715,0.470642,0.987425,-0.032230,-0.055183,-35.549759,45.376732,31.324959
1732157914.244539,1732157914.246408,61.000000,0.000000,4280.641113,4281.282227,4312.948730,4294.102539,4293.461426,4272.307617,4335.000000,4399.615234,4298.205078,4279.487305,4473.717773,4503.717773,4341.538574,4396.282227,0.000000,1.000000,22.000000,,,,0.000000,2.000000,2.000000,0.000000,4.000000,2.000000,2.000000,0.000000,0.000000,4.000000,4.000000,4.000000,4.000000,4.000000,4.000000,0.000000,,,,,,,,,,,,,,,,,,,,,,,,,,,,
1732157914.252348,1732157914.254017,62.000000,0.000000,4284.230957,4282.179688,4313.205078,4294.871582,4281.666504,4270.128418,4335.000000,4398.974121,4304.358887,4280.769043,4477.563965,4509.615234,4340.000000,4403.846191,0.000000,1.000000,22.000000,,,,0.000000,2.000000,2.000000,0.000000,4.000000,2.000000,2.000000,0.000000,0.000000,4.000000,4.000000,4.000000,4.000000,4.000000,4.000000,0.000000,,,,,,,,,,,,,,,,,,,,,,,,,,,,
1732157914.260156,1732157914.261825,63.000000,0.000000,4288.461426,4282.948730,4311.794922,4296.025879,4257.051270,4275.256348,4335.000000,4399.230957,4306.538574,4290.384766,4476.666504,4517.436035,4343.205078,4415.256348,0.000000,1.000000,22.000000,,,,0.000000,2.000000,2.000000,0.000000,4.000000,2.000000,2.000000,0.000000,0.000000,4.000000,4.000000,4.000000,4.000000,4.000000,4.000000,0.000000,,,,,,,,,,,,,,,,,,,,,,,,,,,,
1732157914.267964,1732157914.269533,64.000000,0.000000,4285.256348,4280.641113,4311.025879,4295.512695,4262.179688,4277.820313,4335.000000,4400.384766,4306.538574,4294.358887,4476.282227,4511.153809,4342.307617,4414.102539,0.000000,1.000000,22.000000,,,,0.000000,2.000000,2.000000,0.000000,4.000000,2.000000,2.000000,0.000000,0.000000,4.000000,4.000000,4.000000,4.000000,4.000000,4.000000,0.000000,,,,,,,,,,,,,,,,,16.000000,0.000000,0.500226,0.479919,-0.545898,0.470581,0.973752,-0.043462,-0.052252,-35.628639,45.348488,31.264883
1732157914.275772,1732157914.277341,65.000000,0.000000,4282.436035,4282.692383,4312.307617,4296.025879,4274.871582,4271.025879,4335.000000,4400.384766,4303.333496,4286.282227,4476.922852,4505.897461,4339.102539,4410.512695,1599.000000,1.000000,22.000000,,,,0.000000,2.000000,2.000000,0.000000,4.000000,2.000000,2.000000,0.000000,0.000000,4.000000,4.000000,4.000000,4.000000,4.000000,4.000000,0.000000,,,,,,,,,,,,,,,,,,,,,,,,,,,,
1732157914.283580,1732157914.285349,66.000000,0.000000,4285.641113,4287.563965,4313.077148,4296.794922,4274.615234,4265.256348,4335.000000,4402.563965,4295.000000,4279.358887,4472.948730,4505.128418,4339.487305,4413.846191,1366.000000,1.000000,22.000000,,,,0.000000,2.000000,2.000000,0.000000,4.000000,2.000000,2.000000,0.000000,0.000000,4.000000,4.000000,4.000000,4.000000,4.000000,4.000000,0.000000,,,,,,,,,,,,,,,,,,,,,,,,,,,,
1732157914.291389,1732157914.293158,67.000000,0.000000,4287.948730,4288.333496,4311.922852,4296.922852,4286.410156,4266.282227,4335.000000,4403.589844,4291.794922,4278.717773,4467.179688,4505.000000,4335.384766,4410.641113,1421.000000,1.000000,22.000000,,,,0.000000,2.000000,2.000000,0.000000,4.000000,2.000000,2.000000,0.000000,0.000000,4.000000,4.000000,4.000000,4.000000,4.000000,4.000000,0.000000,,,,,,,,,,,,,,,,,,,,,,,,,,,,
1732157914.299197,1732157914.301066,68.000000,0.000000,4286.666504,4286.282227,4311.538574,4298.461426,4288.461426,4270.769043,4335.000000,4401.025879,4295.256348,4278.333496,4469.871582,4506.922852,4332.051270,4404.487305,1422.000000,1.000000,22.000000,,,,0.000000,2.000000,2.000000,0.000000,4.000000,2.000000,2.000000,0.000000,0.000000,4.000000,4.000000,4.000000,4.000000,4.000000,4.000000,0.000000,,,,,,,,,,,,,,,,,17.000000,0.000000,0.500284,0.479858,-0.545898,0.470581,0.984007,-0.023440,-0.070321,-35.480865,45.317272,31.409555
1732157914.307005,1732157914.308874,69.000000,0.000000,4284.615234,4285.384766,4313.077148,4299.102539,4264.358887,4277.179688,4335.000000,4399.102539,4297.307617,4278.974121,4471.794922,4504.871582,4339.871582,4404.102539,1209.000000,1.000000,22.000000,,,,0.000000,2.000000,2.000000,0.000000,4.000000,2.000000,2.000000,0.000000,0.000000,4.000000,4.000000,4.000000,4.000000,4.000000,4.000000,0.000000,,,,,,,,,,,,,,,,,,,,,,,,,,,,
1732157914.314814,1732157914.316882,70.000000,0.000000,4281.538574,4284.358887,4313.974121,4295.769043,4260.000000,4281.410156,4335.000000,4400.512695,4295.384766,4279.230957,4464.487305,4494.358887,4342.307617,4401.538574,0.000000,1.000000,22.000000,,,,0.000000,2.000000,2.000000,0.000000,4.000000,2.000000,2.000000,0.000000,0.000000,4.000000,4.000000,4.000000,4.000000,4.000000,4.000000,0.000000,,,,,,,,,,,,,,,,,,,,,,,,,,,,
1732157914.322622,1732157914.324690,71.000000,0.000000,4282.563965,4283.589844,4312.563965,4296.025879,4278.205078,4280.256348,4335.000000,4401.153809,4292.436035,4277.436035,4466.025879,4488.717773,4335.769043,4396.922852,0.000000,1.000000,22.000000,,,,0.000000,2.000000,2.000000,0.000000,4.000000,2.000000,2.000000,0.000000,0.000000,4.000000,4.000000,4.000000,4.000000,4.000000,4.000000,0.000000,,,,,,,,,,,,,,,,,,,,,,,,,,,,
1732157914.330430,1732157914.332598,72.000000,0.000000,4287.179688,4282.820313,4310.897461,4301.410156,4278.077148,4280.512695,4335.000000,4399.743652,4294.230957,4279.358887,4475.897461,4496.538574,4336.922852,4398.461426,1531.000000,1.000000,22.000000,,,,0.000000,2.000000,2.000000,0.000000,4.000000,2.000000,2.000000,0.000000,0.000000,4.000000,4.000000,4.000000,4.000000,4.000000,4.000000,0.000000,,,,,,,,,,,,,,,,,18.000000,0.000000,0.500218,0.479858,-0.545959,0.470581,0.982053,-0.036137,-0.064461,-35.579498,45.193657,31.331739
1732157914.338238,1732157914.340406,73.000000,0.000000,4285.512695,4281.538574,4310.641113,4300.000000,4277.436035,4280.897461,4335.000000,4400.384766,4295.384766,4281.922852,4471.282227,4500.512695,4340.256348,4402.179688,1690.000000,1.000000,22.000000,,,,0.000000,2.000000,2.000000,0.000000,4.000000,2.000000,2.000000,0.000000,0.000000,4.000000,4.000000,4.000000,4.000000,4.000000,4.000000,0.000000,,,,,,,,,,,,,,,,,,,,,,,,,,,,
1732157914.346047,1732157914.348414,74.000000,0.000000,4279.743652,4280.256348,4310.128418,4292.436035,4292.051270,4278.077148,4335.000000,4402.051270,4293.717773,4280.641113,4461.410156,4497.436035,4338.846191,4401.153809,1548.000000,1.000000,22.000000,,,,0.000000,2.000000,2.000000,0.000000,4.000000,2.000000,2.000000,0.000000,0.000000,4.000000,4.000000,4.000000,4.000000,4.000000,4.000000,0.000000,,,,,,,,,,,,,,,,,,,,,,,,,,,,
1732157914.353855,1732157914.356223,75.000000,0.000000,4279.102539,4278.205078,4309.615234,4292.436035,4280.512695,4279.358887,4335.000000,4403.461426,4298.077148,4283.717773,4465.000000,4495.256348,4338.974121,4397.563965,1566.000000,1.000000,22.000000,,,,0.000000,2.000000,2.000000,0.000000,4.000000,2.000000,2.000000,0.000000,0.000000,4.000000,4.000000,4.000000,4.000000,4.000000,4.000000,0.000000,,,,,,,,,,,,,,,,,,,,,,,,,,,,
1732157914.361663,1732157914.364131,76.000000,0.000000,4280.769043,4278.589844,4311.025879,4295.512695,4260.897461,4282.179688,4335.000000,4402.563965,4301.025879,4285.000000,4466.153809,4495.641113,4337.563965,4395.769043,1701.000000,1.000000,22.000000,,,,0.000000,2.000000,2.000000,0.000000,4.000000,2.000000,2.000000,0.000000,0.000000,4.000000,4.000000,4.000000,4.000000,4.000000,4.000000,0.000000,,,,,,,,,,,,,,,,,19.000000,0.000000,0.500225,0.479980,-0.545898,0.470520,0.972287,-0.041997,-0.056159,-35.709396,45.293530,31.332043
1732157914.369471,1732157914.371939,77.000000,0.000000,4278.077148,4275.769043,4314.358887,4291.794922,4267.051270,4281.666504,4335.000000,4400.641113,4297.948730,4281.666504,4461.538574,4501.538574,4333.846191,4396.666504,1613.000000,1.000000,22.000000,,,,0.000000,2.000000,2.000000,0.000000,4.000000,2.000000,2.000000,0.000000,0.000000,4.000000,4.000000,4.000000,4.000000,4.000000,4.000000,0.000000,,,,,,,,,,,,,,,,,,,,,,,,,,,,
1732157914.377279,1732157914.379947,78.000000,0.000000,4279.615234,4275.000000,4314.358887,4291.282227,4276.922852,4281.410156,4335.000000,4400.128418,4302.692383,4284.615234,4466.282227,4503.461426,4337.179688,4398.974121,1548.000000,1.000000,22.000000,,,,0.000000,2.000000,2.000000,0.000000,4.000000,2.000000,2.000000,0.000000,0.000000,4.000000,4.000000,4.000000,4.000000,4.000000,4.000000,0.000000,1.000000,0.000000,1.000000,1.000000,0.000000,1.000000,1.000000,1.000000,0.000000,0.000000,1.000000,4.000000,1.000000,4.000000,1.000000,3.000000,,,,,,,,,,,,
1732157914.385088,1732157914.387755,79.000000,0.000000,4282.307617,4277.948730,4309.743652,4294.871582,4286.538574,4281.666504,4335.000000,4400.384766,4309.230957,4289.487305,4474.743652,4499.102539,4343.205078,4398.589844,1566.000000,1.000000,22.000000,,,,0.000000,2.000000,2.000000,0.000000,4.000000,2.000000,2.000000,0.000000,0.000000,4.000000,4.000000,4.000000,4.000000,4.000000,4.000000,0.000000,,,,,,,,,,,,,,,,,,,,,,,,,,,,
1732157914.392896,1732157914.395663,80.000000,0.000000,4278.846191,4276.410156,4307.692383,4293.333496,4294.230957,4283.846191,4335.000000,4400.769043,4306.153809,4291.410156,4474.102539,4498.846191,4346.538574,4399.102539,1701.000000,1.000000,22.000000,,,,0.000000,2.000000,2.000000,0.000000,4.000000,2.000000,2.000000,0.000000,0.000000,4.000000,4.000000,4.000000,4.000000,4.000000,4.000000,0.000000,,,,,,,,,,,,,,,,,20.000000,0.000000,0.500422,0.479736,-0.546143,0.470276,0.979123,-0.031742,-0.046881,-35.714611,45.091091,31.382288
1732157914.400704,1732157914.403472,81.000000,0.000000,4279.871582,4275.897461,4310.384766,4293.077148,4280.128418,4286.282227,4335.000000,4401.282227,4302.692383,4292.820313,4472.948730,4504.230957,4348.077148,4404.743652,1613.000000,1.000000,22.000000,,,,0.000000,2.000000,2.000000,0.000000,4.000000,2.000000,2.000000,0.000000,0.000000,4.000000,4.000000,4.000000,4.000000,4.000000,4.000000,0.000000,,,,,,,,,,,,,,,,,,,,,,,,,,,,
1732157914.408512,1732157914.411480,82.000000,0.000000,4285.512695,4279.358887,4310.897461,4296.538574,4260.641113,4285.128418,4335.000000,4401.410156,4300.384766,4290.256348,4474.615234,4506.538574,4345.000000,4408.333496,1548.000000,1.000000,22.000000,,,,0.000000,2.000000,2.000000,0.000000,4.000000,2.000000,2.000000,0.000000,0.000000,4.000000,4.000000,4.000000,4.000000,4.000000,4.000000,0.000000,,,,,,,,,,,,,,,,,,,,,,,,,,,,
1732157914.416321,1732157914.419288,83.000000,0.000000,4284.487305,4280.000000,4310.000000,4296.666504,4261.666504,4282.179688,4335.000000,4397.307617,4295.384766,4285.384766,4472.563965,4505.769043,4342.948730,4405.897461,1566.000000,1.000000,22.000000,,,,0.000000,2.000000,2.000000,0.000000,4.000000,2.000000,2.000000,0.000000,0.000000,4.000000,4.000000,4.000000,4.000000,4.000000,4.000000,0.000000,,,,,,,,,,,,,,,,,,,,,,,,,,,,
1732157914.424129,1732157914.426996,84.000000,0.000000,4281.025879,4278.846191,4311.025879,4293.589844,4276.410156,4280.384766,4335.000000,4395.897461,4299.615234,4288.974121,4471.666504,4501.794922,4343.846191,4401.666504,1701.000000,1.000000,22.000000,,,,0.000000,2.000000,2.000000,0.000000,4.000000,2.000000,2.000000,0.000000,0.000000,4.000000,4.000000,4.000000,4.000000,4.000000,4.000000,0.000000,,,,,,,,,,,,,,,,,21.000000,0.000000,0.500414,0.479675,-0.546204,0.470276,0.979123,-0.031742,-0.046881,-35.673836,45.168785,31.309652
1732157914.431937,1732157914.434804,85.000000,0.000000,4280.641113,4274.871582,4311.794922,4289.102539,4286.410156,4279.102539,4334.871582,4400.897461,4306.410156,4289.358887,4472.563965,4493.974121,4341.922852,4401.538574,1613.000000,1.000000,22.000000,,,,0.000000,2.000000,2.000000,0.000000,4.000000,2.000000,2.000000,0.000000,0.000000,4.000000,4.000000,4.000000,4.000000,4.000000,4.000000,0.000000,,,,,,,,,,,,,,,,,,,,,,,,,,,,
1732157914.439746,1732157914.442413,86.000000,0.000000,4280.000000,4269.871582,4310.769043,4287.179688,4276.922852,4278.461426,4334.871582,4402.051270,4301.410156,4283.717773,4472.179688,4497.692383,4343.846191,4407.051270,1548.000000,1.000000,22.000000,,,,0.000000,2.000000,2.000000,0.000000,4.000000,2.000000,2.000000,0.000000,0.000000,4.000000,4.000000,4.000000,4.000000,4.000000,4.000000,0.000000,,,,,,,,,,,,,,,,,,,,,,,,,,,,
1732157914.447554,1732157914.450221,87.000000,0.000000,4283.846191,4271.410156,4309.871582,4293.461426,4259.230957,4280.256348,4335.000000,4399.487305,4299.102539,4287.692383,4475.000000,4508.333496,4348.717773,4415.000000,1566.000000,1.000000,22.000000,,,,0.000000,2.000000,2.000000,0.000000,4.000000,2.000000,2.000000,0.000000,0.000000,4.000000,4.000000,4.000000,4.000000,4.000000,4.000000,0.000000,,,,,,,,,,,,,,,,,,,,,,,,,,,,
1732157914.455362,1732157914.457929,88.000000,0.000000,4289.871582,4278.974121,4311.025879,4298.205078,4265.769043,4280.384766,4334.102539,4399.615234,4305.384766,4291.666504,4477.051270,4506.794922,4346.666504,4416.153809,1701.000000,1.000000,22.000000,,,,0.000000,2.000000,2.000000,0.000000,4.000000,2.000000,2.000000,0.000000,0.000000,4.000000,4.000000,4.000000,4.000000,4.000000,4.000000,0.000000,,,,,,,,,,,,,,,,,22.000000,0.000000,0.500356,0.479675,-0.546204,0.470337,0.988402,-0.039067,-0.056648,-35.557472,45.306717,31.284153
1732157914.463170,1732157914.465737,89.000000,0.000000,4286.922852,4276.410156,4312.563965,4295.128418,4278.974121,4279.615234,4333.461426,4400.897461,4306.282227,4284.615234,4472.051270,4499.102539,4341.666504,4406.538574,1613.000000,1.000000,22.000000,,,,0.000000,2.000000,2.000000,0.000000,4.000000,2.000000,2.000000,0.000000,0.000000,4.000000,4.000000,4.000000,4.000000,4.000000,4.000000,0.000000,,,,,,,,,,,,,,,,,,,,,,,,,,,,
1732157914.470978,1732157914.473346,90.000000,0.000000,4280.128418,4269.102539,4313.461426,4291.666504,4269.102539,4280.256348,4334.871582,4400.000000,4300.512695,4279.615234,4468.589844,4496.025879,4340.000000,4398.333496,1548.000000,1.000000,22.000000,,,,0.000000,2.000000,2.000000,0.000000,4.000000,2.000000,2.000000,0.000000,0.000000,4.000000,4.000000,4.000000,4.000000,4.000000,4.000000,0.000000,,,,,,,,,,,,,,,,,,,,,,,,,,,,
1732157914.478787,1732157914.481154,91.000000,0.000000,4279.358887,4270.512695,4313.205078,4291.922852,4269.487305,4280.769043,4336.025879,4398.717773,4295.256348,4282.307617,4474.230957,4495.256348,4340.256348,4397.051270,1566.000000,1.000000,22.000000,,,,0.000000,2.000000,2.000000,0.000000,4.000000,2.000000,2.000000,0.000000,0.000000,4.000000,4.000000,4.000000,4.000000,4.000000,4.000000,0.000000,,,,,,,,,,,,,,,,,,,,,,,,,,,,
1732157914.486595,1732157914.488862,92.000000,0.000000,4280.641113,4272.179688,4312.307617,4293.077148,4293.205078,4280.256348,4335.256348,4399.743652,4297.563965,4281.538574,4474.743652,4495.512695,4336.666504,4397.436035,1701.000000,1.000000,22.000000,,,,0.000000,2.000000,2.000000,0.000000,4.000000,2.000000,2.000000,0.000000,0.000000,4.000000,4.000000,4.000000,4.000000,4.000000,4.000000,0.000000,,,,,,,,,,,,,,,,,23.000000,0.000000,0.500239,0.479797,-0.546204,0.470337,0.965450,-0.044439,-0.059578,-35.521553,45.210106,31.376829
1732157914.494403,1732157914.496671,93.000000,0.000000,4280.384766,4272.563965,4311.410156,4296.025879,4294.230957,4279.871582,4335.128418,4400.769043,4305.256348,4280.128418,4467.948730,4495.128418,4335.512695,4397.179688,1613.000000,1.000000,22.000000,,,,0.000000,2.000000,2.000000,0.000000,4.000000,2.000000,2.000000,0.000000,0.000000,4.000000,4.000000,4.000000,4.000000,4.000000,4.000000,0.000000,,,,,,,,,,,,,,,,,,,,,,,,,,,,
1732157914.502211,1732157914.504279,94.000000,0.000000,4282.692383,4276.538574,4312.051270,4297.692383,4267.692383,4281.025879,4336.025879,4399.358887,4305.384766,4286.794922,4469.487305,4492.820313,4341.410156,4397.051270,1548.000000,1.000000,22.000000,,,,0.000000,2.000000,2.000000,0.000000,4.000000,2.000000,2.000000,0.000000,0.000000,4.000000,4.000000,4.000000,4.000000,4.000000,4.000000,0.000000,,,,,,,,,,,,,,,,,,,,,,,,,,,,
1732157914.510020,1732157914.512087,95.000000,0.000000,4285.256348,4278.846191,4313.846191,4296.153809,4257.563965,4281.025879,4336.025879,4397.436035,4301.794922,4288.461426,4475.512695,4490.384766,4343.333496,4396.410156,1566.000000,1.000000,22.000000,,,,0.000000,2.000000,2.000000,0.000000,4.000000,2.000000,2.000000,0.000000,0.000000,4.000000,4.000000,4.000000,4.000000,4.000000,4.000000,0.000000,,,,,,,,,,,,,,,,,,,,,,,,,,,,
1732157914.517828,1732157914.519795,96.000000,0.000000,4284.487305,4278.333496,4316.153809,4298.846191,4270.256348,4279.230957,4335.641113,4398.333496,4303.717773,4282.436035,4472.436035,4491.538574,4338.974121,4396.794922,1701.000000,1.000000,22.000000,,,,0.000000,2.000000,2.000000,0.000000,4.000000,2.000000,2.000000,0.000000,0.000000,4.000000,4.000000,4.000000,4.000000,4.000000,4.000000,0.000000,,,,,,,,,,,,,,,,,24.000000,0.000000,0.500305,0.479858,-0.546143,0.470276,0.969845,-0.029789,-0.068368,-35.529125,44.981853,31.260233
1732157914.525636,1732157914.527604,97.000000,0.000000,4282.307617,4280.384766,4313.717773,4301.794922,4287.948730,4279.743652,4336.025879,4398.974121,4301.025879,4278.077148,4468.205078,4494.230957,4337.948730,4398.717773,1613.000000,1.000000,22.000000,,,,0.000000,2.000000,2.000000,0.000000,4.000000,2.000000,2.000000,0.000000,0.000000,4.000000,4.000000,4.000000,4.000000,4.000000,4.000000,0.000000,,,,,,,,,,,,,,,,,,,,,,,,,,,,
1732157914.533445,1732157914.535212,98.000000,0.000000,4281.922852,4281.794922,4310.128418,4298.205078,4292.948730,4281.410156,4336.025879,4400.384766,4295.897461,4278.846191,4471.153809,4492.820313,4341.666504,4396.922852,1548.000000,1.000000,22.000000,,,,0.000000,2.000000,2.000000,0.000000,4.000000,2.000000,2.000000,0.000000,0.000000,4.000000,4.000000,4.000000,4.000000,4.000000,4.000000,0.000000,,,,,,,,,,,,,,,,,,,,,,,,,,,,
1732157914.541253,1732157914.543020,99.000000,0.000000,4281.922852,4278.333496,4310.384766,4295.000000,4273.974121,4280.512695,4335.512695,4401.922852,4306.282227,4284.230957,4474.743652,4492.051270,4345.384766,4398.846191,1566.000000,1.000000,22.000000,,,,0.000000,2.000000,2.000000,0.000000,4.000000,2.000000,2.000000,0.000000,0.000000,4.000000,4.000000,4.000000,4.000000,4.000000,4.000000,0.000000,,,,,,,,,,,,,,,,,,,,,,,,,,,,
1732157914.549061,1732157914.550729,100.000000,0.000000,4280.512695,4279.871582,4312.179688,4296.794922,4256.922852,4279.358887,4336.410156,4400.000000,4313.077148,4286.153809,4476.410156,4496.794922,4349.871582,4408.717773,1701.000000,1.000000,22.000000,,,,0.000000,2.000000,2.000000,0.000000,4.000000,2.000000,2.000000,0.000000,0.000000,4.000000,4.000000,4.000000,4.000000,4.000000,4.000000,0.000000,,,,,,,,,,,,,,,,,25.000000,0.000000,0.500305,0.479858,-0.546143,0.470276,0.982053,-0.027347,-0.055183,-35.460258,44.826969,31.210789
1732157914.556869,1732157914.558537,101.000000,0.000000,4283.846191,4281.025879,4313.974121,4296.794922,4267.948730,4280.769043,4336.538574,4400.128418,4301.282227,4282.179688,4478.589844,4505.000000,4350.897461,4414.487305,1613.000000,1.000000,22.000000,,,,0.000000,2.000000,2.000000,0.000000,4.000000,2.000000,2.000000,0.000000,0.000000,4.000000,4.000000,4.000000,4.000000,4.000000,4.000000,0.000000,,,,,,,,,,,,,,,,,,,,,,,,,,,,
1732157914.564677,1732157914.566545,102.000000,0.000000,4292.948730,4279.102539,4313.717773,4295.128418,4273.717773,4281.666504,4334.743652,4401.025879,4299.743652,4281.922852,4479.743652,4509.230957,4350.256348,4412.179688,1548.000000,1.000000,22.000000,,,,0.000000,2.000000,2.000000,0.000000,4.000000,2.000000,2.000000,0.000000,0.000000,4.000000,4.000000,4.000000,4.000000,4.000000,4.000000,0.000000,,,,,,,,,,,,,,,,,,,,,,,,,,,,
1732157914.572486,1732157914.574353,103.000000,0.000000,4293.461426,4278.974121,4313.205078,4296.538574,4271.922852,4280.512695,4334.487305,4399.358887,4305.384766,4285.897461,4477.179688,4502.948730,4351.794922,4411.153809,1566.000000,1.000000,22.000000,,,,0.000000,2.000000,2.000000,0.000000,4.000000,2.000000,2.000000,0.000000,0.000000,4.000000,4.000000,4.000000,4.000000,4.000000,4.000000,0.000000,,,,,,,,,,,,,,,,,,,,,,,,,,,,
1732157914.580294,1732157914.582061,104.000000,0.000000,4285.512695,4277.948730,4313.717773,4295.128418,4288.589844,4277.179688,4335.000000,4400.384766,4297.307617,4279.487305,4472.820313,4494.487305,4350.128418,4412.692383,1701.000000,1.000000,22.000000,,,,0.000000,2.000000,2.000000,0.000000,4.000000,2.000000,2.000000,0.000000,0.000000,4.000000,4.000000,4.000000,4.000000,4.000000,4.000000,0.000000,,,,,,,,,,,,,,,,,26.000000,0.000000,0.500115,0.479797,-0.546265,0.470398,0.979612,-0.039067,-0.062508,-35.407810,44.919846,31.135738
1732157914.588102,1732157914.589870,105.000000,0.000000,4287.436035,4276.794922,4312.307617,4292.820313,4287.563965,4276.282227,4334.230957,4403.077148,4296.794922,4278.974121,4474.743652,4499.102539,4349.871582,4413.077148,1613.000000,1.000000,22.000000,,,,0.000000,2.000000,2.000000,0.000000,4.000000,2.000000,2.000000,0.000000,0.000000,4.000000,4.000000,4.000000,4.000000,4.000000,4.000000,0.000000,,,,,,,,,,,,,,,,,,,,,,,,,,,,
1732157914.595910,1732157914.597478,106.000000,0.000000,4296.666504,4278.974121,4309.358887,4295.384766,4262.820313,4279.743652,4334.743652,4402.051270,4311.025879,4291.922852,4478.846191,4507.307617,4352.692383,4412.948730,1548.000000,1.000000,22.000000,,,,0.000000,2.000000,2.000000,0.000000,4.000000,2.000000,2.000000,0.000000,0.000000,4.000000,4.000000,4.000000,4.000000,4.000000,4.000000,0.000000,,,,,,,,,,,,,,,,,,,,,,,,,,,,
1732157914.603719,1732157914.605286,107.000000,0.000000,4295.128418,4279.871582,4310.641113,4297.563965,4260.641113,4280.384766,4336.410156,4400.512695,4315.000000,4294.871582,4475.769043,4506.538574,4349.230957,4413.205078,1566.000000,1.000000,22.000000,,,,0.000000,2.000000,2.000000,0.000000,4.000000,2.000000,2.000000,0.000000,0.000000,4.000000,4.000000,4.000000,4.000000,4.000000,4.000000,0.000000,,,,,,,,,,,,,,,,,,,,,,,,,,,,
1732157914.611527,1732157914.613194,108.000000,0.000000,4288.461426,4277.820313,4313.461426,4297.179688,4273.077148,4277.948730,4336.282227,4400.512695,4308.077148,4292.436035,4474.102539,4505.256348,4345.384766,4414.230957,1701.000000,1.000000,22.000000,,,,0.000000,2.000000,2.000000,0.000000,4.000000,2.000000,2.000000,0.000000,0.000000,4.000000,4.000000,4.000000,4.000000,4.000000,4.000000,0.000000,,,,,,,,,,,,,,,,,27.000000,0.000000,0.499951,0.479858,-0.546204,0.470581,0.974728,-0.044927,-0.057136,-35.378658,44.993408,31.148281
1732157914.619335,1732157914.621002,109.000000,0.000000,4289.615234,4277.692383,4312.307617,4297.051270,4277.820313,4278.077148,4335.769043,4401.153809,4301.282227,4288.974121,4477.307617,4506.794922,4346.025879,4411.025879,1613.000000,1.000000,22.000000,,,,0.000000,2.000000,2.000000,0.000000,4.000000,2.000000,2.000000,0.000000,0.000000,4.000000,4.000000,4.000000,4.000000,4.000000,4.000000,0.000000,,,,,,,,,,,,,,,,,,,,,,,,,,,,
1732157914.627144,1732157914.629010,110.000000,0.000000,4293.717773,4278.205078,4312.051270,4295.384766,4287.820313,4278.333496,4336.282227,4402.307617,4297.692383,4284.743652,4475.384766,4505.384766,4346.666504,4406.025879,1548.000000,1.000000,22.000000,,,,0.000000,2.000000,2.000000,0.000000,4.000000,2.000000,2.000000,0.000000,0.000000,4.000000,4.000000,4.000000,4.000000,4.000000,4.000000,0.000000,,,,,,,,,,,,,,,,,,,,,,,,,,,,
1732157914.634952,1732157914.636819,111.000000,0.000000,4293.205078,4277.307617,4314.102539,4294.871582,4285.000000,4276.410156,4336.153809,4402.051270,4303.205078,4288.717773,4472.692383,4504.230957,4347.692383,4402.948730,1566.000000,1.000000,22.000000,,,,0.000000,2.000000,2.000000,0.000000,4.000000,2.000000,2.000000,0.000000,0.000000,4.000000,4.000000,4.000000,4.000000,4.000000,4.000000,0.000000,,,,,,,,,,,,,,,,,,,,,,,,,,,,
1732157914.642760,1732157914.644527,112.000000,0.000000,4291.794922,4278.333496,4313.205078,4300.384766,4261.153809,4278.333496,4336.025879,4400.769043,4312.948730,4298.205078,4476.282227,4505.897461,4351.410156,4402.820313,1701.000000,1.000000,22.000000,,,,0.000000,2.000000,2.000000,0.000000,4.000000,2.000000,2.000000,0.000000,0.000000,4.000000,4.000000,4.000000,4.000000,4.000000,4.000000,0.000000,,,,,,,,,,,,,,,,,28.000000,0.000000,0.499951,0.479858,-0.546204,0.470581,0.971798,-0.038091,-0.057136,-35.310047,45.097992,31.053442
1732157914.650568,1732157914.652335,113.000000,0.000000,4293.077148,4279.487305,4312.307617,4301.666504,4262.051270,4281.666504,4336.025879,4401.410156,4310.128418,4295.769043,4477.051270,4506.666504,4351.153809,4407.948730,1613.000000,1.000000,22.000000,,,,0.000000,2.000000,2.000000,0.000000,4.000000,2.000000,2.000000,0.000000,0.000000,4.000000,4.000000,4.000000,4.000000,4.000000,4.000000,0.000000,,,,,,,,,,,,,,,,,,,,,,,,,,,,
1732157914.658376,1732157914.660343,114.000000,0.000000,4294.871582,4279.615234,4313.589844,4297.307617,4278.589844,4280.384766,4336.025879,4401.922852,4300.512695,4283.846191,4473.589844,4506.922852,4347.692383,4410.769043,1548.000000,1.000000,22.000000,,,,0.000000,2.000000,2.000000,0.000000,4.000000,2.000000,2.000000,0.000000,0.000000,4.000000,4.000000,4.000000,4.000000,4.000000,4.000000,0.000000,,,,,,,,,,,,,,,,,,,,,,,,,,,,
1732157914.666185,1732157914.668151,115.000000,0.000000,4296.794922,4280.000000,4314.102539,4297.563965,4279.230957,4277.307617,4336.025879,4401.666504,4300.769043,4281.666504,4473.333496,4507.179688,4348.846191,4409.743652,1566.000000,1.000000,22.000000,,,,0.000000,2.000000,2.000000,0.000000,4.000000,2.000000,2.000000,0.000000,0.000000,4.000000,4.000000,4.000000,4.000000,4.000000,4.000000,0.000000,,,,,,,,,,,,,,,,,,,,,,,,,,,,
1732157914.673993,1732157914.676060,116.000000,0.000000,4294.487305,4280.769043,4311.666504,4299.871582,4276.538574,4277.820313,4336.025879,4401.922852,4303.974121,4282.179688,4474.743652,4509.102539,4350.769043,4409.743652,1701.000000,1.000000,22.000000,,,,0.000000,2.000000,2.000000,0.000000,4.000000,2.000000,2.000000,0.000000,0.000000,4.000000,4.000000,4.000000,4.000000,4.000000,4.000000,0.000000,,,,,,,,,,,,,,,,,29.000000,0.000000,0.499828,0.479797,-0.546265,0.470703,0.975217,-0.047857,-0.054694,-35.576138,45.039375,30.991621
1732157914.681801,1732157914.683868,117.000000,0.000000,4285.897461,4279.487305,4311.794922,4297.307617,4277.563965,4280.384766,4336.025879,4403.717773,4303.717773,4280.384766,4475.000000,4509.487305,4346.922852,4409.230957,1613.000000,1.000000,22.000000,,,,0.000000,2.000000,2.000000,0.000000,4.000000,2.000000,2.000000,0.000000,0.000000,4.000000,4.000000,4.000000,4.000000,4.000000,4.000000,0.000000,,,,,,,,,,,,,,,,,,,,,,,,,,,,
1732157914.689609,1732157914.691876,118.000000,0.000000,4282.307617,4276.153809,4312.692383,4294.743652,4282.051270,4279.102539,4336.025879,4404.743652,4306.025879,4282.692383,4474.871582,4506.666504,4343.589844,4407.820313,1548.000000,1.000000,22.000000,,,,0.000000,2.000000,2.000000,0.000000,4.000000,2.000000,2.000000,0.000000,0.000000,4.000000,4.000000,4.000000,4.000000,4.000000,4.000000,0.000000,,,,,,,,,,,,,,,,,,,,,,,,,,,,
1732157914.697418,1732157914.699684,119.000000,0.000000,4286.538574,4275.512695,4311.410156,4295.769043,4289.230957,4276.666504,4336.025879,4402.307617,4309.487305,4287.436035,4474.871582,4505.128418,4348.077148,4408.974121,1566.000000,1.000000,22.000000,,,,0.000000,2.000000,2.000000,0.000000,4.000000,2.000000,2.000000,0.000000,0.000000,4.000000,4.000000,4.000000,4.000000,4.000000,4.000000,0.000000,,,,,,,,,,,,,,,,,,,,,,,,,,,,
1732157914.705226,1732157914.707592,120.000000,0.000000,4287.436035,4279.102539,4312.563965,4295.769043,4277.179688,4278.077148,4336.025879,4400.384766,4311.153809,4292.436035,4475.000000,4505.128418,4351.794922,4411.922852,1701.000000,1.000000,22.000000,,,,0.000000,2.000000,2.000000,0.000000,4.000000,2.000000,2.000000,0.000000,0.000000,4.000000,4.000000,4.000000,4.000000,4.000000,4.000000,0.000000,,,,,,,,,,,,,,,,,30.000000,0.000000,0.499880,0.479614,-0.546326,0.470764,0.979612,-0.044927,-0.053717,-35.775005,44.841892,30.999880
1732157914.713034,1732157914.715400,121.000000,0.000000,4285.000000,4280.000000,4313.974121,4296.282227,4255.128418,4281.538574,4336.025879,4401.282227,4312.820313,4294.487305,4473.461426,4505.000000,4351.666504,4411.153809,1613.000000,1.000000,22.000000,,,,0.000000,2.000000,2.000000,0.000000,4.000000,2.000000,2.000000,0.000000,0.000000,4.000000,4.000000,4.000000,4.000000,4.000000,4.000000,0.000000,,,,,,,,,,,,,,,,,,,,,,,,,,,,
1732157914.720842,1732157914.723408,122.000000,0.000000,4283.589844,4277.692383,4313.589844,4295.769043,4265.769043,4281.538574,4336.025879,4401.794922,4312.307617,4289.487305,4471.666504,4506.153809,4350.128418,4406.922852,1548.000000,1.000000,22.000000,,,,0.000000,2.000000,2.000000,0.000000,4.000000,2.000000,2.000000,0.000000,0.000000,4.000000,4.000000,4.000000,4.000000,4.000000,4.000000,0.000000,,,,,,,,,,,,,,,,,,,,,,,,,,,,
1732157914.728651,1732157914.731216,123.000000,0.000000,4282.563965,4278.205078,4312.563965,4293.846191,4289.487305,4278.205078,4336.025879,4401.282227,4307.179688,4281.025879,4472.179688,4505.256348,4343.461426,4402.563965,1566.000000,1.000000,22.000000,,,,0.000000,2.000000,2.000000,0.000000,4.000000,2.000000,2.000000,0.000000,0.000000,4.000000,4.000000,4.000000,4.000000,4.000000,4.000000,0.000000,,,,,,,,,,,,,,,,,,,,,,,,,,,,
1732157914.736459,1732157914.739125,124.000000,0.000000,4286.025879,4278.077148,4312.820313,4293.974121,4279.358887,4278.077148,4336.025879,4401.282227,4303.717773,4281.410156,4472.051270,4504.230957,4340.769043,4406.666504,1701.000000,1.000000,22.000000,,,,0.000000,2.000000,2.000000,0.000000,4.000000,2.000000,2.000000,0.000000,0.000000,4.000000,4.000000,4.000000,4.000000,4.000000,4.000000,0.000000,,,,,,,,,,,,,,,,,31.000000,0.000000,0.500086,0.479370,-0.546509,0.470581,0.978635,-0.033696,-0.061531,-35.752754,44.831932,31.176569
1732157914.744267,1732157914.746933,125.000000,0.000000,4291.153809,4278.205078,4311.922852,4296.794922,4255.897461,4279.871582,4336.025879,4402.051270,4301.282227,4284.230957,4472.179688,4506.282227,4345.512695,4413.205078,1613.000000,1.000000,22.000000,,,,0.000000,2.000000,2.000000,0.000000,4.000000,2.000000,2.000000,0.000000,0.000000,4.000000,4.000000,4.000000,4.000000,4.000000,4.000000,0.000000,,,,,,,,,,,,,,,,,,,,,,,,,,,,
1732157914.752075,1732157914.754941,126.000000,0.000000,4293.589844,4281.538574,4312.436035,4298.589844,4258.846191,4279.615234,4336.025879,4402.692383,4302.692383,4281.538574,4474.102539,4506.794922,4345.256348,4411.922852,1548.000000,1.000000,22.000000,,,,0.000000,2.000000,2.000000,0.000000,4.000000,2.000000,2.000000,0.000000,0.000000,4.000000,4.000000,4.000000,4.000000,4.000000,4.000000,0.000000,,,,,,,,,,,,,,,,,,,,,,,,,,,,
1732157914.759884,1732157914.762749,127.000000,0.000000,4294.487305,4282.179688,4314.102539,4298.205078,4273.846191,4278.717773,4336.025879,4401.410156,4305.769043,4281.922852,4475.769043,4505.128418,4345.128418,4411.666504,22.000000,1.000000,22.000000,,,,0.000000,2.000000,2.000000,0.000000,4.000000,2.000000,2.000000,0.000000,0.000000,4.000000,4.000000,4.000000,4.000000,4.000000,4.000000,0.000000,,,,,,,,,,,,,,,,,,,,,,,,,,,,
1732157914.767692,1732157914.770657,0.000000,0.000000,4288.589844,4279.358887,4313.846191,4297.307617,4273.205078,4279.102539,4336.025879,4401.282227,4300.384766,4281.538574,4474.487305,4505.512695,4348.974121,4412.692383,0.000000,1.000000,22.000000,,,,0.000000,2.000000,2.000000,0.000000,4.000000,2.000000,2.000000,0.000000,0.000000,4.000000,4.000000,4.000000,4.000000,4.000000,4.000000,0.000000,,,,,,,,,,,,,,,,,0.000000,0.000000,0.500037,0.479431,-0.546448,0.470642,0.978635,-0.033696,-0.061531,-35.388065,44.863865,31.048021
1732157914.775500,1732157914.778465,1.000000,0.000000,4280.512695,4277.820313,4313.077148,4295.512695,4272.436035,4278.589844,4336.025879,4402.820313,4297.179688,4281.538574,4471.922852,4506.025879,4346.666504,4410.128418,1599.000000,1.000000,22.000000,,,,0.000000,2.000000,2.000000,0.000000,4.000000,2.000000,2.000000,0.000000,0.000000,4.000000,4.000000,4.000000,4.000000,4.000000,4.000000,0.000000,,,,,,,,,,,,,,,,,,,,,,,,,,,,
1732157914.783308,1732157914.786473,2.000000,0.000000,4280.769043,4276.282227,4313.205078,4295.256348,4273.846191,4278.974121,4336.025879,4401.794922,4303.461426,4284.743652,4472.820313,4504.871582,4341.794922,4410.384766,1366.000000,1.000000,22.000000,,,,0.000000,2.000000,2.000000,0.000000,4.000000,2.000000,2.000000,0.000000,0.000000,4.000000,4.000000,4.000000,4.000000,4.000000,4.000000,0.000000,,,,,,,,,,,,,,,,,,,,,,,,,,,,
1732157914.791117,1732157914.794282,3.000000,0.000000,4283.846191,4274.487305,4312.436035,4296.025879,4277.307617,4279.615234,4336.025879,4398.974121,4307.051270,4283.717773,4474.102539,4505.897461,4341.538574,4409.615234,1421.000000,1.000000,22.000000,,,,0.000000,2.000000,2.000000,0.000000,4.000000,2.000000,2.000000,0.000000,0.000000,4.000000,4.000000,4.000000,4.000000,4.000000,4.000000,0.000000,,,,,,,,,,,,,,,,,,,,,,,,,,,,
1732157914.798925,1732157914.802190,4.000000,0.000000,4282.563965,4276.025879,4312.051270,4294.358887,4291.922852,4276.666504,4336.025879,4399.871582,4302.563965,4280.641113,4472.563965,4507.051270,4341.794922,4406.025879,1424.000000,1.000000,22.000000,,,,0.000000,2.000000,2.000000,0.000000,4.000000,2.000000,2.000000,0.000000,0.000000,4.000000,4.000000,4.000000,4.000000,4.000000,4.000000,0.000000,,,,,,,,,,,,,,,,,1.000000,0.000000,0.500283,0.479126,-0.546753,0.470337,0.979123,-0.035161,-0.045904,-35.545998,44.818066,31.243896
1732157914.806733,1732157914.809998,5.000000,0.000000,4283.974121,4277.820313,4312.692383,4292.820313,4286.666504,4276.025879,4336.025879,4401.282227,4298.205078,4281.025879,4472.307617,4505.769043,4341.153809,4408.205078,1214.000000,1.000000,22.000000,,,,0.000000,2.000000,2.000000,0.000000,4.000000,2.000000,2.000000,0.000000,0.000000,4.000000,4.000000,4.000000,4.000000,4.000000,4.000000,0.000000,,,,,,,,,,,,,,,,,,,,,,,,,,,,
1732157914.814541,1732157914.818006,6.000000,0.000000,4290.000000,4277.307617,4312.820313,4295.128418,4261.025879,4280.384766,4336.025879,4400.384766,4299.615234,4280.641113,4472.820313,4503.974121,4341.410156,4411.922852,0.000000,1.000000,22.000000,,,,0.000000,2.000000,2.000000,0.000000,4.000000,2.000000,2.000000,0.000000,0.000000,4.000000,4.000000,4.000000,4.000000,4.000000,4.000000,0.000000,,,,,,,,,,,,,,,,,,,,,,,,,,,,
1732157914.822350,1732157914.825814,7.000000,0.000000,4293.077148,4279.230957,4312.948730,4298.589844,4258.333496,4281.282227,4336.025879,4400.256348,4299.487305,4277.179688,4473.077148,4505.256348,4341.153809,4408.589844,0.000000,1.000000,22.000000,,,,0.000000,2.000000,2.000000,0.000000,4.000000,2.000000,2.000000,0.000000,0.000000,4.000000,4.000000,4.000000,4.000000,4.000000,4.000000,0.000000,,,,,,,,,,,,,,,,,,,,,,,,,,,,
1732157914.830158,1732157914.833722,8.000000,0.000000,4288.333496,4280.897461,4311.410156,4297.563965,4276.666504,4279.358887,4336.025879,4400.512695,4294.230957,4277.436035,4471.282227,4508.077148,4341.025879,4403.589844,1531.000000,1.000000,22.000000,,,,0.000000,2.000000,2.000000,0.000000,4.000000,2.000000,2.000000,0.000000,0.000000,4.000000,4.000000,4.000000,4.000000,4.000000,4.000000,0.000000,,,,,,,,,,,,,,,,,2.000000,0.000000,0.500225,0.479126,-0.546753,0.470398,0.978635,-0.044439,-0.052741,-35.388924,44.882633,31.129223
1732157914.837966,1732157914.841530,9.000000,0.000000,4281.922852,4276.282227,4309.743652,4295.000000,4278.077148,4281.282227,4336.025879,4401.538574,4296.794922,4278.717773,4465.128418,4501.410156,4337.563965,4401.538574,1690.000000,1.000000,22.000000,,,,0.000000,2.000000,2.000000,0.000000,4.000000,2.000000,2.000000,0.000000,0.000000,4.000000,4.000000,4.000000,4.000000,4.000000,4.000000,0.000000,,,,,,,,,,,,,,,,,,,,,,,,,,,,
1732157914.845774,1732157914.849139,10.000000,0.000000,4281.153809,4273.461426,4311.025879,4295.384766,4272.051270,4284.615234,4336.025879,4401.666504,4305.769043,4277.179688,4456.794922,4492.563965,4332.436035,4398.077148,1548.000000,1.000000,22.000000,,,,0.000000,2.000000,2.000000,0.000000,4.000000,2.000000,2.000000,0.000000,0.000000,4.000000,4.000000,4.000000,4.000000,4.000000,4.000000,0.000000,,,,,,,,,,,,,,,,,,,,,,,,,,,,
1732157914.853583,1732157914.856947,11.000000,0.000000,4282.436035,4277.948730,4312.051270,4294.743652,4281.922852,4282.307617,4336.025879,4400.512695,4306.538574,4277.820313,4457.948730,4498.333496,4333.333496,4395.128418,1566.000000,1.000000,22.000000,,,,0.000000,2.000000,2.000000,0.000000,4.000000,2.000000,2.000000,0.000000,0.000000,4.000000,4.000000,4.000000,4.000000,4.000000,4.000000,0.000000,,,,,,,,,,,,,,,,,,,,,,,,,,,,
1732157914.861391,1732157914.864655,12.000000,0.000000,4283.589844,4279.615234,4310.384766,4293.589844,4285.256348,4277.051270,4336.025879,4400.897461,4305.000000,4280.256348,4468.077148,4507.563965,4338.333496,4400.256348,1701.000000,1.000000,22.000000,,,,0.000000,2.000000,2.000000,0.000000,4.000000,2.000000,2.000000,0.000000,0.000000,4.000000,4.000000,4.000000,4.000000,4.000000,4.000000,0.000000,,,,,,,,,,,,,,,,,3.000000,0.000000,0.500168,0.479126,-0.546753,0.470459,0.978635,-0.044439,-0.052741,-35.076694,44.938267,31.201338
1732157914.869199,1732157914.872464,13.000000,0.000000,4292.051270,4277.307617,4312.051270,4296.282227,4269.487305,4276.794922,4336.025879,4402.051270,4307.179688,4284.487305,4474.871582,4507.820313,4341.538574,4409.871582,1616.000000,1.000000,22.000000,,,,0.000000,2.000000,2.000000,0.000000,4.000000,2.000000,2.000000,0.000000,0.000000,4.000000,4.000000,4.000000,4.000000,4.000000,4.000000,0.000000,,,,,,,,,,,,,,,,,,,,,,,,,,,,
1732157914.877007,1732157914.880072,14.000000,0.000000,4296.025879,4278.077148,4314.487305,4298.205078,4257.692383,4279.230957,4336.025879,4402.307617,4305.256348,4287.436035,4475.000000,4507.179688,4343.205078,4413.589844,1548.000000,1.000000,22.000000,,,,0.000000,2.000000,2.000000,0.000000,4.000000,2.000000,2.000000,0.000000,0.000000,4.000000,4.000000,4.000000,4.000000,4.000000,4.000000,0.000000,1.000000,0.000000,1.000000,0.000000,0.000000,1.000000,1.000000,0.000000,0.000000,0.000000,1.000000,3.000000,1.000000,4.000000,1.000000,4.000000,,,,,,,,,,,,
1732157914.884816,1732157914.887880,15.000000,0.000000,4287.948730,4277.307617,4313.333496,4296.025879,4264.615234,4279.230957,4336.025879,4402.307617,4302.051270,4284.871582,4473.077148,4507.948730,4344.230957,4411.922852,1566.000000,1.000000,22.000000,,,,0.000000,2.000000,2.000000,0.000000,4.000000,2.000000,2.000000,0.000000,0.000000,4.000000,4.000000,4.000000,4.000000,4.000000,4.000000,0.000000,,,,,,,,,,,,,,,,,,,,,,,,,,,,
1732157914.892624,1732157914.895788,16.000000,0.000000,4284.871582,4275.512695,4310.512695,4295.769043,4267.436035,4279.358887,4336.025879,4401.410156,4301.666504,4280.897461,4473.205078,4506.153809,4342.307617,4408.974121,0.000000,1.000000,22.000000,,,,0.000000,2.000000,2.000000,0.000000,4.000000,2.000000,2.000000,0.000000,0.000000,4.000000,4.000000,4.000000,4.000000,4.000000,4.000000,0.000000,,,,,,,,,,,,,,,,,4.000000,0.000000,0.500169,0.479065,-0.546753,0.470520,0.969845,-0.032719,-0.055671,-35.023792,44.969994,31.029751
1732157914.900432,1732157914.903596,17.000000,0.000000,4287.692383,4276.282227,4310.128418,4295.641113,4270.256348,4279.871582,4336.025879,4400.641113,4298.974121,4279.358887,4474.102539,4505.641113,4340.897461,4405.256348,0.000000,1.000000,22.000000,,,,0.000000,2.000000,2.000000,0.000000,4.000000,2.000000,2.000000,0.000000,0.000000,4.000000,4.000000,4.000000,4.000000,4.000000,4.000000,0.000000,,,,,,,,,,,,,,,,,,,,,,,,,,,,
1732157914.908240,1732157914.911604,18.000000,0.000000,4286.666504,4276.538574,4310.897461,4292.948730,4285.641113,4278.205078,4336.025879,4401.666504,4294.743652,4277.563965,4474.615234,4505.384766,4343.077148,4407.307617,0.000000,1.000000,22.000000,,,,0.000000,2.000000,2.000000,0.000000,4.000000,2.000000,2.000000,0.000000,0.000000,4.000000,4.000000,4.000000,4.000000,4.000000,4.000000,0.000000,,,,,,,,,,,,,,,,,,,,,,,,,,,,
1732157914.916049,1732157914.919413,19.000000,0.000000,4286.025879,4274.743652,4311.794922,4293.974121,4274.615234,4276.922852,4336.025879,4402.179688,4297.051270,4280.769043,4476.282227,4506.666504,4343.717773,4413.461426,0.000000,1.000000,22.000000,,,,0.000000,2.000000,2.000000,0.000000,4.000000,2.000000,2.000000,0.000000,0.000000,4.000000,4.000000,4.000000,4.000000,4.000000,4.000000,0.000000,,,,,,,,,,,,,,,,,,,,,,,,,,,,
1732157914.923857,1732157914.927121,20.000000,0.000000,4288.077148,4274.615234,4311.922852,4296.282227,4245.897461,4278.717773,4336.025879,4400.512695,4303.846191,4289.487305,4477.563965,4508.717773,4343.333496,4414.230957,0.000000,1.000000,22.000000,,,,0.000000,2.000000,2.000000,0.000000,4.000000,2.000000,2.000000,0.000000,0.000000,4.000000,4.000000,4.000000,4.000000,4.000000,4.000000,0.000000,,,,,,,,,,,,,,,,,5.000000,0.000000,0.500218,0.479004,-0.546814,0.470459,0.989379,-0.039067,-0.050787,-35.214272,44.945698,31.107431
1732157914.931665,1732157914.934929,21.000000,0.000000,4288.077148,4276.922852,4311.922852,4294.358887,4248.974121,4275.384766,4336.025879,4400.897461,4308.077148,4289.743652,4478.461426,4511.153809,4348.077148,4412.948730,0.000000,1.000000,22.000000,,,,0.000000,2.000000,2.000000,0.000000,4.000000,2.000000,2.000000,0.000000,0.000000,4.000000,4.000000,4.000000,4.000000,4.000000,4.000000,0.000000,,,,,,,,,,,,,,,,,,,,,,,,,,,,
1732157914.939473,1732157914.942937,22.000000,0.000000,4287.820313,4278.846191,4312.692383,4293.205078,4266.794922,4270.256348,4336.025879,4403.589844,4306.025879,4289.102539,4478.974121,4514.615234,4353.333496,4415.256348,0.000000,1.000000,22.000000,,,,0.000000,2.000000,2.000000,0.000000,4.000000,2.000000,2.000000,0.000000,0.000000,4.000000,4.000000,4.000000,4.000000,4.000000,4.000000,0.000000,,,,,,,,,,,,,,,,,,,,,,,,,,,,
1732157914.947281,1732157914.950745,23.000000,0.000000,4289.230957,4277.820313,4313.077148,4294.230957,4266.153809,4272.051270,4336.025879,4403.333496,4307.051270,4292.820313,4480.897461,4519.102539,4349.871582,4417.051270,0.000000,1.000000,22.000000,,,,0.000000,2.000000,2.000000,0.000000,4.000000,2.000000,2.000000,0.000000,0.000000,4.000000,4.000000,4.000000,4.000000,4.000000,4.000000,0.000000,,,,,,,,,,,,,,,,,,,,,,,,,,,,
1732157914.955090,1732157914.958454,24.000000,0.000000,4287.692383,4275.000000,4312.307617,4295.769043,4261.025879,4276.794922,4336.025879,4401.794922,4309.615234,4288.333496,4479.871582,4521.153809,4343.589844,4416.538574,0.000000,1.000000,22.000000,,,,0.000000,2.000000,2.000000,0.000000,4.000000,2.000000,2.000000,0.000000,0.000000,4.000000,4.000000,4.000000,4.000000,4.000000,4.000000,0.000000,,,,,,,,,,,,,,,,,6.000000,0.000000,0.500259,0.478882,-0.546936,0.470398,0.983518,-0.046392,-0.055671,-35.236893,44.924347,31.372019
1732157914.962898,1732157914.966262,25.000000,0.000000,4286.794922,4276.410156,4310.641113,4295.641113,4276.282227,4278.333496,4336.025879,4401.794922,4304.230957,4280.128418,4475.641113,4514.871582,4345.000000,4413.461426,0.000000,1.000000,22.000000,,,,0.000000,2.000000,2.000000,0.000000,4.000000,2.000000,2.000000,0.000000,0.000000,4.000000,4.000000,4.000000,4.000000,4.000000,4.000000,0.000000,,,,,,,,,,,,,,,,,,,,,,,,,,,,
1732157914.970706,1732157914.973870,26.000000,0.000000,4288.333496,4280.256348,4313.333496,4294.871582,4292.436035,4279.358887,4336.025879,4402.436035,4296.025879,4279.743652,4473.974121,4505.641113,4350.000000,4409.230957,0.000000,1.000000,22.000000,,,,0.000000,2.000000,2.000000,0.000000,4.000000,2.000000,2.000000,0.000000,0.000000,4.000000,4.000000,4.000000,4.000000,4.000000,4.000000,0.000000,,,,,,,,,,,,,,,,,,,,,,,,,,,,
1732157914.978515,1732157914.981679,27.000000,0.000000,4289.358887,4280.256348,4316.153809,4299.230957,4280.641113,4281.922852,4336.025879,4402.948730,4296.538574,4280.128418,4474.615234,4504.871582,4350.641113,4410.000000,0.000000,1.000000,22.000000,,,,0.000000,2.000000,2.000000,0.000000,4.000000,2.000000,2.000000,0.000000,0.000000,4.000000,4.000000,4.000000,4.000000,4.000000,4.000000,0.000000,,,,,,,,,,,,,,,,,,,,,,,,,,,,
1732157914.986323,1732157914.989587,28.000000,0.000000,4286.025879,4279.871582,4313.333496,4303.461426,4260.769043,4282.051270,4336.025879,4402.948730,4304.230957,4280.000000,4474.615234,4509.358887,4348.333496,4411.153809,0.000000,1.000000,22.000000,,,,0.000000,2.000000,2.000000,0.000000,4.000000,2.000000,2.000000,0.000000,0.000000,4.000000,4.000000,4.000000,4.000000,4.000000,4.000000,0.000000,,,,,,,,,,,,,,,,,7.000000,0.000000,0.500562,0.478516,-0.547241,0.470093,0.977658,-0.027835,-0.048834,-35.350216,44.907055,31.428001
1732157914.994131,1732157914.997395,29.000000,0.000000,4281.794922,4279.230957,4310.384766,4299.102539,4264.743652,4281.282227,4336.025879,4401.666504,4304.487305,4284.358887,4473.974121,4507.948730,4349.487305,4408.846191,0.000000,1.000000,22.000000,,,,0.000000,2.000000,2.000000,0.000000,4.000000,2.000000,2.000000,0.000000,0.000000,4.000000,4.000000,4.000000,4.000000,4.000000,4.000000,0.000000,,,,,,,,,,,,,,,,,,,,,,,,,,,,
1732157915.001939,1732157915.005403,30.000000,0.000000,4281.666504,4276.282227,4312.563965,4293.461426,4272.948730,4281.794922,4336.025879,4399.615234,4296.538574,4286.282227,4472.948730,4506.410156,4349.487305,4403.974121,0.000000,1.000000,22.000000,,,,0.000000,2.000000,2.000000,0.000000,4.000000,2.000000,2.000000,0.000000,0.000000,4.000000,4.000000,4.000000,4.000000,4.000000,4.000000,0.000000,,,,,,,,,,,,,,,,,,,,,,,,,,,,
1732157915.009748,1732157915.013211,31.000000,0.000000,4281.666504,4274.358887,4312.820313,4294.615234,4267.051270,4282.692383,4336.025879,4400.769043,4299.102539,4289.358887,4473.333496,4510.000000,4344.871582,4398.846191,0.000000,1.000000,22.000000,,,,0.000000,2.000000,2.000000,0.000000,4.000000,2.000000,2.000000,0.000000,0.000000,4.000000,4.000000,4.000000,4.000000,4.000000,4.000000,0.000000,,,,,,,,,,,,,,,,,,,,,,,,,,,,
1732157915.017556,1732157915.021119,32.000000,0.000000,4280.256348,4272.692383,4312.436035,4293.333496,4275.641113,4281.922852,4336.025879,4403.205078,4303.333496,4294.615234,4474.358887,4510.000000,4341.153809,4399.487305,0.000000,1.000000,22.000000,,,,0.000000,2.000000,2.000000,0.000000,4.000000,2.000000,2.000000,0.000000,0.000000,4.000000,4.000000,4.000000,4.000000,4.000000,4.000000,0.000000,,,,,,,,,,,,,,,,,8.000000,0.000000,0.500612,0.478394,-0.547302,0.470093,0.977658,-0.044439,-0.057624,-35.448673,45.008049,31.221682
1732157915.025364,1732157915.028927,33.000000,0.000000,4281.538574,4273.333496,4313.846191,4292.051270,4287.051270,4278.846191,4336.025879,4402.436035,4299.487305,4293.846191,4473.461426,4507.948730,4344.358887,4409.230957,0.000000,1.000000,22.000000,,,,0.000000,2.000000,2.000000,0.000000,4.000000,2.000000,2.000000,0.000000,0.000000,4.000000,4.000000,4.000000,4.000000,4.000000,4.000000,0.000000,,,,,,,,,,,,,,,,,,,,,,,,,,,,
1732157915.033172,1732157915.036935,34.000000,0.000000,4283.589844,4273.333496,4311.282227,4294.358887,4271.666504,4280.641113,4336.025879,4400.128418,4304.487305,4295.769043,4474.743652,4510.000000,4350.256348,4416.282227,0.000000,1.000000,22.000000,,,,0.000000,2.000000,2.000000,0.000000,4.000000,2.000000,2.000000,0.000000,0.000000,4.000000,4.000000,4.000000,4.000000,4.000000,4.000000,0.000000,,,,,,,,,,,,,,,,,,,,,,,,,,,,
1732157915.040980,1732157915.044744,35.000000,0.000000,4281.025879,4271.025879,4312.051270,4293.846191,4260.384766,4285.769043,4336.025879,4400.128418,4308.589844,4299.743652,4476.794922,4507.692383,4351.794922,4408.846191,0.000000,1.000000,22.000000,,,,0.000000,2.000000,2.000000,0.000000,4.000000,2.000000,2.000000,0.000000,0.000000,4.000000,4.000000,4.000000,4.000000,4.000000,4.000000,0.000000,,,,,,,,,,,,,,,,,,,,,,,,,,,,
1732157915.048789,1732157915.052452,36.000000,0.000000,4277.307617,4270.128418,4316.922852,4294.358887,4270.384766,4289.615234,4336.025879,4401.666504,4297.820313,4290.641113,4471.538574,4501.538574,4348.717773,4401.538574,0.000000,1.000000,22.000000,,,,0.000000,2.000000,2.000000,0.000000,4.000000,2.000000,2.000000,0.000000,0.000000,4.000000,4.000000,4.000000,4.000000,4.000000,4.000000,0.000000,,,,,,,,,,,,,,,,,9.000000,0.000000,0.500653,0.478271,-0.547424,0.470032,0.956660,-0.036626,-0.063973,-35.648426,44.914852,31.251228
1732157915.056597,1732157915.060260,37.000000,0.000000,4277.820313,4271.410156,4315.000000,4298.205078,4279.487305,4291.282227,4336.025879,4402.051270,4297.307617,4283.846191,4467.692383,4501.025879,4342.948730,4403.205078,0.000000,1.000000,22.000000,,,,0.000000,2.000000,2.000000,0.000000,4.000000,2.000000,2.000000,0.000000,0.000000,4.000000,4.000000,4.000000,4.000000,4.000000,4.000000,0.000000,,,,,,,,,,,,,,,,,,,,,,,,,,,,
1732157915.064405,1732157915.068268,38.000000,0.000000,4277.307617,4266.025879,4310.641113,4296.153809,4289.487305,4287.948730,4336.025879,4402.307617,4304.102539,4291.410156,4473.589844,4501.153809,4342.692383,4403.846191,0.000000,1.000000,22.000000,,,,0.000000,2.000000,2.000000,0.000000,4.000000,2.000000,2.000000,0.000000,0.000000,4.000000,4.000000,4.000000,4.000000,4.000000,4.000000,0.000000,,,,,,,,,,,,,,,,,,,,,,,,,,,,
1732157915.072214,1732157915.076076,39.000000,0.000000,4274.743652,4263.846191,4314.230957,4291.794922,4290.384766,4287.179688,4336.025879,4401.666504,4299.487305,4293.333496,4476.922852,4495.897461,4349.358887,4402.179688,0.000000,1.000000,22.000000,,,,0.000000,2.000000,2.000000,0.000000,4.000000,2.000000,2.000000,0.000000,0.000000,4.000000,4.000000,4.000000,4.000000,4.000000,4.000000,0.000000,,,,,,,,,,,,,,,,,,,,,,,,,,,,
1732157915.080022,1732157915.083984,40.000000,0.000000,4276.794922,4273.077148,4315.384766,4293.333496,4271.282227,4291.922852,4336.025879,4399.487305,4302.436035,4292.692383,4474.230957,4492.436035,4354.358887,4403.846191,0.000000,1.000000,22.000000,,,,0.000000,2.000000,2.000000,0.000000,4.000000,2.000000,2.000000,0.000000,0.000000,4.000000,4.000000,4.000000,4.000000,4.000000,4.000000,0.000000,,,,,,,,,,,,,,,,,10.000000,0.000000,0.500767,0.478271,-0.547424,0.469910,0.969357,-0.030277,-0.052252,-35.820225,44.796028,31.188496
1732157915.087830,1732157915.091793,41.000000,0.000000,4278.846191,4272.436035,4310.000000,4298.333496,4260.128418,4290.384766,4336.025879,4400.256348,4313.333496,4297.820313,4474.230957,4493.974121,4354.102539,4406.666504,0.000000,1.000000,22.000000,,,,0.000000,2.000000,2.000000,0.000000,4.000000,2.000000,2.000000,0.000000,0.000000,4.000000,4.000000,4.000000,4.000000,4.000000,4.000000,0.000000,,,,,,,,,,,,,,,,,,,,,,,,,,,,
1732157915.095638,1732157915.099801,42.000000,0.000000,4277.436035,4265.128418,4309.102539,4294.487305,4265.256348,4280.769043,4336.025879,4401.538574,4311.282227,4296.922852,4475.384766,4492.820313,4351.410156,4402.948730,0.000000,1.000000,22.000000,,,,0.000000,2.000000,2.000000,0.000000,4.000000,2.000000,2.000000,0.000000,0.000000,4.000000,4.000000,4.000000,4.000000,4.000000,4.000000,0.000000,,,,,,,,,,,,,,,,,,,,,,,,,,,,
1732157915.103447,1732157915.107609,43.000000,0.000000,4276.282227,4266.025879,4312.307617,4286.410156,4268.333496,4278.077148,4336.025879,4401.153809,4307.307617,4292.692383,4472.436035,4488.974121,4350.897461,4398.077148,0.000000,1.000000,22.000000,,,,0.000000,2.000000,2.000000,0.000000,4.000000,2.000000,2.000000,0.000000,0.000000,4.000000,4.000000,4.000000,4.000000,4.000000,4.000000,0.000000,,,,,,,,,,,,,,,,,,,,,,,,,,,,
1732157915.111255,1732157915.115517,44.000000,0.000000,4277.563965,4267.307617,4312.307617,4286.794922,4270.000000,4284.743652,4336.025879,4400.256348,4311.282227,4295.769043,4472.563965,4487.563965,4350.128418,4398.333496,0.000000,1.000000,22.000000,,,,0.000000,2.000000,2.000000,0.000000,4.000000,2.000000,2.000000,0.000000,0.000000,4.000000,4.000000,4.000000,4.000000,4.000000,4.000000,0.000000,,,,,,,,,,,,,,,,,11.000000,0.000000,0.500496,0.478516,-0.547302,0.470093,0.976682,-0.046392,-0.055183,-35.799381,44.873119,31.092682
1732157915.119063,1732157915.123325,45.000000,0.000000,4278.846191,4264.743652,4311.666504,4290.256348,4279.487305,4287.563965,4336.025879,4400.512695,4309.871582,4293.461426,4474.358887,4489.102539,4345.384766,4398.333496,0.000000,1.000000,22.000000,,,,0.000000,2.000000,2.000000,0.000000,4.000000,2.000000,2.000000,0.000000,0.000000,4.000000,4.000000,4.000000,4.000000,4.000000,4.000000,0.000000,,,,,,,,,,,,,,,,,,,,,,,,,,,,
1732157915.126871,1732157915.131333,46.000000,0.000000,4277.563965,4265.000000,4311.282227,4290.641113,4292.436035,4282.051270,4336.025879,4400.256348,4299.615234,4282.820313,4468.077148,4490.641113,4341.025879,4394.615234,0.000000,1.000000,22.000000,,,,0.000000,2.000000,2.000000,0.000000,4.000000,2.000000,2.000000,0.000000,0.000000,4.000000,4.000000,4.000000,4.000000,4.000000,4.000000,0.000000,,,,,,,,,,,,,,,,,,,,,,,,,,,,
1732157915.134679,1732157915.139141,47.000000,0.000000,4277.307617,4267.692383,4311.282227,4295.769043,4290.897461,4280.384766,4336.025879,4400.384766,4294.230957,4278.077148,4464.871582,4490.769043,4341.025879,4395.000000,0.000000,1.000000,22.000000,,,,0.000000,2.000000,2.000000,0.000000,4.000000,2.000000,2.000000,0.000000,0.000000,4.000000,4.000000,4.000000,4.000000,4.000000,4.000000,0.000000,,,,,,,,,,,,,,,,,,,,,,,,,,,,
1732157915.142488,1732157915.147049,48.000000,0.000000,4280.512695,4265.769043,4311.666504,4299.615234,4279.871582,4287.820313,4336.025879,4400.769043,4298.717773,4280.641113,4470.000000,4493.077148,4342.692383,4398.846191,0.000000,1.000000,22.000000,,,,0.000000,2.000000,2.000000,0.000000,4.000000,2.000000,2.000000,0.000000,0.000000,4.000000,4.000000,4.000000,4.000000,4.000000,4.000000,0.000000,,,,,,,,,,,,,,,,,12.000000,0.000000,0.500536,0.478394,-0.547424,0.470032,0.972775,-0.033207,-0.049322,-35.612499,44.967224,31.130072
1732157915.150296,1732157915.154858,49.000000,0.000000,4281.153809,4263.205078,4312.051270,4291.282227,4277.948730,4288.333496,4336.025879,4403.077148,4303.205078,4284.615234,4471.666504,4497.051270,4344.358887,4397.436035,0.000000,1.000000,22.000000,,,,0.000000,2.000000,2.000000,0.000000,4.000000,2.000000,2.000000,0.000000,0.000000,4.000000,4.000000,4.000000,4.000000,4.000000,4.000000,0.000000,,,,,,,,,,,,,,,,,,,,,,,,,,,,
1732157915.158104,1732157915.162466,50.000000,0.000000,4278.846191,4265.769043,4311.153809,4289.102539,4273.205078,4283.974121,4336.025879,4403.846191,4307.307617,4290.897461,4472.436035,4497.948730,4346.794922,4399.743652,0.000000,1.000000,22.000000,,,,0.000000,2.000000,2.000000,0.000000,4.000000,2.000000,2.000000,0.000000,0.000000,4.000000,4.000000,4.000000,4.000000,4.000000,4.000000,0.000000,,,,,,,,,,,,,,,,,,,,,,,,,,,,
1732157915.165913,1732157915.170274,51.000000,0.000000,4279.487305,4270.897461,4312.179688,4297.307617,4261.025879,4288.974121,4336.025879,4401.282227,4314.102539,4296.794922,4477.307617,4498.846191,4349.743652,4408.846191,0.000000,1.000000,22.000000,,,,0.000000,2.000000,2.000000,0.000000,4.000000,2.000000,2.000000,0.000000,0.000000,4.000000,4.000000,4.000000,4.000000,4.000000,4.000000,0.000000,,,,,,,,,,,,,,,,,,,,,,,,,,,,
1732157915.173721,1732157915.177983,52.000000,0.000000,4281.025879,4269.871582,4312.820313,4296.282227,4270.512695,4291.282227,4336.025879,4400.256348,4312.692383,4294.230957,4476.410156,4500.641113,4351.922852,4409.358887,0.000000,1.000000,22.000000,,,,0.000000,2.000000,2.000000,0.000000,4.000000,2.000000,2.000000,0.000000,0.000000,4.000000,4.000000,4.000000,4.000000,4.000000,4.000000,0.000000,,,,,,,,,,,,,,,,,13.000000,0.000000,0.500643,0.478271,-0.547485,0.469971,0.984984,-0.046881,-0.058601,-35.781124,45.131786,31.422026
1732157915.181529,1732157915.185791,53.000000,0.000000,4281.794922,4265.000000,4312.179688,4293.077148,4280.897461,4283.717773,4336.025879,4401.410156,4312.307617,4294.615234,4473.333496,4503.717773,4350.512695,4404.358887,0.000000,1.000000,22.000000,,,,0.000000,2.000000,2.000000,0.000000,4.000000,2.000000,2.000000,0.000000,0.000000,4.000000,4.000000,4.000000,4.000000,4.000000,4.000000,0.000000,,,,,,,,,,,,,,,,,,,,,,,,,,,,
1732157915.189337,1732157915.193399,54.000000,0.000000,4282.948730,4264.102539,4313.077148,4294.230957,4271.153809,4279.358887,4336.025879,4400.897461,4315.000000,4298.589844,4476.282227,4503.333496,4346.153809,4403.974121,0.000000,1.000000,22.000000,,,,0.000000,2.000000,2.000000,0.000000,4.000000,2.000000,2.000000,0.000000,0.000000,4.000000,4.000000,4.000000,4.000000,4.000000,4.000000,0.000000,,,,,,,,,,,,,,,,,,,,,,,,,,,,
1732157915.197146,1732157915.201207,55.000000,0.000000,4280.384766,4265.128418,4312.948730,4292.563965,4281.282227,4280.384766,4336.282227,4398.974121,4304.871582,4288.077148,4474.615234,4496.666504,4344.358887,4401.794922,0.000000,1.000000,22.000000,,,,0.000000,2.000000,2.000000,0.000000,4.000000,2.000000,2.000000,0.000000,0.000000,4.000000,4.000000,4.000000,4.000000,4.000000,4.000000,0.000000,,,,,,,,,,,,,,,,,,,,,,,,,,,,
1732157915.204954,1732157915.208916,56.000000,0.000000,4277.051270,4265.128418,4313.205078,4288.589844,4291.666504,4279.102539,4336.025879,4400.384766,4298.461426,4278.461426,4469.487305,4490.000000,4341.922852,4395.256348,0.000000,1.000000,22.000000,,,,0.000000,2.000000,2.000000,0.000000,4.000000,2.000000,2.000000,0.000000,0.000000,4.000000,4.000000,4.000000,4.000000,4.000000,4.000000,0.000000,,,,,,,,,,,,,,,,,14.000000,0.000000,0.500790,0.478088,-0.547668,0.469788,0.970333,-0.026859,-0.061531,-35.837711,45.136745,31.360174
1732157915.212762,1732157915.216724,57.000000,0.000000,4279.871582,4264.615234,4313.333496,4291.794922,4267.820313,4279.102539,4335.769043,4401.153809,4308.461426,4287.436035,4471.282227,4495.128418,4342.179688,4398.333496,0.000000,1.000000,22.000000,,,,0.000000,2.000000,2.000000,0.000000,4.000000,2.000000,2.000000,0.000000,0.000000,4.000000,4.000000,4.000000,4.000000,4.000000,4.000000,0.000000,,,,,,,,,,,,,,,,,,,,,,,,,,,,
1732157915.220570,1732157915.224332,58.000000,0.000000,4283.333496,4266.153809,4313.974121,4297.820313,4250.897461,4282.563965,4336.794922,4398.589844,4313.461426,4300.641113,4476.410156,4506.410156,4349.871582,4406.538574,0.000000,1.000000,22.000000,,,,0.000000,2.000000,2.000000,0.000000,4.000000,2.000000,2.000000,0.000000,0.000000,4.000000,4.000000,4.000000,4.000000,4.000000,4.000000,0.000000,,,,,,,,,,,,,,,,,,,,,,,,,,,,
1732157915.228378,1732157915.232141,59.000000,0.000000,4283.205078,4265.641113,4314.615234,4296.282227,4275.641113,4281.794922,4335.512695,4398.205078,4308.205078,4295.384766,4477.179688,4503.461426,4351.410156,4402.436035,0.000000,1.000000,22.000000,,,,0.000000,2.000000,2.000000,0.000000,4.000000,2.000000,2.000000,0.000000,0.000000,4.000000,4.000000,4.000000,4.000000,4.000000,4.000000,0.000000,,,,,,,,,,,,,,,,,,,,,,,,,,,,
1732157915.236187,1732157915.240049,60.000000,0.000000,4282.820313,4265.512695,4311.794922,4295.256348,4292.692383,4280.769043,4332.948730,4401.666504,4307.692383,4284.230957,4475.128418,4499.230957,4343.717773,4400.384766,0.000000,1.000000,22.000000,,,,0.000000,2.000000,2.000000,0.000000,4.000000,2.000000,2.000000,0.000000,0.000000,4.000000,4.000000,4.000000,4.000000,4.000000,4.000000,0.000000,,,,,,,,,,,,,,,,,15.000000,0.000000,0.500797,0.478210,-0.547607,0.469727,0.975217,-0.041997,-0.054694,-35.750214,45.107430,31.310074
1732157915.243995,1732157915.247857,61.000000,0.000000,4283.717773,4272.563965,4311.538574,4301.410156,4270.512695,4285.256348,4333.846191,4401.538574,4311.153809,4288.974121,4475.128418,4507.051270,4344.358887,4409.615234,0.000000,1.000000,22.000000,,,,0.000000,2.000000,2.000000,0.000000,4.000000,2.000000,2.000000,0.000000,0.000000,4.000000,4.000000,4.000000,4.000000,4.000000,4.000000,0.000000,,,,,,,,,,,,,,,,,,,,,,,,,,,,
1732157915.251803,1732157915.255465,62.000000,0.000000,4283.974121,4273.461426,4317.820313,4302.563965,4259.102539,4285.897461,4335.128418,4399.743652,4311.025879,4295.769043,4476.410156,4510.128418,4351.794922,4412.948730,0.000000,1.000000,22.000000,,,,0.000000,2.000000,2.000000,0.000000,4.000000,2.000000,2.000000,0.000000,0.000000,4.000000,4.000000,4.000000,4.000000,4.000000,4.000000,0.000000,,,,,,,,,,,,,,,,,,,,,,,,,,,,
1732157915.259611,1732157915.263274,63.000000,0.000000,4283.461426,4265.641113,4317.179688,4296.538574,4272.307617,4283.717773,4334.871582,4402.692383,4310.384766,4291.538574,4476.282227,4506.666504,4350.641113,4408.461426,0.000000,1.000000,22.000000,,,,0.000000,2.000000,2.000000,0.000000,4.000000,2.000000,2.000000,0.000000,0.000000,4.000000,4.000000,4.000000,4.000000,4.000000,4.000000,0.000000,,,,,,,,,,,,,,,,,,,,,,,,,,,,
1732157915.267420,1732157915.270982,64.000000,0.000000,4283.717773,4265.000000,4311.666504,4296.666504,4277.820313,4286.282227,4335.641113,4404.487305,4312.436035,4292.436035,4476.153809,4505.128418,4347.820313,4406.025879,0.000000,1.000000,22.000000,,,,0.000000,2.000000,2.000000,0.000000,4.000000,2.000000,2.000000,0.000000,0.000000,4.000000,4.000000,4.000000,4.000000,4.000000,4.000000,0.000000,,,,,,,,,,,,,,,,,16.000000,0.000000,0.500954,0.477966,-0.547729,0.469666,0.982053,-0.034672,-0.049811,-35.594337,44.890354,31.231159
1732157915.275228,1732157915.278790,65.000000,0.000000,4283.589844,4268.077148,4312.563965,4296.922852,4287.307617,4285.641113,4336.153809,4401.922852,4310.897461,4294.871582,4475.641113,4504.487305,4349.358887,4403.846191,1599.000000,1.000000,22.000000,,,,0.000000,2.000000,2.000000,0.000000,4.000000,2.000000,2.000000,0.000000,0.000000,4.000000,4.000000,4.000000,4.000000,4.000000,4.000000,0.000000,,,,,,,,,,,,,,,,,,,,,,,,,,,,
1732157915.283036,1732157915.286398,66.000000,0.000000,4283.461426,4266.282227,4313.333496,4294.487305,4295.769043,4280.000000,4334.743652,4400.641113,4303.974121,4286.153809,4474.358887,4504.102539,4350.000000,4406.153809,1366.000000,1.000000,22.000000,,,,0.000000,2.000000,2.000000,0.000000,4.000000,2.000000,2.000000,0.000000,0.000000,4.000000,4.000000,4.000000,4.000000,4.000000,4.000000,0.000000,,,,,,,,,,,,,,,,,,,,,,,,,,,,
1732157915.290845,1732157915.294207,67.000000,0.000000,4283.846191,4266.538574,4312.563965,4298.589844,4275.384766,4284.230957,4334.615234,4402.051270,4305.128418,4287.563965,4475.000000,4508.589844,4348.717773,4413.974121,1421.000000,1.000000,22.000000,,,,0.000000,2.000000,2.000000,0.000000,4.000000,2.000000,2.000000,0.000000,0.000000,4.000000,4.000000,4.000000,4.000000,4.000000,4.000000,0.000000,,,,,,,,,,,,,,,,,,,,,,,,,,,,
1732157915.298653,1732157915.301915,68.000000,0.000000,4283.461426,4268.589844,4314.615234,4302.051270,4259.102539,4291.282227,4335.128418,4401.794922,4311.410156,4295.641113,4476.153809,4509.102539,4348.589844,4413.589844,1431.000000,1.000000,22.000000,,,,0.000000,2.000000,2.000000,0.000000,4.000000,2.000000,2.000000,0.000000,0.000000,4.000000,4.000000,4.000000,4.000000,4.000000,4.000000,0.000000,,,,,,,,,,,,,,,,,17.000000,0.000000,0.501021,0.477966,-0.547668,0.469666,0.983030,-0.043951,-0.058601,-35.798080,44.816185,31.218906
1732157915.306461,1732157915.309723,69.000000,0.000000,4282.179688,4266.666504,4312.179688,4297.820313,4274.487305,4285.512695,4334.743652,4401.025879,4311.922852,4291.922852,4474.743652,4504.487305,4348.846191,4411.025879,1214.000000,1.000000,22.000000,,,,0.000000,2.000000,2.000000,0.000000,4.000000,2.000000,2.000000,0.000000,0.000000,4.000000,4.000000,4.000000,4.000000,4.000000,4.000000,0.000000,,,,,,,,,,,,,,,,,,,,,,,,,,,,
1732157915.314269,1732157915.317731,70.000000,0.000000,4281.282227,4266.025879,4309.230957,4295.384766,4280.769043,4280.384766,4334.743652,4400.000000,4308.205078,4290.128418,4473.589844,4504.871582,4348.461426,4414.102539,0.000000,1.000000,22.000000,,,,0.000000,2.000000,2.000000,0.000000,4.000000,2.000000,2.000000,0.000000,0.000000,4.000000,4.000000,4.000000,4.000000,4.000000,4.000000,0.000000,,,,,,,,,,,,,,,,,,,,,,,,,,,,
1732157915.322077,1732157915.325539,71.000000,0.000000,4281.922852,4265.769043,4313.077148,4297.051270,4272.563965,4282.820313,4334.871582,4400.897461,4301.025879,4286.153809,4474.487305,4507.820313,4347.307617,4412.820313,0.000000,1.000000,22.000000,,,,0.000000,2.000000,2.000000,0.000000,4.000000,2.000000,2.000000,0.000000,0.000000,4.000000,4.000000,4.000000,4.000000,4.000000,4.000000,0.000000,,,,,,,,,,,,,,,,,,,,,,,,,,,,
1732157915.329886,1732157915.333448,72.000000,0.000000,4281.922852,4265.256348,4313.846191,4296.794922,4285.512695,4282.051270,4334.871582,4401.025879,4293.205078,4277.692383,4475.128418,4506.922852,4346.794922,4411.282227,1531.000000,1.000000,22.000000,,,,0.000000,2.000000,2.000000,0.000000,4.000000,2.000000,2.000000,0.000000,0.000000,4.000000,4.000000,4.000000,4.000000,4.000000,4.000000,0.000000,,,,,,,,,,,,,,,,,18.000000,0.000000,0.500964,0.477966,-0.547668,0.469727,0.971310,-0.032230,-0.062996,-35.868111,44.902779,31.303980
1732157915.337694,1732157915.341256,73.000000,0.000000,4280.641113,4266.666504,4311.153809,4294.615234,4293.974121,4277.563965,4334.615234,4398.974121,4298.333496,4286.025879,4475.641113,4506.153809,4348.717773,4413.333496,1690.000000,1.000000,22.000000,,,,0.000000,2.000000,2.000000,0.000000,4.000000,2.000000,2.000000,0.000000,0.000000,4.000000,4.000000,4.000000,4.000000,4.000000,4.000000,0.000000,,,,,,,,,,,,,,,,,,,,,,,,,,,,
1732157915.345502,1732157915.349264,74.000000,0.000000,4279.871582,4264.615234,4310.384766,4296.153809,4273.846191,4279.615234,4335.000000,4399.487305,4308.846191,4298.717773,4477.307617,4506.410156,4349.871582,4406.922852,1553.000000,1.000000,22.000000,,,,0.000000,2.000000,2.000000,0.000000,4.000000,2.000000,2.000000,0.000000,0.000000,4.000000,4.000000,4.000000,4.000000,4.000000,4.000000,0.000000,,,,,,,,,,,,,,,,,,,,,,,,,,,,
1732157915.353310,1732157915.357072,75.000000,0.000000,4280.769043,4266.922852,4311.666504,4303.205078,4257.692383,4283.589844,4335.000000,4400.897461,4305.897461,4292.692383,4476.922852,4505.384766,4349.487305,4399.871582,1566.000000,1.000000,22.000000,,,,0.000000,2.000000,2.000000,0.000000,4.000000,2.000000,2.000000,0.000000,0.000000,4.000000,4.000000,4.000000,4.000000,4.000000,4.000000,0.000000,,,,,,,,,,,,,,,,,,,,,,,,,,,,
1732157915.361119,1732157915.364780,76.000000,0.000000,4282.307617,4274.487305,4312.820313,4306.410156,4270.769043,4282.307617,4333.974121,4400.512695,4299.615234,4288.717773,4475.256348,4501.282227,4350.256348,4407.692383,1705.000000,1.000000,22.000000,,,,0.000000,2.000000,2.000000,0.000000,4.000000,2.000000,2.000000,0.000000,0.000000,4.000000,4.000000,4.000000,4.000000,4.000000,4.000000,0.000000,,,,,,,,,,,,,,,,,19.000000,0.000000,0.500782,0.477966,-0.547729,0.469849,0.994262,-0.041021,-0.054694,-35.824837,44.989582,31.472891
1732157915.368927,1732157915.372588,77.000000,0.000000,4282.563965,4272.436035,4311.153809,4299.487305,4292.051270,4279.743652,4333.333496,4400.512695,4302.179688,4293.974121,4475.000000,4499.615234,4350.384766,4414.487305,1608.000000,1.000000,22.000000,,,,0.000000,2.000000,2.000000,0.000000,4.000000,2.000000,2.000000,0.000000,0.000000,4.000000,4.000000,4.000000,4.000000,4.000000,4.000000,0.000000,,,,,,,,,,,,,,,,,,,,,,,,,,,,
1732157915.376735,1732157915.380197,78.000000,0.000000,4280.769043,4266.153809,4309.230957,4294.871582,4286.666504,4279.230957,4333.974121,4401.410156,4308.333496,4295.128418,4476.282227,4503.205078,4350.256348,4410.897461,1553.000000,1.000000,22.000000,,,,0.000000,2.000000,2.000000,0.000000,4.000000,2.000000,2.000000,0.000000,0.000000,4.000000,4.000000,4.000000,4.000000,4.000000,4.000000,0.000000,1.000000,0.000000,1.000000,1.000000,0.000000,0.000000,1.000000,1.000000,0.000000,0.000000,4.000000,4.000000,1.000000,4.000000,1.000000,4.000000,,,,,,,,,,,,
1732157915.384544,1732157915.388005,79.000000,0.000000,4282.563965,4267.948730,4311.794922,4297.692383,4263.974121,4280.256348,4335.769043,4401.538574,4313.461426,4297.436035,4478.974121,4508.461426,4351.794922,4410.512695,1566.000000,1.000000,22.000000,,,,0.000000,2.000000,2.000000,0.000000,4.000000,2.000000,2.000000,0.000000,0.000000,4.000000,4.000000,4.000000,4.000000,4.000000,4.000000,0.000000,,,,,,,,,,,,,,,,,,,,,,,,,,,,
1732157915.392352,1732157915.395713,80.000000,0.000000,4286.282227,4268.461426,4313.846191,4297.563965,4258.205078,4281.538574,4335.512695,4401.538574,4311.153809,4299.358887,4480.512695,4509.615234,4352.179688,4412.179688,1705.000000,1.000000,22.000000,,,,0.000000,2.000000,2.000000,0.000000,4.000000,2.000000,2.000000,0.000000,0.000000,4.000000,4.000000,4.000000,4.000000,4.000000,4.000000,0.000000,,,,,,,,,,,,,,,,,20.000000,0.000000,0.501005,0.477783,-0.547791,0.469727,0.975217,-0.034672,-0.056159,-35.594784,45.179893,31.489708
1732157915.400160,1732157915.403522,81.000000,0.000000,4283.717773,4263.461426,4313.077148,4292.051270,4280.256348,4280.384766,4334.230957,4402.820313,4302.563965,4291.025879,4477.820313,4506.538574,4350.000000,4410.256348,1608.000000,1.000000,22.000000,,,,0.000000,2.000000,2.000000,0.000000,4.000000,2.000000,2.000000,0.000000,0.000000,4.000000,4.000000,4.000000,4.000000,4.000000,4.000000,0.000000,,,,,,,,,,,,,,,,,,,,,,,,,,,,
1732157915.407968,1732157915.411530,82.000000,0.000000,4284.871582,4269.358887,4313.974121,4294.358887,4286.153809,4278.717773,4335.256348,4402.563965,4301.538574,4286.282227,4477.820313,4506.922852,4350.641113,4411.538574,1553.000000,1.000000,22.000000,,,,0.000000,2.000000,2.000000,0.000000,4.000000,2.000000,2.000000,0.000000,0.000000,4.000000,4.000000,4.000000,4.000000,4.000000,4.000000,0.000000,,,,,,,,,,,,,,,,,,,,,,,,,,,,
1732157915.415776,1732157915.419338,83.000000,0.000000,4294.230957,4279.358887,4313.974121,4303.846191,4264.615234,4280.384766,4336.666504,4401.282227,4312.179688,4294.615234,4481.922852,4508.846191,4352.692383,4414.487305,1566.000000,1.000000,22.000000,,,,0.000000,2.000000,2.000000,0.000000,4.000000,2.000000,2.000000,0.000000,0.000000,4.000000,4.000000,4.000000,4.000000,4.000000,4.000000,0.000000,,,,,,,,,,,,,,,,,,,,,,,,,,,,
1732157915.423585,1732157915.427246,84.000000,0.000000,4294.487305,4277.307617,4313.846191,4303.461426,4260.897461,4282.563965,4336.282227,4400.256348,4314.871582,4298.589844,4480.641113,4507.179688,4350.512695,4413.461426,1705.000000,1.000000,22.000000,,,,0.000000,2.000000,2.000000,0.000000,4.000000,2.000000,2.000000,0.000000,0.000000,4.000000,4.000000,4.000000,4.000000,4.000000,4.000000,0.000000,,,,,,,,,,,,,,,,,21.000000,0.000000,0.501198,0.477600,-0.548035,0.469421,0.974240,-0.029300,-0.061043,-35.513443,45.145714,31.554996
1732157915.431393,1732157915.435054,85.000000,0.000000,4285.897461,4272.179688,4313.846191,4295.897461,4275.897461,4280.769043,4335.512695,4401.025879,4303.333496,4293.077148,4475.256348,4506.410156,4348.846191,4412.179688,1608.000000,1.000000,22.000000,,,,0.000000,2.000000,2.000000,0.000000,4.000000,2.000000,2.000000,0.000000,0.000000,4.000000,4.000000,4.000000,4.000000,4.000000,4.000000,0.000000,,,,,,,,,,,,,,,,,,,,,,,,,,,,
1732157915.439201,1732157915.443062,86.000000,0.000000,4287.307617,4274.487305,4311.153809,4298.205078,4283.589844,4279.230957,4334.358887,4400.641113,4298.333496,4292.436035,4474.102539,4506.282227,4350.897461,4412.948730,1553.000000,1.000000,22.000000,,,,0.000000,2.000000,2.000000,0.000000,4.000000,2.000000,2.000000,0.000000,0.000000,4.000000,4.000000,4.000000,4.000000,4.000000,4.000000,0.000000,,,,,,,,,,,,,,,,,,,,,,,,,,,,
1732157915.447009,1732157915.450870,87.000000,0.000000,4289.358887,4278.077148,4310.128418,4302.051270,4280.897461,4280.512695,4333.589844,4399.358887,4306.538574,4293.846191,4474.487305,4500.897461,4348.974121,4412.948730,1566.000000,1.000000,22.000000,,,,0.000000,2.000000,2.000000,0.000000,4.000000,2.000000,2.000000,0.000000,0.000000,4.000000,4.000000,4.000000,4.000000,4.000000,4.000000,0.000000,,,,,,,,,,,,,,,,,,,,,,,,,,,,
1732157915.454818,1732157915.458579,88.000000,0.000000,4282.179688,4279.230957,4313.589844,4297.948730,4278.461426,4281.666504,4334.230957,4401.410156,4311.153809,4287.820313,4471.794922,4500.641113,4344.487305,4412.307617,1705.000000,1.000000,22.000000,,,,0.000000,2.000000,2.000000,0.000000,4.000000,2.000000,2.000000,0.000000,0.000000,4.000000,4.000000,4.000000,4.000000,4.000000,4.000000,0.000000,,,,,,,,,,,,,,,,,22.000000,0.000000,0.501171,0.477478,-0.548218,0.469360,0.970822,-0.029789,-0.051276,-35.562553,45.053028,31.734549
1732157915.462626,1732157915.466387,89.000000,0.000000,4281.794922,4278.077148,4312.820313,4295.128418,4286.538574,4280.641113,4335.000000,4403.461426,4305.384766,4283.333496,4472.436035,4507.436035,4347.179688,4411.282227,1608.000000,1.000000,22.000000,,,,0.000000,2.000000,2.000000,0.000000,4.000000,2.000000,2.000000,0.000000,0.000000,4.000000,4.000000,4.000000,4.000000,4.000000,4.000000,0.000000,,,,,,,,,,,,,,,,,,,,,,,,,,,,
1732157915.470434,1732157915.474395,90.000000,0.000000,4286.153809,4271.666504,4311.282227,4296.410156,4293.461426,4278.846191,4335.256348,4402.692383,4302.692383,4288.846191,4476.538574,4507.692383,4351.794922,4410.256348,1553.000000,1.000000,22.000000,,,,0.000000,2.000000,2.000000,0.000000,4.000000,2.000000,2.000000,0.000000,0.000000,4.000000,4.000000,4.000000,4.000000,4.000000,4.000000,0.000000,,,,,,,,,,,,,,,,,,,,,,,,,,,,
1732157915.478243,1732157915.482203,91.000000,0.000000,4283.461426,4269.230957,4312.948730,4294.615234,4276.153809,4279.871582,4335.769043,4401.153809,4308.846191,4295.384766,4477.948730,4504.358887,4349.230957,4412.820313,1566.000000,1.000000,22.000000,,,,0.000000,2.000000,2.000000,0.000000,4.000000,2.000000,2.000000,0.000000,0.000000,4.000000,4.000000,4.000000,4.000000,4.000000,4.000000,0.000000,,,,,,,,,,,,,,,,,,,,,,,,,,,,
1732157915.486051,1732157915.490111,92.000000,0.000000,4281.025879,4273.461426,4312.051270,4294.615234,4256.538574,4281.025879,4335.256348,4401.666504,4311.282227,4295.769043,4477.179688,4506.794922,4347.179688,4410.897461,1705.000000,1.000000,22.000000,,,,0.000000,2.000000,2.000000,0.000000,4.000000,2.000000,2.000000,0.000000,0.000000,4.000000,4.000000,4.000000,4.000000,4.000000,4.000000,0.000000,,,,,,,,,,,,,,,,,23.000000,0.000000,0.501375,0.477234,-0.548401,0.469177,0.979123,-0.040044,-0.060554,-35.727337,45.114620,31.913317
1732157915.493859,1732157915.497919,93.000000,0.000000,4286.410156,4276.282227,4308.974121,4300.000000,4265.000000,4278.589844,4334.743652,4401.410156,4308.077148,4294.230957,4475.384766,4507.563965,4350.384766,4404.487305,1608.000000,1.000000,22.000000,,,,0.000000,2.000000,2.000000,0.000000,4.000000,2.000000,2.000000,0.000000,0.000000,4.000000,4.000000,4.000000,4.000000,4.000000,4.000000,0.000000,,,,,,,,,,,,,,,,,,,,,,,,,,,,
1732157915.501667,1732157915.505927,94.000000,0.000000,4292.179688,4276.410156,4310.897461,4300.641113,4273.974121,4277.820313,4334.358887,4400.769043,4307.307617,4290.000000,4472.948730,4505.256348,4348.205078,4407.179688,1553.000000,1.000000,22.000000,,,,0.000000,2.000000,2.000000,0.000000,4.000000,2.000000,2.000000,0.000000,0.000000,4.000000,4.000000,4.000000,4.000000,4.000000,4.000000,0.000000,,,,,,,,,,,,,,,,,,,,,,,,,,,,
1732157915.509475,1732157915.513736,95.000000,0.000000,4295.256348,4278.846191,4315.256348,4300.128418,4268.846191,4279.743652,4333.717773,4402.692383,4308.846191,4284.102539,4472.307617,4506.538574,4342.436035,4408.461426,1566.000000,1.000000,22.000000,,,,0.000000,2.000000,2.000000,0.000000,4.000000,2.000000,2.000000,0.000000,0.000000,4.000000,4.000000,4.000000,4.000000,4.000000,4.000000,0.000000,,,,,,,,,,,,,,,,,,,,,,,,,,,,
1732157915.517284,1732157915.521644,96.000000,0.000000,4295.256348,4278.333496,4316.025879,4299.743652,4281.922852,4277.948730,4334.615234,4400.641113,4301.538574,4281.666504,4473.461426,4507.051270,4342.563965,4402.692383,1705.000000,1.000000,22.000000,,,,0.000000,2.000000,2.000000,0.000000,4.000000,2.000000,2.000000,0.000000,0.000000,4.000000,4.000000,4.000000,4.000000,4.000000,4.000000,0.000000,,,,,,,,,,,,,,,,,24.000000,0.000000,0.501481,0.477173,-0.548462,0.469055,0.969357,-0.038091,-0.052741,-35.494141,45.156178,31.866453
1732157915.525092,1732157915.529452,97.000000,0.000000,4293.974121,4275.384766,4312.563965,4298.717773,4299.615234,4276.538574,4336.153809,4396.410156,4293.717773,4280.000000,4472.436035,4505.769043,4344.102539,4404.871582,1608.000000,1.000000,22.000000,,,,0.000000,2.000000,2.000000,0.000000,4.000000,2.000000,2.000000,0.000000,0.000000,4.000000,4.000000,4.000000,4.000000,4.000000,4.000000,0.000000,,,,,,,,,,,,,,,,,,,,,,,,,,,,
1732157915.532900,1732157915.537260,98.000000,0.000000,4296.153809,4277.179688,4310.769043,4303.589844,4282.307617,4281.153809,4335.769043,4399.487305,4300.384766,4282.436035,4472.692383,4507.563965,4342.051270,4412.179688,1553.000000,1.000000,22.000000,,,,0.000000,2.000000,2.000000,0.000000,4.000000,2.000000,2.000000,0.000000,0.000000,4.000000,4.000000,4.000000,4.000000,4.000000,4.000000,0.000000,,,,,,,,,,,,,,,,,,,,,,,,,,,,
1732157915.540708,1732157915.545068,99.000000,0.000000,4297.820313,4279.487305,4312.179688,4307.820313,4258.717773,4284.102539,4334.871582,4403.589844,4305.769043,4289.487305,4477.179688,4511.153809,4343.846191,4413.077148,1566.000000,1.000000,22.000000,,,,0.000000,2.000000,2.000000,0.000000,4.000000,2.000000,2.000000,0.000000,0.000000,4.000000,4.000000,4.000000,4.000000,4.000000,4.000000,0.000000,,,,,,,,,,,,,,,,,,,,,,,,,,,,
1732157915.548517,1732157915.552777,100.000000,0.000000,4292.948730,4276.538574,4312.948730,4301.794922,4268.077148,4283.205078,4334.871582,4400.897461,4300.512695,4289.230957,4475.384766,4510.512695,4344.358887,4411.410156,1705.000000,1.000000,22.000000,,,,0.000000,2.000000,2.000000,0.000000,4.000000,2.000000,2.000000,0.000000,0.000000,4.000000,4.000000,4.000000,4.000000,4.000000,4.000000,0.000000,,,,,,,,,,,,,,,,,25.000000,0.000000,0.501675,0.476868,-0.548706,0.468872,0.984007,-0.038579,-0.059089,-35.650257,45.169834,31.896828
1732157915.556325,1732157915.560585,101.000000,0.000000,4287.436035,4267.307617,4313.974121,4294.358887,4284.487305,4283.077148,4335.128418,4398.846191,4297.179688,4281.153809,4462.820313,4501.666504,4333.846191,4405.512695,1608.000000,1.000000,22.000000,,,,0.000000,2.000000,2.000000,0.000000,4.000000,2.000000,2.000000,0.000000,0.000000,4.000000,4.000000,4.000000,4.000000,4.000000,4.000000,0.000000,,,,,,,,,,,,,,,,,,,,,,,,,,,,
1732157915.564133,1732157915.568193,102.000000,0.000000,4289.743652,4263.974121,4313.333496,4296.025879,4275.128418,4283.974121,4334.871582,4400.128418,4299.615234,4279.487305,4455.897461,4495.256348,4327.820313,4400.512695,1553.000000,1.000000,22.000000,,,,0.000000,2.000000,2.000000,0.000000,4.000000,2.000000,2.000000,0.000000,0.000000,4.000000,4.000000,4.000000,4.000000,4.000000,4.000000,0.000000,,,,,,,,,,,,,,,,,,,,,,,,,,,,
1732157915.571942,1732157915.576001,103.000000,0.000000,4294.358887,4266.410156,4312.820313,4297.179688,4273.461426,4282.563965,4334.871582,4400.641113,4299.871582,4279.871582,4464.743652,4501.025879,4336.666504,4408.461426,1566.000000,1.000000,22.000000,,,,0.000000,2.000000,2.000000,0.000000,4.000000,2.000000,2.000000,0.000000,0.000000,4.000000,4.000000,4.000000,4.000000,4.000000,4.000000,0.000000,,,,,,,,,,,,,,,,,,,,,,,,,,,,
1732157915.579750,1732157915.583710,104.000000,0.000000,4291.666504,4263.846191,4314.102539,4293.077148,4291.538574,4276.794922,4335.000000,4400.256348,4298.589844,4279.358887,4473.205078,4505.256348,4348.077148,4413.717773,1705.000000,1.000000,22.000000,,,,0.000000,2.000000,2.000000,0.000000,4.000000,2.000000,2.000000,0.000000,0.000000,4.000000,4.000000,4.000000,4.000000,4.000000,4.000000,0.000000,,,,,,,,,,,,,,,,,26.000000,0.000000,0.501666,0.476807,-0.548767,0.468872,0.978635,-0.039556,-0.060066,-35.733372,45.407566,31.826429
1732157915.587558,1732157915.591518,105.000000,0.000000,4288.589844,4267.563965,4312.436035,4296.153809,4286.153809,4273.974121,4335.000000,4401.282227,4298.717773,4285.512695,4473.846191,4501.794922,4351.794922,4412.820313,1608.000000,1.000000,22.000000,,,,0.000000,2.000000,2.000000,0.000000,4.000000,2.000000,2.000000,0.000000,0.000000,4.000000,4.000000,4.000000,4.000000,4.000000,4.000000,0.000000,,,,,,,,,,,,,,,,,,,,,,,,,,,,
1732157915.595366,1732157915.599126,106.000000,0.000000,4294.487305,4278.717773,4311.282227,4306.153809,4262.436035,4277.563965,4335.000000,4402.051270,4299.743652,4287.820313,4475.769043,4504.487305,4350.384766,4417.436035,1553.000000,1.000000,22.000000,,,,0.000000,2.000000,2.000000,0.000000,4.000000,2.000000,2.000000,0.000000,0.000000,4.000000,4.000000,4.000000,4.000000,4.000000,4.000000,0.000000,,,,,,,,,,,,,,,,,,,,,,,,,,,,
1732157915.603174,1732157915.606935,107.000000,0.000000,4294.358887,4275.641113,4312.820313,4306.025879,4257.307617,4280.256348,4335.000000,4402.051270,4298.205078,4282.051270,4476.794922,4511.025879,4349.230957,4418.333496,1566.000000,1.000000,22.000000,,,,0.000000,2.000000,2.000000,0.000000,4.000000,2.000000,2.000000,0.000000,0.000000,4.000000,4.000000,4.000000,4.000000,4.000000,4.000000,0.000000,,,,,,,,,,,,,,,,,,,,,,,,,,,,
1732157915.610983,1732157915.614643,108.000000,0.000000,4280.897461,4264.230957,4310.769043,4294.230957,4276.025879,4276.922852,4335.000000,4401.794922,4295.128418,4279.102539,4473.846191,4507.692383,4348.717773,4411.922852,1705.000000,1.000000,22.000000,,,,0.000000,2.000000,2.000000,0.000000,4.000000,2.000000,2.000000,0.000000,0.000000,4.000000,4.000000,4.000000,4.000000,4.000000,4.000000,0.000000,,,,,,,,,,,,,,,,,27.000000,0.000000,0.501666,0.476807,-0.548767,0.468872,0.978635,-0.039556,-0.060066,-35.530701,45.425129,31.669409
1732157915.618791,1732157915.622451,109.000000,0.000000,4279.487305,4269.230957,4311.410156,4292.179688,4284.102539,4275.641113,4335.000000,4401.794922,4293.333496,4281.025879,4472.948730,4502.179688,4344.871582,4410.256348,1608.000000,1.000000,22.000000,,,,0.000000,2.000000,2.000000,0.000000,4.000000,2.000000,2.000000,0.000000,0.000000,4.000000,4.000000,4.000000,4.000000,4.000000,4.000000,0.000000,,,,,,,,,,,,,,,,,,,,,,,,,,,,
1732157915.626599,1732157915.630060,110.000000,0.000000,4291.922852,4277.692383,4317.051270,4300.000000,4269.358887,4277.820313,4335.000000,4402.820313,4295.641113,4283.589844,4474.230957,4506.794922,4342.307617,4413.077148,1553.000000,1.000000,22.000000,,,,0.000000,2.000000,2.000000,0.000000,4.000000,2.000000,2.000000,0.000000,0.000000,4.000000,4.000000,4.000000,4.000000,4.000000,4.000000,0.000000,,,,,,,,,,,,,,,,,,,,,,,,,,,,
1732157915.634407,1732157915.637868,111.000000,0.000000,4289.487305,4272.692383,4315.000000,4300.000000,4258.717773,4278.461426,4335.000000,4402.563965,4299.871582,4286.794922,4474.102539,4510.000000,4347.307617,4414.102539,1566.000000,1.000000,22.000000,,,,0.000000,2.000000,2.000000,0.000000,4.000000,2.000000,2.000000,0.000000,0.000000,4.000000,4.000000,4.000000,4.000000,4.000000,4.000000,0.000000,,,,,,,,,,,,,,,,,,,,,,,,,,,,
1732157915.642216,1732157915.645576,112.000000,0.000000,4281.922852,4271.153809,4309.487305,4296.282227,4267.051270,4278.717773,4335.000000,4400.256348,4300.641113,4290.000000,4474.743652,4506.666504,4351.922852,4413.846191,1705.000000,1.000000,22.000000,,,,0.000000,2.000000,2.000000,0.000000,4.000000,2.000000,2.000000,0.000000,0.000000,4.000000,4.000000,4.000000,4.000000,4.000000,4.000000,0.000000,,,,,,,,,,,,,,,,,28.000000,0.000000,0.501666,0.476807,-0.548767,0.468872,0.977658,-0.027347,-0.067879,-35.491531,45.464355,31.575554
1732157915.650024,1732157915.653384,113.000000,0.000000,4290.000000,4278.077148,4313.077148,4295.897461,4286.025879,4275.512695,4335.000000,4397.948730,4297.948730,4289.102539,4475.641113,4507.563965,4351.282227,4413.205078,1608.000000,1.000000,22.000000,,,,0.000000,2.000000,2.000000,0.000000,4.000000,2.000000,2.000000,0.000000,0.000000,4.000000,4.000000,4.000000,4.000000,4.000000,4.000000,0.000000,,,,,,,,,,,,,,,,,,,,,,,,,,,,
1732157915.657832,1732157915.660993,114.000000,0.000000,4297.436035,4281.538574,4313.974121,4298.461426,4287.051270,4272.692383,4335.000000,4398.846191,4297.307617,4290.512695,4474.358887,4513.333496,4350.256348,4413.077148,1553.000000,1.000000,22.000000,,,,0.000000,2.000000,2.000000,0.000000,4.000000,2.000000,2.000000,0.000000,0.000000,4.000000,4.000000,4.000000,4.000000,4.000000,4.000000,0.000000,,,,,,,,,,,,,,,,,,,,,,,,,,,,
1732157915.665640,1732157915.668801,115.000000,0.000000,4292.436035,4280.897461,4310.512695,4301.538574,4269.871582,4276.025879,4335.000000,4401.410156,4297.051270,4292.179688,4474.230957,4515.897461,4350.384766,4415.256348,1566.000000,1.000000,22.000000,,,,0.000000,2.000000,2.000000,0.000000,4.000000,2.000000,2.000000,0.000000,0.000000,4.000000,4.000000,4.000000,4.000000,4.000000,4.000000,0.000000,,,,,,,,,,,,,,,,,,,,,,,,,,,,
1732157915.673449,1732157915.676509,116.000000,0.000000,4289.102539,4280.000000,4312.179688,4299.487305,4258.974121,4279.615234,4335.000000,4401.922852,4294.230957,4285.897461,4474.743652,4512.948730,4350.256348,4415.897461,1705.000000,1.000000,22.000000,,,,0.000000,2.000000,2.000000,0.000000,4.000000,2.000000,2.000000,0.000000,0.000000,4.000000,4.000000,4.000000,4.000000,4.000000,4.000000,0.000000,,,,,,,,,,,,,,,,,29.000000,0.000000,0.501779,0.476868,-0.548767,0.468689,0.981565,-0.046881,-0.050299,-35.663143,45.421127,31.624533
1732157915.681257,1732157915.684317,117.000000,0.000000,4292.051270,4280.128418,4313.077148,4296.153809,4269.102539,4278.589844,4335.000000,4400.897461,4294.487305,4279.487305,4473.077148,4508.589844,4350.512695,4412.948730,1608.000000,1.000000,22.000000,,,,0.000000,2.000000,2.000000,0.000000,4.000000,2.000000,2.000000,0.000000,0.000000,4.000000,4.000000,4.000000,4.000000,4.000000,4.000000,0.000000,,,,,,,,,,,,,,,,,,,,,,,,,,,,
1732157915.689065,1732157915.691926,118.000000,0.000000,4289.743652,4279.102539,4310.000000,4295.512695,4275.512695,4278.077148,4335.000000,4399.615234,4297.051270,4282.179688,4471.282227,4505.128418,4350.769043,4410.512695,1553.000000,1.000000,22.000000,,,,0.000000,2.000000,2.000000,0.000000,4.000000,2.000000,2.000000,0.000000,0.000000,4.000000,4.000000,4.000000,4.000000,4.000000,4.000000,0.000000,,,,,,,,,,,,,,,,,,,,,,,,,,,,
1732157915.696873,1732157915.699734,119.000000,0.000000,4283.333496,4277.436035,4309.487305,4296.025879,4276.153809,4280.384766,4335.000000,4400.128418,4296.153809,4281.282227,4470.897461,4503.077148,4348.205078,4410.897461,1566.000000,1.000000,22.000000,,,,0.000000,2.000000,2.000000,0.000000,4.000000,2.000000,2.000000,0.000000,0.000000,4.000000,4.000000,4.000000,4.000000,4.000000,4.000000,0.000000,,,,,,,,,,,,,,,,,,,,,,,,,,,,
1732157915.704682,1732157915.707442,120.000000,0.000000,4281.410156,4276.282227,4312.820313,4295.000000,4293.717773,4280.641113,4335.000000,4401.666504,4294.743652,4276.922852,4471.538574,4503.717773,4346.410156,4411.282227,1705.000000,1.000000,22.000000,,,,0.000000,2.000000,2.000000,0.000000,4.000000,2.000000,2.000000,0.000000,0.000000,4.000000,4.000000,4.000000,4.000000,4.000000,4.000000,0.000000,,,,,,,,,,,,,,,,,30.000000,0.000000,0.501819,0.476746,-0.548889,0.468628,0.981565,-0.046881,-0.050299,-35.910477,45.307781,31.664204
1732157915.712490,1732157915.715251,121.000000,0.000000,4282.436035,4277.307617,4314.102539,4295.897461,4290.641113,4280.128418,4335.000000,4400.000000,4296.538574,4285.512695,4471.794922,4505.897461,4348.461426,4410.641113,1608.000000,1.000000,22.000000,,,,0.000000,2.000000,2.000000,0.000000,4.000000,2.000000,2.000000,0.000000,0.000000,4.000000,4.000000,4.000000,4.000000,4.000000,4.000000,0.000000,,,,,,,,,,,,,,,,,,,,,,,,,,,,
1732157915.720298,1732157915.722859,122.000000,0.000000,4282.563965,4277.436035,4313.205078,4297.179688,4262.820313,4281.153809,4335.000000,4398.846191,4298.974121,4294.358887,4472.051270,4507.563965,4349.358887,4412.051270,1553.000000,1.000000,22.000000,,,,0.000000,2.000000,2.000000,0.000000,4.000000,2.000000,2.000000,0.000000,0.000000,4.000000,4.000000,4.000000,4.000000,4.000000,4.000000,0.000000,,,,,,,,,,,,,,,,,,,,,,,,,,,,
1732157915.728106,1732157915.730667,123.000000,0.000000,4282.692383,4277.051270,4312.692383,4296.922852,4262.948730,4282.051270,4335.000000,4400.897461,4298.333496,4291.666504,4473.461426,4507.820313,4343.974121,4413.461426,1566.000000,1.000000,22.000000,,,,0.000000,2.000000,2.000000,0.000000,4.000000,2.000000,2.000000,0.000000,0.000000,4.000000,4.000000,4.000000,4.000000,4.000000,4.000000,0.000000,,,,,,,,,,,,,,,,,,,,,,,,,,,,
1732157915.735915,1732157915.738575,124.000000,0.000000,4286.538574,4278.077148,4314.358887,4297.563965,4283.589844,4281.282227,4335.000000,4400.128418,4297.307617,4291.282227,4471.025879,4506.538574,4340.256348,4411.153809,1705.000000,1.000000,22.000000,,,,0.000000,2.000000,2.000000,0.000000,4.000000,2.000000,2.000000,0.000000,0.000000,4.000000,4.000000,4.000000,4.000000,4.000000,4.000000,0.000000,,,,,,,,,,,,,,,,,31.000000,0.000000,0.501935,0.476624,-0.548889,0.468628,0.988890,-0.043951,-0.050787,-35.800819,45.217636,31.664673
1732157915.743723,1732157915.746383,125.000000,0.000000,4293.077148,4280.000000,4314.743652,4299.487305,4280.897461,4280.256348,4335.000000,4397.051270,4297.436035,4293.589844,4464.615234,4502.948730,4344.871582,4410.128418,1608.000000,1.000000,22.000000,,,,0.000000,2.000000,2.000000,0.000000,4.000000,2.000000,2.000000,0.000000,0.000000,4.000000,4.000000,4.000000,4.000000,4.000000,4.000000,0.000000,,,,,,,,,,,,,,,,,,,,,,,,,,,,
1732157915.751531,1732157915.754391,126.000000,0.000000,4292.436035,4281.666504,4312.051270,4299.743652,4272.307617,4281.153809,4335.000000,4398.461426,4294.743652,4288.205078,4464.615234,4501.153809,4348.461426,4410.641113,1553.000000,1.000000,22.000000,,,,0.000000,2.000000,2.000000,0.000000,4.000000,2.000000,2.000000,0.000000,0.000000,4.000000,4.000000,4.000000,4.000000,4.000000,4.000000,0.000000,,,,,,,,,,,,,,,,,,,,,,,,,,,,
1732157915.759339,1732157915.762200,127.000000,0.000000,4285.512695,4280.769043,4310.641113,4298.333496,4293.589844,4282.051270,4335.000000,4400.897461,4293.461426,4286.666504,4470.641113,4501.538574,4348.333496,4406.538574,22.000000,1.000000,22.000000,,,,0.000000,2.000000,2.000000,0.000000,4.000000,2.000000,2.000000,0.000000,0.000000,4.000000,4.000000,4.000000,4.000000,4.000000,4.000000,0.000000,,,,,,,,,,,,,,,,,,,,,,,,,,,,
1732157915.767148,1732157915.769908,0.000000,0.000000,4282.948730,4275.769043,4312.307617,4296.922852,4300.000000,4280.897461,4335.000000,4400.641113,4299.487305,4293.333496,4473.461426,4500.897461,4347.692383,4402.436035,0.000000,1.000000,22.000000,,,,0.000000,2.000000,2.000000,0.000000,4.000000,2.000000,2.000000,0.000000,0.000000,4.000000,4.000000,4.000000,4.000000,4.000000,4.000000,0.000000,,,,,,,,,,,,,,,,,0.000000,0.000000,0.501772,0.476746,-0.548828,0.468750,0.981077,-0.028324,-0.052252,-35.556999,45.234619,31.585051
1732157915.774956,1732157915.777716,1.000000,0.000000,4283.333496,4274.230957,4311.794922,4296.410156,4270.128418,4281.538574,4335.000000,4400.128418,4303.974121,4300.000000,4473.205078,4502.307617,4349.358887,4404.230957,1603.000000,1.000000,22.000000,,,,0.000000,2.000000,2.000000,0.000000,4.000000,2.000000,2.000000,0.000000,0.000000,4.000000,4.000000,4.000000,4.000000,4.000000,4.000000,0.000000,,,,,,,,,,,,,,,,,,,,,,,,,,,,
1732157915.782764,1732157915.785325,2.000000,0.000000,4282.692383,4274.230957,4309.487305,4296.666504,4255.128418,4285.000000,4335.000000,4400.512695,4300.128418,4297.307617,4472.948730,4503.717773,4349.487305,4405.641113,1366.000000,1.000000,22.000000,,,,0.000000,2.000000,2.000000,0.000000,4.000000,2.000000,2.000000,0.000000,0.000000,4.000000,4.000000,4.000000,4.000000,4.000000,4.000000,0.000000,,,,,,,,,,,,,,,,,,,,,,,,,,,,
1732157915.790572,1732157915.793133,3.000000,0.000000,4281.922852,4270.769043,4310.128418,4296.666504,4271.538574,4285.128418,4335.000000,4399.743652,4295.897461,4287.051270,4470.897461,4497.692383,4347.436035,4407.563965,1421.000000,1.000000,22.000000,,,,0.000000,2.000000,2.000000,0.000000,4.000000,2.000000,2.000000,0.000000,0.000000,4.000000,4.000000,4.000000,4.000000,4.000000,4.000000,0.000000,,,,,,,,,,,,,,,,,,,,,,,,,,,,
1732157915.798381,1732157915.800841,4.000000,0.000000,4282.436035,4270.641113,4312.051270,4295.000000,4281.922852,4281.538574,4335.000000,4400.384766,4294.871582,4284.743652,4470.897461,4494.487305,4348.077148,4412.179688,1431.000000,1.000000,22.000000,,,,0.000000,2.000000,2.000000,0.000000,4.000000,2.000000,2.000000,0.000000,0.000000,4.000000,4.000000,4.000000,4.000000,4.000000,4.000000,0.000000,,,,,,,,,,,,,,,,,1.000000,0.000000,0.501877,0.476685,-0.548889,0.468628,0.968380,-0.029789,-0.059578,-35.486168,45.258373,31.605558
1732157915.806189,1732157915.808649,5.000000,0.000000,4287.948730,4275.641113,4313.077148,4297.436035,4276.666504,4280.000000,4335.000000,4402.563965,4296.666504,4291.538574,4473.077148,4502.820313,4351.153809,4414.102539,1214.000000,1.000000,22.000000,,,,0.000000,2.000000,2.000000,0.000000,4.000000,2.000000,2.000000,0.000000,0.000000,4.000000,4.000000,4.000000,4.000000,4.000000,4.000000,0.000000,,,,,,,,,,,,,,,,,,,,,,,,,,,,
1732157915.813997,1732157915.816657,6.000000,0.000000,4297.179688,4278.589844,4312.051270,4300.641113,4274.230957,4281.153809,4335.000000,4402.179688,4298.974121,4295.897461,4475.769043,4510.128418,4353.717773,4414.358887,0.000000,1.000000,22.000000,,,,0.000000,2.000000,2.000000,0.000000,4.000000,2.000000,2.000000,0.000000,0.000000,4.000000,4.000000,4.000000,4.000000,4.000000,4.000000,0.000000,,,,,,,,,,,,,,,,,,,,,,,,,,,,
1732157915.821805,1732157915.824466,7.000000,0.000000,4296.538574,4277.820313,4312.307617,4298.461426,4285.256348,4278.846191,4335.000000,4399.230957,4297.692383,4290.897461,4475.897461,4506.538574,4352.948730,4415.769043,0.000000,1.000000,22.000000,,,,0.000000,2.000000,2.000000,0.000000,4.000000,2.000000,2.000000,0.000000,0.000000,4.000000,4.000000,4.000000,4.000000,4.000000,4.000000,0.000000,,,,,,,,,,,,,,,,,,,,,,,,,,,,
1732157915.829614,1732157915.832374,8.000000,0.000000,4293.589844,4277.820313,4313.846191,4298.589844,4292.563965,4277.692383,4335.000000,4399.615234,4300.000000,4290.128418,4474.358887,4505.641113,4350.641113,4419.871582,1531.000000,1.000000,22.000000,,,,0.000000,2.000000,2.000000,0.000000,4.000000,2.000000,2.000000,0.000000,0.000000,4.000000,4.000000,4.000000,4.000000,4.000000,4.000000,0.000000,,,,,,,,,,,,,,,,,2.000000,0.000000,0.501983,0.476563,-0.548950,0.468567,0.987425,-0.030277,-0.059578,-35.362129,45.114285,31.617168
1732157915.837422,1732157915.840182,9.000000,0.000000,4297.820313,4280.128418,4315.512695,4305.128418,4273.717773,4281.922852,4335.000000,4402.307617,4310.641113,4296.794922,4476.025879,4518.077148,4352.179688,4425.641113,1690.000000,1.000000,22.000000,,,,0.000000,2.000000,2.000000,0.000000,4.000000,2.000000,2.000000,0.000000,0.000000,4.000000,4.000000,4.000000,4.000000,4.000000,4.000000,0.000000,,,,,,,,,,,,,,,,,,,,,,,,,,,,
1732157915.845230,1732157915.848190,10.000000,0.000000,4296.794922,4279.487305,4313.717773,4307.179688,4262.307617,4282.307617,4335.000000,4400.384766,4312.820313,4297.820313,4479.358887,4521.666504,4354.871582,4426.153809,1549.000000,1.000000,22.000000,,,,0.000000,2.000000,2.000000,0.000000,4.000000,2.000000,2.000000,0.000000,0.000000,4.000000,4.000000,4.000000,4.000000,4.000000,4.000000,0.000000,,,,,,,,,,,,,,,,,,,,,,,,,,,,
1732157915.853038,1732157915.855998,11.000000,0.000000,4292.692383,4275.384766,4310.000000,4300.897461,4280.641113,4282.948730,4335.000000,4398.974121,4304.358887,4293.846191,4478.461426,4509.871582,4352.692383,4419.102539,1566.000000,1.000000,22.000000,,,,0.000000,2.000000,2.000000,0.000000,4.000000,2.000000,2.000000,0.000000,0.000000,4.000000,4.000000,4.000000,4.000000,4.000000,4.000000,0.000000,,,,,,,,,,,,,,,,,,,,,,,,,,,,
1732157915.860847,1732157915.863906,12.000000,0.000000,4293.589844,4276.410156,4309.230957,4296.922852,4283.205078,4293.846191,4335.000000,4401.282227,4305.256348,4294.743652,4476.666504,4505.897461,4352.820313,4414.230957,1705.000000,1.000000,22.000000,,,,0.000000,2.000000,2.000000,0.000000,4.000000,2.000000,2.000000,0.000000,0.000000,4.000000,4.000000,4.000000,4.000000,4.000000,4.000000,0.000000,,,,,,,,,,,,,,,,,3.000000,0.000000,0.501926,0.476563,-0.548950,0.468628,0.988402,-0.033696,-0.052252,-35.399990,45.067570,31.529907
1732157915.868655,1732157915.871714,13.000000,0.000000,4290.897461,4277.179688,4311.666504,4296.794922,4280.512695,4296.153809,4335.000000,4400.000000,4310.512695,4296.922852,4475.769043,4508.333496,4355.769043,4414.487305,1611.000000,1.000000,22.000000,,,,0.000000,2.000000,2.000000,0.000000,4.000000,2.000000,2.000000,0.000000,0.000000,4.000000,4.000000,4.000000,4.000000,4.000000,4.000000,0.000000,,,,,,,,,,,,,,,,,,,,,,,,,,,,
1732157915.876463,1732157915.879722,14.000000,0.000000,4281.922852,4268.846191,4310.641113,4293.589844,4298.717773,4283.461426,4335.000000,4399.871582,4308.205078,4292.820313,4474.871582,4503.461426,4352.051270,4413.333496,1549.000000,1.000000,22.000000,,,,0.000000,2.000000,2.000000,0.000000,4.000000,2.000000,2.000000,0.000000,0.000000,4.000000,4.000000,4.000000,4.000000,4.000000,4.000000,0.000000,1.000000,0.000000,2.000000,1.000000,0.000000,0.000000,2.000000,1.000000,0.000000,0.000000,4.000000,4.000000,1.000000,4.000000,1.000000,4.000000,,,,,,,,,,,,
1732157915.884271,1732157915.887531,15.000000,0.000000,4280.256348,4264.487305,4310.769043,4291.922852,4291.025879,4283.717773,4335.000000,4402.948730,4310.256348,4294.358887,4474.743652,4506.282227,4348.846191,4414.615234,1566.000000,1.000000,22.000000,,,,0.000000,2.000000,2.000000,0.000000,4.000000,2.000000,2.000000,0.000000,0.000000,4.000000,4.000000,4.000000,4.000000,4.000000,4.000000,0.000000,,,,,,,,,,,,,,,,,,,,,,,,,,,,
1732157915.892080,1732157915.895439,16.000000,0.000000,4290.000000,4270.256348,4314.615234,4295.384766,4261.922852,4294.358887,4335.000000,4403.077148,4312.820313,4296.794922,4475.641113,4515.384766,4351.410156,4417.307617,0.000000,1.000000,22.000000,,,,0.000000,2.000000,2.000000,0.000000,4.000000,2.000000,2.000000,0.000000,0.000000,4.000000,4.000000,4.000000,4.000000,4.000000,4.000000,0.000000,,,,,,,,,,,,,,,,,4.000000,0.000000,0.501870,0.476501,-0.548950,0.468750,0.968868,-0.036137,-0.054206,-35.348995,45.043064,31.514225
1732157915.899888,1732157915.903247,17.000000,0.000000,4294.102539,4268.461426,4315.128418,4297.692383,4264.871582,4288.846191,4335.000000,4401.922852,4307.436035,4293.461426,4474.615234,4514.743652,4351.410156,4417.820313,0.000000,1.000000,22.000000,,,,0.000000,2.000000,2.000000,0.000000,4.000000,2.000000,2.000000,0.000000,0.000000,4.000000,4.000000,4.000000,4.000000,4.000000,4.000000,0.000000,,,,,,,,,,,,,,,,,,,,,,,,,,,,
1732157915.907696,1732157915.911255,18.000000,0.000000,4291.153809,4265.641113,4312.051270,4295.641113,4280.641113,4279.615234,4335.000000,4402.563965,4306.410156,4293.846191,4474.615234,4512.948730,4348.846191,4416.922852,0.000000,1.000000,22.000000,,,,0.000000,2.000000,2.000000,0.000000,4.000000,2.000000,2.000000,0.000000,0.000000,4.000000,4.000000,4.000000,4.000000,4.000000,4.000000,0.000000,,,,,,,,,,,,,,,,,,,,,,,,,,,,
1732157915.915504,1732157915.919063,19.000000,0.000000,4293.077148,4271.922852,4311.282227,4296.410156,4275.512695,4281.922852,4335.000000,4404.102539,4307.692383,4296.666504,4475.000000,4513.461426,4351.282227,4416.282227,0.000000,1.000000,22.000000,,,,0.000000,2.000000,2.000000,0.000000,4.000000,2.000000,2.000000,0.000000,0.000000,4.000000,4.000000,4.000000,4.000000,4.000000,4.000000,0.000000,,,,,,,,,,,,,,,,,,,,,,,,,,,,
1732157915.923313,1732157915.926971,20.000000,0.000000,4293.077148,4272.051270,4310.512695,4297.436035,4284.487305,4283.974121,4335.000000,4404.743652,4300.512695,4293.333496,4474.102539,4509.230957,4350.769043,4414.743652,0.000000,1.000000,22.000000,,,,0.000000,2.000000,2.000000,0.000000,4.000000,2.000000,2.000000,0.000000,0.000000,4.000000,4.000000,4.000000,4.000000,4.000000,4.000000,0.000000,,,,,,,,,,,,,,,,,5.000000,0.000000,0.501870,0.476501,-0.548950,0.468750,0.967892,-0.049811,-0.059578,-35.614349,45.304882,31.354855
1732157915.931121,1732157915.934779,21.000000,0.000000,4286.794922,4267.820313,4309.487305,4294.615234,4304.102539,4279.743652,4335.000000,4403.974121,4299.615234,4291.025879,4472.692383,4504.871582,4347.563965,4410.128418,0.000000,1.000000,22.000000,,,,0.000000,2.000000,2.000000,0.000000,4.000000,2.000000,2.000000,0.000000,0.000000,4.000000,4.000000,4.000000,4.000000,4.000000,4.000000,0.000000,,,,,,,,,,,,,,,,,,,,,,,,,,,,
1732157915.938929,1732157915.942388,22.000000,0.000000,4286.538574,4272.179688,4312.692383,4297.820313,4286.922852,4278.077148,4335.000000,4402.436035,4306.025879,4296.666504,4473.205078,4506.410156,4350.000000,4410.512695,0.000000,1.000000,22.000000,,,,0.000000,2.000000,2.000000,0.000000,4.000000,2.000000,2.000000,0.000000,0.000000,4.000000,4.000000,4.000000,4.000000,4.000000,4.000000,0.000000,,,,,,,,,,,,,,,,,,,,,,,,,,,,
1732157915.946737,1732157915.950196,23.000000,0.000000,4289.358887,4278.717773,4315.384766,4302.692383,4264.871582,4282.563965,4335.000000,4402.692383,4302.563965,4293.461426,4473.846191,4507.563965,4349.743652,4414.871582,0.000000,1.000000,22.000000,,,,0.000000,2.000000,2.000000,0.000000,4.000000,2.000000,2.000000,0.000000,0.000000,4.000000,4.000000,4.000000,4.000000,4.000000,4.000000,0.000000,,,,,,,,,,,,,,,,,,,,,,,,,,,,
1732157915.954546,1732157915.957904,24.000000,0.000000,4287.692383,4278.333496,4315.641113,4300.641113,4276.410156,4284.102539,4335.000000,4402.948730,4294.487305,4282.179688,4472.179688,4506.153809,4344.230957,4414.358887,0.000000,1.000000,22.000000,,,,0.000000,2.000000,2.000000,0.000000,4.000000,2.000000,2.000000,0.000000,0.000000,4.000000,4.000000,4.000000,4.000000,4.000000,4.000000,0.000000,,,,,,,,,,,,,,,,,6.000000,0.000000,0.501813,0.476501,-0.548950,0.468811,0.969845,-0.057624,-0.056159,-35.719292,45.215286,31.319099
1732157915.962354,1732157915.965713,25.000000,0.000000,4290.128418,4278.205078,4316.025879,4298.974121,4283.077148,4281.153809,4335.000000,4403.333496,4293.846191,4283.846191,4471.666504,4506.794922,4344.871582,4413.333496,0.000000,1.000000,22.000000,,,,0.000000,2.000000,2.000000,0.000000,4.000000,2.000000,2.000000,0.000000,0.000000,4.000000,4.000000,4.000000,4.000000,4.000000,4.000000,0.000000,,,,,,,,,,,,,,,,,,,,,,,,,,,,
1732157915.970162,1732157915.973321,26.000000,0.000000,4293.077148,4279.102539,4315.256348,4303.333496,4274.871582,4281.282227,4335.000000,4402.948730,4298.717773,4294.358887,4474.615234,4512.948730,4350.769043,4416.922852,0.000000,1.000000,22.000000,,,,0.000000,2.000000,2.000000,0.000000,4.000000,2.000000,2.000000,0.000000,0.000000,4.000000,4.000000,4.000000,4.000000,4.000000,4.000000,0.000000,,,,,,,,,,,,,,,,,,,,,,,,,,,,
1732157915.977970,1732157915.981129,27.000000,0.000000,4289.871582,4278.461426,4311.794922,4302.563965,4291.410156,4280.256348,4335.000000,4400.769043,4302.948730,4298.077148,4475.128418,4518.205078,4350.000000,4418.589844,0.000000,1.000000,22.000000,,,,0.000000,2.000000,2.000000,0.000000,4.000000,2.000000,2.000000,0.000000,0.000000,4.000000,4.000000,4.000000,4.000000,4.000000,4.000000,0.000000,,,,,,,,,,,,,,,,,,,,,,,,,,,,
1732157915.985779,1732157915.989037,28.000000,0.000000,4289.871582,4280.256348,4311.922852,4298.205078,4299.743652,4280.128418,4335.000000,4404.743652,4302.179688,4294.102539,4473.333496,4517.563965,4350.384766,4415.897461,0.000000,1.000000,22.000000,,,,0.000000,2.000000,2.000000,0.000000,4.000000,2.000000,2.000000,0.000000,0.000000,4.000000,4.000000,4.000000,4.000000,4.000000,4.000000,0.000000,,,,,,,,,,,,,,,,,7.000000,0.000000,0.501562,0.476807,-0.548706,0.469055,0.969357,-0.042974,-0.061043,-35.490959,45.157715,31.155138
1732157915.993587,1732157915.996846,29.000000,0.000000,4293.589844,4280.256348,4311.922852,4302.436035,4277.051270,4286.538574,4335.000000,4406.410156,4296.153809,4287.051270,4473.077148,4512.948730,4350.897461,4414.871582,0.000000,1.000000,22.000000,,,,0.000000,2.000000,2.000000,0.000000,4.000000,2.000000,2.000000,0.000000,0.000000,4.000000,4.000000,4.000000,4.000000,4.000000,4.000000,0.000000,,,,,,,,,,,,,,,,,,,,,,,,,,,,
1732157916.001395,1732157916.004454,30.000000,0.000000,4291.666504,4277.820313,4310.000000,4303.974121,4271.282227,4288.974121,4335.000000,4402.436035,4292.051270,4280.384766,4469.871582,4507.563965,4342.307617,4413.846191,0.000000,1.000000,22.000000,,,,0.000000,2.000000,2.000000,0.000000,4.000000,2.000000,2.000000,0.000000,0.000000,4.000000,4.000000,4.000000,4.000000,4.000000,4.000000,0.000000,,,,,,,,,,,,,,,,,,,,,,,,,,,,
1732157916.009203,1732157916.012262,31.000000,0.000000,4289.487305,4277.820313,4312.563965,4299.358887,4286.282227,4286.025879,4335.000000,4402.307617,4295.000000,4279.358887,4466.922852,4505.512695,4341.538574,4410.641113,0.000000,1.000000,22.000000,,,,0.000000,2.000000,2.000000,0.000000,4.000000,2.000000,2.000000,0.000000,0.000000,4.000000,4.000000,4.000000,4.000000,4.000000,4.000000,0.000000,,,,,,,,,,,,,,,,,,,,,,,,,,,,
1732157916.017012,1732157916.019970,32.000000,0.000000,4293.333496,4280.256348,4314.358887,4297.948730,4285.128418,4286.666504,4335.000000,4403.717773,4300.128418,4283.717773,4471.153809,4506.794922,4350.000000,4411.794922,0.000000,1.000000,22.000000,,,,0.000000,2.000000,2.000000,0.000000,4.000000,2.000000,2.000000,0.000000,0.000000,4.000000,4.000000,4.000000,4.000000,4.000000,4.000000,0.000000,,,,,,,,,,,,,,,,,8.000000,0.000000,0.501544,0.476685,-0.548828,0.469055,0.974728,-0.045904,-0.055183,-35.566010,45.079418,31.223995
1732157916.024820,1732157916.027779,33.000000,0.000000,4296.666504,4278.461426,4311.410156,4298.461426,4274.615234,4286.153809,4335.000000,4401.025879,4301.410156,4292.820313,4476.025879,4507.436035,4351.153809,4415.384766,0.000000,1.000000,22.000000,,,,0.000000,2.000000,2.000000,0.000000,4.000000,2.000000,2.000000,0.000000,0.000000,4.000000,4.000000,4.000000,4.000000,4.000000,4.000000,0.000000,,,,,,,,,,,,,,,,,,,,,,,,,,,,
1732157916.032628,1732157916.035387,34.000000,0.000000,4295.000000,4274.487305,4311.282227,4295.384766,4288.333496,4281.538574,4335.000000,4401.794922,4298.461426,4294.102539,4475.000000,4507.948730,4348.717773,4414.871582,0.000000,1.000000,22.000000,,,,0.000000,2.000000,2.000000,0.000000,4.000000,2.000000,2.000000,0.000000,0.000000,4.000000,4.000000,4.000000,4.000000,4.000000,4.000000,0.000000,,,,,,,,,,,,,,,,,,,,,,,,,,,,
1732157916.040436,1732157916.043195,35.000000,0.000000,4294.230957,4275.000000,4315.000000,4294.743652,4298.077148,4279.615234,4335.000000,4403.974121,4295.897461,4284.487305,4474.487305,4511.282227,4351.282227,4415.641113,0.000000,1.000000,22.000000,,,,0.000000,2.000000,2.000000,0.000000,4.000000,2.000000,2.000000,0.000000,0.000000,4.000000,4.000000,4.000000,4.000000,4.000000,4.000000,0.000000,,,,,,,,,,,,,,,,,,,,,,,,,,,,
1732157916.048245,1732157916.050904,36.000000,0.000000,4296.922852,4277.051270,4314.102539,4297.948730,4277.436035,4281.794922,4335.000000,4401.025879,4295.256348,4283.205078,4476.794922,4510.769043,4352.692383,4420.512695,0.000000,1.000000,22.000000,,,,0.000000,2.000000,2.000000,0.000000,4.000000,2.000000,2.000000,0.000000,0.000000,4.000000,4.000000,4.000000,4.000000,4.000000,4.000000,0.000000,,,,,,,,,,,,,,,,,9.000000,0.000000,0.501584,0.476563,-0.548950,0.468994,0.984984,-0.036137,-0.072763,-35.426800,45.032661,31.371435
1732157916.056053,1732157916.058712,37.000000,0.000000,4298.205078,4277.051270,4313.333496,4299.358887,4261.025879,4283.077148,4335.000000,4402.948730,4300.000000,4292.692383,4477.948730,4509.871582,4350.897461,4420.897461,0.000000,1.000000,22.000000,,,,0.000000,2.000000,2.000000,0.000000,4.000000,2.000000,2.000000,0.000000,0.000000,4.000000,4.000000,4.000000,4.000000,4.000000,4.000000,0.000000,,,,,,,,,,,,,,,,,,,,,,,,,,,,
1732157916.063861,1732157916.066320,38.000000,0.000000,4296.922852,4277.563965,4315.256348,4300.512695,4277.948730,4282.692383,4335.000000,4405.512695,4301.153809,4291.410156,4477.307617,4510.897461,4351.538574,4415.897461,0.000000,1.000000,22.000000,,,,0.000000,2.000000,2.000000,0.000000,4.000000,2.000000,2.000000,0.000000,0.000000,4.000000,4.000000,4.000000,4.000000,4.000000,4.000000,0.000000,,,,,,,,,,,,,,,,,,,,,,,,,,,,
1732157916.071669,1732157916.074128,39.000000,0.000000,4294.871582,4278.846191,4314.102539,4301.282227,4298.077148,4280.384766,4335.000000,4402.948730,4296.282227,4283.205078,4474.102539,4508.461426,4350.256348,4413.589844,0.000000,1.000000,22.000000,,,,0.000000,2.000000,2.000000,0.000000,4.000000,2.000000,2.000000,0.000000,0.000000,4.000000,4.000000,4.000000,4.000000,4.000000,4.000000,0.000000,,,,,,,,,,,,,,,,,,,,,,,,,,,,
1732157916.079478,1732157916.081837,40.000000,0.000000,4293.589844,4279.743652,4313.589844,4302.179688,4285.512695,4280.000000,4335.000000,4401.794922,4299.230957,4287.307617,4473.333496,4507.436035,4348.077148,4415.000000,0.000000,1.000000,22.000000,,,,0.000000,2.000000,2.000000,0.000000,4.000000,2.000000,2.000000,0.000000,0.000000,4.000000,4.000000,4.000000,4.000000,4.000000,4.000000,0.000000,,,,,,,,,,,,,,,,,10.000000,0.000000,0.501507,0.476563,-0.549072,0.468933,0.985960,-0.048346,-0.057136,-35.669044,45.176456,31.100863
1732157916.087286,1732157916.089645,41.000000,0.000000,4294.358887,4281.410156,4316.282227,4303.717773,4265.384766,4284.615234,4335.000000,4405.384766,4307.820313,4296.666504,4476.410156,4512.051270,4349.102539,4417.563965,0.000000,1.000000,22.000000,,,,0.000000,2.000000,2.000000,0.000000,4.000000,2.000000,2.000000,0.000000,0.000000,4.000000,4.000000,4.000000,4.000000,4.000000,4.000000,0.000000,,,,,,,,,,,,,,,,,,,,,,,,,,,,
1732157916.095094,1732157916.097253,42.000000,0.000000,4296.282227,4282.820313,4315.256348,4306.153809,4267.692383,4286.538574,4335.000000,4404.743652,4309.102539,4297.307617,4477.051270,4513.333496,4350.384766,4418.974121,0.000000,1.000000,22.000000,,,,0.000000,2.000000,2.000000,0.000000,4.000000,2.000000,2.000000,0.000000,0.000000,4.000000,4.000000,4.000000,4.000000,4.000000,4.000000,0.000000,,,,,,,,,,,,,,,,,,,,,,,,,,,,
1732157916.102902,1732157916.105062,43.000000,0.000000,4292.179688,4281.410156,4311.538574,4303.461426,4279.871582,4283.589844,4335.000000,4401.153809,4301.922852,4292.692383,4475.128418,4506.025879,4347.692383,4416.282227,0.000000,1.000000,22.000000,,,,0.000000,2.000000,2.000000,0.000000,4.000000,2.000000,2.000000,0.000000,0.000000,4.000000,4.000000,4.000000,4.000000,4.000000,4.000000,0.000000,,,,,,,,,,,,,,,,,,,,,,,,,,,,
1732157916.110711,1732157916.112770,44.000000,0.000000,4286.922852,4279.358887,4311.025879,4295.128418,4282.948730,4283.589844,4335.000000,4402.051270,4300.769043,4293.717773,4473.077148,4503.846191,4345.769043,4413.461426,0.000000,1.000000,22.000000,,,,0.000000,2.000000,2.000000,0.000000,4.000000,2.000000,2.000000,0.000000,0.000000,4.000000,4.000000,4.000000,4.000000,4.000000,4.000000,0.000000,,,,,,,,,,,,,,,,,11.000000,0.000000,0.501275,0.476868,-0.548706,0.469299,0.979612,-0.041021,-0.051764,-35.781925,45.426262,31.048365
1732157916.118519,1732157916.120578,45.000000,0.000000,4290.512695,4281.153809,4313.717773,4294.871582,4274.871582,4285.128418,4335.000000,4403.205078,4303.461426,4297.436035,4472.948730,4507.948730,4345.641113,4412.948730,0.000000,1.000000,22.000000,,,,0.000000,2.000000,2.000000,0.000000,4.000000,2.000000,2.000000,0.000000,0.000000,4.000000,4.000000,4.000000,4.000000,4.000000,4.000000,0.000000,,,,,,,,,,,,,,,,,,,,,,,,,,,,
1732157916.126327,1732157916.128187,46.000000,0.000000,4290.769043,4280.256348,4314.102539,4298.333496,4275.000000,4282.179688,4335.000000,4402.436035,4300.641113,4290.256348,4473.974121,4501.922852,4345.641113,4411.282227,0.000000,1.000000,22.000000,,,,0.000000,2.000000,2.000000,0.000000,4.000000,2.000000,2.000000,0.000000,0.000000,4.000000,4.000000,4.000000,4.000000,4.000000,4.000000,0.000000,,,,,,,,,,,,,,,,,,,,,,,,,,,,
1732157916.134135,1732157916.135995,47.000000,0.000000,4282.692383,4271.794922,4314.487305,4289.358887,4290.769043,4278.589844,4335.000000,4401.538574,4297.436035,4281.794922,4469.230957,4495.769043,4344.871582,4411.025879,0.000000,1.000000,22.000000,,,,0.000000,2.000000,2.000000,0.000000,4.000000,2.000000,2.000000,0.000000,0.000000,4.000000,4.000000,4.000000,4.000000,4.000000,4.000000,0.000000,,,,,,,,,,,,,,,,,,,,,,,,,,,,
1732157916.141944,1732157916.143703,48.000000,0.000000,4280.641113,4270.384766,4314.487305,4285.384766,4289.230957,4283.205078,4335.000000,4402.179688,4297.692383,4281.282227,4464.743652,4497.820313,4343.205078,4409.358887,0.000000,1.000000,22.000000,,,,0.000000,2.000000,2.000000,0.000000,4.000000,2.000000,2.000000,0.000000,0.000000,4.000000,4.000000,4.000000,4.000000,4.000000,4.000000,0.000000,,,,,,,,,,,,,,,,,12.000000,0.000000,0.501266,0.476868,-0.548767,0.469238,0.983518,-0.037114,-0.065926,-35.771690,45.258606,31.012510
1732157916.149752,1732157916.151511,49.000000,0.000000,4284.871582,4279.102539,4313.974121,4298.461426,4268.333496,4287.436035,4335.000000,4402.179688,4299.358887,4287.820313,4468.717773,4498.333496,4342.436035,4405.769043,0.000000,1.000000,22.000000,,,,0.000000,2.000000,2.000000,0.000000,4.000000,2.000000,2.000000,0.000000,0.000000,4.000000,4.000000,4.000000,4.000000,4.000000,4.000000,0.000000,,,,,,,,,,,,,,,,,,,,,,,,,,,,
1732157916.157560,1732157916.159519,50.000000,0.000000,4290.128418,4280.769043,4313.846191,4304.871582,4265.384766,4283.974121,4335.000000,4402.179688,4302.051270,4292.563965,4473.461426,4495.897461,4343.589844,4408.846191,0.000000,1.000000,22.000000,,,,0.000000,2.000000,2.000000,0.000000,4.000000,2.000000,2.000000,0.000000,0.000000,4.000000,4.000000,4.000000,4.000000,4.000000,4.000000,0.000000,,,,,,,,,,,,,,,,,,,,,,,,,,,,
1732157916.165368,1732157916.167327,51.000000,0.000000,4293.333496,4276.282227,4312.820313,4299.743652,4277.051270,4280.897461,4334.871582,4402.436035,4302.820313,4288.974121,4473.077148,4499.743652,4344.358887,4415.000000,0.000000,1.000000,22.000000,,,,0.000000,2.000000,2.000000,0.000000,4.000000,2.000000,2.000000,0.000000,0.000000,4.000000,4.000000,4.000000,4.000000,4.000000,4.000000,0.000000,,,,,,,,,,,,,,,,,,,,,,,,,,,,
1732157916.173177,1732157916.175036,52.000000,0.000000,4289.871582,4278.077148,4312.179688,4298.461426,4288.077148,4280.384766,4335.000000,4402.179688,4298.846191,4282.051270,4473.461426,4500.000000,4342.820313,4413.205078,0.000000,1.000000,22.000000,,,,0.000000,2.000000,2.000000,0.000000,4.000000,2.000000,2.000000,0.000000,0.000000,4.000000,4.000000,4.000000,4.000000,4.000000,4.000000,0.000000,,,,,,,,,,,,,,,,,13.000000,0.000000,0.501362,0.476746,-0.548889,0.469116,0.983518,-0.040044,-0.059089,-36.073402,45.167805,31.168467
1732157916.180985,1732157916.182844,53.000000,0.000000,4284.358887,4282.307617,4312.692383,4301.410156,4292.948730,4280.512695,4335.128418,4401.410156,4298.846191,4282.820313,4473.846191,4499.230957,4342.692383,4410.641113,0.000000,1.000000,22.000000,,,,0.000000,2.000000,2.000000,0.000000,4.000000,2.000000,2.000000,0.000000,0.000000,4.000000,4.000000,4.000000,4.000000,4.000000,4.000000,0.000000,,,,,,,,,,,,,,,,,,,,,,,,,,,,
1732157916.188793,1732157916.190852,54.000000,0.000000,4284.358887,4281.410156,4312.563965,4299.743652,4277.563965,4284.358887,4334.615234,4400.897461,4304.615234,4290.769043,4472.820313,4501.794922,4343.589844,4411.282227,0.000000,1.000000,22.000000,,,,0.000000,2.000000,2.000000,0.000000,4.000000,2.000000,2.000000,0.000000,0.000000,4.000000,4.000000,4.000000,4.000000,4.000000,4.000000,0.000000,,,,,,,,,,,,,,,,,,,,,,,,,,,,
1732157916.196601,1732157916.198660,55.000000,0.000000,4282.436035,4279.487305,4312.179688,4296.794922,4256.922852,4287.820313,4335.000000,4401.410156,4308.974121,4296.538574,4475.384766,4499.615234,4343.589844,4408.974121,0.000000,1.000000,22.000000,,,,0.000000,2.000000,2.000000,0.000000,4.000000,2.000000,2.000000,0.000000,0.000000,4.000000,4.000000,4.000000,4.000000,4.000000,4.000000,0.000000,,,,,,,,,,,,,,,,,,,,,,,,,,,,
1732157916.204409,1732157916.206568,56.000000,0.000000,4279.615234,4278.077148,4315.384766,4296.666504,4271.794922,4282.051270,4336.025879,4399.230957,4305.512695,4295.256348,4475.641113,4500.256348,4342.948730,4409.102539,0.000000,1.000000,22.000000,,,,0.000000,2.000000,2.000000,0.000000,4.000000,2.000000,2.000000,0.000000,0.000000,4.000000,4.000000,4.000000,4.000000,4.000000,4.000000,0.000000,,,,,,,,,,,,,,,,,14.000000,0.000000,0.501517,0.476563,-0.549011,0.468994,0.975705,-0.037602,-0.061043,-35.851124,45.239254,31.294790
1732157916.212218,1732157916.214376,57.000000,0.000000,4284.615234,4279.102539,4315.897461,4299.102539,4296.794922,4280.769043,4335.128418,4397.948730,4298.077148,4285.384766,4471.410156,4503.461426,4343.205078,4413.333496,0.000000,1.000000,22.000000,,,,0.000000,2.000000,2.000000,0.000000,4.000000,2.000000,2.000000,0.000000,0.000000,4.000000,4.000000,4.000000,4.000000,4.000000,4.000000,0.000000,,,,,,,,,,,,,,,,,,,,,,,,,,,,
1732157916.220026,1732157916.222385,58.000000,0.000000,4291.922852,4279.743652,4312.179688,4304.102539,4287.820313,4290.000000,4333.974121,4402.563965,4298.717773,4276.794922,4470.384766,4502.051270,4343.077148,4413.461426,0.000000,1.000000,22.000000,,,,0.000000,2.000000,2.000000,0.000000,4.000000,2.000000,2.000000,0.000000,0.000000,4.000000,4.000000,4.000000,4.000000,4.000000,4.000000,0.000000,,,,,,,,,,,,,,,,,,,,,,,,,,,,
1732157916.227834,1732157916.230193,59.000000,0.000000,4297.307617,4278.846191,4311.538574,4306.666504,4267.179688,4289.230957,4334.871582,4404.615234,4307.820313,4287.948730,4474.230957,4504.615234,4340.769043,4412.948730,0.000000,1.000000,22.000000,,,,0.000000,2.000000,2.000000,0.000000,4.000000,2.000000,2.000000,0.000000,0.000000,4.000000,4.000000,4.000000,4.000000,4.000000,4.000000,0.000000,,,,,,,,,,,,,,,,,,,,,,,,,,,,
1732157916.235643,1732157916.238101,60.000000,0.000000,4298.589844,4279.230957,4313.974121,4306.025879,4262.692383,4280.769043,4335.512695,4402.820313,4306.025879,4298.461426,4476.025879,4511.794922,4341.794922,4415.128418,0.000000,1.000000,22.000000,,,,0.000000,2.000000,2.000000,0.000000,4.000000,2.000000,2.000000,0.000000,0.000000,4.000000,4.000000,4.000000,4.000000,4.000000,4.000000,0.000000,,,,,,,,,,,,,,,,,15.000000,0.000000,0.501507,0.476563,-0.549072,0.468933,0.976682,-0.029300,-0.058113,-35.871078,45.197128,31.330446
1732157916.243451,1732157916.245909,61.000000,0.000000,4295.128418,4279.358887,4312.948730,4306.282227,4275.512695,4278.846191,4335.000000,4401.794922,4295.512695,4289.102539,4472.307617,4505.256348,4343.589844,4414.358887,0.000000,1.000000,22.000000,,,,0.000000,2.000000,2.000000,0.000000,4.000000,2.000000,2.000000,0.000000,0.000000,4.000000,4.000000,4.000000,4.000000,4.000000,4.000000,0.000000,,,,,,,,,,,,,,,,,,,,,,,,,,,,
1732157916.251259,1732157916.253917,62.000000,0.000000,4292.692383,4279.358887,4312.563965,4306.538574,4284.615234,4281.025879,4335.512695,4401.794922,4295.128418,4278.846191,4470.897461,4495.256348,4341.025879,4411.025879,0.000000,1.000000,22.000000,,,,0.000000,2.000000,2.000000,0.000000,4.000000,2.000000,2.000000,0.000000,0.000000,4.000000,4.000000,4.000000,4.000000,4.000000,4.000000,0.000000,,,,,,,,,,,,,,,,,,,,,,,,,,,,
1732157916.259067,1732157916.261725,63.000000,0.000000,4291.410156,4279.358887,4314.871582,4303.333496,4277.563965,4282.436035,4336.153809,4400.769043,4297.948730,4281.025879,4473.077148,4502.692383,4340.384766,4413.333496,0.000000,1.000000,22.000000,,,,0.000000,2.000000,2.000000,0.000000,4.000000,2.000000,2.000000,0.000000,0.000000,4.000000,4.000000,4.000000,4.000000,4.000000,4.000000,0.000000,,,,,,,,,,,,,,,,,,,,,,,,,,,,
1732157916.266876,1732157916.269633,64.000000,0.000000,4287.051270,4279.102539,4314.102539,4299.487305,4280.384766,4281.153809,4335.641113,4401.666504,4294.230957,4287.307617,4474.743652,4509.358887,4341.922852,4417.051270,0.000000,1.000000,22.000000,,,,0.000000,2.000000,2.000000,0.000000,4.000000,2.000000,2.000000,0.000000,0.000000,4.000000,4.000000,4.000000,4.000000,4.000000,4.000000,0.000000,,,,,,,,,,,,,,,,,16.000000,0.000000,0.501402,0.476624,-0.549011,0.469055,0.972287,-0.037602,-0.064949,-35.768906,45.444675,31.140995
1732157916.274684,1732157916.277442,65.000000,0.000000,4281.922852,4279.743652,4312.436035,4296.538574,4297.307617,4278.846191,4335.000000,4402.948730,4298.461426,4293.205078,4472.436035,4501.538574,4337.307617,4411.410156,1603.000000,1.000000,22.000000,,,,0.000000,2.000000,2.000000,0.000000,4.000000,2.000000,2.000000,0.000000,0.000000,4.000000,4.000000,4.000000,4.000000,4.000000,4.000000,0.000000,,,,,,,,,,,,,,,,,,,,,,,,,,,,
1732157916.282492,1732157916.285450,66.000000,0.000000,4281.282227,4278.717773,4313.461426,4294.487305,4293.974121,4281.153809,4334.743652,4402.436035,4308.333496,4293.717773,4471.794922,4496.153809,4333.077148,4406.538574,1366.000000,1.000000,22.000000,,,,0.000000,2.000000,2.000000,0.000000,4.000000,2.000000,2.000000,0.000000,0.000000,4.000000,4.000000,4.000000,4.000000,4.000000,4.000000,0.000000,,,,,,,,,,,,,,,,,,,,,,,,,,,,
1732157916.290300,1732157916.293258,67.000000,0.000000,4282.179688,4277.563965,4313.205078,4295.512695,4274.743652,4290.512695,4335.000000,4401.666504,4303.717773,4285.512695,4473.205078,4504.102539,4337.179688,4409.743652,1421.000000,1.000000,22.000000,,,,0.000000,2.000000,2.000000,0.000000,4.000000,2.000000,2.000000,0.000000,0.000000,4.000000,4.000000,4.000000,4.000000,4.000000,4.000000,0.000000,,,,,,,,,,,,,,,,,,,,,,,,,,,,
1732157916.298108,1732157916.301166,68.000000,0.000000,4282.563965,4276.794922,4312.692383,4296.666504,4271.666504,4294.358887,4334.871582,4400.897461,4297.563965,4278.333496,4466.153809,4507.436035,4333.333496,4407.820313,1429.000000,1.000000,22.000000,,,,0.000000,2.000000,2.000000,0.000000,4.000000,2.000000,2.000000,0.000000,0.000000,4.000000,4.000000,4.000000,4.000000,4.000000,4.000000,0.000000,,,,,,,,,,,,,,,,,17.000000,0.000000,0.501383,0.476563,-0.549133,0.468994,0.972287,-0.041509,-0.062996,-35.464481,45.201855,31.019207
1732157916.305917,1732157916.308974,69.000000,0.000000,4282.179688,4276.666504,4315.256348,4295.000000,4282.948730,4287.820313,4334.871582,4403.333496,4308.205078,4282.563965,4462.563965,4506.794922,4327.436035,4405.256348,1212.000000,1.000000,22.000000,,,,0.000000,2.000000,2.000000,0.000000,4.000000,2.000000,2.000000,0.000000,0.000000,4.000000,4.000000,4.000000,4.000000,4.000000,4.000000,0.000000,,,,,,,,,,,,,,,,,,,,,,,,,,,,
1732157916.313725,1732157916.316982,70.000000,0.000000,4281.666504,4276.922852,4314.358887,4295.128418,4294.358887,4280.769043,4335.000000,4405.384766,4315.897461,4286.410156,4470.769043,4508.717773,4336.922852,4411.410156,0.000000,1.000000,22.000000,,,,0.000000,2.000000,2.000000,0.000000,4.000000,2.000000,2.000000,0.000000,0.000000,4.000000,4.000000,4.000000,4.000000,4.000000,4.000000,0.000000,,,,,,,,,,,,,,,,,,,,,,,,,,,,
1732157916.321533,1732157916.324790,71.000000,0.000000,4282.820313,4277.692383,4308.717773,4297.692383,4288.717773,4279.230957,4335.000000,4402.307617,4305.128418,4284.743652,4474.487305,4507.563965,4345.256348,4414.358887,0.000000,1.000000,22.000000,,,,0.000000,2.000000,2.000000,0.000000,4.000000,2.000000,2.000000,0.000000,0.000000,4.000000,4.000000,4.000000,4.000000,4.000000,4.000000,0.000000,,,,,,,,,,,,,,,,,,,,,,,,,,,,
1732157916.329342,1732157916.332698,72.000000,0.000000,4282.692383,4278.333496,4310.384766,4299.230957,4266.794922,4281.666504,4335.000000,4400.256348,4294.615234,4284.615234,4470.384766,4505.000000,4346.025879,4411.794922,1531.000000,1.000000,22.000000,,,,0.000000,2.000000,2.000000,0.000000,4.000000,2.000000,2.000000,0.000000,0.000000,4.000000,4.000000,4.000000,4.000000,4.000000,4.000000,0.000000,,,,,,,,,,,,,,,,,18.000000,0.000000,0.501132,0.476868,-0.548889,0.469238,0.979123,-0.040532,-0.052252,-35.322895,45.276836,30.942225
1732157916.337150,1732157916.340507,73.000000,0.000000,4284.358887,4277.820313,4316.282227,4300.256348,4262.692383,4282.307617,4335.000000,4400.641113,4295.897461,4287.307617,4474.230957,4508.205078,4348.589844,4413.205078,1690.000000,1.000000,22.000000,,,,0.000000,2.000000,2.000000,0.000000,4.000000,2.000000,2.000000,0.000000,0.000000,4.000000,4.000000,4.000000,4.000000,4.000000,4.000000,0.000000,,,,,,,,,,,,,,,,,,,,,,,,,,,,
1732157916.344958,1732157916.348515,74.000000,0.000000,4289.487305,4277.692383,4313.717773,4301.410156,4279.615234,4279.615234,4335.000000,4401.153809,4298.077148,4286.153809,4476.922852,4508.205078,4347.436035,4415.897461,1549.000000,1.000000,22.000000,,,,0.000000,2.000000,2.000000,0.000000,4.000000,2.000000,2.000000,0.000000,0.000000,4.000000,4.000000,4.000000,4.000000,4.000000,4.000000,0.000000,,,,,,,,,,,,,,,,,,,,,,,,,,,,
1732157916.352766,1732157916.356323,75.000000,0.000000,4288.974121,4278.077148,4310.897461,4302.820313,4282.563965,4277.563965,4335.000000,4404.102539,4294.487305,4281.794922,4467.563965,4503.333496,4342.436035,4412.179688,1566.000000,1.000000,22.000000,,,,0.000000,2.000000,2.000000,0.000000,4.000000,2.000000,2.000000,0.000000,0.000000,4.000000,4.000000,4.000000,4.000000,4.000000,4.000000,0.000000,,,,,,,,,,,,,,,,,,,,,,,,,,,,
1732157916.360575,1732157916.364031,76.000000,0.000000,4283.077148,4278.846191,4314.102539,4303.333496,4277.563965,4281.025879,4335.000000,4404.102539,4296.153809,4281.025879,4468.333496,4505.384766,4341.153809,4406.922852,1705.000000,1.000000,22.000000,,,,0.000000,2.000000,2.000000,0.000000,4.000000,2.000000,2.000000,0.000000,0.000000,4.000000,4.000000,4.000000,4.000000,4.000000,4.000000,0.000000,,,,,,,,,,,,,,,,,19.000000,0.000000,0.500977,0.477051,-0.548767,0.469360,0.970333,-0.030277,-0.060554,-35.181545,45.290901,30.683201
1732157916.368383,1732157916.371839,77.000000,0.000000,4281.666504,4280.256348,4313.846191,4303.461426,4287.563965,4283.589844,4335.000000,4400.256348,4302.820313,4282.307617,4470.256348,4507.307617,4337.692383,4405.641113,1618.000000,1.000000,22.000000,,,,0.000000,2.000000,2.000000,0.000000,4.000000,2.000000,2.000000,0.000000,0.000000,4.000000,4.000000,4.000000,4.000000,4.000000,4.000000,0.000000,,,,,,,,,,,,,,,,,,,,,,,,,,,,
1732157916.376191,1732157916.379448,78.000000,0.000000,4281.153809,4278.461426,4308.205078,4302.563965,4304.487305,4280.897461,4335.000000,4400.512695,4300.512695,4280.256348,4461.025879,4500.641113,4332.563965,4405.512695,1549.000000,1.000000,22.000000,,,,0.000000,2.000000,2.000000,0.000000,4.000000,2.000000,2.000000,0.000000,0.000000,4.000000,4.000000,4.000000,4.000000,4.000000,4.000000,0.000000,1.000000,0.000000,2.000000,1.000000,0.000000,0.000000,1.000000,1.000000,0.000000,0.000000,4.000000,4.000000,1.000000,4.000000,4.000000,4.000000,,,,,,,,,,,,
1732157916.383999,1732157916.387256,79.000000,0.000000,4282.948730,4275.384766,4309.102539,4300.769043,4299.102539,4280.897461,4335.000000,4403.333496,4296.410156,4280.769043,4463.461426,4498.846191,4333.846191,4405.384766,1566.000000,1.000000,22.000000,,,,0.000000,2.000000,2.000000,0.000000,4.000000,2.000000,2.000000,0.000000,0.000000,4.000000,4.000000,4.000000,4.000000,4.000000,4.000000,0.000000,,,,,,,,,,,,,,,,,,,,,,,,,,,,
1732157916.391807,1732157916.394964,80.000000,0.000000,4292.820313,4276.153809,4314.743652,4302.563965,4267.051270,4282.692383,4335.000000,4402.820313,4298.205078,4283.077148,4474.358887,4507.563965,4335.897461,4410.897461,1705.000000,1.000000,22.000000,,,,0.000000,2.000000,2.000000,0.000000,4.000000,2.000000,2.000000,0.000000,0.000000,4.000000,4.000000,4.000000,4.000000,4.000000,4.000000,0.000000,,,,,,,,,,,,,,,,,20.000000,0.000000,0.500880,0.477173,-0.548645,0.469482,0.982053,-0.047857,-0.063484,-35.463718,45.362297,30.933393
1732157916.399616,1732157916.402772,81.000000,0.000000,4292.563965,4279.358887,4314.230957,4301.922852,4258.974121,4282.307617,4335.000000,4402.948730,4299.358887,4281.922852,4466.666504,4510.000000,4336.282227,4415.512695,1618.000000,1.000000,22.000000,,,,0.000000,2.000000,2.000000,0.000000,4.000000,2.000000,2.000000,0.000000,0.000000,4.000000,4.000000,4.000000,4.000000,4.000000,4.000000,0.000000,,,,,,,,,,,,,,,,,,,,,,,,,,,,
1732157916.407424,1732157916.410381,82.000000,0.000000,4285.128418,4276.025879,4312.051270,4297.179688,4285.769043,4280.384766,4335.000000,4403.461426,4297.563965,4279.487305,4455.641113,4500.769043,4337.436035,4411.666504,1549.000000,1.000000,22.000000,,,,0.000000,2.000000,2.000000,0.000000,4.000000,2.000000,2.000000,0.000000,0.000000,4.000000,4.000000,4.000000,4.000000,4.000000,4.000000,0.000000,,,,,,,,,,,,,,,,,,,,,,,,,,,,
1732157916.415232,1732157916.418189,83.000000,0.000000,4284.871582,4267.436035,4312.563965,4295.641113,4289.102539,4279.743652,4335.000000,4400.641113,4297.948730,4280.769043,4466.410156,4497.563965,4339.487305,4410.000000,1566.000000,1.000000,22.000000,,,,0.000000,2.000000,2.000000,0.000000,4.000000,2.000000,2.000000,0.000000,0.000000,4.000000,4.000000,4.000000,4.000000,4.000000,4.000000,0.000000,,,,,,,,,,,,,,,,,,,,,,,,,,,,
1732157916.423041,1732157916.425897,84.000000,0.000000,4286.410156,4266.922852,4312.563965,4298.077148,4266.025879,4280.256348,4335.000000,4401.666504,4298.333496,4282.563965,4476.025879,4504.871582,4343.205078,4415.256348,1705.000000,1.000000,22.000000,,,,0.000000,2.000000,2.000000,0.000000,4.000000,2.000000,2.000000,0.000000,0.000000,4.000000,4.000000,4.000000,4.000000,4.000000,4.000000,0.000000,,,,,,,,,,,,,,,,,21.000000,0.000000,0.500977,0.477051,-0.548767,0.469360,0.981077,-0.030277,-0.054206,-35.497280,45.075127,30.922714
1732157916.430849,1732157916.433706,85.000000,0.000000,4287.307617,4274.102539,4312.692383,4300.769043,4258.205078,4281.153809,4335.000000,4402.820313,4296.794922,4285.000000,4473.461426,4510.512695,4343.205078,4416.410156,1618.000000,1.000000,22.000000,,,,0.000000,2.000000,2.000000,0.000000,4.000000,2.000000,2.000000,0.000000,0.000000,4.000000,4.000000,4.000000,4.000000,4.000000,4.000000,0.000000,,,,,,,,,,,,,,,,,,,,,,,,,,,,
1732157916.438657,1732157916.441314,86.000000,0.000000,4291.922852,4279.871582,4314.230957,4299.358887,4266.538574,4279.743652,4335.000000,4400.512695,4295.641113,4286.025879,4471.922852,4510.256348,4339.743652,4415.256348,1549.000000,1.000000,22.000000,,,,0.000000,2.000000,2.000000,0.000000,4.000000,2.000000,2.000000,0.000000,0.000000,4.000000,4.000000,4.000000,4.000000,4.000000,4.000000,0.000000,,,,,,,,,,,,,,,,,,,,,,,,,,,,
1732157916.446465,1732157916.449122,87.000000,0.000000,4291.153809,4277.948730,4312.563965,4297.051270,4276.410156,4279.487305,4335.000000,4400.128418,4294.487305,4280.256348,4472.179688,4507.179688,4339.615234,4414.487305,1566.000000,1.000000,22.000000,,,,0.000000,2.000000,2.000000,0.000000,4.000000,2.000000,2.000000,0.000000,0.000000,4.000000,4.000000,4.000000,4.000000,4.000000,4.000000,0.000000,,,,,,,,,,,,,,,,,,,,,,,,,,,,
1732157916.454274,1732157916.456831,88.000000,0.000000,4284.102539,4270.769043,4310.384766,4298.077148,4275.897461,4282.692383,4335.000000,4401.794922,4296.025879,4281.153809,4472.179688,4506.922852,4340.641113,4413.974121,1705.000000,1.000000,22.000000,,,,0.000000,2.000000,2.000000,0.000000,4.000000,2.000000,2.000000,0.000000,0.000000,4.000000,4.000000,4.000000,4.000000,4.000000,4.000000,0.000000,,,,,,,,,,,,,,,,,22.000000,0.000000,0.501123,0.476807,-0.548950,0.469238,0.986449,-0.040044,-0.058113,-35.567795,45.035854,31.062399
1732157916.462082,1732157916.464639,89.000000,0.000000,4281.666504,4264.487305,4311.922852,4296.025879,4277.051270,4283.589844,4335.000000,4402.051270,4298.717773,4289.871582,4471.153809,4507.436035,4341.153809,4412.948730,1618.000000,1.000000,22.000000,,,,0.000000,2.000000,2.000000,0.000000,4.000000,2.000000,2.000000,0.000000,0.000000,4.000000,4.000000,4.000000,4.000000,4.000000,4.000000,0.000000,,,,,,,,,,,,,,,,,,,,,,,,,,,,
1732157916.469890,1732157916.472647,90.000000,0.000000,4282.307617,4264.230957,4313.333496,4287.692383,4289.743652,4280.384766,4335.000000,4401.025879,4297.436035,4288.461426,4471.282227,4506.922852,4341.666504,4412.051270,1549.000000,1.000000,22.000000,,,,0.000000,2.000000,2.000000,0.000000,4.000000,2.000000,2.000000,0.000000,0.000000,4.000000,4.000000,4.000000,4.000000,4.000000,4.000000,0.000000,,,,,,,,,,,,,,,,,,,,,,,,,,,,
1732157916.477698,1732157916.480455,91.000000,0.000000,4285.128418,4269.743652,4311.794922,4288.974121,4286.538574,4280.256348,4335.000000,4401.794922,4296.666504,4287.436035,4472.820313,4507.051270,4342.692383,4414.615234,1566.000000,1.000000,22.000000,,,,0.000000,2.000000,2.000000,0.000000,4.000000,2.000000,2.000000,0.000000,0.000000,4.000000,4.000000,4.000000,4.000000,4.000000,4.000000,0.000000,,,,,,,,,,,,,,,,,,,,,,,,,,,,
1732157916.485506,1732157916.488363,92.000000,0.000000,4288.333496,4269.615234,4310.769043,4296.794922,4264.102539,4282.948730,4335.000000,4405.128418,4301.666504,4296.538574,4474.487305,4507.179688,4343.333496,4416.153809,1705.000000,1.000000,22.000000,,,,0.000000,2.000000,2.000000,0.000000,4.000000,2.000000,2.000000,0.000000,0.000000,4.000000,4.000000,4.000000,4.000000,4.000000,4.000000,0.000000,,,,,,,,,,,,,,,,,23.000000,0.000000,0.501123,0.476807,-0.548950,0.469238,0.984495,-0.049811,-0.049322,-35.759914,45.184040,31.265543
1732157916.493315,1732157916.496171,93.000000,0.000000,4288.974121,4264.487305,4309.615234,4294.743652,4258.846191,4282.692383,4335.000000,4403.589844,4306.153809,4299.615234,4474.230957,4506.538574,4342.307617,4415.384766,1618.000000,1.000000,22.000000,,,,0.000000,2.000000,2.000000,0.000000,4.000000,2.000000,2.000000,0.000000,0.000000,4.000000,4.000000,4.000000,4.000000,4.000000,4.000000,0.000000,,,,,,,,,,,,,,,,,,,,,,,,,,,,
1732157916.501123,1732157916.503780,94.000000,0.000000,4287.307617,4263.461426,4311.282227,4288.846191,4273.205078,4281.410156,4335.000000,4398.589844,4306.410156,4296.282227,4472.948730,4503.846191,4342.436035,4415.384766,1549.000000,1.000000,22.000000,,,,0.000000,2.000000,2.000000,0.000000,4.000000,2.000000,2.000000,0.000000,0.000000,4.000000,4.000000,4.000000,4.000000,4.000000,4.000000,0.000000,,,,,,,,,,,,,,,,,,,,,,,,,,,,
1732157916.508931,1732157916.511588,95.000000,0.000000,4285.000000,4265.769043,4311.794922,4290.512695,4273.974121,4282.563965,4335.000000,4398.461426,4306.666504,4296.666504,4472.692383,4504.358887,4342.820313,4414.871582,1566.000000,1.000000,22.000000,,,,0.000000,2.000000,2.000000,0.000000,4.000000,2.000000,2.000000,0.000000,0.000000,4.000000,4.000000,4.000000,4.000000,4.000000,4.000000,0.000000,,,,,,,,,,,,,,,,,,,,,,,,,,,,
1732157916.516739,1732157916.519296,96.000000,0.000000,4284.871582,4266.922852,4309.102539,4294.743652,4271.666504,4281.922852,4335.000000,4401.922852,4302.436035,4296.666504,4471.410156,4508.077148,4341.282227,4413.077148,1705.000000,1.000000,22.000000,,,,0.000000,2.000000,2.000000,0.000000,4.000000,2.000000,2.000000,0.000000,0.000000,4.000000,4.000000,4.000000,4.000000,4.000000,4.000000,0.000000,,,,,,,,,,,,,,,,,24.000000,0.000000,0.501124,0.476746,-0.548950,0.469299,0.981565,-0.035161,-0.055183,-35.610531,45.360741,31.328423
1732157916.524548,1732157916.527104,97.000000,0.000000,4286.538574,4266.666504,4311.666504,4293.717773,4288.974121,4283.077148,4335.000000,4400.641113,4295.000000,4293.333496,4469.871582,4501.922852,4339.358887,4411.666504,1618.000000,1.000000,22.000000,,,,0.000000,2.000000,2.000000,0.000000,4.000000,2.000000,2.000000,0.000000,0.000000,4.000000,4.000000,4.000000,4.000000,4.000000,4.000000,0.000000,,,,,,,,,,,,,,,,,,,,,,,,,,,,
1732157916.532356,1732157916.534713,98.000000,0.000000,4290.641113,4267.179688,4316.282227,4292.563965,4295.641113,4289.230957,4335.000000,4398.333496,4298.461426,4294.102539,4472.179688,4495.641113,4341.410156,4413.077148,1549.000000,1.000000,22.000000,,,,0.000000,2.000000,2.000000,0.000000,4.000000,2.000000,2.000000,0.000000,0.000000,4.000000,4.000000,4.000000,4.000000,4.000000,4.000000,0.000000,,,,,,,,,,,,,,,,,,,,,,,,,,,,
1732157916.540164,1732157916.542521,99.000000,0.000000,4293.974121,4267.051270,4313.846191,4294.358887,4274.871582,4289.743652,4335.000000,4401.282227,4308.589844,4294.230957,4475.769043,4503.846191,4342.179688,4414.743652,1566.000000,1.000000,22.000000,,,,0.000000,2.000000,2.000000,0.000000,4.000000,2.000000,2.000000,0.000000,0.000000,4.000000,4.000000,4.000000,4.000000,4.000000,4.000000,0.000000,,,,,,,,,,,,,,,,,,,,,,,,,,,,
1732157916.547973,1732157916.550429,100.000000,0.000000,4294.230957,4265.384766,4309.358887,4295.512695,4257.179688,4281.794922,4335.000000,4403.205078,4311.922852,4293.589844,4475.000000,4510.769043,4341.410156,4421.153809,1705.000000,1.000000,22.000000,,,,0.000000,2.000000,2.000000,0.000000,4.000000,2.000000,2.000000,0.000000,0.000000,4.000000,4.000000,4.000000,4.000000,4.000000,4.000000,0.000000,,,,,,,,,,,,,,,,,25.000000,0.000000,0.501269,0.476563,-0.549133,0.469116,0.976193,-0.041021,-0.057624,-35.767864,45.525532,31.457689
1732157916.555781,1732157916.558237,101.000000,0.000000,4294.230957,4269.743652,4311.666504,4295.512695,4265.641113,4280.769043,4335.000000,4400.769043,4310.000000,4294.743652,4473.717773,4506.025879,4347.051270,4426.025879,1618.000000,1.000000,22.000000,,,,0.000000,2.000000,2.000000,0.000000,4.000000,2.000000,2.000000,0.000000,0.000000,4.000000,4.000000,4.000000,4.000000,4.000000,4.000000,0.000000,,,,,,,,,,,,,,,,,,,,,,,,,,,,
1732157916.563589,1732157916.566245,102.000000,0.000000,4294.743652,4273.461426,4313.717773,4297.436035,4276.794922,4284.743652,4335.000000,4398.974121,4310.769043,4294.230957,4476.794922,4505.641113,4350.256348,4423.205078,1549.000000,1.000000,22.000000,,,,0.000000,2.000000,2.000000,0.000000,4.000000,2.000000,2.000000,0.000000,0.000000,4.000000,4.000000,4.000000,4.000000,4.000000,4.000000,0.000000,,,,,,,,,,,,,,,,,,,,,,,,,,,,
1732157916.571397,1732157916.574054,103.000000,0.000000,4293.205078,4271.666504,4313.077148,4297.948730,4276.282227,4283.333496,4335.000000,4400.641113,4312.051270,4294.102539,4479.871582,4512.179688,4345.384766,4423.717773,1566.000000,1.000000,22.000000,,,,0.000000,2.000000,2.000000,0.000000,4.000000,2.000000,2.000000,0.000000,0.000000,4.000000,4.000000,4.000000,4.000000,4.000000,4.000000,0.000000,,,,,,,,,,,,,,,,,,,,,,,,,,,,
1732157916.579205,1732157916.581962,104.000000,0.000000,4292.948730,4271.410156,4312.820313,4295.769043,4281.153809,4280.769043,4335.000000,4403.077148,4310.000000,4296.282227,4478.846191,4510.897461,4342.179688,4426.794922,1705.000000,1.000000,22.000000,,,,0.000000,2.000000,2.000000,0.000000,4.000000,2.000000,2.000000,0.000000,0.000000,4.000000,4.000000,4.000000,4.000000,4.000000,4.000000,0.000000,,,,,,,,,,,,,,,,,26.000000,0.000000,0.501358,0.476318,-0.549316,0.469055,0.980588,-0.040532,-0.058601,-35.936970,45.334015,31.509062
1732157916.587014,1732157916.589770,105.000000,0.000000,4293.974121,4272.179688,4313.461426,4295.512695,4280.512695,4281.538574,4335.000000,4401.666504,4309.743652,4299.487305,4476.922852,4507.307617,4344.230957,4421.922852,1618.000000,1.000000,22.000000,,,,0.000000,2.000000,2.000000,0.000000,4.000000,2.000000,2.000000,0.000000,0.000000,4.000000,4.000000,4.000000,4.000000,4.000000,4.000000,0.000000,,,,,,,,,,,,,,,,,,,,,,,,,,,,
1732157916.594822,1732157916.597778,106.000000,0.000000,4289.102539,4271.794922,4314.102539,4295.384766,4275.512695,4281.538574,4335.000000,4401.153809,4311.025879,4296.538574,4475.769043,4506.538574,4344.102539,4413.589844,1549.000000,1.000000,22.000000,,,,0.000000,2.000000,2.000000,0.000000,4.000000,2.000000,2.000000,0.000000,0.000000,4.000000,4.000000,4.000000,4.000000,4.000000,4.000000,0.000000,,,,,,,,,,,,,,,,,,,,,,,,,,,,
1732157916.602630,1732157916.605586,107.000000,0.000000,4285.512695,4273.974121,4313.717773,4295.897461,4290.769043,4281.282227,4335.000000,4403.974121,4301.666504,4287.051270,4474.487305,4506.794922,4341.666504,4413.974121,1566.000000,1.000000,22.000000,,,,0.000000,2.000000,2.000000,0.000000,4.000000,2.000000,2.000000,0.000000,0.000000,4.000000,4.000000,4.000000,4.000000,4.000000,4.000000,0.000000,,,,,,,,,,,,,,,,,,,,,,,,,,,,
1732157916.610438,1732157916.613494,108.000000,0.000000,4290.384766,4277.436035,4311.666504,4299.615234,4298.077148,4280.512695,4335.000000,4402.820313,4294.871582,4285.641113,4473.846191,4506.794922,4342.051270,4417.436035,1705.000000,1.000000,22.000000,,,,0.000000,2.000000,2.000000,0.000000,4.000000,2.000000,2.000000,0.000000,0.000000,4.000000,4.000000,4.000000,4.000000,4.000000,4.000000,0.000000,,,,,,,,,,,,,,,,,27.000000,0.000000,0.501416,0.476257,-0.549316,0.469055,0.980588,-0.040532,-0.058601,-35.790611,44.953884,31.475674
1732157916.618247,1732157916.621302,109.000000,0.000000,4295.128418,4277.436035,4310.769043,4303.077148,4274.230957,4282.307617,4335.000000,4399.358887,4304.487305,4292.692383,4474.615234,4506.538574,4342.051270,4416.282227,1618.000000,1.000000,22.000000,,,,0.000000,2.000000,2.000000,0.000000,4.000000,2.000000,2.000000,0.000000,0.000000,4.000000,4.000000,4.000000,4.000000,4.000000,4.000000,0.000000,,,,,,,,,,,,,,,,,,,,,,,,,,,,
1732157916.626055,1732157916.629310,110.000000,0.000000,4295.128418,4279.358887,4311.922852,4304.358887,4260.641113,4288.077148,4335.000000,4400.384766,4310.128418,4295.256348,4475.512695,4506.922852,4340.897461,4415.256348,1549.000000,1.000000,22.000000,,,,0.000000,2.000000,2.000000,0.000000,4.000000,2.000000,2.000000,0.000000,0.000000,4.000000,4.000000,4.000000,4.000000,4.000000,4.000000,0.000000,,,,,,,,,,,,,,,,,,,,,,,,,,,,
1732157916.633863,1732157916.637119,111.000000,0.000000,4293.461426,4279.871582,4312.436035,4302.436035,4276.153809,4287.692383,4335.000000,4402.820313,4302.051270,4293.077148,4474.230957,4505.512695,4340.769043,4413.589844,1566.000000,1.000000,22.000000,,,,0.000000,2.000000,2.000000,0.000000,4.000000,2.000000,2.000000,0.000000,0.000000,4.000000,4.000000,4.000000,4.000000,4.000000,4.000000,0.000000,,,,,,,,,,,,,,,,,,,,,,,,,,,,
1732157916.641672,1732157916.645027,112.000000,0.000000,4290.641113,4276.282227,4310.256348,4296.794922,4284.743652,4282.436035,4335.000000,4401.282227,4298.589844,4294.487305,4472.948730,4504.743652,4340.897461,4414.871582,1705.000000,1.000000,22.000000,,,,0.000000,2.000000,2.000000,0.000000,4.000000,2.000000,2.000000,0.000000,0.000000,4.000000,4.000000,4.000000,4.000000,4.000000,4.000000,0.000000,,,,,,,,,,,,,,,,,28.000000,0.000000,0.501310,0.476318,-0.549255,0.469177,0.978635,-0.051764,-0.052252,-35.985397,45.074314,31.448629
1732157916.649480,1732157916.652835,113.000000,0.000000,4289.487305,4277.692383,4311.922852,4294.102539,4275.512695,4283.717773,4335.000000,4402.692383,4304.487305,4296.666504,4476.153809,4506.282227,4341.282227,4419.615234,1618.000000,1.000000,22.000000,,,,0.000000,2.000000,2.000000,0.000000,4.000000,2.000000,2.000000,0.000000,0.000000,4.000000,4.000000,4.000000,4.000000,4.000000,4.000000,0.000000,,,,,,,,,,,,,,,,,,,,,,,,,,,,
1732157916.657288,1732157916.660843,114.000000,0.000000,4290.256348,4279.487305,4314.743652,4296.666504,4279.487305,4286.153809,4335.000000,4407.307617,4304.102539,4295.128418,4477.563965,4503.974121,4345.641113,4418.846191,1549.000000,1.000000,22.000000,,,,0.000000,2.000000,2.000000,0.000000,4.000000,2.000000,2.000000,0.000000,0.000000,4.000000,4.000000,4.000000,4.000000,4.000000,4.000000,0.000000,,,,,,,,,,,,,,,,,,,,,,,,,,,,
1732157916.665096,1732157916.668651,115.000000,0.000000,4287.692383,4279.487305,4313.717773,4296.538574,4295.384766,4279.743652,4335.000000,4406.538574,4295.769043,4293.974121,4473.589844,4500.128418,4347.307617,4413.461426,1566.000000,1.000000,22.000000,,,,0.000000,2.000000,2.000000,0.000000,4.000000,2.000000,2.000000,0.000000,0.000000,4.000000,4.000000,4.000000,4.000000,4.000000,4.000000,0.000000,,,,,,,,,,,,,,,,,,,,,,,,,,,,
1732157916.672904,1732157916.676559,116.000000,0.000000,4287.692383,4277.436035,4312.436035,4294.615234,4294.487305,4280.384766,4335.000000,4402.051270,4297.436035,4294.358887,4473.846191,4502.563965,4345.384766,4415.897461,1705.000000,1.000000,22.000000,,,,0.000000,2.000000,2.000000,0.000000,4.000000,2.000000,2.000000,0.000000,0.000000,4.000000,4.000000,4.000000,4.000000,4.000000,4.000000,0.000000,,,,,,,,,,,,,,,,,29.000000,0.000000,0.501377,0.476318,-0.549194,0.469177,0.981077,-0.032230,-0.050299,-35.959839,45.171860,31.226723
1732157916.680713,1732157916.684367,117.000000,0.000000,4292.436035,4276.666504,4313.205078,4295.512695,4273.974121,4293.717773,4335.000000,4401.282227,4306.025879,4297.179688,4478.846191,4505.641113,4346.794922,4422.436035,1618.000000,1.000000,22.000000,,,,0.000000,2.000000,2.000000,0.000000,4.000000,2.000000,2.000000,0.000000,0.000000,4.000000,4.000000,4.000000,4.000000,4.000000,4.000000,0.000000,,,,,,,,,,,,,,,,,,,,,,,,,,,,
1732157916.688521,1732157916.692076,118.000000,0.000000,4288.974121,4277.051270,4311.666504,4295.769043,4265.641113,4294.230957,4335.000000,4403.717773,4305.384766,4299.102539,4480.000000,4505.256348,4348.717773,4418.205078,1549.000000,1.000000,22.000000,,,,0.000000,2.000000,2.000000,0.000000,4.000000,2.000000,2.000000,0.000000,0.000000,4.000000,4.000000,4.000000,4.000000,4.000000,4.000000,0.000000,,,,,,,,,,,,,,,,,,,,,,,,,,,,
1732157916.696329,1732157916.699884,119.000000,0.000000,4285.897461,4277.436035,4308.846191,4293.846191,4279.358887,4279.871582,4335.000000,4402.692383,4301.538574,4297.563965,4478.077148,4505.256348,4348.333496,4412.179688,1566.000000,1.000000,22.000000,,,,0.000000,2.000000,2.000000,0.000000,4.000000,2.000000,2.000000,0.000000,0.000000,4.000000,4.000000,4.000000,4.000000,4.000000,4.000000,0.000000,,,,,,,,,,,,,,,,,,,,,,,,,,,,
1732157916.704137,1732157916.707592,120.000000,0.000000,4293.333496,4278.077148,4311.666504,4295.000000,4278.974121,4279.102539,4335.000000,4399.743652,4303.205078,4297.307617,4478.205078,4506.794922,4351.410156,4417.307617,1705.000000,1.000000,22.000000,,,,0.000000,2.000000,2.000000,0.000000,4.000000,2.000000,2.000000,0.000000,0.000000,4.000000,4.000000,4.000000,4.000000,4.000000,4.000000,0.000000,,,,,,,,,,,,,,,,,30.000000,0.000000,0.501425,0.476257,-0.549255,0.469116,0.981077,-0.032230,-0.050299,-36.145802,45.030872,31.191978
1732157916.711946,1732157916.715401,121.000000,0.000000,4290.000000,4278.461426,4315.256348,4298.205078,4277.051270,4291.666504,4335.000000,4401.153809,4303.589844,4298.333496,4478.205078,4506.410156,4351.666504,4421.282227,1618.000000,1.000000,22.000000,,,,0.000000,2.000000,2.000000,0.000000,4.000000,2.000000,2.000000,0.000000,0.000000,4.000000,4.000000,4.000000,4.000000,4.000000,4.000000,0.000000,,,,,,,,,,,,,,,,,,,,,,,,,,,,
1732157916.719754,1732157916.723309,122.000000,0.000000,4276.794922,4275.897461,4313.846191,4294.743652,4294.743652,4287.948730,4335.000000,4401.922852,4300.641113,4295.769043,4475.512695,4505.256348,4343.717773,4415.641113,1549.000000,1.000000,22.000000,,,,0.000000,2.000000,2.000000,0.000000,4.000000,2.000000,2.000000,0.000000,0.000000,4.000000,4.000000,4.000000,4.000000,4.000000,4.000000,0.000000,,,,,,,,,,,,,,,,,,,,,,,,,,,,
1732157916.727562,1732157916.731117,123.000000,0.000000,4281.153809,4274.871582,4310.769043,4292.948730,4293.077148,4279.230957,4335.000000,4399.487305,4298.974121,4292.820313,4475.512695,4505.256348,4341.794922,4413.461426,1566.000000,1.000000,22.000000,,,,0.000000,2.000000,2.000000,0.000000,4.000000,2.000000,2.000000,0.000000,0.000000,4.000000,4.000000,4.000000,4.000000,4.000000,4.000000,0.000000,,,,,,,,,,,,,,,,,,,,,,,,,,,,
1732157916.735371,1732157916.738825,124.000000,0.000000,4294.743652,4279.102539,4312.051270,4298.846191,4266.282227,4284.102539,4335.000000,4402.563965,4299.230957,4295.128418,4478.333496,4506.666504,4347.436035,4418.846191,1705.000000,1.000000,22.000000,,,,0.000000,2.000000,2.000000,0.000000,4.000000,2.000000,2.000000,0.000000,0.000000,4.000000,4.000000,4.000000,4.000000,4.000000,4.000000,0.000000,,,,,,,,,,,,,,,,,31.000000,0.000000,0.501376,0.476379,-0.549194,0.469116,0.963985,-0.038579,-0.063484,-35.813099,44.930008,31.195503
1732157916.743179,1732157916.746633,125.000000,0.000000,4295.769043,4281.282227,4312.692383,4303.333496,4261.538574,4286.410156,4335.000000,4405.256348,4306.922852,4297.948730,4478.974121,4508.717773,4351.282227,4422.307617,1618.000000,1.000000,22.000000,,,,0.000000,2.000000,2.000000,0.000000,4.000000,2.000000,2.000000,0.000000,0.000000,4.000000,4.000000,4.000000,4.000000,4.000000,4.000000,0.000000,,,,,,,,,,,,,,,,,,,,,,,,,,,,
1732157916.750987,1732157916.754242,126.000000,0.000000,4293.461426,4278.589844,4312.051270,4300.000000,4282.051270,4280.256348,4335.000000,4401.025879,4312.692383,4297.307617,4476.922852,4503.974121,4349.487305,4419.743652,1549.000000,1.000000,22.000000,,,,0.000000,2.000000,2.000000,0.000000,4.000000,2.000000,2.000000,0.000000,0.000000,4.000000,4.000000,4.000000,4.000000,4.000000,4.000000,0.000000,,,,,,,,,,,,,,,,,,,,,,,,,,,,
1732157916.758795,1732157916.762050,127.000000,0.000000,4294.615234,4277.948730,4312.948730,4296.410156,4279.487305,4281.538574,4335.000000,4399.102539,4304.487305,4296.794922,4478.333496,4501.538574,4345.384766,4419.743652,22.000000,1.000000,22.000000,,,,0.000000,2.000000,2.000000,0.000000,4.000000,2.000000,2.000000,0.000000,0.000000,4.000000,4.000000,4.000000,4.000000,4.000000,4.000000,0.000000,,,,,,,,,,,,,,,,,,,,,,,,,,,,
1732157916.766603,1732157916.769758,0.000000,0.000000,4292.820313,4280.128418,4314.743652,4297.436035,4274.871582,4285.897461,4335.000000,4403.589844,4296.282227,4295.769043,4479.871582,4504.743652,4342.692383,4423.717773,0.000000,1.000000,22.000000,,,,0.000000,2.000000,2.000000,0.000000,4.000000,2.000000,2.000000,0.000000,0.000000,4.000000,4.000000,4.000000,4.000000,4.000000,4.000000,0.000000,,,,,,,,,,,,,,,,,0.000000,0.000000,0.501531,0.476196,-0.549316,0.468994,0.980588,-0.042974,-0.062996,-35.876945,44.864975,31.215023
1732157916.774412,1732157916.777566,1.000000,0.000000,4290.769043,4280.512695,4314.871582,4304.871582,4296.794922,4281.538574,4335.000000,4404.871582,4293.333496,4292.436035,4475.128418,4501.922852,4342.179688,4422.948730,1606.000000,1.000000,22.000000,,,,0.000000,2.000000,2.000000,0.000000,4.000000,2.000000,2.000000,0.000000,0.000000,4.000000,4.000000,4.000000,4.000000,4.000000,4.000000,0.000000,,,,,,,,,,,,,,,,,,,,,,,,,,,,
1732157916.782220,1732157916.785175,2.000000,0.000000,4293.589844,4280.128418,4313.077148,4308.205078,4293.589844,4282.307617,4335.000000,4402.820313,4302.307617,4291.922852,4474.743652,4498.717773,4346.922852,4422.307617,1366.000000,1.000000,22.000000,,,,0.000000,2.000000,2.000000,0.000000,4.000000,2.000000,2.000000,0.000000,0.000000,4.000000,4.000000,4.000000,4.000000,4.000000,4.000000,0.000000,,,,,,,,,,,,,,,,,,,,,,,,,,,,
1732157916.790028,1732157916.792983,3.000000,0.000000,4293.333496,4280.256348,4312.436035,4305.256348,4263.717773,4288.974121,4335.000000,4402.307617,4310.641113,4297.051270,4480.897461,4505.641113,4351.282227,4425.512695,1427.000000,1.000000,22.000000,,,,0.000000,2.000000,2.000000,0.000000,4.000000,2.000000,2.000000,0.000000,0.000000,4.000000,4.000000,4.000000,4.000000,4.000000,4.000000,0.000000,,,,,,,,,,,,,,,,,,,,,,,,,,,,
1732157916.797836,1732157916.800691,4.000000,0.000000,4288.717773,4279.615234,4313.846191,4304.487305,4263.589844,4288.974121,4335.000000,4402.563965,4302.179688,4294.102539,4480.897461,4508.461426,4351.794922,4424.743652,1429.000000,1.000000,22.000000,,,,0.000000,2.000000,2.000000,0.000000,4.000000,2.000000,2.000000,0.000000,0.000000,4.000000,4.000000,4.000000,4.000000,4.000000,4.000000,0.000000,,,,,,,,,,,,,,,,,1.000000,0.000000,0.501742,0.476013,-0.549438,0.468811,0.980588,-0.033207,-0.052252,-36.058659,45.207294,31.649170
1732157916.805645,1732157916.808500,5.000000,0.000000,4291.538574,4280.000000,4314.487305,4305.641113,4286.025879,4283.205078,4335.000000,4403.205078,4296.153809,4283.717773,4476.153809,4502.563965,4350.512695,4420.256348,1207.000000,1.000000,22.000000,,,,0.000000,2.000000,2.000000,0.000000,4.000000,2.000000,2.000000,0.000000,0.000000,4.000000,4.000000,4.000000,4.000000,4.000000,4.000000,0.000000,,,,,,,,,,,,,,,,,,,,,,,,,,,,
1732157916.813453,1732157916.816108,6.000000,0.000000,4294.615234,4281.025879,4314.358887,4305.128418,4280.769043,4281.153809,4335.000000,4402.948730,4301.794922,4286.025879,4476.794922,4503.974121,4349.487305,4421.282227,0.000000,1.000000,22.000000,,,,0.000000,2.000000,2.000000,0.000000,4.000000,2.000000,2.000000,0.000000,0.000000,4.000000,4.000000,4.000000,4.000000,4.000000,4.000000,0.000000,,,,,,,,,,,,,,,,,,,,,,,,,,,,
1732157916.821261,1732157916.823916,7.000000,0.000000,4287.051270,4279.871582,4315.769043,4301.538574,4272.179688,4282.307617,4335.000000,4401.666504,4303.717773,4295.769043,4479.871582,4507.948730,4351.666504,4423.077148,0.000000,1.000000,22.000000,,,,0.000000,2.000000,2.000000,0.000000,4.000000,2.000000,2.000000,0.000000,0.000000,4.000000,4.000000,4.000000,4.000000,4.000000,4.000000,0.000000,,,,,,,,,,,,,,,,,,,,,,,,,,,,
1732157916.829070,1732157916.831625,8.000000,0.000000,4278.461426,4278.461426,4315.641113,4296.666504,4292.563965,4281.410156,4335.000000,4400.897461,4300.384766,4292.948730,4477.563965,4503.077148,4350.384766,4416.153809,1529.000000,1.000000,22.000000,,,,0.000000,2.000000,2.000000,0.000000,4.000000,2.000000,2.000000,0.000000,0.000000,4.000000,4.000000,4.000000,4.000000,4.000000,4.000000,0.000000,,,,,,,,,,,,,,,,,2.000000,0.000000,0.501944,0.475769,-0.549622,0.468628,0.970333,-0.040532,-0.057136,-36.015846,45.136242,31.399160
1732157916.836878,1732157916.839433,9.000000,0.000000,4281.282227,4278.717773,4312.692383,4294.230957,4293.461426,4281.282227,4335.000000,4401.282227,4302.692383,4289.102539,4476.666504,4501.025879,4344.487305,4412.179688,1688.000000,1.000000,22.000000,,,,0.000000,2.000000,2.000000,0.000000,4.000000,2.000000,2.000000,0.000000,0.000000,4.000000,4.000000,4.000000,4.000000,4.000000,4.000000,0.000000,,,,,,,,,,,,,,,,,,,,,,,,,,,,
1732157916.844686,1732157916.847041,10.000000,0.000000,4288.717773,4279.871582,4311.025879,4296.282227,4265.769043,4281.025879,4335.000000,4402.948730,4307.307617,4294.487305,4479.743652,4505.000000,4345.897461,4417.051270,1549.000000,1.000000,22.000000,,,,0.000000,2.000000,2.000000,0.000000,4.000000,2.000000,2.000000,0.000000,0.000000,4.000000,4.000000,4.000000,4.000000,4.000000,4.000000,0.000000,,,,,,,,,,,,,,,,,,,,,,,,,,,,
1732157916.852494,1732157916.854849,11.000000,0.000000,4287.948730,4281.025879,4312.051270,4297.307617,4255.512695,4281.410156,4335.000000,4403.077148,4310.769043,4297.179688,4480.256348,4506.025879,4350.512695,4422.436035,1566.000000,1.000000,22.000000,,,,0.000000,2.000000,2.000000,0.000000,4.000000,2.000000,2.000000,0.000000,0.000000,4.000000,4.000000,4.000000,4.000000,4.000000,4.000000,0.000000,,,,,,,,,,,,,,,,,,,,,,,,,,,,
1732157916.860302,1732157916.862558,12.000000,0.000000,4285.384766,4279.230957,4312.563965,4295.000000,4269.871582,4281.922852,4335.000000,4400.384766,4311.538574,4294.615234,4478.077148,4504.487305,4344.487305,4418.589844,1705.000000,1.000000,22.000000,,,,0.000000,2.000000,2.000000,0.000000,4.000000,2.000000,2.000000,0.000000,0.000000,4.000000,4.000000,4.000000,4.000000,4.000000,4.000000,0.000000,,,,,,,,,,,,,,,,,3.000000,0.000000,0.501935,0.475708,-0.549683,0.468628,0.981077,-0.040532,-0.060066,-35.847836,45.203690,31.513321
1732157916.868111,1732157916.870366,13.000000,0.000000,4290.641113,4280.128418,4313.461426,4296.153809,4281.794922,4282.436035,4335.000000,4399.230957,4305.512695,4288.077148,4477.692383,4505.256348,4340.512695,4415.128418,1613.000000,1.000000,22.000000,,,,0.000000,2.000000,2.000000,0.000000,4.000000,2.000000,2.000000,0.000000,0.000000,4.000000,4.000000,4.000000,4.000000,4.000000,4.000000,0.000000,,,,,,,,,,,,,,,,,,,,,,,,,,,,
1732157916.875919,1732157916.878374,14.000000,0.000000,4295.769043,4285.512695,4313.717773,4299.487305,4280.256348,4282.436035,4335.000000,4400.256348,4300.769043,4284.230957,4478.205078,4506.153809,4344.487305,4425.000000,1549.000000,1.000000,22.000000,,,,0.000000,2.000000,2.000000,0.000000,4.000000,2.000000,2.000000,0.000000,0.000000,4.000000,4.000000,4.000000,4.000000,4.000000,4.000000,0.000000,1.000000,0.000000,2.000000,2.000000,0.000000,1.000000,1.000000,1.000000,0.000000,0.000000,4.000000,4.000000,0.000000,4.000000,1.000000,4.000000,,,,,,,,,,,,
1732157916.883727,1732157916.886182,15.000000,0.000000,4295.000000,4284.871582,4312.179688,4300.512695,4275.256348,4282.307617,4335.000000,4399.743652,4308.077148,4291.025879,4477.820313,4506.282227,4345.000000,4431.410156,1566.000000,1.000000,22.000000,,,,0.000000,2.000000,2.000000,0.000000,4.000000,2.000000,2.000000,0.000000,0.000000,4.000000,4.000000,4.000000,4.000000,4.000000,4.000000,0.000000,,,,,,,,,,,,,,,,,,,,,,,,,,,,
1732157916.891535,1732157916.893890,16.000000,0.000000,4293.205078,4281.922852,4313.461426,4298.589844,4287.436035,4282.179688,4335.000000,4399.102539,4312.948730,4289.358887,4476.025879,4505.897461,4342.692383,4424.358887,0.000000,1.000000,22.000000,,,,0.000000,2.000000,2.000000,0.000000,4.000000,2.000000,2.000000,0.000000,0.000000,4.000000,4.000000,4.000000,4.000000,4.000000,4.000000,0.000000,,,,,,,,,,,,,,,,,4.000000,0.000000,0.501868,0.475708,-0.549744,0.468628,0.976193,-0.033207,-0.049322,-35.675079,45.178322,31.489122
1732157916.899344,1732157916.901699,17.000000,0.000000,4292.563965,4283.461426,4315.641113,4299.230957,4301.538574,4282.179688,4335.000000,4399.230957,4302.820313,4279.358887,4474.743652,4504.102539,4343.333496,4418.205078,0.000000,1.000000,22.000000,,,,0.000000,2.000000,2.000000,0.000000,4.000000,2.000000,2.000000,0.000000,0.000000,4.000000,4.000000,4.000000,4.000000,4.000000,4.000000,0.000000,,,,,,,,,,,,,,,,,,,,,,,,,,,,
1732157916.907152,1732157916.909707,18.000000,0.000000,4292.948730,4283.333496,4314.615234,4301.153809,4281.666504,4282.692383,4335.000000,4400.512695,4296.794922,4285.512695,4478.205078,4505.641113,4347.307617,4419.615234,0.000000,1.000000,22.000000,,,,0.000000,2.000000,2.000000,0.000000,4.000000,2.000000,2.000000,0.000000,0.000000,4.000000,4.000000,4.000000,4.000000,4.000000,4.000000,0.000000,,,,,,,,,,,,,,,,,,,,,,,,,,,,
1732157916.914960,1732157916.917515,19.000000,0.000000,4293.974121,4280.512695,4312.820313,4300.384766,4263.205078,4282.307617,4335.000000,4401.538574,4302.051270,4296.538574,4481.025879,4509.230957,4349.743652,4421.538574,0.000000,1.000000,22.000000,,,,0.000000,2.000000,2.000000,0.000000,4.000000,2.000000,2.000000,0.000000,0.000000,4.000000,4.000000,4.000000,4.000000,4.000000,4.000000,0.000000,,,,,,,,,,,,,,,,,,,,,,,,,,,,
1732157916.922768,1732157916.925423,20.000000,0.000000,4287.692383,4281.538574,4312.820313,4298.974121,4277.563965,4280.256348,4335.000000,4402.563965,4302.179688,4295.384766,4477.692383,4508.205078,4344.871582,4420.512695,0.000000,1.000000,22.000000,,,,0.000000,2.000000,2.000000,0.000000,4.000000,2.000000,2.000000,0.000000,0.000000,4.000000,4.000000,4.000000,4.000000,4.000000,4.000000,0.000000,,,,,,,,,,,,,,,,,5.000000,0.000000,0.501820,0.475769,-0.549683,0.468689,0.982542,-0.037114,-0.061531,-35.811813,45.164440,31.376190
1732157916.930577,1732157916.933231,21.000000,0.000000,4280.641113,4283.846191,4312.307617,4296.282227,4281.922852,4281.794922,4335.000000,4403.589844,4302.948730,4292.179688,4475.384766,4505.256348,4341.282227,4417.948730,0.000000,1.000000,22.000000,,,,0.000000,2.000000,2.000000,0.000000,4.000000,2.000000,2.000000,0.000000,0.000000,4.000000,4.000000,4.000000,4.000000,4.000000,4.000000,0.000000,,,,,,,,,,,,,,,,,,,,,,,,,,,,
1732157916.938385,1732157916.940840,22.000000,0.000000,4280.000000,4285.641113,4312.179688,4298.205078,4280.769043,4286.410156,4335.000000,4402.436035,4312.307617,4289.358887,4475.897461,4504.230957,4343.461426,4416.282227,0.000000,1.000000,22.000000,,,,0.000000,2.000000,2.000000,0.000000,4.000000,2.000000,2.000000,0.000000,0.000000,4.000000,4.000000,4.000000,4.000000,4.000000,4.000000,0.000000,,,,,,,,,,,,,,,,,,,,,,,,,,,,
1732157916.946193,1732157916.948648,23.000000,0.000000,4280.769043,4284.743652,4312.436035,4304.358887,4300.512695,4285.512695,4335.000000,4400.000000,4308.205078,4284.230957,4473.974121,4503.974121,4341.538574,4418.846191,0.000000,1.000000,22.000000,,,,0.000000,2.000000,2.000000,0.000000,4.000000,2.000000,2.000000,0.000000,0.000000,4.000000,4.000000,4.000000,4.000000,4.000000,4.000000,0.000000,,,,,,,,,,,,,,,,,,,,,,,,,,,,
1732157916.954001,1732157916.956556,24.000000,0.000000,4284.102539,4284.230957,4314.358887,4305.000000,4299.615234,4280.897461,4335.000000,4400.000000,4295.512695,4285.128418,4473.974121,4503.717773,4340.897461,4425.000000,0.000000,1.000000,22.000000,,,,0.000000,2.000000,2.000000,0.000000,4.000000,2.000000,2.000000,0.000000,0.000000,4.000000,4.000000,4.000000,4.000000,4.000000,4.000000,0.000000,,,,,,,,,,,,,,,,,6.000000,0.000000,0.501867,0.475769,-0.549744,0.468567,0.987425,-0.036626,-0.064949,-35.642570,45.159863,31.523046
1732157916.961810,1732157916.964364,25.000000,0.000000,4291.922852,4287.692383,4315.128418,4303.077148,4274.743652,4280.128418,4335.000000,4401.282227,4296.410156,4287.948730,4477.820313,4505.897461,4347.820313,4429.487305,0.000000,1.000000,22.000000,,,,0.000000,2.000000,2.000000,0.000000,4.000000,2.000000,2.000000,0.000000,0.000000,4.000000,4.000000,4.000000,4.000000,4.000000,4.000000,0.000000,,,,,,,,,,,,,,,,,,,,,,,,,,,,
1732157916.969618,1732157916.972372,26.000000,0.000000,4296.282227,4288.846191,4313.077148,4306.410156,4269.230957,4281.410156,4335.000000,4401.538574,4302.948730,4287.692383,4479.615234,4513.717773,4349.871582,4428.717773,0.000000,1.000000,22.000000,,,,0.000000,2.000000,2.000000,0.000000,4.000000,2.000000,2.000000,0.000000,0.000000,4.000000,4.000000,4.000000,4.000000,4.000000,4.000000,0.000000,,,,,,,,,,,,,,,,,,,,,,,,,,,,
1732157916.977426,1732157916.980180,27.000000,0.000000,4293.589844,4287.948730,4312.948730,4307.692383,4279.743652,4281.666504,4335.000000,4400.128418,4307.051270,4290.769043,4479.487305,4516.410156,4347.179688,4428.077148,0.000000,1.000000,22.000000,,,,0.000000,2.000000,2.000000,0.000000,4.000000,2.000000,2.000000,0.000000,0.000000,4.000000,4.000000,4.000000,4.000000,4.000000,4.000000,0.000000,,,,,,,,,,,,,,,,,,,,,,,,,,,,
1732157916.985234,1732157916.988088,28.000000,0.000000,4293.077148,4287.820313,4315.384766,4303.717773,4280.128418,4281.410156,4335.000000,4399.871582,4307.179688,4292.948730,4479.230957,4510.256348,4345.769043,4426.922852,0.000000,1.000000,22.000000,,,,0.000000,2.000000,2.000000,0.000000,4.000000,2.000000,2.000000,0.000000,0.000000,4.000000,4.000000,4.000000,4.000000,4.000000,4.000000,0.000000,,,,,,,,,,,,,,,,,7.000000,0.000000,0.501733,0.475830,-0.549866,0.468506,0.976682,-0.044439,-0.055183,-35.835480,45.246155,31.437000
1732157916.993043,1732157916.995897,29.000000,0.000000,4294.615234,4283.589844,4313.205078,4303.461426,4274.871582,4282.307617,4335.000000,4401.025879,4306.025879,4292.820313,4477.436035,4507.948730,4344.230957,4421.794922,0.000000,1.000000,22.000000,,,,0.000000,2.000000,2.000000,0.000000,4.000000,2.000000,2.000000,0.000000,0.000000,4.000000,4.000000,4.000000,4.000000,4.000000,4.000000,0.000000,,,,,,,,,,,,,,,,,,,,,,,,,,,,
1732157917.000851,1732157917.003905,30.000000,0.000000,4294.230957,4280.128418,4311.538574,4302.436035,4286.922852,4280.897461,4335.000000,4401.666504,4302.051270,4291.025879,4475.641113,4509.230957,4343.333496,4419.871582,0.000000,1.000000,22.000000,,,,0.000000,2.000000,2.000000,0.000000,4.000000,2.000000,2.000000,0.000000,0.000000,4.000000,4.000000,4.000000,4.000000,4.000000,4.000000,0.000000,,,,,,,,,,,,,,,,,,,,,,,,,,,,
1732157917.008659,1732157917.011713,31.000000,0.000000,4292.820313,4281.410156,4313.077148,4300.641113,4295.897461,4280.128418,4335.000000,4400.384766,4299.871582,4287.692383,4474.871582,4505.897461,4342.692383,4422.820313,0.000000,1.000000,22.000000,,,,0.000000,2.000000,2.000000,0.000000,4.000000,2.000000,2.000000,0.000000,0.000000,4.000000,4.000000,4.000000,4.000000,4.000000,4.000000,0.000000,,,,,,,,,,,,,,,,,,,,,,,,,,,,
1732157917.016467,1732157917.019621,32.000000,0.000000,4287.948730,4280.641113,4313.077148,4300.897461,4277.563965,4280.641113,4335.000000,4400.641113,4300.769043,4285.000000,4473.461426,4504.487305,4339.102539,4418.846191,0.000000,1.000000,22.000000,,,,0.000000,2.000000,2.000000,0.000000,4.000000,2.000000,2.000000,0.000000,0.000000,4.000000,4.000000,4.000000,4.000000,4.000000,4.000000,0.000000,,,,,,,,,,,,,,,,,8.000000,0.000000,0.501676,0.475830,-0.549866,0.468567,0.976682,-0.044439,-0.055183,-36.130074,45.271053,31.372305
1732157917.024276,1732157917.027429,33.000000,0.000000,4283.974121,4278.974121,4312.820313,4300.384766,4261.538574,4280.769043,4335.000000,4401.922852,4300.641113,4283.333496,4471.794922,4500.641113,4335.641113,4412.179688,0.000000,1.000000,22.000000,,,,0.000000,2.000000,2.000000,0.000000,4.000000,2.000000,2.000000,0.000000,0.000000,4.000000,4.000000,4.000000,4.000000,4.000000,4.000000,0.000000,,,,,,,,,,,,,,,,,,,,,,,,,,,,
1732157917.032084,1732157917.035437,34.000000,0.000000,4283.461426,4280.512695,4313.717773,4298.333496,4274.487305,4281.410156,4335.000000,4400.897461,4298.717773,4280.384766,4471.025879,4494.358887,4333.589844,4411.153809,0.000000,1.000000,22.000000,,,,0.000000,2.000000,2.000000,0.000000,4.000000,2.000000,2.000000,0.000000,0.000000,4.000000,4.000000,4.000000,4.000000,4.000000,4.000000,0.000000,,,,,,,,,,,,,,,,,,,,,,,,,,,,
1732157917.039892,1732157917.043245,35.000000,0.000000,4281.153809,4279.230957,4314.743652,4299.871582,4285.897461,4281.538574,4335.000000,4400.256348,4298.974121,4276.025879,4470.512695,4493.846191,4331.410156,4411.538574,0.000000,1.000000,22.000000,,,,0.000000,2.000000,2.000000,0.000000,4.000000,2.000000,2.000000,0.000000,0.000000,4.000000,4.000000,4.000000,4.000000,4.000000,4.000000,0.000000,,,,,,,,,,,,,,,,,,,,,,,,,,,,
1732157917.047700,1732157917.051153,36.000000,0.000000,4282.948730,4280.512695,4315.384766,4303.461426,4276.538574,4281.410156,4335.000000,4400.512695,4300.384766,4279.871582,4472.436035,4497.692383,4335.641113,4417.179688,0.000000,1.000000,22.000000,,,,0.000000,2.000000,2.000000,0.000000,4.000000,2.000000,2.000000,0.000000,0.000000,4.000000,4.000000,4.000000,4.000000,4.000000,4.000000,0.000000,,,,,,,,,,,,,,,,,9.000000,0.000000,0.501811,0.475525,-0.550110,0.468445,0.985472,-0.041021,-0.050787,-36.083694,44.962887,31.369900
1732157917.055509,1732157917.058962,37.000000,0.000000,4292.692383,4283.077148,4313.846191,4303.461426,4274.358887,4280.641113,4335.000000,4400.769043,4298.205078,4285.384766,4477.179688,4503.974121,4343.077148,4426.025879,0.000000,1.000000,22.000000,,,,0.000000,2.000000,2.000000,0.000000,4.000000,2.000000,2.000000,0.000000,0.000000,4.000000,4.000000,4.000000,4.000000,4.000000,4.000000,0.000000,,,,,,,,,,,,,,,,,,,,,,,,,,,,
1732157917.063317,1732157917.066970,38.000000,0.000000,4296.153809,4282.051270,4312.948730,4302.179688,4290.384766,4279.102539,4335.000000,4402.563965,4295.256348,4282.436035,4478.205078,4508.589844,4344.871582,4429.615234,0.000000,1.000000,22.000000,,,,0.000000,2.000000,2.000000,0.000000,4.000000,2.000000,2.000000,0.000000,0.000000,4.000000,4.000000,4.000000,4.000000,4.000000,4.000000,0.000000,,,,,,,,,,,,,,,,,,,,,,,,,,,,
1732157917.071125,1732157917.074778,39.000000,0.000000,4295.000000,4280.769043,4315.769043,4300.641113,4293.974121,4276.025879,4335.000000,4401.025879,4296.282227,4280.000000,4476.282227,4507.436035,4343.205078,4427.692383,0.000000,1.000000,22.000000,,,,0.000000,2.000000,2.000000,0.000000,4.000000,2.000000,2.000000,0.000000,0.000000,4.000000,4.000000,4.000000,4.000000,4.000000,4.000000,0.000000,,,,,,,,,,,,,,,,,,,,,,,,,,,,
1732157917.078933,1732157917.082486,40.000000,0.000000,4293.077148,4281.922852,4315.897461,4303.461426,4270.256348,4277.179688,4335.000000,4398.974121,4300.897461,4285.128418,4477.563965,4505.512695,4341.922852,4422.948730,0.000000,1.000000,22.000000,,,,0.000000,2.000000,2.000000,0.000000,4.000000,2.000000,2.000000,0.000000,0.000000,4.000000,4.000000,4.000000,4.000000,4.000000,4.000000,0.000000,,,,,,,,,,,,,,,,,10.000000,0.000000,0.501909,0.475281,-0.550232,0.468445,0.970822,-0.046881,-0.055671,-36.029457,44.996605,31.384619
1732157917.086742,1732157917.090294,41.000000,0.000000,4285.512695,4282.307617,4311.794922,4305.641113,4257.692383,4281.538574,4335.000000,4405.384766,4300.769043,4286.666504,4479.102539,4506.153809,4342.307617,4422.563965,0.000000,1.000000,22.000000,,,,0.000000,2.000000,2.000000,0.000000,4.000000,2.000000,2.000000,0.000000,0.000000,4.000000,4.000000,4.000000,4.000000,4.000000,4.000000,0.000000,,,,,,,,,,,,,,,,,,,,,,,,,,,,
1732157917.094550,1732157917.097903,42.000000,0.000000,4282.563965,4282.436035,4310.256348,4301.666504,4276.025879,4281.794922,4335.128418,4411.282227,4300.000000,4281.538574,4477.563965,4505.256348,4343.974121,4424.871582,0.000000,1.000000,22.000000,,,,0.000000,2.000000,2.000000,0.000000,4.000000,2.000000,2.000000,0.000000,0.000000,4.000000,4.000000,4.000000,4.000000,4.000000,4.000000,0.000000,,,,,,,,,,,,,,,,,,,,,,,,,,,,
1732157917.102358,1732157917.105711,43.000000,0.000000,4288.077148,4281.282227,4311.410156,4299.871582,4278.846191,4281.282227,4334.871582,4405.256348,4303.205078,4281.410156,4475.128418,4506.153809,4341.922852,4423.333496,0.000000,1.000000,22.000000,,,,0.000000,2.000000,2.000000,0.000000,4.000000,2.000000,2.000000,0.000000,0.000000,4.000000,4.000000,4.000000,4.000000,4.000000,4.000000,0.000000,,,,,,,,,,,,,,,,,,,,,,,,,,,,
1732157917.110166,1732157917.113419,44.000000,0.000000,4287.820313,4278.846191,4311.794922,4300.897461,4273.717773,4282.179688,4334.743652,4398.589844,4300.384766,4281.922852,4472.948730,4500.512695,4337.820313,4416.282227,0.000000,1.000000,22.000000,,,,0.000000,2.000000,2.000000,0.000000,4.000000,2.000000,2.000000,0.000000,0.000000,4.000000,4.000000,4.000000,4.000000,4.000000,4.000000,0.000000,,,,,,,,,,,,,,,,,11.000000,0.000000,0.502090,0.475037,-0.550537,0.468140,0.976682,-0.038579,-0.067879,-36.083862,45.018917,31.434875
1732157917.117975,1732157917.121228,45.000000,0.000000,4282.820313,4280.000000,4313.077148,4300.512695,4291.153809,4281.282227,4335.384766,4399.487305,4294.102539,4280.897461,4471.922852,4491.153809,4339.102539,4415.512695,0.000000,1.000000,22.000000,,,,0.000000,2.000000,2.000000,0.000000,4.000000,2.000000,2.000000,0.000000,0.000000,4.000000,4.000000,4.000000,4.000000,4.000000,4.000000,0.000000,,,,,,,,,,,,,,,,,,,,,,,,,,,,
1732157917.125783,1732157917.128836,46.000000,0.000000,4287.179688,4283.205078,4312.051270,4303.846191,4288.205078,4279.230957,4334.615234,4400.897461,4296.410156,4282.307617,4474.102539,4498.333496,4341.410156,4423.205078,0.000000,1.000000,22.000000,,,,0.000000,2.000000,2.000000,0.000000,4.000000,2.000000,2.000000,0.000000,0.000000,4.000000,4.000000,4.000000,4.000000,4.000000,4.000000,0.000000,,,,,,,,,,,,,,,,,,,,,,,,,,,,
1732157917.133591,1732157917.136644,47.000000,0.000000,4293.974121,4282.820313,4311.025879,4306.153809,4260.384766,4279.102539,4333.589844,4401.410156,4301.538574,4286.410156,4477.051270,4509.743652,4342.436035,4429.487305,0.000000,1.000000,22.000000,,,,0.000000,2.000000,2.000000,0.000000,4.000000,2.000000,2.000000,0.000000,0.000000,4.000000,4.000000,4.000000,4.000000,4.000000,4.000000,0.000000,,,,,,,,,,,,,,,,,,,,,,,,,,,,
1732157917.141399,1732157917.144352,48.000000,0.000000,4294.230957,4280.128418,4312.820313,4300.512695,4258.846191,4281.282227,4334.230957,4401.666504,4301.410156,4291.538574,4477.051270,4509.230957,4344.230957,4425.769043,0.000000,1.000000,22.000000,,,,0.000000,2.000000,2.000000,0.000000,4.000000,2.000000,2.000000,0.000000,0.000000,4.000000,4.000000,4.000000,4.000000,4.000000,4.000000,0.000000,,,,,,,,,,,,,,,,,12.000000,0.000000,0.502081,0.474976,-0.550598,0.468140,0.973752,-0.040532,-0.046881,-35.782928,45.300323,31.478914
1732157917.149208,1732157917.152161,49.000000,0.000000,4292.051270,4280.512695,4312.948730,4302.307617,4278.846191,4282.948730,4335.897461,4401.538574,4300.897461,4290.641113,4475.256348,4504.358887,4342.436035,4418.077148,0.000000,1.000000,22.000000,,,,0.000000,2.000000,2.000000,0.000000,4.000000,2.000000,2.000000,0.000000,0.000000,4.000000,4.000000,4.000000,4.000000,4.000000,4.000000,0.000000,,,,,,,,,,,,,,,,,,,,,,,,,,,,
1732157917.157016,1732157917.159769,50.000000,0.000000,4293.077148,4283.205078,4313.077148,4310.512695,4284.102539,4281.794922,4336.153809,4402.179688,4299.230957,4281.794922,4475.256348,4503.846191,4338.333496,4420.769043,0.000000,1.000000,22.000000,,,,0.000000,2.000000,2.000000,0.000000,4.000000,2.000000,2.000000,0.000000,0.000000,4.000000,4.000000,4.000000,4.000000,4.000000,4.000000,0.000000,,,,,,,,,,,,,,,,,,,,,,,,,,,,
1732157917.164824,1732157917.167577,51.000000,0.000000,4297.307617,4282.179688,4313.589844,4308.205078,4274.230957,4279.487305,4334.487305,4401.410156,4296.922852,4279.358887,4477.051270,4507.563965,4339.615234,4427.820313,0.000000,1.000000,22.000000,,,,0.000000,2.000000,2.000000,0.000000,4.000000,2.000000,2.000000,0.000000,0.000000,4.000000,4.000000,4.000000,4.000000,4.000000,4.000000,0.000000,,,,,,,,,,,,,,,,,,,,,,,,,,,,
1732157917.172632,1732157917.175286,52.000000,0.000000,4296.282227,4279.102539,4312.436035,4298.974121,4276.282227,4279.487305,4333.589844,4401.282227,4297.563965,4282.436035,4476.282227,4506.922852,4343.333496,4429.615234,0.000000,1.000000,22.000000,,,,0.000000,2.000000,2.000000,0.000000,4.000000,2.000000,2.000000,0.000000,0.000000,4.000000,4.000000,4.000000,4.000000,4.000000,4.000000,0.000000,,,,,,,,,,,,,,,,,13.000000,0.000000,0.502129,0.474854,-0.550659,0.468140,0.984984,-0.035161,-0.065926,-35.762505,45.193260,31.517921
1732157917.180441,1732157917.183094,53.000000,0.000000,4292.436035,4279.102539,4313.333496,4298.205078,4292.820313,4278.589844,4335.256348,4402.051270,4296.666504,4280.128418,4472.563965,4499.230957,4339.871582,4427.179688,0.000000,1.000000,22.000000,,,,0.000000,2.000000,2.000000,0.000000,4.000000,2.000000,2.000000,0.000000,0.000000,4.000000,4.000000,4.000000,4.000000,4.000000,4.000000,0.000000,,,,,,,,,,,,,,,,,,,,,,,,,,,,
1732157917.188249,1732157917.190702,54.000000,0.000000,4290.512695,4281.538574,4315.641113,4303.205078,4288.974121,4280.128418,4336.282227,4401.922852,4295.128418,4279.743652,4472.307617,4498.461426,4334.102539,4426.153809,0.000000,1.000000,22.000000,,,,0.000000,2.000000,2.000000,0.000000,4.000000,2.000000,2.000000,0.000000,0.000000,4.000000,4.000000,4.000000,4.000000,4.000000,4.000000,0.000000,,,,,,,,,,,,,,,,,,,,,,,,,,,,
1732157917.196057,1732157917.198510,55.000000,0.000000,4292.563965,4281.025879,4313.205078,4306.282227,4262.307617,4285.512695,4335.000000,4401.666504,4299.102539,4287.692383,4474.871582,4506.153809,4337.563965,4429.615234,0.000000,1.000000,22.000000,,,,0.000000,2.000000,2.000000,0.000000,4.000000,2.000000,2.000000,0.000000,0.000000,4.000000,4.000000,4.000000,4.000000,4.000000,4.000000,0.000000,,,,,,,,,,,,,,,,,,,,,,,,,,,,
1732157917.203865,1732157917.206219,56.000000,0.000000,4292.692383,4279.102539,4310.897461,4301.282227,4262.692383,4285.512695,4334.615234,4402.051270,4301.282227,4292.563965,4475.512695,4506.153809,4343.461426,4427.436035,0.000000,1.000000,22.000000,,,,0.000000,2.000000,2.000000,0.000000,4.000000,2.000000,2.000000,0.000000,0.000000,4.000000,4.000000,4.000000,4.000000,4.000000,4.000000,0.000000,,,,,,,,,,,,,,,,,14.000000,0.000000,0.502102,0.474670,-0.550842,0.468140,0.974728,-0.039067,-0.062019,-35.675961,45.094875,31.492849
1732157917.211674,1732157917.214027,57.000000,0.000000,4287.179688,4277.179688,4312.563965,4294.230957,4281.538574,4280.897461,4335.128418,4400.128418,4297.820313,4292.307617,4474.358887,4501.794922,4342.179688,4420.897461,0.000000,1.000000,22.000000,,,,0.000000,2.000000,2.000000,0.000000,4.000000,2.000000,2.000000,0.000000,0.000000,4.000000,4.000000,4.000000,4.000000,4.000000,4.000000,0.000000,,,,,,,,,,,,,,,,,,,,,,,,,,,,
1732157917.219482,1732157917.221635,58.000000,0.000000,4286.666504,4273.717773,4315.000000,4296.153809,4276.538574,4280.897461,4335.000000,4399.871582,4299.102539,4293.846191,4475.384766,4502.563965,4342.948730,4421.922852,0.000000,1.000000,22.000000,,,,0.000000,2.000000,2.000000,0.000000,4.000000,2.000000,2.000000,0.000000,0.000000,4.000000,4.000000,4.000000,4.000000,4.000000,4.000000,0.000000,,,,,,,,,,,,,,,,,,,,,,,,,,,,
1732157917.227290,1732157917.229444,59.000000,0.000000,4290.384766,4270.000000,4315.897461,4300.897461,4281.025879,4282.820313,4334.871582,4401.025879,4306.538574,4296.025879,4474.358887,4500.000000,4343.589844,4421.282227,0.000000,1.000000,22.000000,,,,0.000000,2.000000,2.000000,0.000000,4.000000,2.000000,2.000000,0.000000,0.000000,4.000000,4.000000,4.000000,4.000000,4.000000,4.000000,0.000000,,,,,,,,,,,,,,,,,,,,,,,,,,,,
1732157917.235098,1732157917.237152,60.000000,0.000000,4289.487305,4272.051270,4316.410156,4301.922852,4299.615234,4281.794922,4335.000000,4400.128418,4306.153809,4293.205078,4470.769043,4497.436035,4337.051270,4413.205078,0.000000,1.000000,22.000000,,,,0.000000,2.000000,2.000000,0.000000,4.000000,2.000000,2.000000,0.000000,0.000000,4.000000,4.000000,4.000000,4.000000,4.000000,4.000000,0.000000,,,,,,,,,,,,,,,,,15.000000,0.000000,0.502045,0.474670,-0.550842,0.468201,0.975217,-0.046392,-0.056159,-35.572529,45.223515,31.559208
1732157917.242907,1732157917.244960,61.000000,0.000000,4288.846191,4278.846191,4316.666504,4302.179688,4282.820313,4280.641113,4335.000000,4400.256348,4297.948730,4290.384766,4473.205078,4499.871582,4341.666504,4414.487305,0.000000,1.000000,22.000000,,,,0.000000,2.000000,2.000000,0.000000,4.000000,2.000000,2.000000,0.000000,0.000000,4.000000,4.000000,4.000000,4.000000,4.000000,4.000000,0.000000,,,,,,,,,,,,,,,,,,,,,,,,,,,,
1732157917.250715,1732157917.252968,62.000000,0.000000,4288.333496,4277.820313,4315.769043,4300.769043,4256.410156,4281.153809,4335.000000,4401.794922,4296.666504,4293.974121,4477.051270,4501.794922,4352.051270,4421.922852,0.000000,1.000000,22.000000,,,,0.000000,2.000000,2.000000,0.000000,4.000000,2.000000,2.000000,0.000000,0.000000,4.000000,4.000000,4.000000,4.000000,4.000000,4.000000,0.000000,,,,,,,,,,,,,,,,,,,,,,,,,,,,
1732157917.258523,1732157917.260776,63.000000,0.000000,4283.461426,4273.205078,4311.410156,4297.692383,4263.205078,4281.666504,4335.000000,4400.897461,4298.461426,4292.051270,4475.256348,4498.205078,4346.794922,4420.897461,0.000000,1.000000,22.000000,,,,0.000000,2.000000,2.000000,0.000000,4.000000,2.000000,2.000000,0.000000,0.000000,4.000000,4.000000,4.000000,4.000000,4.000000,4.000000,0.000000,,,,,,,,,,,,,,,,,,,,,,,,,,,,
1732157917.266331,1732157917.268684,64.000000,0.000000,4280.769043,4273.333496,4310.384766,4297.436035,4277.179688,4281.794922,4335.000000,4399.230957,4293.589844,4282.179688,4471.282227,4493.333496,4340.128418,4416.922852,0.000000,1.000000,22.000000,,,,0.000000,2.000000,2.000000,0.000000,4.000000,2.000000,2.000000,0.000000,0.000000,4.000000,4.000000,4.000000,4.000000,4.000000,4.000000,0.000000,,,,,,,,,,,,,,,,,16.000000,0.000000,0.502045,0.474670,-0.550842,0.468201,0.966427,-0.041509,-0.063973,-35.812080,45.276047,31.452959
1732157917.274140,1732157917.276493,65.000000,0.000000,4281.922852,4271.025879,4314.743652,4296.794922,4276.922852,4280.000000,4335.000000,4400.000000,4289.487305,4278.717773,4468.717773,4491.153809,4342.307617,4414.871582,1604.000000,1.000000,22.000000,,,,0.000000,2.000000,2.000000,0.000000,4.000000,2.000000,2.000000,0.000000,0.000000,4.000000,4.000000,4.000000,4.000000,4.000000,4.000000,0.000000,,,,,,,,,,,,,,,,,,,,,,,,,,,,
1732157917.281948,1732157917.284501,66.000000,0.000000,4281.538574,4263.846191,4314.487305,4294.871582,4274.102539,4279.358887,4335.000000,4400.641113,4294.230957,4281.153809,4469.230957,4492.692383,4343.846191,4414.743652,1366.000000,1.000000,22.000000,,,,0.000000,2.000000,2.000000,0.000000,4.000000,2.000000,2.000000,0.000000,0.000000,4.000000,4.000000,4.000000,4.000000,4.000000,4.000000,0.000000,,,,,,,,,,,,,,,,,,,,,,,,,,,,
1732157917.289756,1732157917.292309,67.000000,0.000000,4283.461426,4266.538574,4312.179688,4295.128418,4279.230957,4280.128418,4335.000000,4399.743652,4297.820313,4283.717773,4474.358887,4495.641113,4347.051270,4421.666504,1426.000000,1.000000,22.000000,,,,0.000000,2.000000,2.000000,0.000000,4.000000,2.000000,2.000000,0.000000,0.000000,4.000000,4.000000,4.000000,4.000000,4.000000,4.000000,0.000000,,,,,,,,,,,,,,,,,,,,,,,,,,,,
1732157917.297564,1732157917.300017,68.000000,0.000000,4290.256348,4274.358887,4312.948730,4296.922852,4292.820313,4279.358887,4335.000000,4399.743652,4294.871582,4283.717773,4479.102539,4499.230957,4351.922852,4429.102539,1427.000000,1.000000,22.000000,,,,0.000000,2.000000,2.000000,0.000000,4.000000,2.000000,2.000000,0.000000,0.000000,4.000000,4.000000,4.000000,4.000000,4.000000,4.000000,0.000000,,,,,,,,,,,,,,,,,17.000000,0.000000,0.502169,0.474365,-0.551147,0.468018,0.988890,-0.038579,-0.055183,-35.682785,45.026932,31.558563
1732157917.305373,1732157917.307825,69.000000,0.000000,4295.128418,4273.589844,4315.641113,4296.922852,4290.512695,4278.974121,4335.000000,4400.641113,4295.384766,4282.948730,4476.666504,4502.563965,4351.410156,4425.128418,1207.000000,1.000000,22.000000,,,,0.000000,2.000000,2.000000,0.000000,4.000000,2.000000,2.000000,0.000000,0.000000,4.000000,4.000000,4.000000,4.000000,4.000000,4.000000,0.000000,,,,,,,,,,,,,,,,,,,,,,,,,,,,
1732157917.313181,1732157917.315434,70.000000,0.000000,4292.307617,4270.512695,4315.128418,4296.922852,4263.077148,4281.153809,4335.000000,4400.512695,4303.589844,4286.794922,4473.333496,4500.128418,4349.102539,4421.153809,0.000000,1.000000,22.000000,,,,0.000000,2.000000,2.000000,0.000000,4.000000,2.000000,2.000000,0.000000,0.000000,4.000000,4.000000,4.000000,4.000000,4.000000,4.000000,0.000000,,,,,,,,,,,,,,,,,,,,,,,,,,,,
1732157917.320989,1732157917.323242,71.000000,0.000000,4284.871582,4269.358887,4313.846191,4296.282227,4258.333496,4281.794922,4335.000000,4399.487305,4305.897461,4291.410156,4474.487305,4498.717773,4346.794922,4426.025879,0.000000,1.000000,22.000000,,,,0.000000,2.000000,2.000000,0.000000,4.000000,2.000000,2.000000,0.000000,0.000000,4.000000,4.000000,4.000000,4.000000,4.000000,4.000000,0.000000,,,,,,,,,,,,,,,,,,,,,,,,,,,,
1732157917.328797,1732157917.331150,72.000000,0.000000,4284.743652,4270.256348,4312.436035,4294.743652,4285.000000,4278.461426,4335.000000,4399.615234,4299.871582,4283.461426,4475.128418,4502.436035,4345.641113,4427.179688,1524.000000,1.000000,22.000000,,,,0.000000,2.000000,2.000000,0.000000,4.000000,2.000000,2.000000,0.000000,0.000000,4.000000,4.000000,4.000000,4.000000,4.000000,4.000000,0.000000,,,,,,,,,,,,,,,,,18.000000,0.000000,0.502103,0.474304,-0.551208,0.468079,0.971798,-0.036137,-0.069833,-35.626389,44.771816,31.540770
1732157917.336606,1732157917.338958,73.000000,0.000000,4292.436035,4275.256348,4310.641113,4298.974121,4287.307617,4277.051270,4335.000000,4399.487305,4295.641113,4278.333496,4473.461426,4503.461426,4348.461426,4420.000000,1688.000000,1.000000,22.000000,,,,0.000000,2.000000,2.000000,0.000000,4.000000,2.000000,2.000000,0.000000,0.000000,4.000000,4.000000,4.000000,4.000000,4.000000,4.000000,0.000000,,,,,,,,,,,,,,,,,,,,,,,,,,,,
1732157917.344414,1732157917.346966,74.000000,0.000000,4295.769043,4279.358887,4310.641113,4304.487305,4263.974121,4280.128418,4335.000000,4399.871582,4294.743652,4290.384766,4473.717773,4503.846191,4350.641113,4418.717773,1549.000000,1.000000,22.000000,,,,0.000000,2.000000,2.000000,0.000000,4.000000,2.000000,2.000000,0.000000,0.000000,4.000000,4.000000,4.000000,4.000000,4.000000,4.000000,0.000000,,,,,,,,,,,,,,,,,,,,,,,,,,,,
1732157917.352222,1732157917.354775,75.000000,0.000000,4292.436035,4277.948730,4312.692383,4301.538574,4259.487305,4282.051270,4335.000000,4401.282227,4292.692383,4290.128418,4475.384766,4505.512695,4350.512695,4421.666504,1566.000000,1.000000,22.000000,,,,0.000000,2.000000,2.000000,0.000000,4.000000,2.000000,2.000000,0.000000,0.000000,4.000000,4.000000,4.000000,4.000000,4.000000,4.000000,0.000000,,,,,,,,,,,,,,,,,,,,,,,,,,,,
1732157917.360030,1732157917.362683,76.000000,0.000000,4291.794922,4275.897461,4312.820313,4295.897461,4272.179688,4281.666504,4335.000000,4400.641113,4293.717773,4280.000000,4474.487305,4501.538574,4349.743652,4416.794922,1705.000000,1.000000,22.000000,,,,0.000000,2.000000,2.000000,0.000000,4.000000,2.000000,2.000000,0.000000,0.000000,4.000000,4.000000,4.000000,4.000000,4.000000,4.000000,0.000000,,,,,,,,,,,,,,,,,19.000000,0.000000,0.502093,0.474243,-0.551270,0.468079,0.986449,-0.044927,-0.053717,-35.697376,44.973503,31.596357
1732157917.367839,1732157917.370491,77.000000,0.000000,4292.051270,4277.820313,4311.153809,4298.589844,4280.512695,4281.410156,4335.000000,4400.000000,4297.820313,4286.922852,4473.589844,4497.307617,4349.871582,4410.897461,1613.000000,1.000000,22.000000,,,,0.000000,2.000000,2.000000,0.000000,4.000000,2.000000,2.000000,0.000000,0.000000,4.000000,4.000000,4.000000,4.000000,4.000000,4.000000,0.000000,,,,,,,,,,,,,,,,,,,,,,,,,,,,
1732157917.375647,1732157917.378499,78.000000,0.000000,4289.358887,4277.820313,4311.666504,4301.922852,4282.051270,4280.897461,4335.000000,4402.436035,4297.051270,4295.641113,4473.461426,4497.948730,4349.102539,4411.153809,1549.000000,1.000000,22.000000,,,,0.000000,2.000000,2.000000,0.000000,4.000000,2.000000,2.000000,0.000000,0.000000,4.000000,4.000000,4.000000,4.000000,4.000000,4.000000,0.000000,1.000000,0.000000,2.000000,2.000000,0.000000,1.000000,1.000000,0.000000,0.000000,0.000000,4.000000,4.000000,0.000000,1.000000,1.000000,4.000000,,,,,,,,,,,,
1732157917.383455,1732157917.386307,79.000000,0.000000,4289.230957,4276.410156,4315.769043,4299.102539,4272.436035,4279.358887,4335.000000,4403.333496,4296.410156,4287.179688,4472.051270,4497.563965,4344.871582,4412.179688,1566.000000,1.000000,22.000000,,,,0.000000,2.000000,2.000000,0.000000,4.000000,2.000000,2.000000,0.000000,0.000000,4.000000,4.000000,4.000000,4.000000,4.000000,4.000000,0.000000,,,,,,,,,,,,,,,,,,,,,,,,,,,,
1732157917.391263,1732157917.394215,80.000000,0.000000,4293.333496,4276.666504,4316.410156,4298.205078,4270.000000,4279.871582,4335.000000,4399.487305,4299.102539,4280.256348,4471.666504,4495.897461,4341.025879,4411.666504,1705.000000,1.000000,22.000000,,,,0.000000,2.000000,2.000000,0.000000,4.000000,2.000000,2.000000,0.000000,0.000000,4.000000,4.000000,4.000000,4.000000,4.000000,4.000000,0.000000,,,,,,,,,,,,,,,,,20.000000,0.000000,0.502283,0.473999,-0.551514,0.467834,0.972775,-0.018557,-0.060066,-35.789875,44.930202,31.648048
1732157917.399072,1732157917.402023,81.000000,0.000000,4296.153809,4280.384766,4312.563965,4300.641113,4290.000000,4280.769043,4335.000000,4398.717773,4296.922852,4281.282227,4472.948730,4495.128418,4340.128418,4413.846191,1613.000000,1.000000,22.000000,,,,0.000000,2.000000,2.000000,0.000000,4.000000,2.000000,2.000000,0.000000,0.000000,4.000000,4.000000,4.000000,4.000000,4.000000,4.000000,0.000000,,,,,,,,,,,,,,,,,,,,,,,,,,,,
1732157917.406880,1732157917.410031,82.000000,0.000000,4295.128418,4280.769043,4312.307617,4307.436035,4289.358887,4280.897461,4335.000000,4403.077148,4298.077148,4281.153809,4474.358887,4502.051270,4343.077148,4422.436035,1549.000000,1.000000,22.000000,,,,0.000000,2.000000,2.000000,0.000000,4.000000,2.000000,2.000000,0.000000,0.000000,4.000000,4.000000,4.000000,4.000000,4.000000,4.000000,0.000000,,,,,,,,,,,,,,,,,,,,,,,,,,,,
1732157917.414688,1732157917.417840,83.000000,0.000000,4295.384766,4278.589844,4315.512695,4308.717773,4262.692383,4281.282227,4335.000000,4402.563965,4308.461426,4286.666504,4474.871582,4509.230957,4345.897461,4427.307617,1566.000000,1.000000,22.000000,,,,0.000000,2.000000,2.000000,0.000000,4.000000,2.000000,2.000000,0.000000,0.000000,4.000000,4.000000,4.000000,4.000000,4.000000,4.000000,0.000000,,,,,,,,,,,,,,,,,,,,,,,,,,,,
1732157917.422496,1732157917.425748,84.000000,0.000000,4295.641113,4280.384766,4313.974121,4304.615234,4256.794922,4281.538574,4335.000000,4400.641113,4307.692383,4291.282227,4474.615234,4509.615234,4345.512695,4427.307617,1705.000000,1.000000,22.000000,,,,0.000000,2.000000,2.000000,0.000000,4.000000,2.000000,2.000000,0.000000,0.000000,4.000000,4.000000,4.000000,4.000000,4.000000,4.000000,0.000000,,,,,,,,,,,,,,,,,21.000000,0.000000,0.502492,0.473816,-0.551636,0.467651,0.984007,-0.045904,-0.057136,-35.824799,44.830132,31.691586
1732157917.430305,1732157917.433556,85.000000,0.000000,4294.615234,4282.563965,4313.333496,4304.102539,4271.025879,4282.436035,4335.000000,4404.102539,4297.307617,4287.307617,4476.282227,4507.563965,4346.538574,4427.307617,1613.000000,1.000000,22.000000,,,,0.000000,2.000000,2.000000,0.000000,4.000000,2.000000,2.000000,0.000000,0.000000,4.000000,4.000000,4.000000,4.000000,4.000000,4.000000,0.000000,,,,,,,,,,,,,,,,,,,,,,,,,,,,
1732157917.438113,1732157917.441564,86.000000,0.000000,4294.230957,4280.512695,4316.922852,4302.692383,4285.000000,4281.538574,4335.000000,4404.743652,4295.000000,4282.692383,4476.922852,4508.077148,4347.948730,4427.436035,1549.000000,1.000000,22.000000,,,,0.000000,2.000000,2.000000,0.000000,4.000000,2.000000,2.000000,0.000000,0.000000,4.000000,4.000000,4.000000,4.000000,4.000000,4.000000,0.000000,,,,,,,,,,,,,,,,,,,,,,,,,,,,
1732157917.445921,1732157917.449372,87.000000,0.000000,4295.256348,4279.487305,4317.179688,4300.769043,4287.307617,4280.128418,4335.000000,4400.256348,4297.051270,4281.922852,4474.358887,4505.897461,4344.871582,4426.922852,1566.000000,1.000000,22.000000,,,,0.000000,2.000000,2.000000,0.000000,4.000000,2.000000,2.000000,0.000000,0.000000,4.000000,4.000000,4.000000,4.000000,4.000000,4.000000,0.000000,,,,,,,,,,,,,,,,,,,,,,,,,,,,
1732157917.453729,1732157917.457280,88.000000,0.000000,4296.025879,4281.025879,4316.410156,4304.871582,4271.153809,4285.897461,4335.000000,4399.615234,4298.461426,4280.897461,4472.820313,4505.000000,4340.769043,4426.666504,1705.000000,1.000000,22.000000,,,,0.000000,2.000000,2.000000,0.000000,4.000000,2.000000,2.000000,0.000000,0.000000,4.000000,4.000000,4.000000,4.000000,4.000000,4.000000,0.000000,,,,,,,,,,,,,,,,,22.000000,0.000000,0.502530,0.473694,-0.551758,0.467590,0.984007,-0.045904,-0.057136,-35.759754,44.922405,31.600185
1732157917.461537,1732157917.465088,89.000000,0.000000,4295.256348,4281.153809,4316.666504,4308.846191,4262.948730,4290.256348,4335.000000,4402.948730,4301.922852,4282.307617,4476.538574,4508.077148,4345.384766,4428.205078,1613.000000,1.000000,22.000000,,,,0.000000,2.000000,2.000000,0.000000,4.000000,2.000000,2.000000,0.000000,0.000000,4.000000,4.000000,4.000000,4.000000,4.000000,4.000000,0.000000,,,,,,,,,,,,,,,,,,,,,,,,,,,,
1732157917.469346,1732157917.473096,90.000000,0.000000,4294.871582,4281.410156,4315.641113,4303.077148,4278.461426,4283.974121,4335.000000,4402.948730,4305.897461,4289.102539,4481.282227,4507.948730,4351.410156,4427.436035,1549.000000,1.000000,22.000000,,,,0.000000,2.000000,2.000000,0.000000,4.000000,2.000000,2.000000,0.000000,0.000000,4.000000,4.000000,4.000000,4.000000,4.000000,4.000000,0.000000,,,,,,,,,,,,,,,,,,,,,,,,,,,,
1732157917.477154,1732157917.480905,91.000000,0.000000,4294.487305,4281.025879,4314.358887,4298.846191,4281.538574,4278.974121,4335.000000,4400.256348,4309.230957,4294.230957,4480.641113,4506.538574,4347.692383,4422.820313,1566.000000,1.000000,22.000000,,,,0.000000,2.000000,2.000000,0.000000,4.000000,2.000000,2.000000,0.000000,0.000000,4.000000,4.000000,4.000000,4.000000,4.000000,4.000000,0.000000,,,,,,,,,,,,,,,,,,,,,,,,,,,,
1732157917.484962,1732157917.488613,92.000000,0.000000,4292.307617,4277.692383,4315.128418,4298.461426,4271.153809,4281.666504,4335.000000,4401.410156,4313.077148,4294.230957,4477.179688,4503.846191,4341.922852,4418.333496,1705.000000,1.000000,22.000000,,,,0.000000,2.000000,2.000000,0.000000,4.000000,2.000000,2.000000,0.000000,0.000000,4.000000,4.000000,4.000000,4.000000,4.000000,4.000000,0.000000,,,,,,,,,,,,,,,,,23.000000,0.000000,0.502483,0.473755,-0.551697,0.467651,0.973263,-0.041509,-0.056159,-35.837067,44.905483,31.637815
1732157917.492771,1732157917.496421,93.000000,0.000000,4292.051270,4276.282227,4314.230957,4299.615234,4275.512695,4282.179688,4335.000000,4403.205078,4308.077148,4291.538574,4475.512695,4503.461426,4343.974121,4419.615234,1613.000000,1.000000,22.000000,,,,0.000000,2.000000,2.000000,0.000000,4.000000,2.000000,2.000000,0.000000,0.000000,4.000000,4.000000,4.000000,4.000000,4.000000,4.000000,0.000000,,,,,,,,,,,,,,,,,,,,,,,,,,,,
1732157917.500579,1732157917.504030,94.000000,0.000000,4292.307617,4279.102539,4313.077148,4300.128418,4278.461426,4280.384766,4334.871582,4400.897461,4302.820313,4287.307617,4475.128418,4507.436035,4347.307617,4421.025879,1549.000000,1.000000,22.000000,,,,0.000000,2.000000,2.000000,0.000000,4.000000,2.000000,2.000000,0.000000,0.000000,4.000000,4.000000,4.000000,4.000000,4.000000,4.000000,0.000000,,,,,,,,,,,,,,,,,,,,,,,,,,,,
1732157917.508387,1732157917.511838,95.000000,0.000000,4291.282227,4280.512695,4314.871582,4298.461426,4277.563965,4282.179688,4334.743652,4399.487305,4302.179688,4282.307617,4476.153809,4502.436035,4343.589844,4418.589844,1566.000000,1.000000,22.000000,,,,0.000000,2.000000,2.000000,0.000000,4.000000,2.000000,2.000000,0.000000,0.000000,4.000000,4.000000,4.000000,4.000000,4.000000,4.000000,0.000000,,,,,,,,,,,,,,,,,,,,,,,,,,,,
1732157917.516195,1732157917.519546,96.000000,0.000000,4291.282227,4279.230957,4314.743652,4299.102539,4292.563965,4283.589844,4335.512695,4402.563965,4297.692383,4279.615234,4476.410156,4495.512695,4340.256348,4415.769043,1705.000000,1.000000,22.000000,,,,0.000000,2.000000,2.000000,0.000000,4.000000,2.000000,2.000000,0.000000,0.000000,4.000000,4.000000,4.000000,4.000000,4.000000,4.000000,0.000000,,,,,,,,,,,,,,,,,24.000000,0.000000,0.502615,0.473511,-0.551941,0.467468,0.974728,-0.042486,-0.052741,-35.749691,45.041775,31.768297
1732157917.524004,1732157917.527354,97.000000,0.000000,4290.641113,4279.230957,4313.589844,4299.102539,4295.256348,4282.179688,4334.743652,4403.461426,4296.282227,4280.769043,4474.871582,4501.794922,4342.051270,4416.282227,1613.000000,1.000000,22.000000,,,,0.000000,2.000000,2.000000,0.000000,4.000000,2.000000,2.000000,0.000000,0.000000,4.000000,4.000000,4.000000,4.000000,4.000000,4.000000,0.000000,,,,,,,,,,,,,,,,,,,,,,,,,,,,
1732157917.531812,1732157917.534963,98.000000,0.000000,4289.615234,4280.641113,4313.205078,4298.589844,4272.692383,4281.538574,4334.230957,4400.897461,4301.538574,4286.794922,4476.666504,4510.256348,4346.538574,4422.948730,1549.000000,1.000000,22.000000,,,,0.000000,2.000000,2.000000,0.000000,4.000000,2.000000,2.000000,0.000000,0.000000,4.000000,4.000000,4.000000,4.000000,4.000000,4.000000,0.000000,,,,,,,,,,,,,,,,,,,,,,,,,,,,
1732157917.539620,1732157917.542771,99.000000,0.000000,4291.666504,4281.666504,4314.487305,4302.948730,4265.128418,4285.128418,4337.436035,4401.153809,4306.025879,4294.615234,4483.077148,4508.717773,4351.666504,4428.205078,1566.000000,1.000000,22.000000,,,,0.000000,2.000000,2.000000,0.000000,4.000000,2.000000,2.000000,0.000000,0.000000,4.000000,4.000000,4.000000,4.000000,4.000000,4.000000,0.000000,,,,,,,,,,,,,,,,,,,,,,,,,,,,
1732157917.547428,1732157917.550479,100.000000,0.000000,4293.974121,4282.179688,4313.717773,4306.153809,4282.948730,4286.538574,4338.077148,4401.153809,4305.512695,4294.230957,4483.077148,4505.512695,4350.769043,4425.897461,1705.000000,1.000000,22.000000,,,,0.000000,2.000000,2.000000,0.000000,4.000000,2.000000,2.000000,0.000000,0.000000,4.000000,4.000000,4.000000,4.000000,4.000000,4.000000,0.000000,,,,,,,,,,,,,,,,,25.000000,0.000000,0.502549,0.473450,-0.552002,0.467529,0.974728,-0.042486,-0.052741,-35.627251,45.120502,31.760654
1732157917.555236,1732157917.558287,101.000000,0.000000,4292.436035,4281.794922,4313.589844,4302.692383,4284.487305,4285.897461,4334.487305,4398.717773,4309.102539,4291.794922,4476.922852,4506.794922,4348.589844,4425.256348,1613.000000,1.000000,22.000000,,,,0.000000,2.000000,2.000000,0.000000,4.000000,2.000000,2.000000,0.000000,0.000000,4.000000,4.000000,4.000000,4.000000,4.000000,4.000000,0.000000,,,,,,,,,,,,,,,,,,,,,,,,,,,,
1732157917.563045,1732157917.565896,102.000000,0.000000,4291.666504,4282.948730,4313.974121,4303.077148,4274.615234,4287.563965,4333.974121,4399.102539,4310.897461,4292.563965,4476.922852,4507.563965,4350.256348,4428.077148,1549.000000,1.000000,22.000000,,,,0.000000,2.000000,2.000000,0.000000,4.000000,2.000000,2.000000,0.000000,0.000000,4.000000,4.000000,4.000000,4.000000,4.000000,4.000000,0.000000,,,,,,,,,,,,,,,,,,,,,,,,,,,,
1732157917.570853,1732157917.573704,103.000000,0.000000,4294.102539,4282.563965,4311.922852,4304.230957,4289.615234,4285.256348,4335.000000,4403.077148,4306.410156,4288.589844,4482.563965,4508.205078,4350.128418,4427.179688,1566.000000,1.000000,22.000000,,,,0.000000,2.000000,2.000000,0.000000,4.000000,2.000000,2.000000,0.000000,0.000000,4.000000,4.000000,4.000000,4.000000,4.000000,4.000000,0.000000,,,,,,,,,,,,,,,,,,,,,,,,,,,,
1732157917.578661,1732157917.581612,104.000000,0.000000,4293.333496,4278.461426,4313.333496,4299.358887,4299.871582,4280.128418,4333.846191,4403.974121,4307.051270,4285.000000,4482.820313,4511.153809,4347.948730,4425.769043,1705.000000,1.000000,22.000000,,,,0.000000,2.000000,2.000000,0.000000,4.000000,2.000000,2.000000,0.000000,0.000000,4.000000,4.000000,4.000000,4.000000,4.000000,4.000000,0.000000,,,,,,,,,,,,,,,,,26.000000,0.000000,0.502436,0.473450,-0.552002,0.467651,0.972775,-0.039556,-0.057136,-35.603073,45.034275,31.679464
1732157917.586470,1732157917.589420,105.000000,0.000000,4292.051270,4277.436035,4317.051270,4299.871582,4275.897461,4277.948730,4334.743652,4402.179688,4307.948730,4285.256348,4477.948730,4513.461426,4346.666504,4429.230957,1613.000000,1.000000,22.000000,,,,0.000000,2.000000,2.000000,0.000000,4.000000,2.000000,2.000000,0.000000,0.000000,4.000000,4.000000,4.000000,4.000000,4.000000,4.000000,0.000000,,,,,,,,,,,,,,,,,,,,,,,,,,,,
1732157917.594278,1732157917.597428,106.000000,0.000000,4293.974121,4281.410156,4316.410156,4308.333496,4252.563965,4278.846191,4336.410156,4401.153809,4306.282227,4284.102539,4477.051270,4512.820313,4344.871582,4427.307617,1549.000000,1.000000,22.000000,,,,0.000000,2.000000,2.000000,0.000000,4.000000,2.000000,2.000000,0.000000,0.000000,4.000000,4.000000,4.000000,4.000000,4.000000,4.000000,0.000000,,,,,,,,,,,,,,,,,,,,,,,,,,,,
1732157917.602086,1732157917.605237,107.000000,0.000000,4290.512695,4282.563965,4313.846191,4306.025879,4267.436035,4279.230957,4335.000000,4401.153809,4302.563965,4280.384766,4477.948730,4507.563965,4341.666504,4416.538574,1566.000000,1.000000,22.000000,,,,0.000000,2.000000,2.000000,0.000000,4.000000,2.000000,2.000000,0.000000,0.000000,4.000000,4.000000,4.000000,4.000000,4.000000,4.000000,0.000000,,,,,,,,,,,,,,,,,,,,,,,,,,,,
1732157917.609894,1732157917.612945,108.000000,0.000000,4282.436035,4278.717773,4312.051270,4294.615234,4289.102539,4278.333496,4334.615234,4402.051270,4298.589844,4279.230957,4474.871582,4500.897461,4340.641113,4412.307617,1705.000000,1.000000,22.000000,,,,0.000000,2.000000,2.000000,0.000000,4.000000,2.000000,2.000000,0.000000,0.000000,4.000000,4.000000,4.000000,4.000000,4.000000,4.000000,0.000000,,,,,,,,,,,,,,,,,27.000000,0.000000,0.502531,0.473206,-0.552124,0.467651,0.984007,-0.037114,-0.050787,-35.556820,45.174431,31.627031
1732157917.617703,1732157917.620753,109.000000,0.000000,4285.128418,4279.230957,4312.179688,4297.051270,4278.077148,4278.205078,4335.256348,4402.307617,4295.128418,4281.794922,4473.846191,4499.871582,4342.051270,4419.871582,1613.000000,1.000000,22.000000,,,,0.000000,2.000000,2.000000,0.000000,4.000000,2.000000,2.000000,0.000000,0.000000,4.000000,4.000000,4.000000,4.000000,4.000000,4.000000,0.000000,,,,,,,,,,,,,,,,,,,,,,,,,,,,
1732157917.625511,1732157917.628362,110.000000,0.000000,4292.563965,4282.692383,4313.846191,4309.358887,4261.666504,4280.256348,4335.000000,4401.410156,4296.282227,4281.538574,4476.794922,4504.230957,4342.436035,4420.897461,1549.000000,1.000000,22.000000,,,,0.000000,2.000000,2.000000,0.000000,4.000000,2.000000,2.000000,0.000000,0.000000,4.000000,4.000000,4.000000,4.000000,4.000000,4.000000,0.000000,,,,,,,,,,,,,,,,,,,,,,,,,,,,
1732157917.633319,1732157917.636170,111.000000,0.000000,4288.717773,4281.666504,4314.743652,4309.102539,4269.871582,4280.641113,4334.871582,4401.282227,4301.410156,4280.641113,4479.487305,4505.512695,4342.563965,4413.333496,1566.000000,1.000000,22.000000,,,,0.000000,2.000000,2.000000,0.000000,4.000000,2.000000,2.000000,0.000000,0.000000,4.000000,4.000000,4.000000,4.000000,4.000000,4.000000,0.000000,,,,,,,,,,,,,,,,,,,,,,,,,,,,
1732157917.641127,1732157917.643878,112.000000,0.000000,4284.358887,4279.615234,4312.179688,4299.487305,4281.282227,4278.974121,4335.000000,4400.769043,4306.153809,4280.512695,4478.846191,4502.948730,4343.461426,4412.051270,1705.000000,1.000000,22.000000,,,,0.000000,2.000000,2.000000,0.000000,4.000000,2.000000,2.000000,0.000000,0.000000,4.000000,4.000000,4.000000,4.000000,4.000000,4.000000,0.000000,,,,,,,,,,,,,,,,,28.000000,0.000000,0.502370,0.473267,-0.552063,0.467834,0.971310,-0.038091,-0.053229,-35.809361,45.379620,31.522896
1732157917.648935,1732157917.651686,113.000000,0.000000,4288.333496,4279.871582,4311.410156,4297.436035,4277.820313,4281.025879,4335.000000,4399.487305,4305.897461,4280.769043,4475.641113,4504.487305,4342.179688,4413.846191,1613.000000,1.000000,22.000000,,,,0.000000,2.000000,2.000000,0.000000,4.000000,2.000000,2.000000,0.000000,0.000000,4.000000,4.000000,4.000000,4.000000,4.000000,4.000000,0.000000,,,,,,,,,,,,,,,,,,,,,,,,,,,,
1732157917.656744,1732157917.659694,114.000000,0.000000,4289.487305,4279.871582,4312.307617,4302.307617,4277.051270,4280.897461,4335.000000,4401.282227,4299.358887,4278.589844,4474.230957,4505.769043,4338.846191,4410.641113,1549.000000,1.000000,22.000000,,,,0.000000,2.000000,2.000000,0.000000,4.000000,2.000000,2.000000,0.000000,0.000000,4.000000,4.000000,4.000000,4.000000,4.000000,4.000000,0.000000,,,,,,,,,,,,,,,,,,,,,,,,,,,,
1732157917.664552,1732157917.667502,115.000000,0.000000,4287.179688,4280.897461,4314.487305,4305.384766,4277.436035,4278.846191,4335.000000,4401.922852,4298.461426,4278.974121,4477.436035,4507.051270,4339.487305,4411.794922,1566.000000,1.000000,22.000000,,,,0.000000,2.000000,2.000000,0.000000,4.000000,2.000000,2.000000,0.000000,0.000000,4.000000,4.000000,4.000000,4.000000,4.000000,4.000000,0.000000,,,,,,,,,,,,,,,,,,,,,,,,,,,,
1732157917.672360,1732157917.675411,116.000000,0.000000,4287.692383,4281.922852,4316.794922,4301.794922,4280.512695,4281.666504,4335.000000,4399.102539,4300.000000,4282.436035,4478.461426,4511.538574,4343.205078,4416.666504,1705.000000,1.000000,22.000000,,,,0.000000,2.000000,2.000000,0.000000,4.000000,2.000000,2.000000,0.000000,0.000000,4.000000,4.000000,4.000000,4.000000,4.000000,4.000000,0.000000,,,,,,,,,,,,,,,,,29.000000,0.000000,0.502370,0.473267,-0.552063,0.467834,0.979612,-0.049811,-0.059578,-35.968914,45.470825,31.363546
1732157917.680169,1732157917.683219,117.000000,0.000000,4286.794922,4278.461426,4313.846191,4295.128418,4296.538574,4281.282227,4335.000000,4398.589844,4298.205078,4280.512695,4476.025879,4510.512695,4342.179688,4415.384766,1613.000000,1.000000,22.000000,,,,0.000000,2.000000,2.000000,0.000000,4.000000,2.000000,2.000000,0.000000,0.000000,4.000000,4.000000,4.000000,4.000000,4.000000,4.000000,0.000000,,,,,,,,,,,,,,,,,,,,,,,,,,,,
1732157917.687977,1732157917.691227,118.000000,0.000000,4285.384766,4276.538574,4311.025879,4294.871582,4293.974121,4281.153809,4335.000000,4400.897461,4303.974121,4279.102539,4481.922852,4513.846191,4340.384766,4413.717773,1549.000000,1.000000,22.000000,,,,0.000000,2.000000,2.000000,0.000000,4.000000,2.000000,2.000000,0.000000,0.000000,4.000000,4.000000,4.000000,4.000000,4.000000,4.000000,0.000000,,,,,,,,,,,,,,,,,,,,,,,,,,,,
1732157917.695785,1732157917.699035,119.000000,0.000000,4292.051270,4281.410156,4313.077148,4302.692383,4267.948730,4287.692383,4335.000000,4401.666504,4313.717773,4284.102539,4490.384766,4523.589844,4345.897461,4419.230957,1566.000000,1.000000,22.000000,,,,0.000000,2.000000,2.000000,0.000000,4.000000,2.000000,2.000000,0.000000,0.000000,4.000000,4.000000,4.000000,4.000000,4.000000,4.000000,0.000000,,,,,,,,,,,,,,,,,,,,,,,,,,,,
1732157917.703593,1732157917.706943,120.000000,0.000000,4297.179688,4282.436035,4313.846191,4302.692383,4269.230957,4288.846191,4335.000000,4399.487305,4307.948730,4286.025879,4487.436035,4525.897461,4348.974121,4424.871582,1705.000000,1.000000,22.000000,,,,0.000000,2.000000,2.000000,0.000000,4.000000,2.000000,2.000000,0.000000,0.000000,4.000000,4.000000,4.000000,4.000000,4.000000,4.000000,0.000000,,,,,,,,,,,,,,,,,30.000000,0.000000,0.502408,0.473145,-0.552185,0.467773,0.984984,-0.041997,-0.044927,-35.816486,45.159702,31.294472
1732157917.711402,1732157917.714751,121.000000,0.000000,4295.256348,4279.871582,4310.897461,4295.897461,4291.666504,4280.769043,4335.000000,4399.358887,4298.461426,4280.641113,4481.025879,4523.717773,4343.589844,4426.538574,1613.000000,1.000000,22.000000,,,,0.000000,2.000000,2.000000,0.000000,4.000000,2.000000,2.000000,0.000000,0.000000,4.000000,4.000000,4.000000,4.000000,4.000000,4.000000,0.000000,,,,,,,,,,,,,,,,,,,,,,,,,,,,
1732157917.719210,1732157917.722360,122.000000,0.000000,4294.871582,4280.256348,4311.025879,4297.307617,4282.051270,4279.102539,4335.000000,4405.000000,4305.769043,4278.717773,4480.384766,4524.743652,4340.384766,4430.641113,1549.000000,1.000000,22.000000,,,,0.000000,2.000000,2.000000,0.000000,4.000000,2.000000,2.000000,0.000000,0.000000,4.000000,4.000000,4.000000,4.000000,4.000000,4.000000,0.000000,,,,,,,,,,,,,,,,,,,,,,,,,,,,
1732157917.727018,1732157917.730168,123.000000,0.000000,4296.922852,4281.282227,4314.102539,4302.563965,4260.897461,4285.256348,4335.000000,4406.153809,4313.333496,4282.051270,4479.487305,4526.153809,4340.897461,4431.794922,1566.000000,1.000000,22.000000,,,,0.000000,2.000000,2.000000,0.000000,4.000000,2.000000,2.000000,0.000000,0.000000,4.000000,4.000000,4.000000,4.000000,4.000000,4.000000,0.000000,,,,,,,,,,,,,,,,,,,,,,,,,,,,
1732157917.734826,1732157917.737876,124.000000,0.000000,4295.769043,4280.128418,4317.051270,4301.538574,4265.641113,4288.205078,4335.000000,4400.769043,4309.487305,4281.153809,4476.666504,4522.436035,4341.666504,4423.077148,1705.000000,1.000000,22.000000,,,,0.000000,2.000000,2.000000,0.000000,4.000000,2.000000,2.000000,0.000000,0.000000,4.000000,4.000000,4.000000,4.000000,4.000000,4.000000,0.000000,,,,,,,,,,,,,,,,,31.000000,0.000000,0.502503,0.472961,-0.552307,0.467712,0.972287,-0.036626,-0.054694,-35.926353,44.971027,31.313522
1732157917.742634,1732157917.745684,125.000000,0.000000,4293.205078,4278.077148,4315.128418,4300.512695,4279.615234,4290.512695,4335.000000,4401.153809,4306.282227,4281.538574,4474.102539,4513.205078,4341.922852,4415.897461,1613.000000,1.000000,22.000000,,,,0.000000,2.000000,2.000000,0.000000,4.000000,2.000000,2.000000,0.000000,0.000000,4.000000,4.000000,4.000000,4.000000,4.000000,4.000000,0.000000,,,,,,,,,,,,,,,,,,,,,,,,,,,,
1732157917.750443,1732157917.753692,126.000000,0.000000,4292.820313,4278.077148,4311.282227,4302.051270,4282.692383,4289.615234,4335.000000,4405.384766,4310.897461,4288.974121,4475.000000,4511.153809,4341.025879,4418.846191,1549.000000,1.000000,22.000000,,,,0.000000,2.000000,2.000000,0.000000,4.000000,2.000000,2.000000,0.000000,0.000000,4.000000,4.000000,4.000000,4.000000,4.000000,4.000000,0.000000,,,,,,,,,,,,,,,,,,,,,,,,,,,,
1732157917.758251,1732157917.761501,127.000000,0.000000,4293.333496,4281.153809,4311.794922,4301.282227,4275.384766,4283.333496,4335.000000,4402.948730,4311.538574,4294.871582,4484.615234,4518.717773,4345.256348,4421.410156,22.000000,1.000000,22.000000,,,,0.000000,2.000000,2.000000,0.000000,4.000000,2.000000,2.000000,0.000000,0.000000,4.000000,4.000000,4.000000,4.000000,4.000000,4.000000,0.000000,,,,,,,,,,,,,,,,,,,,,,,,,,,,
1732157917.766059,1732157917.769409,0.000000,0.000000,4292.307617,4282.051270,4313.846191,4300.769043,4280.128418,4281.153809,4335.000000,4400.128418,4308.077148,4295.256348,4486.025879,4518.717773,4350.000000,4415.641113,0.000000,1.000000,22.000000,,,,0.000000,2.000000,2.000000,0.000000,4.000000,2.000000,2.000000,0.000000,0.000000,4.000000,4.000000,4.000000,4.000000,4.000000,4.000000,0.000000,,,,,,,,,,,,,,,,,0.000000,0.000000,0.502550,0.472900,-0.552368,0.467651,0.976193,-0.044927,-0.054206,-35.798679,44.763199,31.395620
1732157917.773867,1732157917.777217,1.000000,0.000000,4290.897461,4280.000000,4313.846191,4302.436035,4297.563965,4281.922852,4335.000000,4401.282227,4307.563965,4294.871582,4476.794922,4514.615234,4345.384766,4413.974121,1601.000000,1.000000,22.000000,,,,0.000000,2.000000,2.000000,0.000000,4.000000,2.000000,2.000000,0.000000,0.000000,4.000000,4.000000,4.000000,4.000000,4.000000,4.000000,0.000000,,,,,,,,,,,,,,,,,,,,,,,,,,,,
1732157917.781676,1732157917.785225,2.000000,0.000000,4293.846191,4279.615234,4314.487305,4300.641113,4292.436035,4280.512695,4335.000000,4400.512695,4307.948730,4293.846191,4481.282227,4521.282227,4344.230957,4420.128418,1366.000000,1.000000,22.000000,,,,0.000000,2.000000,2.000000,0.000000,4.000000,2.000000,2.000000,0.000000,0.000000,4.000000,4.000000,4.000000,4.000000,4.000000,4.000000,0.000000,,,,,,,,,,,,,,,,,,,,,,,,,,,,
1732157917.789484,1732157917.793033,3.000000,0.000000,4295.641113,4279.871582,4314.358887,4298.461426,4263.461426,4280.512695,4335.000000,4400.384766,4308.974121,4295.897461,4488.846191,4524.615234,4349.743652,4421.922852,1424.000000,1.000000,22.000000,,,,0.000000,2.000000,2.000000,0.000000,4.000000,2.000000,2.000000,0.000000,0.000000,4.000000,4.000000,4.000000,4.000000,4.000000,4.000000,0.000000,,,,,,,,,,,,,,,,,,,,,,,,,,,,
1732157917.797292,1732157917.800941,4.000000,0.000000,4288.846191,4279.487305,4310.769043,4299.615234,4261.282227,4283.077148,4335.000000,4401.153809,4311.153809,4295.000000,4481.282227,4517.307617,4345.897461,4417.820313,1424.000000,1.000000,22.000000,,,,0.000000,2.000000,2.000000,0.000000,4.000000,2.000000,2.000000,0.000000,0.000000,4.000000,4.000000,4.000000,4.000000,4.000000,4.000000,0.000000,,,,,,,,,,,,,,,,,1.000000,0.000000,0.502484,0.472839,-0.552429,0.467712,0.973752,-0.052741,-0.061043,-35.836929,44.808189,31.225452
1732157917.805101,1732157917.808749,5.000000,0.000000,4282.563965,4278.589844,4310.641113,4298.846191,4289.487305,4281.410156,4335.000000,4401.153809,4310.512695,4287.307617,4473.205078,4511.410156,4339.358887,4413.846191,1207.000000,1.000000,22.000000,,,,0.000000,2.000000,2.000000,0.000000,4.000000,2.000000,2.000000,0.000000,0.000000,4.000000,4.000000,4.000000,4.000000,4.000000,4.000000,0.000000,,,,,,,,,,,,,,,,,,,,,,,,,,,,
1732157917.812909,1732157917.816757,6.000000,0.000000,4281.153809,4276.922852,4312.179688,4294.230957,4290.256348,4280.256348,4335.000000,4401.410156,4307.820313,4285.256348,4476.282227,4509.230957,4342.051270,4411.666504,0.000000,1.000000,22.000000,,,,0.000000,2.000000,2.000000,0.000000,4.000000,2.000000,2.000000,0.000000,0.000000,4.000000,4.000000,4.000000,4.000000,4.000000,4.000000,0.000000,,,,,,,,,,,,,,,,,,,,,,,,,,,,
1732157917.820717,1732157917.824566,7.000000,0.000000,4282.563965,4277.692383,4311.153809,4293.717773,4267.692383,4286.410156,4335.000000,4401.922852,4309.358887,4289.230957,4481.153809,4508.205078,4343.589844,4415.256348,0.000000,1.000000,22.000000,,,,0.000000,2.000000,2.000000,0.000000,4.000000,2.000000,2.000000,0.000000,0.000000,4.000000,4.000000,4.000000,4.000000,4.000000,4.000000,0.000000,,,,,,,,,,,,,,,,,,,,,,,,,,,,
1732157917.828525,1732157917.832474,8.000000,0.000000,4286.538574,4280.128418,4312.820313,4299.743652,4266.794922,4292.948730,4335.000000,4400.256348,4312.051270,4289.102539,4481.666504,4509.102539,4343.205078,4422.563965,1531.000000,1.000000,22.000000,,,,0.000000,2.000000,2.000000,0.000000,4.000000,2.000000,2.000000,0.000000,0.000000,4.000000,4.000000,4.000000,4.000000,4.000000,4.000000,0.000000,,,,,,,,,,,,,,,,,2.000000,0.000000,0.502559,0.473022,-0.552307,0.467590,0.981077,-0.054694,-0.062019,-36.044582,44.784634,31.130949
1732157917.836333,1732157917.840282,9.000000,0.000000,4291.282227,4279.743652,4316.922852,4302.307617,4279.743652,4290.641113,4335.000000,4398.461426,4310.769043,4284.487305,4478.846191,4514.358887,4344.358887,4420.384766,1686.000000,1.000000,22.000000,,,,0.000000,2.000000,2.000000,0.000000,4.000000,2.000000,2.000000,0.000000,0.000000,4.000000,4.000000,4.000000,4.000000,4.000000,4.000000,0.000000,,,,,,,,,,,,,,,,,,,,,,,,,,,,
1732157917.844142,1732157917.848290,10.000000,0.000000,4294.358887,4279.743652,4314.358887,4300.128418,4284.230957,4284.615234,4335.000000,4398.846191,4309.743652,4282.179688,4476.794922,4516.025879,4342.051270,4414.615234,1549.000000,1.000000,22.000000,,,,0.000000,2.000000,2.000000,0.000000,4.000000,2.000000,2.000000,0.000000,0.000000,4.000000,4.000000,4.000000,4.000000,4.000000,4.000000,0.000000,,,,,,,,,,,,,,,,,,,,,,,,,,,,
1732157917.851950,1732157917.856098,11.000000,0.000000,4292.692383,4280.641113,4311.282227,4300.256348,4278.846191,4283.717773,4335.000000,4400.128418,4305.641113,4280.641113,4477.948730,4512.820313,4339.358887,4416.410156,1566.000000,1.000000,22.000000,,,,0.000000,2.000000,2.000000,0.000000,4.000000,2.000000,2.000000,0.000000,0.000000,4.000000,4.000000,4.000000,4.000000,4.000000,4.000000,0.000000,,,,,,,,,,,,,,,,,,,,,,,,,,,,
1732157917.859758,1732157917.863807,12.000000,0.000000,4291.666504,4279.487305,4313.461426,4301.666504,4279.230957,4284.871582,4335.000000,4400.512695,4297.051270,4278.077148,4475.769043,4511.794922,4338.717773,4417.179688,1701.000000,1.000000,22.000000,,,,0.000000,2.000000,2.000000,0.000000,4.000000,2.000000,2.000000,0.000000,0.000000,4.000000,4.000000,4.000000,4.000000,4.000000,4.000000,0.000000,,,,,,,,,,,,,,,,,3.000000,0.000000,0.502587,0.472839,-0.552490,0.467529,0.982542,-0.041021,-0.055183,-36.274445,45.043888,31.079403
1732157917.867566,1732157917.871615,13.000000,0.000000,4294.615234,4279.358887,4314.743652,4302.307617,4294.487305,4282.563965,4335.000000,4400.000000,4292.563965,4277.820313,4473.974121,4513.846191,4338.077148,4413.589844,1606.000000,1.000000,22.000000,,,,0.000000,2.000000,2.000000,0.000000,4.000000,2.000000,2.000000,0.000000,0.000000,4.000000,4.000000,4.000000,4.000000,4.000000,4.000000,0.000000,,,,,,,,,,,,,,,,,,,,,,,,,,,,
1732157917.875375,1732157917.879223,14.000000,0.000000,4295.128418,4281.025879,4312.948730,4306.025879,4299.102539,4281.025879,4335.000000,4399.871582,4297.948730,4277.692383,4477.051270,4517.692383,4338.974121,4414.230957,1549.000000,1.000000,22.000000,,,,0.000000,2.000000,2.000000,0.000000,4.000000,2.000000,2.000000,0.000000,0.000000,4.000000,4.000000,4.000000,4.000000,4.000000,4.000000,0.000000,1.000000,0.000000,2.000000,1.000000,0.000000,1.000000,1.000000,0.000000,0.000000,0.000000,4.000000,4.000000,0.000000,4.000000,1.000000,4.000000,,,,,,,,,,,,
1732157917.883183,1732157917.887031,15.000000,0.000000,4292.820313,4281.794922,4312.436035,4308.846191,4275.384766,4285.256348,4334.871582,4399.871582,4308.077148,4280.769043,4478.846191,4521.153809,4342.563965,4415.000000,1566.000000,1.000000,22.000000,,,,0.000000,2.000000,2.000000,0.000000,4.000000,2.000000,2.000000,0.000000,0.000000,4.000000,4.000000,4.000000,4.000000,4.000000,4.000000,0.000000,,,,,,,,,,,,,,,,,,,,,,,,,,,,
1732157917.890991,1732157917.894740,16.000000,0.000000,4293.846191,4281.922852,4313.974121,4301.538574,4261.538574,4289.102539,4334.487305,4399.230957,4307.307617,4281.922852,4477.307617,4516.410156,4342.948730,4413.077148,0.000000,1.000000,22.000000,,,,0.000000,2.000000,2.000000,0.000000,4.000000,2.000000,2.000000,0.000000,0.000000,4.000000,4.000000,4.000000,4.000000,4.000000,4.000000,0.000000,,,,,,,,,,,,,,,,,4.000000,0.000000,0.502634,0.472778,-0.552551,0.467468,0.976682,-0.044927,-0.052741,-36.253967,44.845547,31.570982
1732157917.898800,1732157917.902548,17.000000,0.000000,4292.820313,4280.897461,4313.589844,4296.410156,4270.384766,4286.794922,4335.128418,4399.487305,4297.948730,4279.615234,4474.358887,4505.384766,4336.666504,4412.051270,0.000000,1.000000,22.000000,,,,0.000000,2.000000,2.000000,0.000000,4.000000,2.000000,2.000000,0.000000,0.000000,4.000000,4.000000,4.000000,4.000000,4.000000,4.000000,0.000000,,,,,,,,,,,,,,,,,,,,,,,,,,,,
1732157917.906608,1732157917.910156,18.000000,0.000000,4287.307617,4280.128418,4311.794922,4298.205078,4277.692383,4282.436035,4335.128418,4400.641113,4295.512695,4276.922852,4472.436035,4505.000000,4335.512695,4411.025879,0.000000,1.000000,22.000000,,,,0.000000,2.000000,2.000000,0.000000,4.000000,2.000000,2.000000,0.000000,0.000000,4.000000,4.000000,4.000000,4.000000,4.000000,4.000000,0.000000,,,,,,,,,,,,,,,,,,,,,,,,,,,,
1732157917.914416,1732157917.917965,19.000000,0.000000,4285.769043,4280.256348,4313.205078,4299.230957,4288.717773,4280.000000,4334.102539,4401.538574,4300.897461,4279.743652,4473.077148,4506.538574,4341.153809,4410.512695,0.000000,1.000000,22.000000,,,,0.000000,2.000000,2.000000,0.000000,4.000000,2.000000,2.000000,0.000000,0.000000,4.000000,4.000000,4.000000,4.000000,4.000000,4.000000,0.000000,,,,,,,,,,,,,,,,,,,,,,,,,,,,
1732157917.922224,1732157917.925673,20.000000,0.000000,4286.025879,4278.846191,4316.538574,4296.666504,4282.820313,4280.384766,4336.538574,4401.410156,4306.538574,4290.512695,4477.563965,4505.384766,4344.102539,4413.461426,0.000000,1.000000,22.000000,,,,0.000000,2.000000,2.000000,0.000000,4.000000,2.000000,2.000000,0.000000,0.000000,4.000000,4.000000,4.000000,4.000000,4.000000,4.000000,0.000000,,,,,,,,,,,,,,,,,5.000000,0.000000,0.502786,0.472595,-0.552673,0.467346,0.976193,-0.042486,-0.053229,-36.010712,45.036560,31.629162
1732157917.930032,1732157917.933481,21.000000,0.000000,4281.410156,4276.410156,4314.102539,4297.436035,4263.333496,4287.948730,4340.384766,4401.666504,4308.846191,4297.179688,4479.487305,4506.538574,4343.205078,4414.743652,0.000000,1.000000,22.000000,,,,0.000000,2.000000,2.000000,0.000000,4.000000,2.000000,2.000000,0.000000,0.000000,4.000000,4.000000,4.000000,4.000000,4.000000,4.000000,0.000000,,,,,,,,,,,,,,,,,,,,,,,,,,,,
1732157917.937841,1732157917.941089,22.000000,0.000000,4280.384766,4277.436035,4310.384766,4298.589844,4269.487305,4298.846191,4340.641113,4401.922852,4310.000000,4293.846191,4475.641113,4508.205078,4342.436035,4411.794922,0.000000,1.000000,22.000000,,,,0.000000,2.000000,2.000000,0.000000,4.000000,2.000000,2.000000,0.000000,0.000000,4.000000,4.000000,4.000000,4.000000,4.000000,4.000000,0.000000,,,,,,,,,,,,,,,,,,,,,,,,,,,,
1732157917.945649,1732157917.948898,23.000000,0.000000,4288.077148,4280.000000,4312.563965,4298.077148,4282.563965,4297.692383,4337.436035,4401.410156,4309.871582,4286.922852,4473.205078,4510.512695,4342.051270,4409.615234,0.000000,1.000000,22.000000,,,,0.000000,2.000000,2.000000,0.000000,4.000000,2.000000,2.000000,0.000000,0.000000,4.000000,4.000000,4.000000,4.000000,4.000000,4.000000,0.000000,,,,,,,,,,,,,,,,,,,,,,,,,,,,
1732157917.953457,1732157917.956606,24.000000,0.000000,4290.256348,4279.102539,4314.102539,4298.717773,4288.717773,4285.000000,4335.256348,4401.538574,4305.384766,4283.461426,4474.615234,4509.615234,4341.794922,4410.641113,0.000000,1.000000,22.000000,,,,0.000000,2.000000,2.000000,0.000000,4.000000,2.000000,2.000000,0.000000,0.000000,4.000000,4.000000,4.000000,4.000000,4.000000,4.000000,0.000000,,,,,,,,,,,,,,,,,6.000000,0.000000,0.502994,0.472412,-0.552795,0.467163,0.974240,-0.040044,-0.056159,-35.947010,45.057949,31.676289
1732157917.961265,1732157917.964414,25.000000,0.000000,4283.974121,4277.820313,4311.794922,4298.205078,4295.128418,4282.051270,4335.256348,4401.538574,4297.820313,4281.922852,4475.256348,4507.692383,4343.205078,4412.820313,0.000000,1.000000,22.000000,,,,0.000000,2.000000,2.000000,0.000000,4.000000,2.000000,2.000000,0.000000,0.000000,4.000000,4.000000,4.000000,4.000000,4.000000,4.000000,0.000000,,,,,,,,,,,,,,,,,,,,,,,,,,,,
1732157917.969074,1732157917.972023,26.000000,0.000000,4280.128418,4279.230957,4311.538574,4298.205078,4280.000000,4292.179688,4334.615234,4400.256348,4302.307617,4282.563965,4474.743652,4512.563965,4343.461426,4414.743652,0.000000,1.000000,22.000000,,,,0.000000,2.000000,2.000000,0.000000,4.000000,2.000000,2.000000,0.000000,0.000000,4.000000,4.000000,4.000000,4.000000,4.000000,4.000000,0.000000,,,,,,,,,,,,,,,,,,,,,,,,,,,,
1732157917.976882,1732157917.979831,27.000000,0.000000,4282.948730,4279.487305,4312.820313,4299.102539,4261.153809,4292.179688,4333.717773,4400.128418,4314.615234,4292.051270,4474.102539,4516.410156,4342.179688,4414.487305,0.000000,1.000000,22.000000,,,,0.000000,2.000000,2.000000,0.000000,4.000000,2.000000,2.000000,0.000000,0.000000,4.000000,4.000000,4.000000,4.000000,4.000000,4.000000,0.000000,,,,,,,,,,,,,,,,,,,,,,,,,,,,
1732157917.984690,1732157917.987539,28.000000,0.000000,4287.436035,4276.666504,4315.641113,4297.820313,4273.461426,4284.615234,4334.487305,4401.922852,4308.589844,4294.871582,4473.589844,4510.641113,4342.820313,4413.205078,0.000000,1.000000,22.000000,,,,0.000000,2.000000,2.000000,0.000000,4.000000,2.000000,2.000000,0.000000,0.000000,4.000000,4.000000,4.000000,4.000000,4.000000,4.000000,0.000000,,,,,,,,,,,,,,,,,7.000000,0.000000,0.503108,0.472351,-0.552795,0.467102,0.975217,-0.043951,-0.056159,-35.578747,45.225269,31.661127
1732157917.992499,1732157917.995347,29.000000,0.000000,4292.051270,4276.666504,4316.666504,4296.666504,4283.461426,4290.512695,4336.282227,4401.153809,4295.384766,4283.589844,4474.871582,4505.897461,4342.692383,4412.436035,0.000000,1.000000,22.000000,,,,0.000000,2.000000,2.000000,0.000000,4.000000,2.000000,2.000000,0.000000,0.000000,4.000000,4.000000,4.000000,4.000000,4.000000,4.000000,0.000000,,,,,,,,,,,,,,,,,,,,,,,,,,,,
1732157918.000307,1732157918.003355,30.000000,0.000000,4295.128418,4279.615234,4314.230957,4298.461426,4276.153809,4293.974121,4335.384766,4400.128418,4294.615234,4278.589844,4477.179688,4512.179688,4340.897461,4414.743652,0.000000,1.000000,22.000000,,,,0.000000,2.000000,2.000000,0.000000,4.000000,2.000000,2.000000,0.000000,0.000000,4.000000,4.000000,4.000000,4.000000,4.000000,4.000000,0.000000,,,,,,,,,,,,,,,,,,,,,,,,,,,,
1732157918.008115,1732157918.011164,31.000000,0.000000,4294.615234,4280.384766,4313.333496,4299.871582,4277.692383,4282.307617,4334.487305,4400.897461,4299.487305,4282.948730,4477.436035,4518.974121,4340.000000,4417.692383,0.000000,1.000000,22.000000,,,,0.000000,2.000000,2.000000,0.000000,4.000000,2.000000,2.000000,0.000000,0.000000,4.000000,4.000000,4.000000,4.000000,4.000000,4.000000,0.000000,,,,,,,,,,,,,,,,,,,,,,,,,,,,
1732157918.015923,1732157918.018872,32.000000,0.000000,4294.871582,4279.615234,4314.615234,4296.282227,4281.666504,4277.307617,4335.000000,4400.000000,4304.102539,4283.333496,4476.666504,4520.256348,4339.487305,4417.307617,0.000000,1.000000,22.000000,,,,0.000000,2.000000,2.000000,0.000000,4.000000,2.000000,2.000000,0.000000,0.000000,4.000000,4.000000,4.000000,4.000000,4.000000,4.000000,0.000000,,,,,,,,,,,,,,,,,8.000000,0.000000,0.503259,0.472168,-0.552917,0.466980,0.981565,-0.029300,-0.050787,-35.785450,45.150803,31.617180
1732157918.023731,1732157918.026680,33.000000,0.000000,4294.487305,4279.871582,4313.717773,4296.666504,4275.897461,4282.563965,4335.000000,4399.615234,4307.692383,4284.230957,4477.307617,4521.538574,4342.179688,4416.153809,0.000000,1.000000,22.000000,,,,0.000000,2.000000,2.000000,0.000000,4.000000,2.000000,2.000000,0.000000,0.000000,4.000000,4.000000,4.000000,4.000000,4.000000,4.000000,0.000000,,,,,,,,,,,,,,,,,,,,,,,,,,,,
1732157918.031540,1732157918.034288,34.000000,0.000000,4293.333496,4280.769043,4312.692383,4297.692383,4279.102539,4281.410156,4335.000000,4400.641113,4310.000000,4289.102539,4478.717773,4522.307617,4348.333496,4416.538574,0.000000,1.000000,22.000000,,,,0.000000,2.000000,2.000000,0.000000,4.000000,2.000000,2.000000,0.000000,0.000000,4.000000,4.000000,4.000000,4.000000,4.000000,4.000000,0.000000,,,,,,,,,,,,,,,,,,,,,,,,,,,,
1732157918.039348,1732157918.042097,35.000000,0.000000,4292.692383,4280.769043,4314.743652,4297.692383,4294.230957,4278.846191,4334.743652,4399.615234,4312.307617,4291.794922,4478.589844,4517.436035,4348.589844,4414.102539,0.000000,1.000000,22.000000,,,,0.000000,2.000000,2.000000,0.000000,4.000000,2.000000,2.000000,0.000000,0.000000,4.000000,4.000000,4.000000,4.000000,4.000000,4.000000,0.000000,,,,,,,,,,,,,,,,,,,,,,,,,,,,
1732157918.047156,1732157918.050005,36.000000,0.000000,4291.794922,4281.282227,4315.384766,4301.922852,4288.077148,4286.922852,4334.743652,4398.077148,4314.230957,4294.487305,4478.077148,4513.077148,4345.128418,4412.692383,0.000000,1.000000,22.000000,,,,0.000000,2.000000,2.000000,0.000000,4.000000,2.000000,2.000000,0.000000,0.000000,4.000000,4.000000,4.000000,4.000000,4.000000,4.000000,0.000000,,,,,,,,,,,,,,,,,9.000000,0.000000,0.503238,0.472107,-0.553040,0.466919,0.986449,-0.041509,-0.050787,-35.594547,45.285484,31.639915
1732157918.054964,1732157918.057813,37.000000,0.000000,4291.666504,4281.794922,4314.615234,4305.512695,4265.000000,4295.384766,4336.153809,4400.384766,4311.410156,4294.615234,4482.179688,4516.794922,4349.102539,4414.358887,0.000000,1.000000,22.000000,,,,0.000000,2.000000,2.000000,0.000000,4.000000,2.000000,2.000000,0.000000,0.000000,4.000000,4.000000,4.000000,4.000000,4.000000,4.000000,0.000000,,,,,,,,,,,,,,,,,,,,,,,,,,,,
1732157918.062773,1732157918.065421,38.000000,0.000000,4292.692383,4281.282227,4314.871582,4303.461426,4269.487305,4296.666504,4336.410156,4401.922852,4309.743652,4290.897461,4487.948730,4522.563965,4350.769043,4414.358887,0.000000,1.000000,22.000000,,,,0.000000,2.000000,2.000000,0.000000,4.000000,2.000000,2.000000,0.000000,0.000000,4.000000,4.000000,4.000000,4.000000,4.000000,4.000000,0.000000,,,,,,,,,,,,,,,,,,,,,,,,,,,,
1732157918.070581,1732157918.073230,39.000000,0.000000,4294.743652,4280.897461,4314.487305,4302.179688,4284.871582,4291.282227,4335.384766,4400.641113,4313.589844,4293.077148,4488.846191,4524.487305,4343.461426,4416.794922,0.000000,1.000000,22.000000,,,,0.000000,2.000000,2.000000,0.000000,4.000000,2.000000,2.000000,0.000000,0.000000,4.000000,4.000000,4.000000,4.000000,4.000000,4.000000,0.000000,,,,,,,,,,,,,,,,,,,,,,,,,,,,
1732157918.078389,1732157918.081138,40.000000,0.000000,4296.025879,4280.512695,4314.615234,4302.051270,4277.436035,4284.230957,4336.025879,4401.282227,4313.974121,4297.051270,4486.666504,4525.512695,4342.692383,4421.153809,0.000000,1.000000,22.000000,,,,0.000000,2.000000,2.000000,0.000000,4.000000,2.000000,2.000000,0.000000,0.000000,4.000000,4.000000,4.000000,4.000000,4.000000,4.000000,0.000000,,,,,,,,,,,,,,,,,10.000000,0.000000,0.503249,0.472107,-0.552979,0.466980,0.965450,-0.049811,-0.052741,-35.856583,45.211243,31.558331
1732157918.086198,1732157918.088946,41.000000,0.000000,4295.769043,4280.897461,4315.897461,4298.846191,4280.641113,4280.256348,4336.794922,4403.077148,4310.641113,4292.948730,4485.512695,4527.179688,4349.615234,4421.025879,0.000000,1.000000,22.000000,,,,0.000000,2.000000,2.000000,0.000000,4.000000,2.000000,2.000000,0.000000,0.000000,4.000000,4.000000,4.000000,4.000000,4.000000,4.000000,0.000000,,,,,,,,,,,,,,,,,,,,,,,,,,,,
1732157918.094006,1732157918.096954,42.000000,0.000000,4295.128418,4282.051270,4314.743652,4299.230957,4292.051270,4283.077148,4335.128418,4401.153809,4309.615234,4288.717773,4486.282227,4529.230957,4350.641113,4422.307617,0.000000,1.000000,22.000000,,,,0.000000,2.000000,2.000000,0.000000,4.000000,2.000000,2.000000,0.000000,0.000000,4.000000,4.000000,4.000000,4.000000,4.000000,4.000000,0.000000,,,,,,,,,,,,,,,,,,,,,,,,,,,,
1732157918.101814,1732157918.104762,43.000000,0.000000,4296.153809,4282.820313,4316.153809,4305.256348,4276.794922,4290.512695,4334.615234,4398.974121,4310.769043,4291.922852,4489.487305,4530.769043,4349.615234,4428.205078,0.000000,1.000000,22.000000,,,,0.000000,2.000000,2.000000,0.000000,4.000000,2.000000,2.000000,0.000000,0.000000,4.000000,4.000000,4.000000,4.000000,4.000000,4.000000,0.000000,,,,,,,,,,,,,,,,,,,,,,,,,,,,
1732157918.109622,1732157918.112470,44.000000,0.000000,4296.666504,4282.051270,4318.205078,4305.512695,4259.102539,4292.948730,4336.410156,4400.128418,4308.589844,4295.256348,4491.922852,4528.205078,4352.179688,4429.102539,0.000000,1.000000,22.000000,,,,0.000000,2.000000,2.000000,0.000000,4.000000,2.000000,2.000000,0.000000,0.000000,4.000000,4.000000,4.000000,4.000000,4.000000,4.000000,0.000000,,,,,,,,,,,,,,,,,11.000000,0.000000,0.503296,0.472046,-0.553040,0.466919,0.977170,-0.038091,-0.064949,-35.630501,45.266106,31.452248
1732157918.117430,1732157918.120279,45.000000,0.000000,4294.230957,4280.256348,4315.000000,4299.230957,4265.384766,4287.051270,4336.282227,4401.153809,4308.461426,4290.128418,4485.000000,4524.102539,4350.128418,4424.358887,0.000000,1.000000,22.000000,,,,0.000000,2.000000,2.000000,0.000000,4.000000,2.000000,2.000000,0.000000,0.000000,4.000000,4.000000,4.000000,4.000000,4.000000,4.000000,0.000000,,,,,,,,,,,,,,,,,,,,,,,,,,,,
1732157918.125239,1732157918.127887,46.000000,0.000000,4293.205078,4278.846191,4311.922852,4295.384766,4271.410156,4281.025879,4334.871582,4401.025879,4311.922852,4283.846191,4476.922852,4518.846191,4343.077148,4421.025879,0.000000,1.000000,22.000000,,,,0.000000,2.000000,2.000000,0.000000,4.000000,2.000000,2.000000,0.000000,0.000000,4.000000,4.000000,4.000000,4.000000,4.000000,4.000000,0.000000,,,,,,,,,,,,,,,,,,,,,,,,,,,,
1732157918.133047,1732157918.135695,47.000000,0.000000,4294.358887,4278.461426,4312.820313,4295.897461,4274.358887,4281.666504,4334.871582,4401.282227,4303.846191,4281.282227,4475.512695,4513.974121,4340.512695,4417.436035,0.000000,1.000000,22.000000,,,,0.000000,2.000000,2.000000,0.000000,4.000000,2.000000,2.000000,0.000000,0.000000,4.000000,4.000000,4.000000,4.000000,4.000000,4.000000,0.000000,,,,,,,,,,,,,,,,,,,,,,,,,,,,
1732157918.140855,1732157918.143603,48.000000,0.000000,4294.615234,4279.230957,4312.692383,4297.563965,4291.282227,4282.820313,4335.128418,4400.512695,4291.666504,4278.461426,4474.358887,4512.307617,4341.282227,4413.846191,0.000000,1.000000,22.000000,,,,0.000000,2.000000,2.000000,0.000000,4.000000,2.000000,2.000000,0.000000,0.000000,4.000000,4.000000,4.000000,4.000000,4.000000,4.000000,0.000000,,,,,,,,,,,,,,,,,12.000000,0.000000,0.503182,0.472107,-0.553040,0.466980,0.978635,-0.050787,-0.063973,-35.574039,45.500546,31.239655
1732157918.148663,1732157918.151412,49.000000,0.000000,4294.358887,4280.512695,4311.410156,4301.666504,4288.205078,4284.230957,4334.743652,4400.256348,4294.871582,4277.307617,4474.358887,4515.769043,4341.666504,4413.461426,0.000000,1.000000,22.000000,,,,0.000000,2.000000,2.000000,0.000000,4.000000,2.000000,2.000000,0.000000,0.000000,4.000000,4.000000,4.000000,4.000000,4.000000,4.000000,0.000000,,,,,,,,,,,,,,,,,,,,,,,,,,,,
1732157918.156472,1732157918.159420,50.000000,0.000000,4295.128418,4281.025879,4312.820313,4305.256348,4264.615234,4290.897461,4335.512695,4401.538574,4306.794922,4282.692383,4477.692383,4518.077148,4341.666504,4416.025879,0.000000,1.000000,22.000000,,,,0.000000,2.000000,2.000000,0.000000,4.000000,2.000000,2.000000,0.000000,0.000000,4.000000,4.000000,4.000000,4.000000,4.000000,4.000000,0.000000,,,,,,,,,,,,,,,,,,,,,,,,,,,,
1732157918.164280,1732157918.167228,51.000000,0.000000,4297.307617,4281.922852,4312.948730,4303.205078,4266.153809,4295.000000,4336.025879,4401.410156,4310.897461,4288.461426,4477.436035,4516.025879,4342.692383,4416.410156,0.000000,1.000000,22.000000,,,,0.000000,2.000000,2.000000,0.000000,4.000000,2.000000,2.000000,0.000000,0.000000,4.000000,4.000000,4.000000,4.000000,4.000000,4.000000,0.000000,,,,,,,,,,,,,,,,,,,,,,,,,,,,
1732157918.172088,1732157918.175136,52.000000,0.000000,4293.846191,4281.794922,4312.179688,4298.974121,4282.948730,4292.692383,4335.128418,4401.666504,4305.384766,4285.769043,4473.846191,4514.871582,4343.205078,4412.692383,0.000000,1.000000,22.000000,,,,0.000000,2.000000,2.000000,0.000000,4.000000,2.000000,2.000000,0.000000,0.000000,4.000000,4.000000,4.000000,4.000000,4.000000,4.000000,0.000000,,,,,,,,,,,,,,,,,13.000000,0.000000,0.503312,0.471863,-0.553284,0.466797,0.974240,-0.037114,-0.049811,-35.619972,45.493774,31.362453
1732157918.179896,1732157918.182944,53.000000,0.000000,4285.128418,4279.743652,4313.589844,4298.589844,4284.102539,4289.743652,4334.615234,4401.410156,4300.512695,4278.589844,4473.846191,4509.615234,4343.077148,4411.025879,0.000000,1.000000,22.000000,,,,0.000000,2.000000,2.000000,0.000000,4.000000,2.000000,2.000000,0.000000,0.000000,4.000000,4.000000,4.000000,4.000000,4.000000,4.000000,0.000000,,,,,,,,,,,,,,,,,,,,,,,,,,,,
1732157918.187705,1732157918.190952,54.000000,0.000000,4284.102539,4278.461426,4316.153809,4298.846191,4275.128418,4290.641113,4334.871582,4400.128418,4306.025879,4281.282227,4474.871582,4503.717773,4342.051270,4412.307617,0.000000,1.000000,22.000000,,,,0.000000,2.000000,2.000000,0.000000,4.000000,2.000000,2.000000,0.000000,0.000000,4.000000,4.000000,4.000000,4.000000,4.000000,4.000000,0.000000,,,,,,,,,,,,,,,,,,,,,,,,,,,,
1732157918.195513,1732157918.198760,55.000000,0.000000,4288.333496,4277.563965,4316.153809,4298.333496,4280.641113,4289.871582,4335.128418,4399.102539,4313.717773,4290.769043,4473.974121,4505.769043,4342.307617,4412.051270,0.000000,1.000000,22.000000,,,,0.000000,2.000000,2.000000,0.000000,4.000000,2.000000,2.000000,0.000000,0.000000,4.000000,4.000000,4.000000,4.000000,4.000000,4.000000,0.000000,,,,,,,,,,,,,,,,,,,,,,,,,,,,
1732157918.203321,1732157918.206668,56.000000,0.000000,4286.282227,4274.615234,4315.384766,4294.871582,4293.717773,4284.358887,4335.128418,4398.846191,4309.230957,4290.769043,4474.615234,4506.538574,4343.461426,4409.615234,0.000000,1.000000,22.000000,,,,0.000000,2.000000,2.000000,0.000000,4.000000,2.000000,2.000000,0.000000,0.000000,4.000000,4.000000,4.000000,4.000000,4.000000,4.000000,0.000000,,,,,,,,,,,,,,,,,14.000000,0.000000,0.503349,0.471741,-0.553406,0.466736,0.966915,-0.037602,-0.054694,-35.590511,45.421623,31.611921
1732157918.211129,1732157918.214477,57.000000,0.000000,4281.025879,4273.461426,4315.641113,4293.333496,4285.641113,4283.333496,4334.615234,4398.333496,4306.282227,4289.102539,4474.487305,4503.077148,4342.692383,4410.641113,0.000000,1.000000,22.000000,,,,0.000000,2.000000,2.000000,0.000000,4.000000,2.000000,2.000000,0.000000,0.000000,4.000000,4.000000,4.000000,4.000000,4.000000,4.000000,0.000000,,,,,,,,,,,,,,,,,,,,,,,,,,,,
1732157918.218938,1732157918.222085,58.000000,0.000000,4280.512695,4277.692383,4315.384766,4299.102539,4262.051270,4291.282227,4335.384766,4399.230957,4312.820313,4293.717773,4473.846191,4506.025879,4342.820313,4412.820313,0.000000,1.000000,22.000000,,,,0.000000,2.000000,2.000000,0.000000,4.000000,2.000000,2.000000,0.000000,0.000000,4.000000,4.000000,4.000000,4.000000,4.000000,4.000000,0.000000,,,,,,,,,,,,,,,,,,,,,,,,,,,,
1732157918.226746,1732157918.229893,59.000000,0.000000,4284.487305,4281.538574,4313.717773,4306.153809,4264.743652,4295.384766,4335.897461,4400.256348,4308.333496,4291.666504,4476.153809,4506.538574,4343.077148,4414.358887,0.000000,1.000000,22.000000,,,,0.000000,2.000000,2.000000,0.000000,4.000000,2.000000,2.000000,0.000000,0.000000,4.000000,4.000000,4.000000,4.000000,4.000000,4.000000,0.000000,,,,,,,,,,,,,,,,,,,,,,,,,,,,
1732157918.234554,1732157918.237602,60.000000,0.000000,4289.743652,4280.128418,4314.871582,4303.974121,4281.153809,4288.717773,4335.000000,4399.358887,4296.153809,4284.358887,4477.820313,4495.256348,4342.436035,4417.436035,0.000000,1.000000,22.000000,,,,0.000000,2.000000,2.000000,0.000000,4.000000,2.000000,2.000000,0.000000,0.000000,4.000000,4.000000,4.000000,4.000000,4.000000,4.000000,0.000000,,,,,,,,,,,,,,,,,15.000000,0.000000,0.503546,0.471558,-0.553589,0.466492,0.976682,-0.050787,-0.061531,-35.636646,45.404850,32.002323
1732157918.242362,1732157918.245410,61.000000,0.000000,4287.051270,4278.333496,4314.358887,4295.769043,4274.615234,4282.820313,4334.871582,4399.102539,4296.922852,4280.384766,4474.871582,4484.102539,4342.563965,4418.205078,0.000000,1.000000,22.000000,,,,0.000000,2.000000,2.000000,0.000000,4.000000,2.000000,2.000000,0.000000,0.000000,4.000000,4.000000,4.000000,4.000000,4.000000,4.000000,0.000000,,,,,,,,,,,,,,,,,,,,,,,,,,,,
1732157918.250171,1732157918.253018,62.000000,0.000000,4279.871582,4278.589844,4311.025879,4293.589844,4275.000000,4281.025879,4335.769043,4400.512695,4304.487305,4280.641113,4471.410156,4482.051270,4339.871582,4414.487305,0.000000,1.000000,22.000000,,,,0.000000,2.000000,2.000000,0.000000,4.000000,2.000000,2.000000,0.000000,0.000000,4.000000,4.000000,4.000000,4.000000,4.000000,4.000000,0.000000,,,,,,,,,,,,,,,,,,,,,,,,,,,,
1732157918.257979,1732157918.260826,63.000000,0.000000,4282.436035,4278.974121,4312.179688,4294.230957,4289.358887,4281.794922,4335.641113,4401.025879,4308.717773,4285.641113,4471.410156,4482.692383,4337.436035,4411.666504,0.000000,1.000000,22.000000,,,,0.000000,2.000000,2.000000,0.000000,4.000000,2.000000,2.000000,0.000000,0.000000,4.000000,4.000000,4.000000,4.000000,4.000000,4.000000,0.000000,,,,,,,,,,,,,,,,,,,,,,,,,,,,
1732157918.265787,1732157918.268535,64.000000,0.000000,4289.358887,4278.846191,4316.153809,4295.256348,4276.794922,4286.410156,4335.769043,4400.128418,4307.563965,4288.589844,4474.615234,4482.948730,4339.487305,4414.102539,0.000000,1.000000,22.000000,,,,0.000000,2.000000,2.000000,0.000000,4.000000,2.000000,2.000000,0.000000,0.000000,4.000000,4.000000,4.000000,4.000000,4.000000,4.000000,0.000000,,,,,,,,,,,,,,,,,16.000000,0.000000,0.503283,0.471680,-0.553467,0.466797,0.982542,-0.047369,-0.055183,-35.667351,45.129593,31.860214
1732157918.273595,1732157918.276343,65.000000,0.000000,4292.820313,4279.615234,4315.256348,4297.436035,4261.666504,4288.077148,4336.922852,4400.641113,4298.846191,4284.230957,4478.461426,4487.948730,4342.820313,4417.179688,1598.000000,1.000000,22.000000,,,,0.000000,2.000000,2.000000,0.000000,4.000000,2.000000,2.000000,0.000000,0.000000,4.000000,4.000000,4.000000,4.000000,4.000000,4.000000,0.000000,,,,,,,,,,,,,,,,,,,,,,,,,,,,
1732157918.281404,1732157918.283951,66.000000,0.000000,4293.589844,4280.000000,4315.769043,4298.205078,4272.820313,4289.871582,4336.794922,4402.051270,4295.512695,4285.384766,4478.205078,4492.692383,4343.589844,4416.025879,1366.000000,1.000000,22.000000,,,,0.000000,2.000000,2.000000,0.000000,4.000000,2.000000,2.000000,0.000000,0.000000,4.000000,4.000000,4.000000,4.000000,4.000000,4.000000,0.000000,,,,,,,,,,,,,,,,,,,,,,,,,,,,
1732157918.289212,1732157918.291760,67.000000,0.000000,4291.282227,4278.717773,4319.743652,4296.922852,4277.179688,4292.948730,4336.538574,4401.538574,4308.717773,4294.102539,4476.282227,4491.410156,4342.563965,4412.563965,1424.000000,1.000000,22.000000,,,,0.000000,2.000000,2.000000,0.000000,4.000000,2.000000,2.000000,0.000000,0.000000,4.000000,4.000000,4.000000,4.000000,4.000000,4.000000,0.000000,,,,,,,,,,,,,,,,,,,,,,,,,,,,
1732157918.297020,1732157918.299468,68.000000,0.000000,4287.563965,4277.436035,4317.179688,4295.641113,4278.461426,4287.563965,4336.666504,4401.025879,4314.230957,4293.846191,4476.922852,4490.256348,4342.307617,4412.436035,1419.000000,1.000000,22.000000,,,,0.000000,2.000000,2.000000,0.000000,4.000000,2.000000,2.000000,0.000000,0.000000,4.000000,4.000000,4.000000,4.000000,4.000000,4.000000,0.000000,,,,,,,,,,,,,,,,,17.000000,0.000000,0.503470,0.471375,-0.553711,0.466614,0.971310,-0.050787,-0.060554,-35.647221,45.004971,31.780107
1732157918.304828,1732157918.307276,69.000000,0.000000,4290.641113,4277.436035,4312.692383,4295.384766,4294.358887,4278.077148,4336.666504,4401.410156,4305.512695,4289.230957,4478.589844,4491.282227,4345.769043,4418.333496,1207.000000,1.000000,22.000000,,,,0.000000,2.000000,2.000000,0.000000,4.000000,2.000000,2.000000,0.000000,0.000000,4.000000,4.000000,4.000000,4.000000,4.000000,4.000000,0.000000,,,,,,,,,,,,,,,,,,,,,,,,,,,,
1732157918.312637,1732157918.314884,70.000000,0.000000,4295.641113,4275.897461,4316.153809,4296.153809,4283.205078,4280.641113,4336.666504,4400.512695,4308.077148,4292.948730,4479.487305,4493.077148,4348.205078,4420.641113,0.000000,1.000000,22.000000,,,,0.000000,2.000000,2.000000,0.000000,4.000000,2.000000,2.000000,0.000000,0.000000,4.000000,4.000000,4.000000,4.000000,4.000000,4.000000,0.000000,,,,,,,,,,,,,,,,,,,,,,,,,,,,
1732157918.320445,1732157918.322693,71.000000,0.000000,4291.922852,4274.487305,4318.974121,4295.769043,4259.615234,4286.153809,4336.666504,4399.102539,4315.384766,4293.461426,4478.717773,4498.077148,4343.333496,4415.897461,0.000000,1.000000,22.000000,,,,0.000000,2.000000,2.000000,0.000000,4.000000,2.000000,2.000000,0.000000,0.000000,4.000000,4.000000,4.000000,4.000000,4.000000,4.000000,0.000000,,,,,,,,,,,,,,,,,,,,,,,,,,,,
1732157918.328253,1732157918.330401,72.000000,0.000000,4288.205078,4275.384766,4312.948730,4293.974121,4275.512695,4280.641113,4336.666504,4398.846191,4311.025879,4288.205078,4475.641113,4499.102539,4340.256348,4412.051270,1531.000000,1.000000,22.000000,,,,0.000000,2.000000,2.000000,0.000000,4.000000,2.000000,2.000000,0.000000,0.000000,4.000000,4.000000,4.000000,4.000000,4.000000,4.000000,0.000000,,,,,,,,,,,,,,,,,18.000000,0.000000,0.503470,0.471375,-0.553711,0.466614,0.987914,-0.047369,-0.063484,-35.555916,45.129028,31.670219
1732157918.336061,1732157918.338209,73.000000,0.000000,4288.461426,4274.487305,4310.897461,4294.871582,4282.948730,4280.384766,4336.666504,4399.487305,4310.000000,4291.153809,4474.743652,4494.743652,4342.820313,4412.820313,1686.000000,1.000000,22.000000,,,,0.000000,2.000000,2.000000,0.000000,4.000000,2.000000,2.000000,0.000000,0.000000,4.000000,4.000000,4.000000,4.000000,4.000000,4.000000,0.000000,,,,,,,,,,,,,,,,,,,,,,,,,,,,
1732157918.343870,1732157918.345818,74.000000,0.000000,4283.461426,4273.589844,4314.743652,4297.179688,4260.641113,4287.307617,4336.666504,4400.769043,4316.153809,4297.692383,4476.410156,4494.102539,4343.077148,4412.436035,1549.000000,1.000000,22.000000,,,,0.000000,2.000000,2.000000,0.000000,4.000000,2.000000,2.000000,0.000000,0.000000,4.000000,4.000000,4.000000,4.000000,4.000000,4.000000,0.000000,,,,,,,,,,,,,,,,,,,,,,,,,,,,
1732157918.351678,1732157918.353626,75.000000,0.000000,4279.743652,4275.897461,4314.743652,4301.666504,4264.871582,4287.692383,4336.666504,4401.666504,4308.205078,4289.615234,4475.769043,4496.538574,4341.538574,4411.282227,1566.000000,1.000000,22.000000,,,,0.000000,2.000000,2.000000,0.000000,4.000000,2.000000,2.000000,0.000000,0.000000,4.000000,4.000000,4.000000,4.000000,4.000000,4.000000,0.000000,,,,,,,,,,,,,,,,,,,,,,,,,,,,
1732157918.359486,1732157918.361334,76.000000,0.000000,4285.256348,4277.307617,4311.410156,4305.000000,4285.769043,4290.128418,4336.666504,4401.794922,4297.051270,4279.487305,4473.717773,4495.897461,4340.641113,4412.436035,1701.000000,1.000000,22.000000,,,,0.000000,2.000000,2.000000,0.000000,4.000000,2.000000,2.000000,0.000000,0.000000,4.000000,4.000000,4.000000,4.000000,4.000000,4.000000,0.000000,,,,,,,,,,,,,,,,,19.000000,0.000000,0.503367,0.471436,-0.553650,0.466736,0.983030,-0.057136,-0.053717,-35.545292,44.946178,31.572878
1732157918.367294,1732157918.369142,77.000000,0.000000,4288.974121,4275.897461,4310.769043,4301.794922,4284.487305,4293.974121,4336.666504,4402.051270,4304.615234,4287.307617,4475.000000,4494.102539,4339.615234,4412.948730,1606.000000,1.000000,22.000000,,,,0.000000,2.000000,2.000000,0.000000,4.000000,2.000000,2.000000,0.000000,0.000000,4.000000,4.000000,4.000000,4.000000,4.000000,4.000000,0.000000,,,,,,,,,,,,,,,,,,,,,,,,,,,,
1732157918.375103,1732157918.376751,78.000000,0.000000,4286.666504,4276.282227,4313.717773,4300.897461,4274.358887,4287.692383,4336.666504,4400.000000,4313.077148,4296.410156,4475.512695,4492.820313,4341.282227,4411.538574,1549.000000,1.000000,22.000000,,,,0.000000,2.000000,2.000000,0.000000,4.000000,2.000000,2.000000,0.000000,0.000000,4.000000,4.000000,4.000000,4.000000,4.000000,4.000000,0.000000,1.000000,0.000000,1.000000,1.000000,0.000000,1.000000,1.000000,1.000000,0.000000,0.000000,4.000000,4.000000,1.000000,4.000000,1.000000,4.000000,,,,,,,,,,,,
1732157918.382911,1732157918.384559,79.000000,0.000000,4286.153809,4275.897461,4312.820313,4301.025879,4279.358887,4279.871582,4336.666504,4398.333496,4303.846191,4287.948730,4472.948730,4494.230957,4338.717773,4411.282227,1566.000000,1.000000,22.000000,,,,0.000000,2.000000,2.000000,0.000000,4.000000,2.000000,2.000000,0.000000,0.000000,4.000000,4.000000,4.000000,4.000000,4.000000,4.000000,0.000000,,,,,,,,,,,,,,,,,,,,,,,,,,,,
1732157918.390719,1732157918.392267,80.000000,0.000000,4288.974121,4275.256348,4310.897461,4298.461426,4293.589844,4280.897461,4336.666504,4399.743652,4297.820313,4278.077148,4471.922852,4495.384766,4334.102539,4411.538574,1701.000000,1.000000,22.000000,,,,0.000000,2.000000,2.000000,0.000000,4.000000,2.000000,2.000000,0.000000,0.000000,4.000000,4.000000,4.000000,4.000000,4.000000,4.000000,0.000000,,,,,,,,,,,,,,,,,20.000000,0.000000,0.503150,0.471558,-0.553589,0.466919,0.982542,-0.041997,-0.054694,-35.636684,44.714737,31.414032
1732157918.398527,1732157918.400075,81.000000,0.000000,4294.102539,4280.128418,4312.563965,4303.846191,4289.102539,4283.846191,4336.666504,4401.153809,4306.538574,4284.358887,4474.871582,4498.589844,4338.846191,4415.128418,1606.000000,1.000000,22.000000,,,,0.000000,2.000000,2.000000,0.000000,4.000000,2.000000,2.000000,0.000000,0.000000,4.000000,4.000000,4.000000,4.000000,4.000000,4.000000,0.000000,,,,,,,,,,,,,,,,,,,,,,,,,,,,
1732157918.406335,1732157918.408083,82.000000,0.000000,4296.794922,4282.692383,4312.948730,4314.102539,4266.410156,4282.563965,4336.666504,4400.897461,4311.410156,4291.922852,4476.282227,4503.333496,4344.743652,4419.487305,1549.000000,1.000000,22.000000,,,,0.000000,2.000000,2.000000,0.000000,4.000000,2.000000,2.000000,0.000000,0.000000,4.000000,4.000000,4.000000,4.000000,4.000000,4.000000,0.000000,,,,,,,,,,,,,,,,,,,,,,,,,,,,
1732157918.414144,1732157918.415892,83.000000,0.000000,4296.282227,4281.410156,4313.205078,4310.256348,4258.717773,4280.641113,4336.666504,4400.128418,4307.948730,4287.820313,4475.897461,4504.230957,4343.717773,4418.461426,1566.000000,1.000000,22.000000,,,,0.000000,2.000000,2.000000,0.000000,4.000000,2.000000,2.000000,0.000000,0.000000,4.000000,4.000000,4.000000,4.000000,4.000000,4.000000,0.000000,,,,,,,,,,,,,,,,,,,,,,,,,,,,
1732157918.421952,1732157918.423600,84.000000,0.000000,4294.871582,4278.846191,4317.307617,4299.358887,4278.333496,4278.589844,4336.666504,4400.769043,4302.820313,4280.000000,4476.153809,4501.794922,4341.922852,4414.358887,1701.000000,1.000000,22.000000,,,,0.000000,2.000000,2.000000,0.000000,4.000000,2.000000,2.000000,0.000000,0.000000,4.000000,4.000000,4.000000,4.000000,4.000000,4.000000,0.000000,,,,,,,,,,,,,,,,,21.000000,0.000000,0.503176,0.471375,-0.553772,0.466858,0.975217,-0.059578,-0.058601,-35.600716,44.602272,31.307032
1732157918.429760,1732157918.431408,85.000000,0.000000,4291.922852,4276.410156,4317.563965,4296.153809,4294.487305,4279.743652,4336.666504,4401.794922,4299.743652,4280.384766,4474.743652,4501.922852,4341.794922,4413.205078,1606.000000,1.000000,22.000000,,,,0.000000,2.000000,2.000000,0.000000,4.000000,2.000000,2.000000,0.000000,0.000000,4.000000,4.000000,4.000000,4.000000,4.000000,4.000000,0.000000,,,,,,,,,,,,,,,,,,,,,,,,,,,,
1732157918.437569,1732157918.439017,86.000000,0.000000,4290.769043,4277.179688,4313.205078,4295.512695,4280.897461,4281.025879,4336.666504,4401.153809,4302.179688,4285.897461,4473.461426,4501.666504,4342.948730,4415.128418,1549.000000,1.000000,22.000000,,,,0.000000,2.000000,2.000000,0.000000,4.000000,2.000000,2.000000,0.000000,0.000000,4.000000,4.000000,4.000000,4.000000,4.000000,4.000000,0.000000,,,,,,,,,,,,,,,,,,,,,,,,,,,,
1732157918.445377,1732157918.446825,87.000000,0.000000,4292.179688,4278.589844,4311.794922,4298.333496,4261.025879,4281.153809,4336.666504,4400.512695,4305.512695,4284.871582,4474.743652,4496.410156,4344.230957,4415.769043,1566.000000,1.000000,22.000000,,,,0.000000,2.000000,2.000000,0.000000,4.000000,2.000000,2.000000,0.000000,0.000000,4.000000,4.000000,4.000000,4.000000,4.000000,4.000000,0.000000,,,,,,,,,,,,,,,,,,,,,,,,,,,,
1732157918.453185,1732157918.454733,88.000000,0.000000,4295.128418,4278.205078,4313.077148,4302.692383,4267.692383,4282.820313,4336.666504,4401.666504,4303.077148,4278.077148,4474.102539,4494.615234,4338.589844,4414.230957,1701.000000,1.000000,22.000000,,,,0.000000,2.000000,2.000000,0.000000,4.000000,2.000000,2.000000,0.000000,0.000000,4.000000,4.000000,4.000000,4.000000,4.000000,4.000000,0.000000,,,,,,,,,,,,,,,,,22.000000,0.000000,0.503130,0.471436,-0.553711,0.466919,0.975217,-0.059578,-0.058601,-35.549911,44.741173,31.217030
1732157918.460993,1732157918.462541,89.000000,0.000000,4294.743652,4278.717773,4312.436035,4300.128418,4278.077148,4282.948730,4336.666504,4402.436035,4299.487305,4277.563965,4471.538574,4495.769043,4333.717773,4412.051270,1606.000000,1.000000,22.000000,,,,0.000000,2.000000,2.000000,0.000000,4.000000,2.000000,2.000000,0.000000,0.000000,4.000000,4.000000,4.000000,4.000000,4.000000,4.000000,0.000000,,,,,,,,,,,,,,,,,,,,,,,,,,,,
1732157918.468802,1732157918.470549,90.000000,0.000000,4287.692383,4273.077148,4312.820313,4293.461426,4277.436035,4282.563965,4336.666504,4401.666504,4304.871582,4283.205078,4472.563965,4497.307617,4334.871582,4410.897461,1549.000000,1.000000,22.000000,,,,0.000000,2.000000,2.000000,0.000000,4.000000,2.000000,2.000000,0.000000,0.000000,4.000000,4.000000,4.000000,4.000000,4.000000,4.000000,0.000000,,,,,,,,,,,,,,,,,,,,,,,,,,,,
1732157918.476610,1732157918.478357,91.000000,0.000000,4286.025879,4266.538574,4313.589844,4292.820313,4290.256348,4282.436035,4336.666504,4400.769043,4313.461426,4284.230957,4474.102539,4496.794922,4334.487305,4412.179688,1566.000000,1.000000,22.000000,,,,0.000000,2.000000,2.000000,0.000000,4.000000,2.000000,2.000000,0.000000,0.000000,4.000000,4.000000,4.000000,4.000000,4.000000,4.000000,0.000000,,,,,,,,,,,,,,,,,,,,,,,,,,,,
1732157918.484418,1732157918.486265,92.000000,0.000000,4293.077148,4273.077148,4313.333496,4297.436035,4286.282227,4282.179688,4336.666504,4400.897461,4307.820313,4283.205078,4473.333496,4497.307617,4338.333496,4412.436035,1701.000000,1.000000,22.000000,,,,0.000000,2.000000,2.000000,0.000000,4.000000,2.000000,2.000000,0.000000,0.000000,4.000000,4.000000,4.000000,4.000000,4.000000,4.000000,0.000000,,,,,,,,,,,,,,,,,23.000000,0.000000,0.503281,0.471191,-0.553833,0.466858,0.968868,-0.046392,-0.057624,-35.590431,44.673683,31.300795
1732157918.492226,1732157918.494074,93.000000,0.000000,4292.051270,4280.769043,4314.102539,4298.846191,4267.307617,4281.153809,4336.666504,4401.666504,4296.794922,4284.230957,4475.897461,4497.820313,4345.256348,4411.922852,1606.000000,1.000000,22.000000,,,,0.000000,2.000000,2.000000,0.000000,4.000000,2.000000,2.000000,0.000000,0.000000,4.000000,4.000000,4.000000,4.000000,4.000000,4.000000,0.000000,,,,,,,,,,,,,,,,,,,,,,,,,,,,
1732157918.500034,1732157918.502082,94.000000,0.000000,4284.102539,4275.897461,4313.717773,4296.025879,4277.179688,4278.589844,4336.666504,4399.743652,4298.589844,4283.589844,4477.563965,4496.025879,4340.897461,4412.436035,1549.000000,1.000000,22.000000,,,,0.000000,2.000000,2.000000,0.000000,4.000000,2.000000,2.000000,0.000000,0.000000,4.000000,4.000000,4.000000,4.000000,4.000000,4.000000,0.000000,,,,,,,,,,,,,,,,,,,,,,,,,,,,
1732157918.507843,1732157918.509890,95.000000,0.000000,4287.179688,4273.205078,4312.948730,4295.384766,4280.000000,4277.820313,4336.666504,4397.179688,4303.205078,4281.794922,4475.128418,4501.282227,4334.615234,4410.256348,1566.000000,1.000000,22.000000,,,,0.000000,2.000000,2.000000,0.000000,4.000000,2.000000,2.000000,0.000000,0.000000,4.000000,4.000000,4.000000,4.000000,4.000000,4.000000,0.000000,,,,,,,,,,,,,,,,,,,,,,,,,,,,
1732157918.515651,1732157918.517798,96.000000,0.000000,4293.974121,4278.333496,4313.205078,4298.333496,4260.128418,4281.282227,4336.666504,4398.205078,4300.897461,4280.128418,4473.077148,4505.769043,4337.051270,4406.025879,1701.000000,1.000000,22.000000,,,,0.000000,2.000000,2.000000,0.000000,4.000000,2.000000,2.000000,0.000000,0.000000,4.000000,4.000000,4.000000,4.000000,4.000000,4.000000,0.000000,,,,,,,,,,,,,,,,,24.000000,0.000000,0.503364,0.471008,-0.554016,0.466736,0.971798,-0.053229,-0.058601,-35.459915,44.672352,31.356976
1732157918.523459,1732157918.525606,97.000000,0.000000,4292.692383,4279.871582,4314.615234,4301.666504,4265.384766,4285.256348,4336.666504,4400.384766,4302.051270,4279.358887,4473.589844,4506.410156,4341.410156,4407.820313,1606.000000,1.000000,22.000000,,,,0.000000,2.000000,2.000000,0.000000,4.000000,2.000000,2.000000,0.000000,0.000000,4.000000,4.000000,4.000000,4.000000,4.000000,4.000000,0.000000,,,,,,,,,,,,,,,,,,,,,,,,,,,,
1732157918.531268,1732157918.533215,98.000000,0.000000,4293.461426,4279.230957,4314.743652,4302.692383,4279.358887,4286.922852,4336.666504,4399.487305,4304.487305,4280.512695,4475.384766,4504.615234,4340.128418,4413.974121,1549.000000,1.000000,22.000000,,,,0.000000,2.000000,2.000000,0.000000,4.000000,2.000000,2.000000,0.000000,0.000000,4.000000,4.000000,4.000000,4.000000,4.000000,4.000000,0.000000,,,,,,,,,,,,,,,,,,,,,,,,,,,,
1732157918.539076,1732157918.541023,99.000000,0.000000,4295.512695,4279.102539,4314.230957,4302.307617,4277.179688,4285.512695,4336.666504,4400.000000,4302.692383,4281.666504,4476.025879,4504.358887,4336.282227,4412.179688,1566.000000,1.000000,22.000000,,,,0.000000,2.000000,2.000000,0.000000,4.000000,2.000000,2.000000,0.000000,0.000000,4.000000,4.000000,4.000000,4.000000,4.000000,4.000000,0.000000,,,,,,,,,,,,,,,,,,,,,,,,,,,,
1732157918.546884,1732157918.548931,100.000000,0.000000,4293.717773,4279.102539,4312.948730,4300.384766,4291.410156,4279.743652,4336.666504,4403.461426,4304.615234,4279.871582,4474.230957,4505.256348,4336.025879,4406.153809,1701.000000,1.000000,22.000000,,,,0.000000,2.000000,2.000000,0.000000,4.000000,2.000000,2.000000,0.000000,0.000000,4.000000,4.000000,4.000000,4.000000,4.000000,4.000000,0.000000,,,,,,,,,,,,,,,,,25.000000,0.000000,0.503477,0.471008,-0.554016,0.466614,0.971798,-0.053229,-0.058601,-35.467529,44.734604,31.447485
1732157918.554692,1732157918.556739,101.000000,0.000000,4293.589844,4279.871582,4310.641113,4303.461426,4289.615234,4277.692383,4336.666504,4403.846191,4309.358887,4280.897461,4473.333496,4507.436035,4338.077148,4405.897461,1606.000000,1.000000,22.000000,,,,0.000000,2.000000,2.000000,0.000000,4.000000,2.000000,2.000000,0.000000,0.000000,4.000000,4.000000,4.000000,4.000000,4.000000,4.000000,0.000000,,,,,,,,,,,,,,,,,,,,,,,,,,,,
1732157918.562501,1732157918.564747,102.000000,0.000000,4297.692383,4281.025879,4310.769043,4309.871582,4257.948730,4280.769043,4336.538574,4401.538574,4311.666504,4285.641113,4474.871582,4510.000000,4336.922852,4404.358887,1549.000000,1.000000,22.000000,,,,0.000000,2.000000,2.000000,0.000000,4.000000,2.000000,2.000000,0.000000,0.000000,4.000000,4.000000,4.000000,4.000000,4.000000,4.000000,0.000000,,,,,,,,,,,,,,,,,,,,,,,,,,,,
1732157918.570309,1732157918.572555,103.000000,0.000000,4297.563965,4280.512695,4312.563965,4306.794922,4265.769043,4279.487305,4336.538574,4401.538574,4302.307617,4282.436035,4472.307617,4504.743652,4333.974121,4397.820313,1566.000000,1.000000,22.000000,,,,0.000000,2.000000,2.000000,0.000000,4.000000,2.000000,2.000000,0.000000,0.000000,4.000000,4.000000,4.000000,4.000000,4.000000,4.000000,0.000000,,,,,,,,,,,,,,,,,,,,,,,,,,,,
1732157918.578117,1732157918.580463,104.000000,0.000000,4292.563965,4279.743652,4311.410156,4299.102539,4291.538574,4277.436035,4336.666504,4402.179688,4293.717773,4276.666504,4470.128418,4500.000000,4333.077148,4395.128418,1701.000000,1.000000,22.000000,,,,0.000000,2.000000,2.000000,0.000000,4.000000,2.000000,2.000000,0.000000,0.000000,4.000000,4.000000,4.000000,4.000000,4.000000,4.000000,0.000000,,,,,,,,,,,,,,,,,26.000000,0.000000,0.503719,0.470825,-0.554260,0.466248,0.973752,-0.053229,-0.062019,-35.262032,44.760029,31.504129
1732157918.585925,1732157918.588272,105.000000,0.000000,4293.717773,4278.589844,4310.769043,4299.102539,4272.948730,4281.025879,4334.871582,4400.897461,4303.717773,4280.897461,4473.974121,4503.974121,4335.384766,4401.282227,1606.000000,1.000000,22.000000,,,,0.000000,2.000000,2.000000,0.000000,4.000000,2.000000,2.000000,0.000000,0.000000,4.000000,4.000000,4.000000,4.000000,4.000000,4.000000,0.000000,,,,,,,,,,,,,,,,,,,,,,,,,,,,
1732157918.593733,1732157918.596280,106.000000,0.000000,4294.743652,4278.077148,4312.436035,4303.974121,4256.025879,4282.692383,4332.948730,4398.974121,4307.179688,4284.743652,4474.871582,4503.205078,4338.333496,4404.358887,1549.000000,1.000000,22.000000,,,,0.000000,2.000000,2.000000,0.000000,4.000000,2.000000,2.000000,0.000000,0.000000,4.000000,4.000000,4.000000,4.000000,4.000000,4.000000,0.000000,,,,,,,,,,,,,,,,,,,,,,,,,,,,
1732157918.601542,1732157918.604088,107.000000,0.000000,4289.230957,4279.230957,4313.589844,4303.974121,4277.051270,4280.641113,4335.000000,4401.794922,4295.000000,4278.846191,4472.179688,4497.436035,4337.179688,4399.358887,1566.000000,1.000000,22.000000,,,,0.000000,2.000000,2.000000,0.000000,4.000000,2.000000,2.000000,0.000000,0.000000,4.000000,4.000000,4.000000,4.000000,4.000000,4.000000,0.000000,,,,,,,,,,,,,,,,,,,,,,,,,,,,
1732157918.609350,1732157918.611796,108.000000,0.000000,4286.666504,4279.358887,4313.205078,4298.333496,4280.128418,4281.538574,4336.282227,4403.461426,4293.205078,4276.538574,4473.333496,4498.333496,4336.922852,4401.025879,1701.000000,1.000000,22.000000,,,,0.000000,2.000000,2.000000,0.000000,4.000000,2.000000,2.000000,0.000000,0.000000,4.000000,4.000000,4.000000,4.000000,4.000000,4.000000,0.000000,,,,,,,,,,,,,,,,,27.000000,0.000000,0.503626,0.470947,-0.554138,0.466370,0.964962,-0.043462,-0.054206,-35.095581,44.780624,31.500011
1732157918.617158,1732157918.619604,109.000000,0.000000,4286.153809,4277.307617,4312.307617,4296.538574,4273.205078,4282.307617,4336.153809,4401.666504,4303.461426,4280.769043,4474.102539,4501.666504,4341.282227,4403.974121,1606.000000,1.000000,22.000000,,,,0.000000,2.000000,2.000000,0.000000,4.000000,2.000000,2.000000,0.000000,0.000000,4.000000,4.000000,4.000000,4.000000,4.000000,4.000000,0.000000,,,,,,,,,,,,,,,,,,,,,,,,,,,,
1732157918.624967,1732157918.627213,110.000000,0.000000,4282.948730,4276.153809,4312.563965,4296.282227,4291.922852,4280.384766,4337.692383,4401.282227,4306.794922,4281.538574,4471.153809,4496.922852,4341.282227,4397.307617,1549.000000,1.000000,22.000000,,,,0.000000,2.000000,2.000000,0.000000,4.000000,2.000000,2.000000,0.000000,0.000000,4.000000,4.000000,4.000000,4.000000,4.000000,4.000000,0.000000,,,,,,,,,,,,,,,,,,,,,,,,,,,,
1732157918.632775,1732157918.635021,111.000000,0.000000,4282.692383,4275.512695,4314.487305,4296.153809,4291.922852,4280.897461,4337.820313,4401.666504,4300.384766,4279.358887,4472.436035,4496.794922,4341.794922,4400.256348,1566.000000,1.000000,22.000000,,,,0.000000,2.000000,2.000000,0.000000,4.000000,2.000000,2.000000,0.000000,0.000000,4.000000,4.000000,4.000000,4.000000,4.000000,4.000000,0.000000,,,,,,,,,,,,,,,,,,,,,,,,,,,,
1732157918.640583,1732157918.642729,112.000000,0.000000,4289.230957,4277.820313,4314.102539,4300.128418,4261.538574,4282.563965,4335.128418,4401.794922,4295.897461,4281.025879,4475.641113,4505.384766,4345.000000,4413.333496,1701.000000,1.000000,22.000000,,,,0.000000,2.000000,2.000000,0.000000,4.000000,2.000000,2.000000,0.000000,0.000000,4.000000,4.000000,4.000000,4.000000,4.000000,4.000000,0.000000,,,,,,,,,,,,,,,,,28.000000,0.000000,0.503626,0.470947,-0.554138,0.466370,0.981565,-0.049322,-0.064461,-35.215752,44.707306,31.436676
1732157918.648391,1732157918.650538,113.000000,0.000000,4287.820313,4275.641113,4310.897461,4301.922852,4258.846191,4280.000000,4334.615234,4401.538574,4301.666504,4287.051270,4473.717773,4508.333496,4343.589844,4409.230957,1606.000000,1.000000,22.000000,,,,0.000000,2.000000,2.000000,0.000000,4.000000,2.000000,2.000000,0.000000,0.000000,4.000000,4.000000,4.000000,4.000000,4.000000,4.000000,0.000000,,,,,,,,,,,,,,,,,,,,,,,,,,,,
1732157918.656200,1732157918.658146,114.000000,0.000000,4282.179688,4270.512695,4309.487305,4297.436035,4279.102539,4283.205078,4336.153809,4400.384766,4307.563965,4294.230957,4472.307617,4504.743652,4340.897461,4397.179688,1549.000000,1.000000,22.000000,,,,0.000000,2.000000,2.000000,0.000000,4.000000,2.000000,2.000000,0.000000,0.000000,4.000000,4.000000,4.000000,4.000000,4.000000,4.000000,0.000000,,,,,,,,,,,,,,,,,,,,,,,,,,,,
1732157918.664008,1732157918.665954,115.000000,0.000000,4285.512695,4272.563965,4312.051270,4297.692383,4278.461426,4292.436035,4336.282227,4399.615234,4300.641113,4292.948730,4473.717773,4497.948730,4343.717773,4397.436035,1566.000000,1.000000,22.000000,,,,0.000000,2.000000,2.000000,0.000000,4.000000,2.000000,2.000000,0.000000,0.000000,4.000000,4.000000,4.000000,4.000000,4.000000,4.000000,0.000000,,,,,,,,,,,,,,,,,,,,,,,,,,,,
1732157918.671816,1732157918.673662,116.000000,0.000000,4286.922852,4277.948730,4313.205078,4301.922852,4284.615234,4289.102539,4336.025879,4402.692383,4295.256348,4285.384766,4473.461426,4493.974121,4344.743652,4400.256348,1701.000000,1.000000,22.000000,,,,0.000000,2.000000,2.000000,0.000000,4.000000,2.000000,2.000000,0.000000,0.000000,4.000000,4.000000,4.000000,4.000000,4.000000,4.000000,0.000000,,,,,,,,,,,,,,,,,29.000000,0.000000,0.503513,0.470947,-0.554138,0.466492,0.963985,-0.043951,-0.076181,-35.364761,44.699585,31.512041
1732157918.679624,1732157918.681471,117.000000,0.000000,4286.666504,4273.333496,4311.666504,4299.615234,4300.769043,4280.000000,4335.769043,4403.974121,4296.666504,4286.282227,4471.666504,4492.692383,4341.282227,4397.563965,1606.000000,1.000000,22.000000,,,,0.000000,2.000000,2.000000,0.000000,4.000000,2.000000,2.000000,0.000000,0.000000,4.000000,4.000000,4.000000,4.000000,4.000000,4.000000,0.000000,,,,,,,,,,,,,,,,,,,,,,,,,,,,
1732157918.687432,1732157918.689079,118.000000,0.000000,4287.948730,4266.153809,4311.666504,4296.922852,4279.871582,4284.487305,4335.641113,4400.897461,4301.538574,4294.743652,4471.666504,4491.282227,4340.128418,4396.153809,1549.000000,1.000000,22.000000,,,,0.000000,2.000000,2.000000,0.000000,4.000000,2.000000,2.000000,0.000000,0.000000,4.000000,4.000000,4.000000,4.000000,4.000000,4.000000,0.000000,,,,,,,,,,,,,,,,,,,,,,,,,,,,
1732157918.695241,1732157918.696887,119.000000,0.000000,4285.000000,4271.153809,4312.563965,4296.922852,4258.717773,4292.307617,4335.512695,4401.410156,4310.128418,4297.692383,4473.077148,4493.077148,4343.205078,4397.563965,1566.000000,1.000000,22.000000,,,,0.000000,2.000000,2.000000,0.000000,4.000000,2.000000,2.000000,0.000000,0.000000,4.000000,4.000000,4.000000,4.000000,4.000000,4.000000,0.000000,,,,,,,,,,,,,,,,,,,,,,,,,,,,
1732157918.703049,1732157918.704596,120.000000,0.000000,4280.512695,4278.846191,4313.717773,4296.922852,4272.436035,4292.692383,4334.743652,4402.820313,4307.563965,4290.384766,4470.256348,4491.922852,4343.461426,4399.230957,1701.000000,1.000000,22.000000,,,,0.000000,2.000000,2.000000,0.000000,4.000000,2.000000,2.000000,0.000000,0.000000,4.000000,4.000000,4.000000,4.000000,4.000000,4.000000,0.000000,,,,,,,,,,,,,,,,,30.000000,0.000000,0.503652,0.470764,-0.554321,0.466309,0.978147,-0.056648,-0.058601,-35.330456,44.741661,31.341419
1732157918.710857,1732157918.712404,121.000000,0.000000,4281.282227,4278.974121,4314.358887,4299.230957,4281.794922,4295.769043,4334.615234,4400.769043,4295.897461,4281.794922,4462.820313,4488.077148,4339.615234,4396.666504,1606.000000,1.000000,22.000000,,,,0.000000,2.000000,2.000000,0.000000,4.000000,2.000000,2.000000,0.000000,0.000000,4.000000,4.000000,4.000000,4.000000,4.000000,4.000000,0.000000,,,,,,,,,,,,,,,,,,,,,,,,,,,,
1732157918.718665,1732157918.720012,122.000000,0.000000,4282.563965,4277.179688,4314.615234,4302.179688,4284.871582,4293.461426,4334.871582,4400.769043,4300.256348,4279.871582,4462.436035,4492.563965,4340.256348,4396.410156,1549.000000,1.000000,22.000000,,,,0.000000,2.000000,2.000000,0.000000,4.000000,2.000000,2.000000,0.000000,0.000000,4.000000,4.000000,4.000000,4.000000,4.000000,4.000000,0.000000,,,,,,,,,,,,,,,,,,,,,,,,,,,,
1732157918.726474,1732157918.727820,123.000000,0.000000,4283.846191,4278.077148,4313.589844,4305.897461,4295.641113,4284.615234,4335.256348,4401.922852,4310.128418,4281.666504,4470.384766,4501.025879,4341.922852,4401.666504,1566.000000,1.000000,22.000000,,,,0.000000,2.000000,2.000000,0.000000,4.000000,2.000000,2.000000,0.000000,0.000000,4.000000,4.000000,4.000000,4.000000,4.000000,4.000000,0.000000,,,,,,,,,,,,,,,,,,,,,,,,,,,,
1732157918.734282,1732157918.735529,124.000000,0.000000,4290.384766,4279.487305,4313.589844,4308.974121,4282.307617,4285.256348,4336.794922,4401.282227,4304.487305,4285.128418,4473.974121,4502.307617,4341.538574,4402.563965,1701.000000,1.000000,22.000000,,,,0.000000,2.000000,2.000000,0.000000,4.000000,2.000000,2.000000,0.000000,0.000000,4.000000,4.000000,4.000000,4.000000,4.000000,4.000000,0.000000,,,,,,,,,,,,,,,,,31.000000,0.000000,0.503538,0.470825,-0.554321,0.466370,0.987425,-0.053717,-0.059578,-35.262669,44.740746,31.223217
1732157918.742090,1732157918.743337,125.000000,0.000000,4294.230957,4278.717773,4313.205078,4307.820313,4264.358887,4290.769043,4337.563965,4401.025879,4296.794922,4287.436035,4472.436035,4499.615234,4344.871582,4405.000000,1606.000000,1.000000,22.000000,,,,0.000000,2.000000,2.000000,0.000000,4.000000,2.000000,2.000000,0.000000,0.000000,4.000000,4.000000,4.000000,4.000000,4.000000,4.000000,0.000000,,,,,,,,,,,,,,,,,,,,,,,,,,,,
1732157918.749899,1732157918.750945,126.000000,0.000000,4294.871582,4279.358887,4311.666504,4306.794922,4271.410156,4287.820313,4336.922852,4400.769043,4298.333496,4291.666504,4475.128418,4502.563965,4350.641113,4412.692383,1549.000000,1.000000,22.000000,,,,0.000000,2.000000,2.000000,0.000000,4.000000,2.000000,2.000000,0.000000,0.000000,4.000000,4.000000,4.000000,4.000000,4.000000,4.000000,0.000000,,,,,,,,,,,,,,,,,,,,,,,,,,,,
1732157918.757707,1732157918.758754,127.000000,0.000000,4294.102539,4279.358887,4311.282227,4310.128418,4282.820313,4281.410156,4335.256348,4400.512695,4302.307617,4295.641113,4477.436035,4506.666504,4352.563965,4413.846191,22.000000,1.000000,22.000000,,,,0.000000,2.000000,2.000000,0.000000,4.000000,2.000000,2.000000,0.000000,0.000000,4.000000,4.000000,4.000000,4.000000,4.000000,4.000000,0.000000,,,,,,,,,,,,,,,,,,,,,,,,,,,,
1732157918.765515,1732157918.766462,0.000000,0.000000,4291.666504,4278.717773,4312.051270,4307.307617,4290.512695,4280.000000,4334.487305,4401.538574,4300.897461,4290.128418,4473.333496,4505.769043,4347.948730,4410.384766,0.000000,1.000000,22.000000,,,,0.000000,2.000000,2.000000,0.000000,4.000000,2.000000,2.000000,0.000000,0.000000,4.000000,4.000000,4.000000,4.000000,4.000000,4.000000,0.000000,,,,,,,,,,,,,,,,,0.000000,0.000000,0.503595,0.470764,-0.554321,0.466370,0.980100,-0.045904,-0.049322,-35.147762,44.770004,31.382471
1732157918.773323,1732157918.774270,1.000000,0.000000,4294.102539,4278.077148,4315.512695,4300.769043,4284.871582,4280.384766,4335.641113,4403.333496,4297.948730,4282.948730,4471.922852,4507.692383,4343.077148,4413.846191,1598.000000,1.000000,22.000000,,,,0.000000,2.000000,2.000000,0.000000,4.000000,2.000000,2.000000,0.000000,0.000000,4.000000,4.000000,4.000000,4.000000,4.000000,4.000000,0.000000,,,,,,,,,,,,,,,,,,,,,,,,,,,,
1732157918.781131,1732157918.781879,2.000000,0.000000,4297.051270,4278.717773,4317.051270,4302.307617,4261.794922,4281.282227,4336.410156,4402.948730,4299.230957,4285.769043,4475.256348,4511.282227,4342.179688,4417.436035,1366.000000,1.000000,22.000000,,,,0.000000,2.000000,2.000000,0.000000,4.000000,2.000000,2.000000,0.000000,0.000000,4.000000,4.000000,4.000000,4.000000,4.000000,4.000000,0.000000,,,,,,,,,,,,,,,,,,,,,,,,,,,,
1732157918.788940,1732157918.789687,3.000000,0.000000,4293.974121,4278.974121,4312.436035,4306.666504,4261.922852,4282.307617,4335.897461,4400.384766,4303.077148,4287.051270,4474.743652,4510.512695,4343.461426,4414.230957,1421.000000,1.000000,22.000000,,,,0.000000,2.000000,2.000000,0.000000,4.000000,2.000000,2.000000,0.000000,0.000000,4.000000,4.000000,4.000000,4.000000,4.000000,4.000000,0.000000,,,,,,,,,,,,,,,,,,,,,,,,,,,,
1732157918.796748,1732157918.797395,4.000000,0.000000,4292.820313,4277.948730,4310.000000,4305.897461,4278.717773,4281.922852,4336.153809,4400.769043,4307.051270,4281.025879,4472.307617,4505.000000,4343.205078,4411.794922,1409.000000,1.000000,22.000000,,,,0.000000,2.000000,2.000000,0.000000,4.000000,2.000000,2.000000,0.000000,0.000000,4.000000,4.000000,4.000000,4.000000,4.000000,4.000000,0.000000,,,,,,,,,,,,,,,,,1.000000,0.000000,0.503745,0.470581,-0.554443,0.466248,0.993774,-0.044927,-0.055671,-35.226353,44.747036,31.423136
1732157918.804556,1732157918.805203,5.000000,0.000000,4295.128418,4277.436035,4316.410156,4305.641113,4277.436035,4282.563965,4336.666504,4404.230957,4304.743652,4281.538574,4472.051270,4505.256348,4342.563965,4411.666504,1212.000000,1.000000,22.000000,,,,0.000000,2.000000,2.000000,0.000000,4.000000,2.000000,2.000000,0.000000,0.000000,4.000000,4.000000,4.000000,4.000000,4.000000,4.000000,0.000000,,,,,,,,,,,,,,,,,,,,,,,,,,,,
1732157918.812364,1732157918.813211,6.000000,0.000000,4294.871582,4278.461426,4318.333496,4307.307617,4287.692383,4282.307617,4335.384766,4403.974121,4297.307617,4282.563965,4471.794922,4506.410156,4341.025879,4411.282227,0.000000,1.000000,22.000000,,,,0.000000,2.000000,2.000000,0.000000,4.000000,2.000000,2.000000,0.000000,0.000000,4.000000,4.000000,4.000000,4.000000,4.000000,4.000000,0.000000,,,,,,,,,,,,,,,,,,,,,,,,,,,,
1732157918.820173,1732157918.821019,7.000000,0.000000,4293.333496,4278.077148,4313.589844,4304.358887,4296.410156,4280.000000,4334.743652,4400.256348,4293.205078,4278.589844,4472.051270,4504.230957,4340.128418,4411.282227,0.000000,1.000000,22.000000,,,,0.000000,2.000000,2.000000,0.000000,4.000000,2.000000,2.000000,0.000000,0.000000,4.000000,4.000000,4.000000,4.000000,4.000000,4.000000,0.000000,,,,,,,,,,,,,,,,,,,,,,,,,,,,
1732157918.827981,1732157918.828928,8.000000,0.000000,4294.358887,4277.820313,4311.410156,4303.846191,4272.563965,4279.230957,4335.897461,4398.717773,4298.461426,4279.743652,4474.230957,4505.769043,4345.000000,4413.333496,1531.000000,1.000000,22.000000,,,,0.000000,2.000000,2.000000,0.000000,4.000000,2.000000,2.000000,0.000000,0.000000,4.000000,4.000000,4.000000,4.000000,4.000000,4.000000,0.000000,,,,,,,,,,,,,,,,,2.000000,0.000000,0.503941,0.470337,-0.554626,0.466064,0.977658,-0.044927,-0.062508,-35.388348,44.716766,31.391073
1732157918.835789,1732157918.836736,9.000000,0.000000,4297.563965,4279.615234,4312.820313,4309.615234,4256.922852,4281.282227,4336.153809,4400.384766,4299.230957,4282.563965,4474.358887,4508.589844,4351.666504,4414.230957,1693.000000,1.000000,22.000000,,,,0.000000,2.000000,2.000000,0.000000,4.000000,2.000000,2.000000,0.000000,0.000000,4.000000,4.000000,4.000000,4.000000,4.000000,4.000000,0.000000,,,,,,,,,,,,,,,,,,,,,,,,,,,,
1732157918.843598,1732157918.844344,10.000000,0.000000,4294.230957,4280.256348,4313.333496,4310.641113,4272.692383,4282.436035,4335.512695,4401.025879,4293.333496,4281.794922,4473.333496,4507.692383,4351.538574,4412.307617,1549.000000,1.000000,22.000000,,,,0.000000,2.000000,2.000000,0.000000,4.000000,2.000000,2.000000,0.000000,0.000000,4.000000,4.000000,4.000000,4.000000,4.000000,4.000000,0.000000,,,,,,,,,,,,,,,,,,,,,,,,,,,,
1732157918.851406,1732157918.852152,11.000000,0.000000,4285.641113,4278.205078,4312.948730,4303.461426,4290.897461,4280.641113,4335.897461,4400.641113,4294.102539,4278.461426,4472.692383,4505.641113,4344.743652,4411.538574,1566.000000,1.000000,22.000000,,,,0.000000,2.000000,2.000000,0.000000,4.000000,2.000000,2.000000,0.000000,0.000000,4.000000,4.000000,4.000000,4.000000,4.000000,4.000000,0.000000,,,,,,,,,,,,,,,,,,,,,,,,,,,,
1732157918.859214,1732157918.859861,12.000000,0.000000,4287.436035,4277.436035,4313.077148,4297.692383,4283.461426,4279.615234,4337.051270,4399.871582,4298.461426,4278.717773,4474.102539,4506.538574,4342.692383,4413.077148,1701.000000,1.000000,22.000000,,,,0.000000,2.000000,2.000000,0.000000,4.000000,2.000000,2.000000,0.000000,0.000000,4.000000,4.000000,4.000000,4.000000,4.000000,4.000000,0.000000,,,,,,,,,,,,,,,,,3.000000,0.000000,0.503998,0.470276,-0.554626,0.466064,0.977658,-0.044927,-0.062508,-35.354561,44.690582,31.413437
1732157918.867022,1732157918.867669,13.000000,0.000000,4295.897461,4279.230957,4314.615234,4301.282227,4263.333496,4280.769043,4335.641113,4400.384766,4304.871582,4289.743652,4477.307617,4508.846191,4347.179688,4413.974121,1611.000000,1.000000,22.000000,,,,0.000000,2.000000,2.000000,0.000000,4.000000,2.000000,2.000000,0.000000,0.000000,4.000000,4.000000,4.000000,4.000000,4.000000,4.000000,0.000000,,,,,,,,,,,,,,,,,,,,,,,,,,,,
1732157918.874830,1732157918.875677,14.000000,0.000000,4295.128418,4279.615234,4316.666504,4309.102539,4260.256348,4281.153809,4333.333496,4402.563965,4310.512695,4296.794922,4477.179688,4508.589844,4350.769043,4413.717773,1549.000000,1.000000,22.000000,,,,0.000000,2.000000,2.000000,0.000000,4.000000,2.000000,2.000000,0.000000,0.000000,4.000000,4.000000,4.000000,4.000000,4.000000,4.000000,0.000000,1.000000,0.000000,2.000000,0.000000,0.000000,1.000000,1.000000,1.000000,0.000000,0.000000,4.000000,4.000000,0.000000,4.000000,1.000000,4.000000,,,,,,,,,,,,
1732157918.882639,1732157918.883485,15.000000,0.000000,4291.922852,4278.333496,4314.871582,4307.051270,4276.410156,4281.282227,4334.102539,4401.410156,4305.128418,4286.538574,4475.128418,4509.230957,4347.436035,4413.461426,1566.000000,1.000000,22.000000,,,,0.000000,2.000000,2.000000,0.000000,4.000000,2.000000,2.000000,0.000000,0.000000,4.000000,4.000000,4.000000,4.000000,4.000000,4.000000,0.000000,,,,,,,,,,,,,,,,,,,,,,,,,,,,
1732157918.890447,1732157918.891393,16.000000,0.000000,4296.410156,4279.102539,4312.436035,4300.769043,4281.282227,4280.897461,4336.025879,4400.000000,4298.333496,4281.922852,4474.743652,4510.384766,4344.358887,4413.589844,0.000000,1.000000,22.000000,,,,0.000000,2.000000,2.000000,0.000000,4.000000,2.000000,2.000000,0.000000,0.000000,4.000000,4.000000,4.000000,4.000000,4.000000,4.000000,0.000000,,,,,,,,,,,,,,,,,4.000000,0.000000,0.504090,0.470154,-0.554749,0.465942,0.975705,-0.054694,-0.057136,-35.318859,44.927704,31.451550
1732157918.898255,1732157918.899201,17.000000,0.000000,4297.307617,4279.615234,4314.871582,4302.307617,4269.743652,4280.256348,4336.025879,4401.025879,4307.563965,4290.897461,4474.871582,4513.589844,4346.282227,4413.717773,0.000000,1.000000,22.000000,,,,0.000000,2.000000,2.000000,0.000000,4.000000,2.000000,2.000000,0.000000,0.000000,4.000000,4.000000,4.000000,4.000000,4.000000,4.000000,0.000000,,,,,,,,,,,,,,,,,,,,,,,,,,,,
1732157918.906063,1732157918.907209,18.000000,0.000000,4293.333496,4277.820313,4318.205078,4305.769043,4276.410156,4280.512695,4335.641113,4403.461426,4313.333496,4290.641113,4474.743652,4520.128418,4348.589844,4413.846191,0.000000,1.000000,22.000000,,,,0.000000,2.000000,2.000000,0.000000,4.000000,2.000000,2.000000,0.000000,0.000000,4.000000,4.000000,4.000000,4.000000,4.000000,4.000000,0.000000,,,,,,,,,,,,,,,,,,,,,,,,,,,,
1732157918.913872,1732157918.915018,19.000000,0.000000,4293.589844,4277.307617,4317.051270,4305.000000,4295.897461,4281.410156,4335.897461,4402.563965,4302.051270,4284.102539,4475.897461,4522.051270,4349.358887,4414.102539,0.000000,1.000000,22.000000,,,,0.000000,2.000000,2.000000,0.000000,4.000000,2.000000,2.000000,0.000000,0.000000,4.000000,4.000000,4.000000,4.000000,4.000000,4.000000,0.000000,,,,,,,,,,,,,,,,,,,,,,,,,,,,
1732157918.921680,1732157918.922926,20.000000,0.000000,4297.051270,4279.358887,4313.717773,4305.384766,4286.922852,4281.922852,4336.153809,4399.743652,4292.692383,4283.974121,4475.641113,4521.025879,4348.205078,4416.922852,0.000000,1.000000,22.000000,,,,0.000000,2.000000,2.000000,0.000000,4.000000,2.000000,2.000000,0.000000,0.000000,4.000000,4.000000,4.000000,4.000000,4.000000,4.000000,0.000000,,,,,,,,,,,,,,,,,5.000000,0.000000,0.503952,0.470276,-0.554565,0.466187,0.978635,-0.042974,-0.053229,-35.306610,45.103107,31.265755
1732157918.929488,1732157918.930734,21.000000,0.000000,4300.256348,4280.897461,4314.230957,4308.846191,4257.307617,4283.589844,4336.666504,4400.128418,4299.743652,4288.077148,4475.897461,4525.128418,4348.717773,4422.563965,0.000000,1.000000,22.000000,,,,0.000000,2.000000,2.000000,0.000000,4.000000,2.000000,2.000000,0.000000,0.000000,4.000000,4.000000,4.000000,4.000000,4.000000,4.000000,0.000000,,,,,,,,,,,,,,,,,,,,,,,,,,,,
1732157918.937297,1732157918.938742,22.000000,0.000000,4298.974121,4279.871582,4317.051270,4308.461426,4265.512695,4283.333496,4335.897461,4401.410156,4308.077148,4291.282227,4477.563965,4521.922852,4350.128418,4424.230957,0.000000,1.000000,22.000000,,,,0.000000,2.000000,2.000000,0.000000,4.000000,2.000000,2.000000,0.000000,0.000000,4.000000,4.000000,4.000000,4.000000,4.000000,4.000000,0.000000,,,,,,,,,,,,,,,,,,,,,,,,,,,,
1732157918.945105,1732157918.946550,23.000000,0.000000,4296.025879,4278.974121,4315.256348,4305.897461,4292.563965,4280.128418,4334.615234,4401.153809,4305.128418,4291.025879,4476.410156,4507.051270,4350.384766,4418.461426,0.000000,1.000000,22.000000,,,,0.000000,2.000000,2.000000,0.000000,4.000000,2.000000,2.000000,0.000000,0.000000,4.000000,4.000000,4.000000,4.000000,4.000000,4.000000,0.000000,,,,,,,,,,,,,,,,,,,,,,,,,,,,
1732157918.952913,1732157918.954458,24.000000,0.000000,4295.769043,4278.846191,4312.179688,4302.692383,4277.179688,4281.282227,4335.384766,4400.897461,4302.948730,4289.358887,4475.512695,4507.692383,4350.000000,4417.051270,0.000000,1.000000,22.000000,,,,0.000000,2.000000,2.000000,0.000000,4.000000,2.000000,2.000000,0.000000,0.000000,4.000000,4.000000,4.000000,4.000000,4.000000,4.000000,0.000000,,,,,,,,,,,,,,,,,6.000000,0.000000,0.504035,0.470093,-0.554749,0.466064,0.976193,-0.041509,-0.043462,-35.228355,45.171848,31.225262
1732157918.960721,1732157918.962266,25.000000,0.000000,4295.000000,4277.948730,4312.051270,4300.641113,4257.051270,4283.205078,4336.538574,4400.641113,4305.641113,4290.769043,4476.922852,4518.205078,4350.641113,4419.871582,0.000000,1.000000,22.000000,,,,0.000000,2.000000,2.000000,0.000000,4.000000,2.000000,2.000000,0.000000,0.000000,4.000000,4.000000,4.000000,4.000000,4.000000,4.000000,0.000000,,,,,,,,,,,,,,,,,,,,,,,,,,,,
1732157918.968529,1732157918.970274,26.000000,0.000000,4291.794922,4277.692383,4313.589844,4305.000000,4268.333496,4281.153809,4335.769043,4400.897461,4306.025879,4290.897461,4476.153809,4511.794922,4351.794922,4415.384766,0.000000,1.000000,22.000000,,,,0.000000,2.000000,2.000000,0.000000,4.000000,2.000000,2.000000,0.000000,0.000000,4.000000,4.000000,4.000000,4.000000,4.000000,4.000000,0.000000,,,,,,,,,,,,,,,,,,,,,,,,,,,,
1732157918.976338,1732157918.978083,27.000000,0.000000,4291.153809,4279.358887,4312.563965,4308.589844,4276.922852,4280.384766,4334.743652,4401.282227,4304.615234,4288.589844,4473.974121,4504.358887,4349.743652,4410.384766,0.000000,1.000000,22.000000,,,,0.000000,2.000000,2.000000,0.000000,4.000000,2.000000,2.000000,0.000000,0.000000,4.000000,4.000000,4.000000,4.000000,4.000000,4.000000,0.000000,,,,,,,,,,,,,,,,,,,,,,,,,,,,
1732157918.984146,1732157918.985991,28.000000,0.000000,4290.897461,4277.563965,4311.025879,4301.794922,4282.563965,4282.563965,4335.000000,4400.641113,4303.974121,4288.717773,4473.846191,4508.589844,4348.077148,4412.692383,0.000000,1.000000,22.000000,,,,0.000000,2.000000,2.000000,0.000000,4.000000,2.000000,2.000000,0.000000,0.000000,4.000000,4.000000,4.000000,4.000000,4.000000,4.000000,0.000000,,,,,,,,,,,,,,,,,7.000000,0.000000,0.504091,0.470032,-0.554749,0.466064,0.980588,-0.047369,-0.068856,-35.406635,45.424198,31.309128
1732157918.991954,1732157918.993799,29.000000,0.000000,4285.000000,4273.461426,4312.307617,4295.256348,4291.666504,4282.820313,4335.128418,4399.743652,4305.641113,4290.128418,4473.974121,4508.846191,4348.205078,4412.563965,0.000000,1.000000,22.000000,,,,0.000000,2.000000,2.000000,0.000000,4.000000,2.000000,2.000000,0.000000,0.000000,4.000000,4.000000,4.000000,4.000000,4.000000,4.000000,0.000000,,,,,,,,,,,,,,,,,,,,,,,,,,,,
1732157918.999762,1732157919.001807,30.000000,0.000000,4280.256348,4273.974121,4312.563965,4299.871582,4278.974121,4282.563965,4334.871582,4400.512695,4313.974121,4294.358887,4474.487305,4508.333496,4348.589844,4408.589844,0.000000,1.000000,22.000000,,,,0.000000,2.000000,2.000000,0.000000,4.000000,2.000000,2.000000,0.000000,0.000000,4.000000,4.000000,4.000000,4.000000,4.000000,4.000000,0.000000,,,,,,,,,,,,,,,,,,,,,,,,,,,,
1732157919.007571,1732157919.009615,31.000000,0.000000,4282.307617,4277.179688,4312.692383,4303.205078,4261.025879,4282.692383,4335.000000,4401.153809,4321.922852,4299.743652,4477.436035,4513.461426,4350.384766,4409.615234,0.000000,1.000000,22.000000,,,,0.000000,2.000000,2.000000,0.000000,4.000000,2.000000,2.000000,0.000000,0.000000,4.000000,4.000000,4.000000,4.000000,4.000000,4.000000,0.000000,,,,,,,,,,,,,,,,,,,,,,,,,,,,
1732157919.015379,1732157919.017324,32.000000,0.000000,4292.051270,4278.205078,4313.846191,4301.922852,4270.641113,4282.436035,4335.000000,4401.153809,4316.025879,4295.128418,4477.948730,4513.717773,4350.897461,4412.692383,0.000000,1.000000,22.000000,,,,0.000000,2.000000,2.000000,0.000000,4.000000,2.000000,2.000000,0.000000,0.000000,4.000000,4.000000,4.000000,4.000000,4.000000,4.000000,0.000000,,,,,,,,,,,,,,,,,8.000000,0.000000,0.503829,0.470215,-0.554626,0.466309,0.971798,-0.048834,-0.053717,-35.551041,45.211933,31.252062
1732157919.023187,1732157919.025132,33.000000,0.000000,4297.051270,4277.179688,4313.974121,4304.487305,4280.769043,4283.077148,4335.000000,4400.128418,4305.641113,4284.230957,4476.282227,4511.922852,4347.436035,4410.897461,0.000000,1.000000,22.000000,,,,0.000000,2.000000,2.000000,0.000000,4.000000,2.000000,2.000000,0.000000,0.000000,4.000000,4.000000,4.000000,4.000000,4.000000,4.000000,0.000000,,,,,,,,,,,,,,,,,,,,,,,,,,,,
1732157919.030995,1732157919.032740,34.000000,0.000000,4286.282227,4276.666504,4311.153809,4305.769043,4277.563965,4282.820313,4335.000000,4398.461426,4300.512695,4280.384766,4475.000000,4511.538574,4343.077148,4408.461426,0.000000,1.000000,22.000000,,,,0.000000,2.000000,2.000000,0.000000,4.000000,2.000000,2.000000,0.000000,0.000000,4.000000,4.000000,4.000000,4.000000,4.000000,4.000000,0.000000,,,,,,,,,,,,,,,,,,,,,,,,,,,,
1732157919.038804,1732157919.040548,35.000000,0.000000,4280.897461,4277.051270,4310.256348,4304.871582,4280.384766,4281.666504,4335.000000,4399.615234,4301.410156,4281.922852,4473.589844,4508.717773,4342.820313,4407.563965,0.000000,1.000000,22.000000,,,,0.000000,2.000000,2.000000,0.000000,4.000000,2.000000,2.000000,0.000000,0.000000,4.000000,4.000000,4.000000,4.000000,4.000000,4.000000,0.000000,,,,,,,,,,,,,,,,,,,,,,,,,,,,
1732157919.046612,1732157919.048257,36.000000,0.000000,4293.974121,4277.307617,4312.307617,4308.205078,4279.487305,4282.307617,4335.000000,4401.282227,4305.256348,4282.051270,4475.000000,4507.051270,4344.102539,4406.410156,0.000000,1.000000,22.000000,,,,0.000000,2.000000,2.000000,0.000000,4.000000,2.000000,2.000000,0.000000,0.000000,4.000000,4.000000,4.000000,4.000000,4.000000,4.000000,0.000000,,,,,,,,,,,,,,,,,9.000000,0.000000,0.503690,0.470398,-0.554443,0.466492,0.988890,-0.041997,-0.051764,-35.668011,45.151665,31.119169
1732157919.054420,1732157919.056065,37.000000,0.000000,4298.333496,4278.077148,4312.948730,4306.794922,4283.077148,4282.436035,4335.000000,4401.025879,4303.077148,4278.589844,4473.974121,4507.307617,4339.358887,4401.794922,0.000000,1.000000,22.000000,,,,0.000000,2.000000,2.000000,0.000000,4.000000,2.000000,2.000000,0.000000,0.000000,4.000000,4.000000,4.000000,4.000000,4.000000,4.000000,0.000000,,,,,,,,,,,,,,,,,,,,,,,,,,,,
1732157919.062228,1732157919.063673,38.000000,0.000000,4286.922852,4277.692383,4311.282227,4302.051270,4296.538574,4281.153809,4335.000000,4400.897461,4294.615234,4275.512695,4467.051270,4506.282227,4335.512695,4397.436035,0.000000,1.000000,22.000000,,,,0.000000,2.000000,2.000000,0.000000,4.000000,2.000000,2.000000,0.000000,0.000000,4.000000,4.000000,4.000000,4.000000,4.000000,4.000000,0.000000,,,,,,,,,,,,,,,,,,,,,,,,,,,,
1732157919.070037,1732157919.071482,39.000000,0.000000,4287.179688,4277.051270,4311.282227,4301.410156,4284.743652,4281.666504,4335.000000,4401.025879,4296.538574,4278.333496,4467.307617,4505.384766,4339.871582,4398.205078,0.000000,1.000000,22.000000,,,,0.000000,2.000000,2.000000,0.000000,4.000000,2.000000,2.000000,0.000000,0.000000,4.000000,4.000000,4.000000,4.000000,4.000000,4.000000,0.000000,,,,,,,,,,,,,,,,,,,,,,,,,,,,
1732157919.077845,1732157919.079190,40.000000,0.000000,4291.410156,4275.897461,4313.717773,4300.000000,4261.153809,4283.974121,4335.000000,4400.000000,4306.922852,4281.282227,4474.230957,4505.384766,4344.230957,4399.487305,0.000000,1.000000,22.000000,,,,0.000000,2.000000,2.000000,0.000000,4.000000,2.000000,2.000000,0.000000,0.000000,4.000000,4.000000,4.000000,4.000000,4.000000,4.000000,0.000000,,,,,,,,,,,,,,,,,10.000000,0.000000,0.503747,0.470337,-0.554443,0.466492,0.980100,-0.042974,-0.053229,-35.502754,45.134518,31.221527
1732157919.085653,1732157919.086998,41.000000,0.000000,4283.589844,4270.256348,4315.897461,4296.922852,4264.871582,4283.077148,4335.000000,4400.128418,4306.025879,4280.769043,4472.948730,4509.615234,4341.538574,4398.205078,0.000000,1.000000,22.000000,,,,0.000000,2.000000,2.000000,0.000000,4.000000,2.000000,2.000000,0.000000,0.000000,4.000000,4.000000,4.000000,4.000000,4.000000,4.000000,0.000000,,,,,,,,,,,,,,,,,,,,,,,,,,,,
1732157919.093461,1732157919.094606,42.000000,0.000000,4283.974121,4267.051270,4313.589844,4295.641113,4276.538574,4282.307617,4335.000000,4400.641113,4303.717773,4283.333496,4470.384766,4515.256348,4340.128418,4400.641113,0.000000,1.000000,22.000000,,,,0.000000,2.000000,2.000000,0.000000,4.000000,2.000000,2.000000,0.000000,0.000000,4.000000,4.000000,4.000000,4.000000,4.000000,4.000000,0.000000,,,,,,,,,,,,,,,,,,,,,,,,,,,,
1732157919.101270,1732157919.102415,43.000000,0.000000,4294.615234,4271.538574,4312.563965,4295.641113,4281.282227,4283.205078,4334.615234,4400.512695,4308.205078,4286.794922,4475.384766,4512.051270,4343.717773,4404.871582,0.000000,1.000000,22.000000,,,,0.000000,2.000000,2.000000,0.000000,4.000000,2.000000,2.000000,0.000000,0.000000,4.000000,4.000000,4.000000,4.000000,4.000000,4.000000,0.000000,,,,,,,,,,,,,,,,,,,,,,,,,,,,
1732157919.109078,1732157919.110123,44.000000,0.000000,4295.769043,4277.179688,4315.512695,4296.410156,4285.000000,4280.512695,4334.487305,4400.897461,4305.769043,4283.717773,4475.384766,4505.384766,4343.461426,4404.102539,0.000000,1.000000,22.000000,,,,0.000000,2.000000,2.000000,0.000000,4.000000,2.000000,2.000000,0.000000,0.000000,4.000000,4.000000,4.000000,4.000000,4.000000,4.000000,0.000000,,,,,,,,,,,,,,,,,11.000000,0.000000,0.503794,0.470276,-0.554504,0.466431,0.982053,-0.038091,-0.059089,-35.438896,45.108959,31.084436
1732157919.116886,1732157919.117931,45.000000,0.000000,4292.179688,4278.333496,4316.538574,4299.871582,4271.153809,4280.641113,4335.000000,4400.769043,4295.384766,4279.871582,4472.307617,4508.717773,4341.922852,4406.153809,0.000000,1.000000,22.000000,,,,0.000000,2.000000,2.000000,0.000000,4.000000,2.000000,2.000000,0.000000,0.000000,4.000000,4.000000,4.000000,4.000000,4.000000,4.000000,0.000000,,,,,,,,,,,,,,,,,,,,,,,,,,,,
1732157919.124694,1732157919.125540,46.000000,0.000000,4294.871582,4278.077148,4312.436035,4302.307617,4259.102539,4288.974121,4335.256348,4400.384766,4295.897461,4280.384766,4475.256348,4513.077148,4343.589844,4409.615234,0.000000,1.000000,22.000000,,,,0.000000,2.000000,2.000000,0.000000,4.000000,2.000000,2.000000,0.000000,0.000000,4.000000,4.000000,4.000000,4.000000,4.000000,4.000000,0.000000,,,,,,,,,,,,,,,,,,,,,,,,,,,,
1732157919.132503,1732157919.133348,47.000000,0.000000,4293.974121,4276.153809,4311.282227,4302.820313,4273.974121,4290.000000,4335.256348,4401.153809,4304.743652,4279.871582,4475.897461,4510.128418,4343.717773,4403.589844,0.000000,1.000000,22.000000,,,,0.000000,2.000000,2.000000,0.000000,4.000000,2.000000,2.000000,0.000000,0.000000,4.000000,4.000000,4.000000,4.000000,4.000000,4.000000,0.000000,,,,,,,,,,,,,,,,,,,,,,,,,,,,
1732157919.140311,1732157919.141256,48.000000,0.000000,4290.641113,4278.205078,4316.025879,4300.384766,4284.102539,4282.692383,4337.692383,4402.563965,4303.077148,4278.974121,4472.692383,4509.358887,4340.897461,4394.358887,0.000000,1.000000,22.000000,,,,0.000000,2.000000,2.000000,0.000000,4.000000,2.000000,2.000000,0.000000,0.000000,4.000000,4.000000,4.000000,4.000000,4.000000,4.000000,0.000000,,,,,,,,,,,,,,,,,12.000000,0.000000,0.503876,0.470093,-0.554688,0.466309,0.967403,-0.043462,-0.049322,-35.407173,45.208256,31.135061
1732157919.148119,1732157919.149064,49.000000,0.000000,4292.436035,4278.846191,4315.769043,4297.179688,4276.922852,4282.436035,4341.410156,4403.333496,4296.025879,4280.769043,4474.871582,4515.641113,4340.897461,4398.974121,0.000000,1.000000,22.000000,,,,0.000000,2.000000,2.000000,0.000000,4.000000,2.000000,2.000000,0.000000,0.000000,4.000000,4.000000,4.000000,4.000000,4.000000,4.000000,0.000000,,,,,,,,,,,,,,,,,,,,,,,,,,,,
1732157919.155927,1732157919.156673,50.000000,0.000000,4292.692383,4271.410156,4312.692383,4296.282227,4271.410156,4284.487305,4340.897461,4402.820313,4293.974121,4280.000000,4479.230957,4520.769043,4346.153809,4409.102539,0.000000,1.000000,22.000000,,,,0.000000,2.000000,2.000000,0.000000,4.000000,2.000000,2.000000,0.000000,0.000000,4.000000,4.000000,4.000000,4.000000,4.000000,4.000000,0.000000,,,,,,,,,,,,,,,,,,,,,,,,,,,,
1732157919.163736,1732157919.164481,51.000000,0.000000,4289.743652,4269.358887,4311.794922,4294.615234,4282.307617,4279.230957,4336.153809,4400.512695,4294.743652,4277.179688,4477.307617,4521.538574,4346.922852,4410.769043,0.000000,1.000000,22.000000,,,,0.000000,2.000000,2.000000,0.000000,4.000000,2.000000,2.000000,0.000000,0.000000,4.000000,4.000000,4.000000,4.000000,4.000000,4.000000,0.000000,,,,,,,,,,,,,,,,,,,,,,,,,,,,
1732157919.171544,1732157919.172389,52.000000,0.000000,4290.769043,4276.153809,4312.692383,4295.641113,4290.897461,4277.307617,4333.333496,4399.871582,4292.692383,4276.538574,4474.230957,4520.256348,4343.461426,4408.717773,0.000000,1.000000,22.000000,,,,0.000000,2.000000,2.000000,0.000000,4.000000,2.000000,2.000000,0.000000,0.000000,4.000000,4.000000,4.000000,4.000000,4.000000,4.000000,0.000000,,,,,,,,,,,,,,,,,13.000000,0.000000,0.503866,0.470032,-0.554749,0.466309,0.972775,-0.052741,-0.060554,-35.221478,45.085354,30.984400
1732157919.179352,1732157919.180197,53.000000,0.000000,4293.974121,4279.743652,4312.948730,4302.692383,4274.358887,4282.051270,4334.358887,4401.410156,4296.282227,4279.102539,4474.230957,4518.717773,4342.436035,4407.948730,0.000000,1.000000,22.000000,,,,0.000000,2.000000,2.000000,0.000000,4.000000,2.000000,2.000000,0.000000,0.000000,4.000000,4.000000,4.000000,4.000000,4.000000,4.000000,0.000000,,,,,,,,,,,,,,,,,,,,,,,,,,,,
1732157919.187160,1732157919.187805,54.000000,0.000000,4292.179688,4272.307617,4312.948730,4301.922852,4258.205078,4283.205078,4335.769043,4402.179688,4304.358887,4280.000000,4473.589844,4516.410156,4340.512695,4406.153809,0.000000,1.000000,22.000000,,,,0.000000,2.000000,2.000000,0.000000,4.000000,2.000000,2.000000,0.000000,0.000000,4.000000,4.000000,4.000000,4.000000,4.000000,4.000000,0.000000,,,,,,,,,,,,,,,,,,,,,,,,,,,,
1732157919.194969,1732157919.195614,55.000000,0.000000,4290.256348,4265.256348,4312.563965,4295.128418,4263.974121,4281.794922,4335.641113,4402.692383,4303.589844,4278.205078,4473.205078,4515.128418,4338.589844,4402.563965,0.000000,1.000000,22.000000,,,,0.000000,2.000000,2.000000,0.000000,4.000000,2.000000,2.000000,0.000000,0.000000,4.000000,4.000000,4.000000,4.000000,4.000000,4.000000,0.000000,,,,,,,,,,,,,,,,,,,,,,,,,,,,
1732157919.202777,1732157919.203322,56.000000,0.000000,4290.256348,4271.666504,4311.666504,4296.538574,4266.922852,4281.282227,4334.871582,4402.948730,4302.051270,4278.974121,4474.615234,4517.563965,4342.436035,4403.717773,0.000000,1.000000,22.000000,,,,0.000000,2.000000,2.000000,0.000000,4.000000,2.000000,2.000000,0.000000,0.000000,4.000000,4.000000,4.000000,4.000000,4.000000,4.000000,0.000000,,,,,,,,,,,,,,,,,14.000000,0.000000,0.503763,0.470093,-0.554688,0.466431,0.983030,-0.049322,-0.053717,-35.274395,45.227470,30.892363
1732157919.210585,1732157919.211130,57.000000,0.000000,4287.948730,4279.230957,4310.128418,4299.230957,4273.846191,4280.512695,4334.871582,4400.128418,4304.743652,4280.641113,4475.256348,4515.897461,4343.461426,4403.205078,0.000000,1.000000,22.000000,,,,0.000000,2.000000,2.000000,0.000000,4.000000,2.000000,2.000000,0.000000,0.000000,4.000000,4.000000,4.000000,4.000000,4.000000,4.000000,0.000000,,,,,,,,,,,,,,,,,,,,,,,,,,,,
1732157919.218393,1732157919.219138,58.000000,0.000000,4286.922852,4277.179688,4311.666504,4295.384766,4290.897461,4280.641113,4335.128418,4402.307617,4303.205078,4281.153809,4474.230957,4514.743652,4341.794922,4398.077148,0.000000,1.000000,22.000000,,,,0.000000,2.000000,2.000000,0.000000,4.000000,2.000000,2.000000,0.000000,0.000000,4.000000,4.000000,4.000000,4.000000,4.000000,4.000000,0.000000,,,,,,,,,,,,,,,,,,,,,,,,,,,,
1732157919.226202,1732157919.226946,59.000000,0.000000,4287.436035,4278.077148,4314.615234,4295.000000,4276.025879,4282.179688,4334.871582,4405.897461,4297.948730,4282.051270,4475.128418,4518.589844,4348.205078,4398.589844,0.000000,1.000000,22.000000,,,,0.000000,2.000000,2.000000,0.000000,4.000000,2.000000,2.000000,0.000000,0.000000,4.000000,4.000000,4.000000,4.000000,4.000000,4.000000,0.000000,,,,,,,,,,,,,,,,,,,,,,,,,,,,
1732157919.234010,1732157919.234855,60.000000,0.000000,4282.692383,4278.589844,4315.384766,4296.538574,4253.333496,4283.205078,4335.128418,4402.307617,4296.922852,4281.666504,4475.384766,4514.230957,4350.000000,4399.230957,0.000000,1.000000,22.000000,,,,0.000000,2.000000,2.000000,0.000000,4.000000,2.000000,2.000000,0.000000,0.000000,4.000000,4.000000,4.000000,4.000000,4.000000,4.000000,0.000000,,,,,,,,,,,,,,,,,15.000000,0.000000,0.503809,0.470032,-0.554749,0.466370,0.968868,-0.054206,-0.063484,-35.223927,44.940918,31.086147
1732157919.241818,1732157919.242663,61.000000,0.000000,4278.205078,4269.743652,4314.871582,4292.179688,4273.974121,4280.128418,4335.769043,4399.358887,4298.077148,4278.589844,4469.487305,4504.102539,4340.897461,4395.000000,0.000000,1.000000,22.000000,,,,0.000000,2.000000,2.000000,0.000000,4.000000,2.000000,2.000000,0.000000,0.000000,4.000000,4.000000,4.000000,4.000000,4.000000,4.000000,0.000000,,,,,,,,,,,,,,,,,,,,,,,,,,,,
1732157919.249626,1732157919.250671,62.000000,0.000000,4279.743652,4269.743652,4314.615234,4291.153809,4285.256348,4278.717773,4336.025879,4401.922852,4295.897461,4277.051270,4466.282227,4503.846191,4339.230957,4393.333496,0.000000,1.000000,22.000000,,,,0.000000,2.000000,2.000000,0.000000,4.000000,2.000000,2.000000,0.000000,0.000000,4.000000,4.000000,4.000000,4.000000,4.000000,4.000000,0.000000,,,,,,,,,,,,,,,,,,,,,,,,,,,,
1732157919.257435,1732157919.258479,63.000000,0.000000,4282.179688,4276.666504,4313.846191,4296.153809,4264.102539,4280.897461,4336.282227,4402.692383,4293.717773,4277.179688,4471.282227,4510.256348,4344.102539,4398.205078,0.000000,1.000000,22.000000,,,,0.000000,2.000000,2.000000,0.000000,4.000000,2.000000,2.000000,0.000000,0.000000,4.000000,4.000000,4.000000,4.000000,4.000000,4.000000,0.000000,,,,,,,,,,,,,,,,,,,,,,,,,,,,
1732157919.265243,1732157919.266387,64.000000,0.000000,4285.384766,4277.948730,4313.333496,4300.641113,4257.820313,4279.615234,4336.794922,4401.025879,4294.230957,4278.077148,4475.384766,4507.307617,4343.461426,4398.846191,0.000000,1.000000,22.000000,,,,0.000000,2.000000,2.000000,0.000000,4.000000,2.000000,2.000000,0.000000,0.000000,4.000000,4.000000,4.000000,4.000000,4.000000,4.000000,0.000000,,,,,,,,,,,,,,,,,16.000000,0.000000,0.503891,0.469910,-0.554932,0.466187,0.976682,-0.060554,-0.062019,-35.363049,44.772144,31.211447
1732157919.273051,1732157919.274195,65.000000,0.000000,4292.307617,4279.487305,4312.692383,4305.897461,4265.897461,4279.358887,4336.666504,4401.025879,4296.025879,4281.282227,4474.102539,4505.256348,4341.410156,4396.794922,1598.000000,1.000000,22.000000,,,,0.000000,2.000000,2.000000,0.000000,4.000000,2.000000,2.000000,0.000000,0.000000,4.000000,4.000000,4.000000,4.000000,4.000000,4.000000,0.000000,,,,,,,,,,,,,,,,,,,,,,,,,,,,
1732157919.280859,1732157919.282203,66.000000,0.000000,4294.358887,4281.410156,4311.025879,4307.436035,4274.871582,4280.641113,4335.641113,4401.410156,4296.666504,4282.051270,4473.333496,4506.538574,4342.051270,4398.461426,1366.000000,1.000000,22.000000,,,,0.000000,2.000000,2.000000,0.000000,4.000000,2.000000,2.000000,0.000000,0.000000,4.000000,4.000000,4.000000,4.000000,4.000000,4.000000,0.000000,,,,,,,,,,,,,,,,,,,,,,,,,,,,
1732157919.288668,1732157919.290011,67.000000,0.000000,4289.487305,4278.333496,4312.948730,4300.897461,4288.077148,4279.230957,4334.615234,4401.666504,4294.871582,4277.948730,4473.205078,4506.666504,4341.153809,4399.743652,1421.000000,1.000000,22.000000,,,,0.000000,2.000000,2.000000,0.000000,4.000000,2.000000,2.000000,0.000000,0.000000,4.000000,4.000000,4.000000,4.000000,4.000000,4.000000,0.000000,,,,,,,,,,,,,,,,,,,,,,,,,,,,
1732157919.296476,1732157919.297920,68.000000,0.000000,4288.846191,4275.897461,4315.000000,4297.563965,4282.051270,4283.205078,4334.615234,4401.282227,4294.230957,4277.051270,4472.051270,4509.230957,4339.743652,4399.487305,1416.000000,1.000000,22.000000,,,,0.000000,2.000000,2.000000,0.000000,4.000000,2.000000,2.000000,0.000000,0.000000,4.000000,4.000000,4.000000,4.000000,4.000000,4.000000,0.000000,,,,,,,,,,,,,,,,,17.000000,0.000000,0.503891,0.469910,-0.554932,0.466187,0.976682,-0.060554,-0.062019,-35.505737,44.560436,31.184605
1732157919.304284,1732157919.305728,69.000000,0.000000,4293.461426,4277.948730,4313.717773,4302.692383,4263.205078,4288.589844,4334.871582,4401.025879,4294.487305,4279.871582,4474.230957,4510.384766,4341.666504,4399.230957,1210.000000,1.000000,22.000000,,,,0.000000,2.000000,2.000000,0.000000,4.000000,2.000000,2.000000,0.000000,0.000000,4.000000,4.000000,4.000000,4.000000,4.000000,4.000000,0.000000,,,,,,,,,,,,,,,,,,,,,,,,,,,,
1732157919.312092,1732157919.313736,70.000000,0.000000,4291.666504,4276.410156,4311.794922,4302.179688,4263.205078,4283.589844,4334.487305,4403.333496,4291.666504,4280.256348,4475.512695,4508.461426,4342.563965,4399.615234,0.000000,1.000000,22.000000,,,,0.000000,2.000000,2.000000,0.000000,4.000000,2.000000,2.000000,0.000000,0.000000,4.000000,4.000000,4.000000,4.000000,4.000000,4.000000,0.000000,,,,,,,,,,,,,,,,,,,,,,,,,,,,
1732157919.319901,1732157919.321544,71.000000,0.000000,4283.205078,4272.051270,4311.538574,4296.538574,4266.153809,4278.846191,4334.615234,4404.230957,4294.102539,4279.615234,4471.538574,4505.769043,4336.922852,4397.436035,0.000000,1.000000,22.000000,,,,0.000000,2.000000,2.000000,0.000000,4.000000,2.000000,2.000000,0.000000,0.000000,4.000000,4.000000,4.000000,4.000000,4.000000,4.000000,0.000000,,,,,,,,,,,,,,,,,,,,,,,,,,,,
1732157919.327709,1732157919.329452,72.000000,0.000000,4280.512695,4267.692383,4312.307617,4294.358887,4273.589844,4281.666504,4335.769043,4403.846191,4294.871582,4279.487305,4465.384766,4502.051270,4332.948730,4393.333496,1531.000000,1.000000,22.000000,,,,0.000000,2.000000,2.000000,0.000000,4.000000,2.000000,2.000000,0.000000,0.000000,4.000000,4.000000,4.000000,4.000000,4.000000,4.000000,0.000000,,,,,,,,,,,,,,,,,18.000000,0.000000,0.503788,0.469971,-0.554871,0.466309,0.984007,-0.052252,-0.055183,-35.824646,44.522285,31.049530
1732157919.335517,1732157919.337260,73.000000,0.000000,4281.794922,4267.692383,4313.333496,4294.487305,4288.846191,4283.077148,4335.897461,4402.436035,4286.410156,4277.051270,4462.436035,4499.743652,4334.615234,4390.256348,1690.000000,1.000000,22.000000,,,,0.000000,2.000000,2.000000,0.000000,4.000000,2.000000,2.000000,0.000000,0.000000,4.000000,4.000000,4.000000,4.000000,4.000000,4.000000,0.000000,,,,,,,,,,,,,,,,,,,,,,,,,,,,
1732157919.343325,1732157919.345268,74.000000,0.000000,4280.769043,4270.000000,4310.897461,4295.256348,4277.563965,4284.230957,4335.384766,4398.589844,4287.051270,4276.153809,4462.436035,4498.333496,4334.871582,4386.666504,1549.000000,1.000000,22.000000,,,,0.000000,2.000000,2.000000,0.000000,4.000000,2.000000,2.000000,0.000000,0.000000,4.000000,4.000000,4.000000,4.000000,4.000000,4.000000,0.000000,,,,,,,,,,,,,,,,,,,,,,,,,,,,
1732157919.351134,1732157919.353077,75.000000,0.000000,4281.153809,4268.333496,4310.000000,4296.922852,4256.794922,4288.461426,4335.641113,4401.538574,4296.538574,4277.820313,4462.436035,4500.641113,4334.615234,4385.384766,1566.000000,1.000000,22.000000,,,,0.000000,2.000000,2.000000,0.000000,4.000000,2.000000,2.000000,0.000000,0.000000,4.000000,4.000000,4.000000,4.000000,4.000000,4.000000,0.000000,,,,,,,,,,,,,,,,,,,,,,,,,,,,
1732157919.358942,1732157919.360985,76.000000,0.000000,4280.641113,4267.563965,4313.077148,4296.666504,4263.717773,4291.282227,4336.025879,4407.563965,4296.410156,4279.743652,4463.717773,4501.025879,4339.358887,4386.922852,1701.000000,1.000000,22.000000,,,,0.000000,2.000000,2.000000,0.000000,4.000000,2.000000,2.000000,0.000000,0.000000,4.000000,4.000000,4.000000,4.000000,4.000000,4.000000,0.000000,,,,,,,,,,,,,,,,,19.000000,0.000000,0.503815,0.469666,-0.555054,0.466370,0.966427,-0.053229,-0.048834,-35.681297,44.556385,31.108452
1732157919.366750,1732157919.368793,77.000000,0.000000,4282.051270,4270.000000,4314.743652,4296.666504,4277.307617,4290.769043,4335.897461,4404.743652,4292.051270,4279.358887,4464.743652,4499.358887,4341.794922,4387.820313,1609.000000,1.000000,22.000000,,,,0.000000,2.000000,2.000000,0.000000,4.000000,2.000000,2.000000,0.000000,0.000000,4.000000,4.000000,4.000000,4.000000,4.000000,4.000000,0.000000,,,,,,,,,,,,,,,,,,,,,,,,,,,,
1732157919.374558,1732157919.376601,78.000000,0.000000,4285.000000,4269.615234,4314.615234,4301.153809,4280.641113,4289.743652,4335.641113,4399.487305,4292.692383,4278.077148,4464.102539,4498.589844,4337.179688,4391.153809,1549.000000,1.000000,22.000000,,,,0.000000,2.000000,2.000000,0.000000,4.000000,2.000000,2.000000,0.000000,0.000000,4.000000,4.000000,4.000000,4.000000,4.000000,4.000000,0.000000,1.000000,0.000000,2.000000,0.000000,0.000000,1.000000,1.000000,1.000000,0.000000,0.000000,4.000000,4.000000,1.000000,4.000000,1.000000,4.000000,,,,,,,,,,,,
1732157919.382367,1732157919.384409,79.000000,0.000000,4283.589844,4267.051270,4314.102539,4301.282227,4279.358887,4290.128418,4335.128418,4401.282227,4289.871582,4278.461426,4463.077148,4497.692383,4333.717773,4396.282227,1566.000000,1.000000,22.000000,,,,0.000000,2.000000,2.000000,0.000000,4.000000,2.000000,2.000000,0.000000,0.000000,4.000000,4.000000,4.000000,4.000000,4.000000,4.000000,0.000000,,,,,,,,,,,,,,,,,,,,,,,,,,,,
1732157919.390175,1732157919.392317,80.000000,0.000000,4279.615234,4266.025879,4313.077148,4299.615234,4277.692383,4292.948730,4334.615234,4402.820313,4285.256348,4278.461426,4462.692383,4492.948730,4334.230957,4396.794922,1701.000000,1.000000,22.000000,,,,0.000000,2.000000,2.000000,0.000000,4.000000,2.000000,2.000000,0.000000,0.000000,4.000000,4.000000,4.000000,4.000000,4.000000,4.000000,0.000000,,,,,,,,,,,,,,,,,20.000000,0.000000,0.503701,0.469666,-0.555054,0.466492,0.966427,-0.053229,-0.048834,-35.653519,44.620670,31.094513
1732157919.397983,1732157919.400126,81.000000,0.000000,4280.512695,4264.615234,4312.948730,4299.102539,4289.230957,4288.333496,4334.615234,4400.000000,4288.974121,4277.692383,4462.692383,4490.000000,4336.922852,4396.153809,1609.000000,1.000000,22.000000,,,,0.000000,2.000000,2.000000,0.000000,4.000000,2.000000,2.000000,0.000000,0.000000,4.000000,4.000000,4.000000,4.000000,4.000000,4.000000,0.000000,,,,,,,,,,,,,,,,,,,,,,,,,,,,
1732157919.405791,1732157919.408134,82.000000,0.000000,4287.307617,4265.769043,4313.205078,4297.948730,4299.358887,4287.179688,4335.000000,4399.871582,4293.205078,4276.922852,4461.153809,4499.358887,4336.025879,4399.102539,1549.000000,1.000000,22.000000,,,,0.000000,2.000000,2.000000,0.000000,4.000000,2.000000,2.000000,0.000000,0.000000,4.000000,4.000000,4.000000,4.000000,4.000000,4.000000,0.000000,,,,,,,,,,,,,,,,,,,,,,,,,,,,
1732157919.413600,1732157919.415942,83.000000,0.000000,4293.846191,4272.307617,4310.897461,4303.461426,4277.436035,4295.256348,4335.641113,4401.538574,4288.333496,4276.153809,4464.743652,4507.051270,4332.948730,4401.666504,1566.000000,1.000000,22.000000,,,,0.000000,2.000000,2.000000,0.000000,4.000000,2.000000,2.000000,0.000000,0.000000,4.000000,4.000000,4.000000,4.000000,4.000000,4.000000,0.000000,,,,,,,,,,,,,,,,,,,,,,,,,,,,
1732157919.421408,1732157919.423650,84.000000,0.000000,4295.769043,4273.589844,4311.794922,4307.948730,4258.205078,4291.153809,4335.897461,4402.563965,4280.128418,4276.410156,4472.563965,4507.051270,4337.692383,4406.666504,1701.000000,1.000000,22.000000,,,,0.000000,2.000000,2.000000,0.000000,4.000000,2.000000,2.000000,0.000000,0.000000,4.000000,4.000000,4.000000,4.000000,4.000000,4.000000,0.000000,,,,,,,,,,,,,,,,,21.000000,0.000000,0.503588,0.469727,-0.555054,0.466553,0.970822,-0.047369,-0.061531,-35.814350,44.692745,31.298222
1732157919.429216,1732157919.431458,85.000000,0.000000,4294.487305,4269.487305,4314.871582,4299.230957,4277.051270,4278.333496,4335.769043,4401.410156,4281.153809,4273.461426,4472.948730,4505.512695,4343.205078,4412.563965,1609.000000,1.000000,22.000000,,,,0.000000,2.000000,2.000000,0.000000,4.000000,2.000000,2.000000,0.000000,0.000000,4.000000,4.000000,4.000000,4.000000,4.000000,4.000000,0.000000,,,,,,,,,,,,,,,,,,,,,,,,,,,,
1732157919.437024,1732157919.439067,86.000000,0.000000,4293.974121,4268.333496,4312.563965,4292.692383,4287.820313,4276.538574,4335.769043,4400.512695,4283.846191,4270.897461,4469.230957,4505.128418,4341.153809,4411.025879,1549.000000,1.000000,22.000000,,,,0.000000,2.000000,2.000000,0.000000,4.000000,2.000000,2.000000,0.000000,0.000000,4.000000,4.000000,4.000000,4.000000,4.000000,4.000000,0.000000,,,,,,,,,,,,,,,,,,,,,,,,,,,,
1732157919.444833,1732157919.446875,87.000000,0.000000,4296.282227,4273.589844,4311.153809,4303.077148,4263.589844,4282.948730,4335.897461,4400.897461,4283.717773,4277.051270,4472.436035,4506.666504,4343.846191,4412.692383,1566.000000,1.000000,22.000000,,,,0.000000,2.000000,2.000000,0.000000,4.000000,2.000000,2.000000,0.000000,0.000000,4.000000,4.000000,4.000000,4.000000,4.000000,4.000000,0.000000,,,,,,,,,,,,,,,,,,,,,,,,,,,,
1732157919.452641,1732157919.454583,88.000000,0.000000,4298.717773,4277.948730,4313.846191,4306.410156,4256.794922,4282.692383,4335.897461,4401.538574,4288.461426,4282.692383,4475.769043,4506.410156,4348.974121,4413.974121,1701.000000,1.000000,22.000000,,,,0.000000,2.000000,2.000000,0.000000,4.000000,2.000000,2.000000,0.000000,0.000000,4.000000,4.000000,4.000000,4.000000,4.000000,4.000000,0.000000,,,,,,,,,,,,,,,,,22.000000,0.000000,0.503645,0.469666,-0.555054,0.466553,0.976193,-0.042974,-0.040044,-35.834621,44.627789,31.414894
1732157919.460449,1732157919.462391,89.000000,0.000000,4298.077148,4277.179688,4311.666504,4297.307617,4273.461426,4281.666504,4335.641113,4401.538574,4297.179688,4279.487305,4473.717773,4505.384766,4344.743652,4407.948730,1609.000000,1.000000,22.000000,,,,0.000000,2.000000,2.000000,0.000000,4.000000,2.000000,2.000000,0.000000,0.000000,4.000000,4.000000,4.000000,4.000000,4.000000,4.000000,0.000000,,,,,,,,,,,,,,,,,,,,,,,,,,,,
1732157919.468257,1732157919.470000,90.000000,0.000000,4295.000000,4276.282227,4309.230957,4296.922852,4276.794922,4283.205078,4336.025879,4401.922852,4294.871582,4278.846191,4473.333496,4504.487305,4340.384766,4407.051270,1549.000000,1.000000,22.000000,,,,0.000000,2.000000,2.000000,0.000000,4.000000,2.000000,2.000000,0.000000,0.000000,4.000000,4.000000,4.000000,4.000000,4.000000,4.000000,0.000000,,,,,,,,,,,,,,,,,,,,,,,,,,,,
1732157919.476066,1732157919.477808,91.000000,0.000000,4293.461426,4275.256348,4311.025879,4296.410156,4285.000000,4281.025879,4336.538574,4402.692383,4285.384766,4280.512695,4472.179688,4504.230957,4342.179688,4405.897461,1566.000000,1.000000,22.000000,,,,0.000000,2.000000,2.000000,0.000000,4.000000,2.000000,2.000000,0.000000,0.000000,4.000000,4.000000,4.000000,4.000000,4.000000,4.000000,0.000000,,,,,,,,,,,,,,,,,,,,,,,,,,,,
1732157919.483874,1732157919.485516,92.000000,0.000000,4293.461426,4273.333496,4312.179688,4294.102539,4290.897461,4279.615234,4336.153809,4402.820313,4285.897461,4276.922852,4470.128418,4505.641113,4341.282227,4401.025879,1701.000000,1.000000,22.000000,,,,0.000000,2.000000,2.000000,0.000000,4.000000,2.000000,2.000000,0.000000,0.000000,4.000000,4.000000,4.000000,4.000000,4.000000,4.000000,0.000000,,,,,,,,,,,,,,,,,23.000000,0.000000,0.503727,0.469421,-0.555237,0.466492,0.979612,-0.051764,-0.060554,-35.799377,44.818508,31.344397
1732157919.491682,1732157919.493325,93.000000,0.000000,4296.025879,4273.974121,4312.692383,4299.487305,4266.538574,4279.102539,4335.641113,4401.666504,4295.769043,4277.948730,4473.974121,4508.846191,4341.025879,4405.641113,1609.000000,1.000000,22.000000,,,,0.000000,2.000000,2.000000,0.000000,4.000000,2.000000,2.000000,0.000000,0.000000,4.000000,4.000000,4.000000,4.000000,4.000000,4.000000,0.000000,,,,,,,,,,,,,,,,,,,,,,,,,,,,
1732157919.499490,1732157919.501333,94.000000,0.000000,4297.436035,4275.641113,4314.230957,4303.461426,4263.589844,4280.000000,4335.769043,4401.282227,4300.384766,4282.179688,4473.846191,4507.307617,4343.589844,4408.333496,1549.000000,1.000000,22.000000,,,,0.000000,2.000000,2.000000,0.000000,4.000000,2.000000,2.000000,0.000000,0.000000,4.000000,4.000000,4.000000,4.000000,4.000000,4.000000,0.000000,,,,,,,,,,,,,,,,,,,,,,,,,,,,
1732157919.507299,1732157919.509141,95.000000,0.000000,4294.102539,4274.358887,4314.487305,4299.102539,4286.282227,4280.000000,4335.512695,4401.922852,4290.000000,4278.846191,4467.179688,4504.743652,4343.846191,4399.487305,1566.000000,1.000000,22.000000,,,,0.000000,2.000000,2.000000,0.000000,4.000000,2.000000,2.000000,0.000000,0.000000,4.000000,4.000000,4.000000,4.000000,4.000000,4.000000,0.000000,,,,,,,,,,,,,,,,,,,,,,,,,,,,
1732157919.515107,1732157919.517049,96.000000,0.000000,4293.461426,4276.410156,4313.717773,4297.051270,4272.563965,4280.384766,4334.487305,4400.769043,4280.769043,4276.025879,4468.461426,4507.692383,4342.692383,4401.538574,1701.000000,1.000000,22.000000,,,,0.000000,2.000000,2.000000,0.000000,4.000000,2.000000,2.000000,0.000000,0.000000,4.000000,4.000000,4.000000,4.000000,4.000000,4.000000,0.000000,,,,,,,,,,,,,,,,,24.000000,0.000000,0.503727,0.469421,-0.555237,0.466492,0.977658,-0.033207,-0.050787,-35.845829,45.047993,31.287294
1732157919.522915,1732157919.524857,97.000000,0.000000,4296.922852,4279.871582,4314.615234,4300.256348,4255.512695,4281.410156,4334.743652,4400.769043,4287.179688,4279.102539,4474.487305,4508.846191,4342.179688,4412.563965,1609.000000,1.000000,22.000000,,,,0.000000,2.000000,2.000000,0.000000,4.000000,2.000000,2.000000,0.000000,0.000000,4.000000,4.000000,4.000000,4.000000,4.000000,4.000000,0.000000,,,,,,,,,,,,,,,,,,,,,,,,,,,,
1732157919.530723,1732157919.532466,98.000000,0.000000,4297.563965,4278.717773,4312.307617,4300.384766,4270.641113,4281.025879,4336.153809,4402.692383,4296.025879,4280.256348,4474.358887,4508.333496,4342.436035,4408.717773,1549.000000,1.000000,22.000000,,,,0.000000,2.000000,2.000000,0.000000,4.000000,2.000000,2.000000,0.000000,0.000000,4.000000,4.000000,4.000000,4.000000,4.000000,4.000000,0.000000,,,,,,,,,,,,,,,,,,,,,,,,,,,,
1732157919.538532,1732157919.540274,99.000000,0.000000,4296.153809,4277.179688,4310.512695,4300.897461,4275.256348,4281.025879,4336.538574,4403.205078,4295.256348,4277.692383,4472.051270,4507.692383,4344.102539,4404.871582,1566.000000,1.000000,22.000000,,,,0.000000,2.000000,2.000000,0.000000,4.000000,2.000000,2.000000,0.000000,0.000000,4.000000,4.000000,4.000000,4.000000,4.000000,4.000000,0.000000,,,,,,,,,,,,,,,,,,,,,,,,,,,,
1732157919.546340,1732157919.548182,100.000000,0.000000,4293.974121,4278.461426,4313.717773,4299.358887,4271.922852,4281.666504,4335.897461,4401.794922,4291.538574,4278.717773,4473.461426,4506.282227,4346.538574,4410.384766,1701.000000,1.000000,22.000000,,,,0.000000,2.000000,2.000000,0.000000,4.000000,2.000000,2.000000,0.000000,0.000000,4.000000,4.000000,4.000000,4.000000,4.000000,4.000000,0.000000,,,,,,,,,,,,,,,,,25.000000,0.000000,0.503784,0.469421,-0.555237,0.466431,0.971310,-0.039556,-0.060066,-35.711788,45.098873,31.309376
1732157919.554148,1732157919.555990,101.000000,0.000000,4294.102539,4279.743652,4314.615234,4299.358887,4274.487305,4280.256348,4335.512695,4402.051270,4292.820313,4281.153809,4476.410156,4510.000000,4351.538574,4413.333496,1609.000000,1.000000,22.000000,,,,0.000000,2.000000,2.000000,0.000000,4.000000,2.000000,2.000000,0.000000,0.000000,4.000000,4.000000,4.000000,4.000000,4.000000,4.000000,0.000000,,,,,,,,,,,,,,,,,,,,,,,,,,,,
1732157919.561956,1732157919.563598,102.000000,0.000000,4296.922852,4278.846191,4310.128418,4302.692383,4280.769043,4276.794922,4335.641113,4403.205078,4291.922852,4272.179688,4475.641113,4512.307617,4352.563965,4412.051270,1549.000000,1.000000,22.000000,,,,0.000000,2.000000,2.000000,0.000000,4.000000,2.000000,2.000000,0.000000,0.000000,4.000000,4.000000,4.000000,4.000000,4.000000,4.000000,0.000000,,,,,,,,,,,,,,,,,,,,,,,,,,,,
1732157919.569765,1732157919.571407,103.000000,0.000000,4298.205078,4279.230957,4311.153809,4302.948730,4291.153809,4276.538574,4335.000000,4403.461426,4291.922852,4265.256348,4472.563965,4507.563965,4346.025879,4412.563965,1566.000000,1.000000,22.000000,,,,0.000000,2.000000,2.000000,0.000000,4.000000,2.000000,2.000000,0.000000,0.000000,4.000000,4.000000,4.000000,4.000000,4.000000,4.000000,0.000000,,,,,,,,,,,,,,,,,,,,,,,,,,,,
1732157919.577573,1732157919.579315,104.000000,0.000000,4300.128418,4281.153809,4313.333496,4302.307617,4281.794922,4278.974121,4333.846191,4402.179688,4293.974121,4273.333496,4472.692383,4505.769043,4343.846191,4415.384766,1701.000000,1.000000,22.000000,,,,0.000000,2.000000,2.000000,0.000000,4.000000,2.000000,2.000000,0.000000,0.000000,4.000000,4.000000,4.000000,4.000000,4.000000,4.000000,0.000000,,,,,,,,,,,,,,,,,26.000000,0.000000,0.503727,0.469421,-0.555237,0.466492,0.981077,-0.046392,-0.050299,-35.848217,45.048420,31.218927
1732157919.585381,1732157919.587123,105.000000,0.000000,4302.179688,4279.358887,4311.794922,4300.384766,4258.333496,4279.487305,4334.230957,4400.128418,4292.179688,4274.102539,4476.025879,4513.333496,4349.230957,4416.025879,1609.000000,1.000000,22.000000,,,,0.000000,2.000000,2.000000,0.000000,4.000000,2.000000,2.000000,0.000000,0.000000,4.000000,4.000000,4.000000,4.000000,4.000000,4.000000,0.000000,,,,,,,,,,,,,,,,,,,,,,,,,,,,
1732157919.593189,1732157919.595131,106.000000,0.000000,4298.589844,4277.051270,4311.410156,4300.000000,4259.102539,4278.846191,4335.256348,4399.615234,4291.922852,4266.410156,4476.282227,4516.410156,4351.153809,4415.769043,1549.000000,1.000000,22.000000,,,,0.000000,2.000000,2.000000,0.000000,4.000000,2.000000,2.000000,0.000000,0.000000,4.000000,4.000000,4.000000,4.000000,4.000000,4.000000,0.000000,,,,,,,,,,,,,,,,,,,,,,,,,,,,
1732157919.600998,1732157919.602939,107.000000,0.000000,4294.230957,4277.692383,4312.692383,4301.025879,4272.051270,4279.102539,4335.769043,4401.025879,4293.846191,4269.743652,4475.512695,4509.871582,4349.743652,4414.487305,1566.000000,1.000000,22.000000,,,,0.000000,2.000000,2.000000,0.000000,4.000000,2.000000,2.000000,0.000000,0.000000,4.000000,4.000000,4.000000,4.000000,4.000000,4.000000,0.000000,,,,,,,,,,,,,,,,,,,,,,,,,,,,
1732157919.608806,1732157919.610847,108.000000,0.000000,4295.000000,4277.436035,4314.358887,4300.000000,4265.897461,4279.358887,4336.153809,4400.769043,4293.589844,4276.153809,4475.256348,4507.307617,4349.615234,4413.846191,1701.000000,1.000000,22.000000,,,,0.000000,2.000000,2.000000,0.000000,4.000000,2.000000,2.000000,0.000000,0.000000,4.000000,4.000000,4.000000,4.000000,4.000000,4.000000,0.000000,,,,,,,,,,,,,,,,,27.000000,0.000000,0.503589,0.469604,-0.555054,0.466675,0.973752,-0.049811,-0.066414,-35.937054,45.107555,31.078999
1732157919.616614,1732157919.618655,109.000000,0.000000,4295.769043,4277.051270,4315.000000,4296.794922,4267.051270,4279.102539,4336.153809,4399.358887,4292.436035,4274.615234,4474.230957,4508.846191,4347.692383,4415.512695,1609.000000,1.000000,22.000000,,,,0.000000,2.000000,2.000000,0.000000,4.000000,2.000000,2.000000,0.000000,0.000000,4.000000,4.000000,4.000000,4.000000,4.000000,4.000000,0.000000,,,,,,,,,,,,,,,,,,,,,,,,,,,,
1732157919.624422,1732157919.626663,110.000000,0.000000,4293.205078,4278.077148,4313.077148,4295.256348,4286.153809,4279.102539,4334.871582,4402.436035,4293.077148,4275.000000,4475.512695,4502.692383,4348.846191,4410.512695,1549.000000,1.000000,22.000000,,,,0.000000,2.000000,2.000000,0.000000,4.000000,2.000000,2.000000,0.000000,0.000000,4.000000,4.000000,4.000000,4.000000,4.000000,4.000000,0.000000,,,,,,,,,,,,,,,,,,,,,,,,,,,,
1732157919.632231,1732157919.634472,111.000000,0.000000,4290.128418,4277.692383,4311.666504,4296.410156,4288.846191,4279.102539,4334.743652,4403.717773,4293.846191,4277.820313,4475.897461,4496.538574,4350.000000,4400.128418,1566.000000,1.000000,22.000000,,,,0.000000,2.000000,2.000000,0.000000,4.000000,2.000000,2.000000,0.000000,0.000000,4.000000,4.000000,4.000000,4.000000,4.000000,4.000000,0.000000,,,,,,,,,,,,,,,,,,,,,,,,,,,,
1732157919.640039,1732157919.642380,112.000000,0.000000,4289.871582,4276.410156,4312.692383,4295.641113,4267.436035,4279.102539,4335.769043,4400.384766,4294.871582,4276.794922,4474.615234,4502.563965,4344.743652,4401.282227,1701.000000,1.000000,22.000000,,,,0.000000,2.000000,2.000000,0.000000,4.000000,2.000000,2.000000,0.000000,0.000000,4.000000,4.000000,4.000000,4.000000,4.000000,4.000000,0.000000,,,,,,,,,,,,,,,,,28.000000,0.000000,0.503589,0.469604,-0.555054,0.466675,0.970822,-0.043951,-0.056648,-35.844013,45.080452,30.965654
1732157919.647847,1732157919.650188,113.000000,0.000000,4295.000000,4277.051270,4311.922852,4296.282227,4255.769043,4279.102539,4334.743652,4398.333496,4297.179688,4279.230957,4478.077148,4506.538574,4345.641113,4411.922852,1609.000000,1.000000,22.000000,,,,0.000000,2.000000,2.000000,0.000000,4.000000,2.000000,2.000000,0.000000,0.000000,4.000000,4.000000,4.000000,4.000000,4.000000,4.000000,0.000000,,,,,,,,,,,,,,,,,,,,,,,,,,,,
1732157919.655655,1732157919.657796,114.000000,0.000000,4297.948730,4277.820313,4309.871582,4295.641113,4275.512695,4279.102539,4334.358887,4400.128418,4297.563965,4280.384766,4480.000000,4502.948730,4352.179688,4413.974121,1549.000000,1.000000,22.000000,,,,0.000000,2.000000,2.000000,0.000000,4.000000,2.000000,2.000000,0.000000,0.000000,4.000000,4.000000,4.000000,4.000000,4.000000,4.000000,0.000000,,,,,,,,,,,,,,,,,,,,,,,,,,,,
1732157919.663463,1732157919.665605,115.000000,0.000000,4297.051270,4278.077148,4309.743652,4296.922852,4284.615234,4279.102539,4335.897461,4403.717773,4297.307617,4277.820313,4482.051270,4504.615234,4351.922852,4411.666504,1566.000000,1.000000,22.000000,,,,0.000000,2.000000,2.000000,0.000000,4.000000,2.000000,2.000000,0.000000,0.000000,4.000000,4.000000,4.000000,4.000000,4.000000,4.000000,0.000000,,,,,,,,,,,,,,,,,,,,,,,,,,,,
1732157919.671272,1732157919.673513,116.000000,0.000000,4297.948730,4279.487305,4311.282227,4303.077148,4268.589844,4279.102539,4336.410156,4401.666504,4296.538574,4278.205078,4488.461426,4507.692383,4349.743652,4415.641113,1701.000000,1.000000,22.000000,,,,0.000000,2.000000,2.000000,0.000000,4.000000,2.000000,2.000000,0.000000,0.000000,4.000000,4.000000,4.000000,4.000000,4.000000,4.000000,0.000000,,,,,,,,,,,,,,,,,29.000000,0.000000,0.503429,0.469727,-0.554993,0.466797,0.975217,-0.055183,-0.049322,-35.771984,44.870167,31.015514
1732157919.679080,1732157919.681321,117.000000,0.000000,4299.230957,4280.897461,4314.102539,4306.025879,4261.666504,4279.102539,4335.897461,4398.461426,4293.974121,4281.666504,4488.846191,4507.307617,4351.666504,4419.615234,1609.000000,1.000000,22.000000,,,,0.000000,2.000000,2.000000,0.000000,4.000000,2.000000,2.000000,0.000000,0.000000,4.000000,4.000000,4.000000,4.000000,4.000000,4.000000,0.000000,,,,,,,,,,,,,,,,,,,,,,,,,,,,
1732157919.686888,1732157919.689329,118.000000,0.000000,4297.692383,4277.563965,4313.205078,4300.641113,4263.333496,4279.102539,4336.025879,4402.948730,4298.333496,4283.589844,4481.794922,4508.589844,4352.051270,4418.974121,1549.000000,1.000000,22.000000,,,,0.000000,2.000000,2.000000,0.000000,4.000000,2.000000,2.000000,0.000000,0.000000,4.000000,4.000000,4.000000,4.000000,4.000000,4.000000,0.000000,,,,,,,,,,,,,,,,,,,,,,,,,,,,
1732157919.694697,1732157919.697137,119.000000,0.000000,4296.025879,4274.743652,4310.128418,4296.025879,4271.794922,4278.846191,4336.153809,4406.922852,4298.589844,4280.128418,4478.205078,4508.717773,4349.358887,4415.512695,1566.000000,1.000000,22.000000,,,,0.000000,2.000000,2.000000,0.000000,4.000000,2.000000,2.000000,0.000000,0.000000,4.000000,4.000000,4.000000,4.000000,4.000000,4.000000,0.000000,,,,,,,,,,,,,,,,,,,,,,,,,,,,
1732157919.702505,1732157919.705045,120.000000,0.000000,4295.641113,4278.205078,4311.666504,4297.179688,4286.666504,4279.358887,4336.025879,4401.666504,4285.897461,4277.051270,4477.051270,4505.128418,4346.538574,4411.410156,1701.000000,1.000000,22.000000,,,,0.000000,2.000000,2.000000,0.000000,4.000000,2.000000,2.000000,0.000000,0.000000,4.000000,4.000000,4.000000,4.000000,4.000000,4.000000,0.000000,,,,,,,,,,,,,,,,,30.000000,0.000000,0.503352,0.469604,-0.555115,0.466858,0.985472,-0.045416,-0.066414,-35.793640,44.759834,31.080900
1732157919.710313,1732157919.712853,121.000000,0.000000,4293.461426,4279.615234,4312.820313,4297.563965,4282.051270,4279.230957,4336.025879,4397.948730,4284.871582,4278.717773,4474.743652,4499.871582,4344.743652,4410.128418,1609.000000,1.000000,22.000000,,,,0.000000,2.000000,2.000000,0.000000,4.000000,2.000000,2.000000,0.000000,0.000000,4.000000,4.000000,4.000000,4.000000,4.000000,4.000000,0.000000,,,,,,,,,,,,,,,,,,,,,,,,,,,,
1732157919.718121,1732157919.720861,122.000000,0.000000,4291.153809,4274.615234,4312.436035,4295.000000,4263.333496,4278.205078,4335.897461,4401.410156,4295.641113,4279.615234,4476.025879,4498.333496,4345.641113,4412.692383,1549.000000,1.000000,22.000000,,,,0.000000,2.000000,2.000000,0.000000,4.000000,2.000000,2.000000,0.000000,0.000000,4.000000,4.000000,4.000000,4.000000,4.000000,4.000000,0.000000,,,,,,,,,,,,,,,,,,,,,,,,,,,,
1732157919.725930,1732157919.728670,123.000000,0.000000,4293.974121,4274.487305,4312.051270,4296.922852,4263.077148,4280.256348,4335.897461,4402.692383,4296.794922,4277.692383,4477.563965,4497.563965,4344.871582,4411.410156,1566.000000,1.000000,22.000000,,,,0.000000,2.000000,2.000000,0.000000,4.000000,2.000000,2.000000,0.000000,0.000000,4.000000,4.000000,4.000000,4.000000,4.000000,4.000000,0.000000,,,,,,,,,,,,,,,,,,,,,,,,,,,,
1732157919.733738,1732157919.736578,124.000000,0.000000,4296.922852,4278.974121,4312.563965,4302.692383,4269.871582,4282.820313,4336.538574,4402.051270,4293.846191,4276.794922,4475.512695,4499.102539,4343.717773,4407.563965,1701.000000,1.000000,22.000000,,,,0.000000,2.000000,2.000000,0.000000,4.000000,2.000000,2.000000,0.000000,0.000000,4.000000,4.000000,4.000000,4.000000,4.000000,4.000000,0.000000,,,,,,,,,,,,,,,,,31.000000,0.000000,0.503352,0.469604,-0.555115,0.466858,0.977658,-0.051276,-0.056159,-36.054516,44.710464,31.033861
1732157919.741546,1732157919.744386,125.000000,0.000000,4295.000000,4278.589844,4313.333496,4301.410156,4280.641113,4281.794922,4335.641113,4401.922852,4295.128418,4277.692383,4475.512695,4498.846191,4342.692383,4406.410156,1609.000000,1.000000,22.000000,,,,0.000000,2.000000,2.000000,0.000000,4.000000,2.000000,2.000000,0.000000,0.000000,4.000000,4.000000,4.000000,4.000000,4.000000,4.000000,0.000000,,,,,,,,,,,,,,,,,,,,,,,,,,,,
1732157919.749354,1732157919.752394,126.000000,0.000000,4292.820313,4276.666504,4312.051270,4295.384766,4294.487305,4281.282227,4335.897461,4401.922852,4295.512695,4277.948730,4476.025879,4499.358887,4340.128418,4406.666504,1549.000000,1.000000,22.000000,,,,0.000000,2.000000,2.000000,0.000000,4.000000,2.000000,2.000000,0.000000,0.000000,4.000000,4.000000,4.000000,4.000000,4.000000,4.000000,0.000000,,,,,,,,,,,,,,,,,,,,,,,,,,,,
1732157919.757162,1732157919.760202,127.000000,0.000000,4294.487305,4277.436035,4311.538574,4298.205078,4278.846191,4283.077148,4338.333496,4401.794922,4296.794922,4279.230957,4475.512695,4501.025879,4340.256348,4407.948730,22.000000,1.000000,22.000000,,,,0.000000,2.000000,2.000000,0.000000,4.000000,2.000000,2.000000,0.000000,0.000000,4.000000,4.000000,4.000000,4.000000,4.000000,4.000000,0.000000,,,,,,,,,,,,,,,,,,,,,,,,,,,,
1732157919.764971,1732157919.767911,0.000000,0.000000,4298.589844,4277.948730,4313.974121,4302.820313,4255.897461,4282.051270,4337.563965,4400.512695,4297.948730,4279.871582,4475.256348,4498.461426,4342.307617,4410.897461,0.000000,1.000000,22.000000,,,,0.000000,2.000000,2.000000,0.000000,4.000000,2.000000,2.000000,0.000000,0.000000,4.000000,4.000000,4.000000,4.000000,4.000000,4.000000,0.000000,,,,,,,,,,,,,,,,,0.000000,0.000000,0.503455,0.469482,-0.555176,0.466797,0.986937,-0.062508,-0.060066,-36.027493,44.715477,31.202429
1732157919.772779,1732157919.775719,1.000000,0.000000,4305.897461,4277.948730,4315.384766,4302.692383,4267.563965,4281.025879,4335.128418,4401.282227,4294.358887,4276.922852,4475.897461,4496.025879,4341.794922,4412.820313,1599.000000,1.000000,22.000000,,,,0.000000,2.000000,2.000000,0.000000,4.000000,2.000000,2.000000,0.000000,0.000000,4.000000,4.000000,4.000000,4.000000,4.000000,4.000000,0.000000,,,,,,,,,,,,,,,,,,,,,,,,,,,,
1732157919.780587,1732157919.783327,2.000000,0.000000,4307.051270,4278.589844,4312.692383,4300.641113,4275.384766,4281.538574,4335.769043,4401.538574,4296.410156,4276.666504,4476.410156,4494.743652,4341.410156,4413.589844,1366.000000,1.000000,22.000000,,,,0.000000,2.000000,2.000000,0.000000,4.000000,2.000000,2.000000,0.000000,0.000000,4.000000,4.000000,4.000000,4.000000,4.000000,4.000000,0.000000,,,,,,,,,,,,,,,,,,,,,,,,,,,,
1732157919.788396,1732157919.791135,3.000000,0.000000,4301.282227,4278.589844,4312.820313,4301.410156,4267.179688,4280.256348,4337.051270,4400.512695,4298.846191,4278.846191,4476.666504,4486.922852,4342.307617,4418.974121,1421.000000,1.000000,22.000000,,,,0.000000,2.000000,2.000000,0.000000,4.000000,2.000000,2.000000,0.000000,0.000000,4.000000,4.000000,4.000000,4.000000,4.000000,4.000000,0.000000,,,,,,,,,,,,,,,,,,,,,,,,,,,,
1732157919.796204,1732157919.798844,4.000000,0.000000,4300.384766,4277.563965,4314.230957,4303.717773,4285.512695,4280.128418,4335.769043,4400.897461,4294.230957,4278.846191,4477.179688,4474.487305,4341.538574,4421.282227,1426.000000,1.000000,22.000000,,,,0.000000,2.000000,2.000000,0.000000,4.000000,2.000000,2.000000,0.000000,0.000000,4.000000,4.000000,4.000000,4.000000,4.000000,4.000000,0.000000,,,,,,,,,,,,,,,,,1.000000,0.000000,0.503743,0.469055,-0.555481,0.466553,0.986449,-0.043951,-0.055183,-36.243935,44.832870,31.353968
1732157919.804012,1732157919.806652,5.000000,0.000000,4303.974121,4277.563965,4312.948730,4305.641113,4297.436035,4281.538574,4334.743652,4402.307617,4295.641113,4278.461426,4477.436035,4469.615234,4340.512695,4419.615234,1210.000000,1.000000,22.000000,,,,0.000000,2.000000,2.000000,0.000000,4.000000,2.000000,2.000000,0.000000,0.000000,4.000000,4.000000,4.000000,4.000000,4.000000,4.000000,0.000000,,,,,,,,,,,,,,,,,,,,,,,,,,,,
1732157919.811820,1732157919.814260,6.000000,0.000000,4307.692383,4279.615234,4312.692383,4308.461426,4271.282227,4281.794922,4335.384766,4401.666504,4301.794922,4279.743652,4482.051270,4467.948730,4342.436035,4424.230957,0.000000,1.000000,22.000000,,,,0.000000,2.000000,2.000000,0.000000,4.000000,2.000000,2.000000,0.000000,0.000000,4.000000,4.000000,4.000000,4.000000,4.000000,4.000000,0.000000,,,,,,,,,,,,,,,,,,,,,,,,,,,,
1732157919.819629,1732157919.822069,7.000000,0.000000,4308.717773,4281.282227,4313.974121,4311.538574,4260.000000,4281.538574,4336.794922,4401.410156,4301.153809,4281.538574,4489.358887,4467.692383,4343.846191,4428.077148,0.000000,1.000000,22.000000,,,,0.000000,2.000000,2.000000,0.000000,4.000000,2.000000,2.000000,0.000000,0.000000,4.000000,4.000000,4.000000,4.000000,4.000000,4.000000,0.000000,,,,,,,,,,,,,,,,,,,,,,,,,,,,
1732157919.827437,1732157919.829977,8.000000,0.000000,4304.871582,4278.974121,4313.846191,4311.282227,4272.692383,4282.051270,4336.410156,4401.153809,4295.897461,4281.538574,4489.102539,4469.487305,4342.948730,4422.179688,1531.000000,1.000000,22.000000,,,,0.000000,2.000000,2.000000,0.000000,4.000000,2.000000,2.000000,0.000000,0.000000,4.000000,4.000000,4.000000,4.000000,4.000000,4.000000,0.000000,,,,,,,,,,,,,,,,,2.000000,0.000000,0.503799,0.468994,-0.555481,0.466553,0.985472,-0.052252,-0.056648,-36.102589,44.877956,31.393379
1732157919.835245,1732157919.837785,9.000000,0.000000,4298.846191,4277.179688,4315.256348,4308.974121,4281.666504,4282.307617,4335.769043,4400.256348,4291.410156,4277.051270,4482.436035,4463.717773,4341.282227,4414.230957,1690.000000,1.000000,22.000000,,,,0.000000,2.000000,2.000000,0.000000,4.000000,2.000000,2.000000,0.000000,0.000000,4.000000,4.000000,4.000000,4.000000,4.000000,4.000000,0.000000,,,,,,,,,,,,,,,,,,,,,,,,,,,,
1732157919.843053,1732157919.845793,10.000000,0.000000,4297.692383,4280.512695,4317.692383,4310.128418,4291.025879,4282.179688,4339.743652,4399.358887,4291.666504,4275.000000,4478.333496,4456.922852,4341.410156,4413.717773,1549.000000,1.000000,22.000000,,,,0.000000,2.000000,2.000000,0.000000,4.000000,2.000000,2.000000,0.000000,0.000000,4.000000,4.000000,4.000000,4.000000,4.000000,4.000000,0.000000,,,,,,,,,,,,,,,,,,,,,,,,,,,,
1732157919.850861,1732157919.853601,11.000000,0.000000,4297.051270,4282.051270,4315.769043,4308.974121,4289.871582,4282.436035,4341.282227,4399.358887,4296.410156,4279.358887,4476.794922,4460.384766,4340.256348,4413.846191,1566.000000,1.000000,22.000000,,,,0.000000,2.000000,2.000000,0.000000,4.000000,2.000000,2.000000,0.000000,0.000000,4.000000,4.000000,4.000000,4.000000,4.000000,4.000000,0.000000,,,,,,,,,,,,,,,,,,,,,,,,,,,,
1732157919.858670,1732157919.861309,12.000000,0.000000,4295.384766,4279.230957,4311.794922,4304.487305,4268.717773,4280.384766,4335.256348,4400.384766,4298.589844,4281.538574,4480.512695,4466.410156,4342.307617,4412.563965,1701.000000,1.000000,22.000000,,,,0.000000,2.000000,2.000000,0.000000,4.000000,2.000000,2.000000,0.000000,0.000000,4.000000,4.000000,4.000000,4.000000,4.000000,4.000000,0.000000,,,,,,,,,,,,,,,,,3.000000,0.000000,0.503789,0.468933,-0.555542,0.466553,0.985472,-0.052252,-0.056648,-36.084763,44.972813,31.553638
1732157919.866478,1732157919.869118,13.000000,0.000000,4297.692383,4278.589844,4310.641113,4306.922852,4260.128418,4281.794922,4332.948730,4401.282227,4296.153809,4282.179688,4489.615234,4466.025879,4350.000000,4413.974121,1606.000000,1.000000,22.000000,,,,0.000000,2.000000,2.000000,0.000000,4.000000,2.000000,2.000000,0.000000,0.000000,4.000000,4.000000,4.000000,4.000000,4.000000,4.000000,0.000000,,,,,,,,,,,,,,,,,,,,,,,,,,,,
1732157919.874286,1732157919.876726,14.000000,0.000000,4296.922852,4278.461426,4313.589844,4309.871582,4277.692383,4287.436035,4336.794922,4402.307617,4296.410156,4285.384766,4489.358887,4463.717773,4351.282227,4414.487305,1549.000000,1.000000,22.000000,,,,0.000000,2.000000,2.000000,0.000000,4.000000,2.000000,2.000000,0.000000,0.000000,4.000000,4.000000,4.000000,4.000000,4.000000,4.000000,0.000000,1.000000,0.000000,2.000000,0.000000,0.000000,1.000000,1.000000,1.000000,0.000000,0.000000,4.000000,4.000000,1.000000,4.000000,1.000000,4.000000,,,,,,,,,,,,
1732157919.882095,1732157919.884534,15.000000,0.000000,4293.589844,4275.512695,4315.384766,4302.563965,4295.384766,4287.820313,4337.307617,4401.153809,4297.948730,4284.615234,4479.871582,4457.948730,4343.205078,4412.820313,1566.000000,1.000000,22.000000,,,,0.000000,2.000000,2.000000,0.000000,4.000000,2.000000,2.000000,0.000000,0.000000,4.000000,4.000000,4.000000,4.000000,4.000000,4.000000,0.000000,,,,,,,,,,,,,,,,,,,,,,,,,,,,
1732157919.889903,1732157919.892242,16.000000,0.000000,4293.205078,4275.897461,4311.410156,4298.077148,4288.846191,4282.436035,4335.128418,4398.589844,4294.615234,4280.512695,4475.512695,4455.128418,4338.717773,4408.077148,0.000000,1.000000,22.000000,,,,0.000000,2.000000,2.000000,0.000000,4.000000,2.000000,2.000000,0.000000,0.000000,4.000000,4.000000,4.000000,4.000000,4.000000,4.000000,0.000000,,,,,,,,,,,,,,,,,4.000000,0.000000,0.503916,0.468689,-0.555786,0.466370,0.970822,-0.048834,-0.057136,-36.036991,44.991310,31.616779
1732157919.897711,1732157919.900051,17.000000,0.000000,4295.512695,4277.307617,4310.256348,4305.897461,4262.307617,4278.717773,4335.384766,4401.410156,4292.692383,4281.538574,4476.153809,4459.230957,4340.769043,4401.153809,0.000000,1.000000,22.000000,,,,0.000000,2.000000,2.000000,0.000000,4.000000,2.000000,2.000000,0.000000,0.000000,4.000000,4.000000,4.000000,4.000000,4.000000,4.000000,0.000000,,,,,,,,,,,,,,,,,,,,,,,,,,,,
1732157919.905519,1732157919.907659,18.000000,0.000000,4295.384766,4271.794922,4314.358887,4304.871582,4258.846191,4284.487305,4335.384766,4404.615234,4295.641113,4282.948730,4474.743652,4460.128418,4340.641113,4396.282227,0.000000,1.000000,22.000000,,,,0.000000,2.000000,2.000000,0.000000,4.000000,2.000000,2.000000,0.000000,0.000000,4.000000,4.000000,4.000000,4.000000,4.000000,4.000000,0.000000,,,,,,,,,,,,,,,,,,,,,,,,,,,,
1732157919.913328,1732157919.915467,19.000000,0.000000,4293.077148,4263.974121,4314.358887,4294.358887,4279.102539,4292.436035,4334.743652,4402.948730,4299.230957,4280.641113,4472.436035,4454.871582,4339.230957,4397.820313,0.000000,1.000000,22.000000,,,,0.000000,2.000000,2.000000,0.000000,4.000000,2.000000,2.000000,0.000000,0.000000,4.000000,4.000000,4.000000,4.000000,4.000000,4.000000,0.000000,,,,,,,,,,,,,,,,,,,,,,,,,,,,
1732157919.921136,1732157919.923375,20.000000,0.000000,4292.563965,4265.641113,4314.102539,4295.512695,4273.846191,4289.871582,4334.871582,4402.179688,4299.871582,4281.282227,4472.051270,4454.102539,4340.384766,4398.461426,0.000000,1.000000,22.000000,,,,0.000000,2.000000,2.000000,0.000000,4.000000,2.000000,2.000000,0.000000,0.000000,4.000000,4.000000,4.000000,4.000000,4.000000,4.000000,0.000000,,,,,,,,,,,,,,,,,5.000000,0.000000,0.504065,0.468506,-0.555908,0.466248,0.968868,-0.051276,-0.063484,-35.964962,44.989628,31.401258
1732157919.928944,1732157919.931184,21.000000,0.000000,4293.077148,4272.563965,4314.102539,4298.846191,4271.922852,4280.384766,4334.871582,4403.205078,4297.051270,4282.051270,4473.589844,4454.743652,4344.743652,4395.512695,0.000000,1.000000,22.000000,,,,0.000000,2.000000,2.000000,0.000000,4.000000,2.000000,2.000000,0.000000,0.000000,4.000000,4.000000,4.000000,4.000000,4.000000,4.000000,0.000000,,,,,,,,,,,,,,,,,,,,,,,,,,,,
1732157919.936752,1732157919.939192,22.000000,0.000000,4293.205078,4277.307617,4312.692383,4294.743652,4290.897461,4278.077148,4334.743652,4402.436035,4294.102539,4280.641113,4476.922852,4453.333496,4348.077148,4402.692383,0.000000,1.000000,22.000000,,,,0.000000,2.000000,2.000000,0.000000,4.000000,2.000000,2.000000,0.000000,0.000000,4.000000,4.000000,4.000000,4.000000,4.000000,4.000000,0.000000,,,,,,,,,,,,,,,,,,,,,,,,,,,,
1732157919.944560,1732157919.947000,23.000000,0.000000,4294.743652,4277.436035,4313.077148,4298.461426,4279.871582,4286.794922,4334.871582,4401.025879,4294.102539,4280.128418,4478.717773,4457.436035,4347.179688,4413.461426,0.000000,1.000000,22.000000,,,,0.000000,2.000000,2.000000,0.000000,4.000000,2.000000,2.000000,0.000000,0.000000,4.000000,4.000000,4.000000,4.000000,4.000000,4.000000,0.000000,,,,,,,,,,,,,,,,,,,,,,,,,,,,
1732157919.952369,1732157919.954908,24.000000,0.000000,4297.820313,4273.205078,4314.102539,4303.717773,4256.922852,4290.256348,4334.871582,4401.666504,4297.051270,4281.410156,4476.666504,4459.615234,4347.820313,4410.256348,0.000000,1.000000,22.000000,,,,0.000000,2.000000,2.000000,0.000000,4.000000,2.000000,2.000000,0.000000,0.000000,4.000000,4.000000,4.000000,4.000000,4.000000,4.000000,0.000000,,,,,,,,,,,,,,,,,6.000000,0.000000,0.503973,0.468628,-0.555786,0.466370,0.971310,-0.038091,-0.051764,-35.813286,45.149933,31.166685
1732157919.960177,1732157919.962716,25.000000,0.000000,4296.922852,4271.025879,4311.538574,4298.974121,4266.153809,4285.128418,4334.871582,4402.051270,4298.077148,4281.922852,4473.589844,4457.436035,4350.769043,4403.333496,0.000000,1.000000,22.000000,,,,0.000000,2.000000,2.000000,0.000000,4.000000,2.000000,2.000000,0.000000,0.000000,4.000000,4.000000,4.000000,4.000000,4.000000,4.000000,0.000000,,,,,,,,,,,,,,,,,,,,,,,,,,,,
1732157919.967985,1732157919.970325,26.000000,0.000000,4292.307617,4271.538574,4313.461426,4295.128418,4282.179688,4280.769043,4334.871582,4400.512695,4295.000000,4280.256348,4473.846191,4456.922852,4347.820313,4404.487305,0.000000,1.000000,22.000000,,,,0.000000,2.000000,2.000000,0.000000,4.000000,2.000000,2.000000,0.000000,0.000000,4.000000,4.000000,4.000000,4.000000,4.000000,4.000000,0.000000,,,,,,,,,,,,,,,,,,,,,,,,,,,,
1732157919.975793,1732157919.978133,27.000000,0.000000,4293.589844,4270.128418,4316.153809,4296.666504,4275.000000,4282.307617,4334.871582,4398.846191,4294.487305,4280.384766,4475.512695,4457.179688,4341.794922,4402.948730,0.000000,1.000000,22.000000,,,,0.000000,2.000000,2.000000,0.000000,4.000000,2.000000,2.000000,0.000000,0.000000,4.000000,4.000000,4.000000,4.000000,4.000000,4.000000,0.000000,,,,,,,,,,,,,,,,,,,,,,,,,,,,
1732157919.983602,1732157919.985841,28.000000,0.000000,4293.077148,4266.666504,4312.436035,4297.179688,4271.153809,4282.820313,4334.871582,4400.384766,4296.153809,4281.025879,4473.077148,4456.282227,4340.512695,4398.461426,0.000000,1.000000,22.000000,,,,0.000000,2.000000,2.000000,0.000000,4.000000,2.000000,2.000000,0.000000,0.000000,4.000000,4.000000,4.000000,4.000000,4.000000,4.000000,0.000000,,,,,,,,,,,,,,,,,7.000000,0.000000,0.504009,0.468506,-0.555908,0.466309,0.967403,-0.029789,-0.055183,-35.943764,45.216446,31.198349
1732157919.991410,1732157919.993649,29.000000,0.000000,4283.974121,4268.717773,4311.922852,4295.256348,4287.820313,4279.358887,4334.871582,4402.436035,4295.512695,4280.000000,4470.000000,4452.436035,4341.410156,4400.769043,0.000000,1.000000,22.000000,,,,0.000000,2.000000,2.000000,0.000000,4.000000,2.000000,2.000000,0.000000,0.000000,4.000000,4.000000,4.000000,4.000000,4.000000,4.000000,0.000000,,,,,,,,,,,,,,,,,,,,,,,,,,,,
1732157919.999218,1732157920.001657,30.000000,0.000000,4282.563965,4273.077148,4315.512695,4294.358887,4290.897461,4279.358887,4334.871582,4398.974121,4294.358887,4277.692383,4471.538574,4448.077148,4340.128418,4406.153809,0.000000,1.000000,22.000000,,,,0.000000,2.000000,2.000000,0.000000,4.000000,2.000000,2.000000,0.000000,0.000000,4.000000,4.000000,4.000000,4.000000,4.000000,4.000000,0.000000,,,,,,,,,,,,,,,,,,,,,,,,,,,,
1732157920.007027,1732157920.009466,31.000000,0.000000,4291.794922,4275.641113,4316.025879,4295.769043,4269.487305,4281.410156,4334.871582,4399.358887,4295.512695,4281.410156,4475.641113,4454.102539,4342.948730,4410.384766,0.000000,1.000000,22.000000,,,,0.000000,2.000000,2.000000,0.000000,4.000000,2.000000,2.000000,0.000000,0.000000,4.000000,4.000000,4.000000,4.000000,4.000000,4.000000,0.000000,,,,,,,,,,,,,,,,,,,,,,,,,,,,
1732157920.014835,1732157920.017374,32.000000,0.000000,4294.615234,4276.025879,4316.282227,4296.538574,4257.051270,4282.307617,4334.871582,4404.230957,4297.820313,4289.487305,4476.666504,4463.077148,4350.128418,4413.974121,0.000000,1.000000,22.000000,,,,0.000000,2.000000,2.000000,0.000000,4.000000,2.000000,2.000000,0.000000,0.000000,4.000000,4.000000,4.000000,4.000000,4.000000,4.000000,0.000000,,,,,,,,,,,,,,,,,8.000000,0.000000,0.504156,0.468445,-0.556030,0.466064,0.983518,-0.046881,-0.045904,-35.916115,45.268654,31.403996
1732157920.022643,1732157920.025182,33.000000,0.000000,4292.563965,4272.563965,4315.897461,4294.230957,4269.358887,4281.538574,4334.871582,4402.948730,4298.205078,4292.179688,4474.615234,4461.538574,4349.615234,4410.897461,0.000000,1.000000,22.000000,,,,0.000000,2.000000,2.000000,0.000000,4.000000,2.000000,2.000000,0.000000,0.000000,4.000000,4.000000,4.000000,4.000000,4.000000,4.000000,0.000000,,,,,,,,,,,,,,,,,,,,,,,,,,,,
1732157920.030451,1732157920.033190,34.000000,0.000000,4292.820313,4271.025879,4314.743652,4294.615234,4273.333496,4284.615234,4334.871582,4399.615234,4296.922852,4289.743652,4474.743652,4459.102539,4342.563965,4405.769043,0.000000,1.000000,22.000000,,,,0.000000,2.000000,2.000000,0.000000,4.000000,2.000000,2.000000,0.000000,0.000000,4.000000,4.000000,4.000000,4.000000,4.000000,4.000000,0.000000,,,,,,,,,,,,,,,,,,,,,,,,,,,,
1732157920.038259,1732157920.040998,35.000000,0.000000,4292.307617,4269.743652,4315.384766,4296.025879,4274.102539,4287.820313,4334.871582,4402.179688,4295.897461,4286.922852,4477.051270,4462.179688,4341.922852,4405.384766,0.000000,1.000000,22.000000,,,,0.000000,2.000000,2.000000,0.000000,4.000000,2.000000,2.000000,0.000000,0.000000,4.000000,4.000000,4.000000,4.000000,4.000000,4.000000,0.000000,,,,,,,,,,,,,,,,,,,,,,,,,,,,
1732157920.046068,1732157920.048906,36.000000,0.000000,4290.000000,4266.025879,4316.538574,4293.974121,4291.666504,4284.487305,4334.871582,4404.358887,4295.512695,4281.794922,4475.641113,4461.410156,4344.230957,4406.794922,0.000000,1.000000,22.000000,,,,0.000000,2.000000,2.000000,0.000000,4.000000,2.000000,2.000000,0.000000,0.000000,4.000000,4.000000,4.000000,4.000000,4.000000,4.000000,0.000000,,,,,,,,,,,,,,,,,9.000000,0.000000,0.504101,0.468323,-0.556030,0.466248,0.990355,-0.053229,-0.050299,-36.010384,45.194275,31.470570
1732157920.053876,1732157920.056714,37.000000,0.000000,4290.384766,4264.487305,4315.641113,4292.051270,4287.436035,4281.153809,4334.871582,4402.563965,4295.128418,4281.025879,4474.230957,4462.307617,4342.307617,4410.256348,0.000000,1.000000,22.000000,,,,0.000000,2.000000,2.000000,0.000000,4.000000,2.000000,2.000000,0.000000,0.000000,4.000000,4.000000,4.000000,4.000000,4.000000,4.000000,0.000000,,,,,,,,,,,,,,,,,,,,,,,,,,,,
1732157920.061684,1732157920.064722,38.000000,0.000000,4290.769043,4268.461426,4314.487305,4292.051270,4261.410156,4281.025879,4334.871582,4400.384766,4293.846191,4289.102539,4477.307617,4472.051270,4343.846191,4412.948730,0.000000,1.000000,22.000000,,,,0.000000,2.000000,2.000000,0.000000,4.000000,2.000000,2.000000,0.000000,0.000000,4.000000,4.000000,4.000000,4.000000,4.000000,4.000000,0.000000,,,,,,,,,,,,,,,,,,,,,,,,,,,,
1732157920.069492,1732157920.072531,39.000000,0.000000,4287.436035,4268.846191,4315.641113,4292.563965,4255.000000,4284.230957,4334.871582,4400.256348,4295.769043,4291.282227,4479.487305,4478.846191,4349.230957,4413.461426,0.000000,1.000000,22.000000,,,,0.000000,2.000000,2.000000,0.000000,4.000000,2.000000,2.000000,0.000000,0.000000,4.000000,4.000000,4.000000,4.000000,4.000000,4.000000,0.000000,,,,,,,,,,,,,,,,,,,,,,,,,,,,
1732157920.077301,1732157920.080439,40.000000,0.000000,4284.358887,4264.487305,4313.717773,4292.307617,4270.641113,4286.538574,4334.871582,4400.000000,4293.846191,4284.230957,4476.922852,4471.282227,4351.025879,4411.538574,0.000000,1.000000,22.000000,,,,0.000000,2.000000,2.000000,0.000000,4.000000,2.000000,2.000000,0.000000,0.000000,4.000000,4.000000,4.000000,4.000000,4.000000,4.000000,0.000000,,,,,,,,,,,,,,,,,10.000000,0.000000,0.504055,0.468384,-0.555969,0.466309,0.976193,-0.046392,-0.048834,-35.976746,44.872364,31.254496
1732157920.085109,1732157920.088247,41.000000,0.000000,4284.743652,4265.641113,4311.153809,4289.615234,4277.692383,4285.128418,4334.871582,4399.230957,4286.025879,4285.128418,4474.102539,4465.000000,4348.589844,4408.461426,0.000000,1.000000,22.000000,,,,0.000000,2.000000,2.000000,0.000000,4.000000,2.000000,2.000000,0.000000,0.000000,4.000000,4.000000,4.000000,4.000000,4.000000,4.000000,0.000000,,,,,,,,,,,,,,,,,,,,,,,,,,,,
1732157920.092917,1732157920.096255,42.000000,0.000000,4282.948730,4266.153809,4311.794922,4285.000000,4271.666504,4284.487305,4334.871582,4399.487305,4289.358887,4293.205078,4473.077148,4466.410156,4345.128418,4405.128418,0.000000,1.000000,22.000000,,,,0.000000,2.000000,2.000000,0.000000,4.000000,2.000000,2.000000,0.000000,0.000000,4.000000,4.000000,4.000000,4.000000,4.000000,4.000000,0.000000,,,,,,,,,,,,,,,,,,,,,,,,,,,,
1732157920.100726,1732157920.104063,43.000000,0.000000,4280.000000,4263.846191,4313.461426,4281.666504,4278.974121,4284.487305,4334.871582,4398.461426,4294.102539,4289.358887,4471.410156,4463.077148,4341.666504,4398.974121,0.000000,1.000000,22.000000,,,,0.000000,2.000000,2.000000,0.000000,4.000000,2.000000,2.000000,0.000000,0.000000,4.000000,4.000000,4.000000,4.000000,4.000000,4.000000,0.000000,,,,,,,,,,,,,,,,,,,,,,,,,,,,
1732157920.108534,1732157920.111771,44.000000,0.000000,4285.000000,4263.589844,4313.077148,4288.461426,4288.846191,4282.051270,4334.871582,4396.538574,4285.256348,4281.410156,4470.641113,4457.692383,4341.025879,4399.871582,0.000000,1.000000,22.000000,,,,0.000000,2.000000,2.000000,0.000000,4.000000,2.000000,2.000000,0.000000,0.000000,4.000000,4.000000,4.000000,4.000000,4.000000,4.000000,0.000000,,,,,,,,,,,,,,,,,11.000000,0.000000,0.503804,0.468567,-0.555786,0.466614,0.975705,-0.056648,-0.060066,-36.039497,45.013283,31.139475
1732157920.116342,1732157920.119580,45.000000,0.000000,4288.589844,4266.025879,4312.563965,4293.333496,4277.179688,4286.922852,4334.871582,4397.948730,4283.589844,4289.102539,4473.461426,4463.846191,4346.538574,4409.102539,0.000000,1.000000,22.000000,,,,0.000000,2.000000,2.000000,0.000000,4.000000,2.000000,2.000000,0.000000,0.000000,4.000000,4.000000,4.000000,4.000000,4.000000,4.000000,0.000000,,,,,,,,,,,,,,,,,,,,,,,,,,,,
1732157920.124150,1732157920.127188,46.000000,0.000000,4282.307617,4266.666504,4314.102539,4287.307617,4261.410156,4297.051270,4334.871582,4401.538574,4296.794922,4299.358887,4477.179688,4473.461426,4350.897461,4410.641113,0.000000,1.000000,22.000000,,,,0.000000,2.000000,2.000000,0.000000,4.000000,2.000000,2.000000,0.000000,0.000000,4.000000,4.000000,4.000000,4.000000,4.000000,4.000000,0.000000,,,,,,,,,,,,,,,,,,,,,,,,,,,,
1732157920.131958,1732157920.134996,47.000000,0.000000,4282.436035,4264.358887,4312.948730,4283.205078,4271.666504,4296.153809,4334.871582,4400.769043,4299.102539,4298.077148,4477.436035,4474.230957,4350.769043,4403.717773,0.000000,1.000000,22.000000,,,,0.000000,2.000000,2.000000,0.000000,4.000000,2.000000,2.000000,0.000000,0.000000,4.000000,4.000000,4.000000,4.000000,4.000000,4.000000,0.000000,,,,,,,,,,,,,,,,,,,,,,,,,,,,
1732157920.139767,1732157920.142705,48.000000,0.000000,4289.871582,4266.666504,4312.563965,4291.282227,4282.948730,4293.846191,4334.871582,4398.717773,4293.846191,4294.102539,4475.769043,4473.461426,4350.512695,4406.282227,0.000000,1.000000,22.000000,,,,0.000000,2.000000,2.000000,0.000000,4.000000,2.000000,2.000000,0.000000,0.000000,4.000000,4.000000,4.000000,4.000000,4.000000,4.000000,0.000000,,,,,,,,,,,,,,,,,12.000000,0.000000,0.503450,0.468933,-0.555542,0.466919,0.978635,-0.056648,-0.057624,-36.021992,44.924091,31.131308
1732157920.147575,1732157920.150513,49.000000,0.000000,4289.743652,4272.307617,4314.230957,4294.487305,4276.410156,4294.871582,4334.871582,4398.589844,4290.128418,4293.077148,4476.153809,4475.512695,4351.538574,4415.384766,0.000000,1.000000,22.000000,,,,0.000000,2.000000,2.000000,0.000000,4.000000,2.000000,2.000000,0.000000,0.000000,4.000000,4.000000,4.000000,4.000000,4.000000,4.000000,0.000000,,,,,,,,,,,,,,,,,,,,,,,,,,,,
1732157920.155383,1732157920.158121,50.000000,0.000000,4282.692383,4269.358887,4314.358887,4287.051270,4276.666504,4287.051270,4334.871582,4400.256348,4285.000000,4292.948730,4476.410156,4474.487305,4350.256348,4412.307617,0.000000,1.000000,22.000000,,,,0.000000,2.000000,2.000000,0.000000,4.000000,2.000000,2.000000,0.000000,0.000000,4.000000,4.000000,4.000000,4.000000,4.000000,4.000000,0.000000,,,,,,,,,,,,,,,,,,,,,,,,,,,,
1732157920.163191,1732157920.165929,51.000000,0.000000,4281.153809,4265.769043,4313.333496,4287.307617,4283.846191,4282.436035,4334.871582,4401.153809,4288.205078,4293.589844,4474.487305,4470.256348,4348.461426,4404.230957,0.000000,1.000000,22.000000,,,,0.000000,2.000000,2.000000,0.000000,4.000000,2.000000,2.000000,0.000000,0.000000,4.000000,4.000000,4.000000,4.000000,4.000000,4.000000,0.000000,,,,,,,,,,,,,,,,,,,,,,,,,,,,
1732157920.171000,1732157920.173638,52.000000,0.000000,4284.487305,4269.743652,4312.436035,4294.230957,4279.487305,4289.615234,4334.871582,4400.128418,4289.615234,4289.615234,4473.333496,4470.128418,4347.051270,4403.974121,0.000000,1.000000,22.000000,,,,0.000000,2.000000,2.000000,0.000000,4.000000,2.000000,2.000000,0.000000,0.000000,4.000000,4.000000,4.000000,4.000000,4.000000,4.000000,0.000000,,,,,,,,,,,,,,,,,13.000000,0.000000,0.503450,0.468933,-0.555542,0.466919,0.974240,-0.046881,-0.065926,-36.082813,44.956848,31.124693
1732157920.178808,1732157920.181446,53.000000,0.000000,4283.333496,4268.717773,4311.025879,4292.563965,4281.922852,4288.974121,4334.871582,4398.974121,4282.307617,4287.436035,4473.205078,4469.487305,4342.436035,4405.128418,0.000000,1.000000,22.000000,,,,0.000000,2.000000,2.000000,0.000000,4.000000,2.000000,2.000000,0.000000,0.000000,4.000000,4.000000,4.000000,4.000000,4.000000,4.000000,0.000000,,,,,,,,,,,,,,,,,,,,,,,,,,,,
1732157920.186616,1732157920.189454,54.000000,0.000000,4280.641113,4263.974121,4311.282227,4285.256348,4296.153809,4279.743652,4334.871582,4398.205078,4285.897461,4292.563965,4471.922852,4466.153809,4342.820313,4401.794922,0.000000,1.000000,22.000000,,,,0.000000,2.000000,2.000000,0.000000,4.000000,2.000000,2.000000,0.000000,0.000000,4.000000,4.000000,4.000000,4.000000,4.000000,4.000000,0.000000,,,,,,,,,,,,,,,,,,,,,,,,,,,,
1732157920.194425,1732157920.197262,55.000000,0.000000,4286.794922,4271.025879,4313.205078,4288.077148,4287.307617,4281.666504,4334.871582,4397.051270,4296.153809,4296.410156,4472.179688,4469.487305,4347.563965,4402.179688,0.000000,1.000000,22.000000,,,,0.000000,2.000000,2.000000,0.000000,4.000000,2.000000,2.000000,0.000000,0.000000,4.000000,4.000000,4.000000,4.000000,4.000000,4.000000,0.000000,,,,,,,,,,,,,,,,,,,,,,,,,,,,
1732157920.202233,1732157920.204970,56.000000,0.000000,4293.717773,4279.743652,4314.487305,4296.410156,4262.820313,4287.051270,4334.871582,4398.333496,4294.230957,4295.641113,4476.410156,4475.769043,4350.769043,4410.256348,0.000000,1.000000,22.000000,,,,0.000000,2.000000,2.000000,0.000000,4.000000,2.000000,2.000000,0.000000,0.000000,4.000000,4.000000,4.000000,4.000000,4.000000,4.000000,0.000000,,,,,,,,,,,,,,,,,14.000000,0.000000,0.503393,0.468933,-0.555542,0.466980,0.966915,-0.056159,-0.050787,-35.852081,44.965046,31.126001
1732157920.210041,1732157920.212779,57.000000,0.000000,4292.051270,4278.589844,4313.846191,4296.538574,4262.948730,4281.538574,4334.871582,4400.769043,4292.179688,4296.538574,4477.820313,4476.538574,4351.666504,4410.512695,0.000000,1.000000,22.000000,,,,0.000000,2.000000,2.000000,0.000000,4.000000,2.000000,2.000000,0.000000,0.000000,4.000000,4.000000,4.000000,4.000000,4.000000,4.000000,0.000000,,,,,,,,,,,,,,,,,,,,,,,,,,,,
1732157920.217849,1732157920.220387,58.000000,0.000000,4288.077148,4276.025879,4313.205078,4294.230957,4279.871582,4283.974121,4334.871582,4399.102539,4298.205078,4296.410156,4474.102539,4474.102539,4347.820313,4405.128418,0.000000,1.000000,22.000000,,,,0.000000,2.000000,2.000000,0.000000,4.000000,2.000000,2.000000,0.000000,0.000000,4.000000,4.000000,4.000000,4.000000,4.000000,4.000000,0.000000,,,,,,,,,,,,,,,,,,,,,,,,,,,,
1732157920.225657,1732157920.228195,59.000000,0.000000,4287.692383,4275.128418,4312.307617,4293.589844,4282.179688,4293.717773,4334.871582,4397.692383,4296.153809,4294.487305,4471.538574,4473.717773,4343.717773,4408.589844,0.000000,1.000000,22.000000,,,,0.000000,2.000000,2.000000,0.000000,4.000000,2.000000,2.000000,0.000000,0.000000,4.000000,4.000000,4.000000,4.000000,4.000000,4.000000,0.000000,,,,,,,,,,,,,,,,,,,,,,,,,,,,
1732157920.233466,1732157920.235904,60.000000,0.000000,4290.512695,4276.794922,4311.922852,4295.128418,4273.846191,4289.615234,4334.871582,4399.230957,4293.333496,4295.000000,4473.974121,4475.256348,4346.922852,4411.666504,0.000000,1.000000,22.000000,,,,0.000000,2.000000,2.000000,0.000000,4.000000,2.000000,2.000000,0.000000,0.000000,4.000000,4.000000,4.000000,4.000000,4.000000,4.000000,0.000000,,,,,,,,,,,,,,,,,15.000000,0.000000,0.503094,0.469299,-0.555298,0.467224,0.957148,-0.056159,-0.049322,-35.768517,44.921688,31.073727
1732157920.241274,1732157920.243712,61.000000,0.000000,4290.384766,4279.871582,4311.794922,4295.769043,4281.666504,4280.512695,4334.871582,4400.128418,4297.307617,4295.641113,4474.615234,4478.205078,4352.179688,4407.051270,0.000000,1.000000,22.000000,,,,0.000000,2.000000,2.000000,0.000000,4.000000,2.000000,2.000000,0.000000,0.000000,4.000000,4.000000,4.000000,4.000000,4.000000,4.000000,0.000000,,,,,,,,,,,,,,,,,,,,,,,,,,,,
1732157920.249082,1732157920.251720,62.000000,0.000000,4283.589844,4273.974121,4311.666504,4295.256348,4296.025879,4281.025879,4334.871582,4400.769043,4291.666504,4295.256348,4470.128418,4477.563965,4348.846191,4400.769043,0.000000,1.000000,22.000000,,,,0.000000,2.000000,2.000000,0.000000,4.000000,2.000000,2.000000,0.000000,0.000000,4.000000,4.000000,4.000000,4.000000,4.000000,4.000000,0.000000,,,,,,,,,,,,,,,,,,,,,,,,,,,,
1732157920.256890,1732157920.259528,63.000000,0.000000,4281.666504,4268.974121,4312.307617,4294.358887,4285.128418,4281.025879,4334.871582,4401.410156,4281.410156,4293.846191,4469.871582,4474.487305,4343.717773,4400.128418,0.000000,1.000000,22.000000,,,,0.000000,2.000000,2.000000,0.000000,4.000000,2.000000,2.000000,0.000000,0.000000,4.000000,4.000000,4.000000,4.000000,4.000000,4.000000,0.000000,,,,,,,,,,,,,,,,,,,,,,,,,,,,
1732157920.264699,1732157920.267236,64.000000,0.000000,4285.512695,4272.051270,4311.794922,4294.743652,4262.051270,4280.000000,4334.871582,4400.512695,4286.794922,4293.974121,4473.333496,4472.563965,4342.820313,4403.589844,0.000000,1.000000,22.000000,,,,0.000000,2.000000,2.000000,0.000000,4.000000,2.000000,2.000000,0.000000,0.000000,4.000000,4.000000,4.000000,4.000000,4.000000,4.000000,0.000000,,,,,,,,,,,,,,,,,16.000000,0.000000,0.503074,0.469177,-0.555420,0.467224,0.970333,-0.053229,-0.055183,-35.752499,44.891567,31.108053
1732157920.272507,1732157920.275044,65.000000,0.000000,4284.102539,4273.846191,4312.692383,4295.641113,4260.641113,4283.589844,4334.871582,4399.102539,4295.769043,4295.128418,4472.051270,4472.820313,4342.436035,4405.512695,1599.000000,1.000000,22.000000,,,,0.000000,2.000000,2.000000,0.000000,4.000000,2.000000,2.000000,0.000000,0.000000,4.000000,4.000000,4.000000,4.000000,4.000000,4.000000,0.000000,,,,,,,,,,,,,,,,,,,,,,,,,,,,
1732157920.280315,1732157920.282653,66.000000,0.000000,4279.871582,4271.410156,4313.461426,4292.563965,4274.615234,4284.487305,4334.871582,4399.871582,4291.025879,4295.512695,4471.025879,4474.743652,4346.025879,4402.563965,1366.000000,1.000000,22.000000,,,,0.000000,2.000000,2.000000,0.000000,4.000000,2.000000,2.000000,0.000000,0.000000,4.000000,4.000000,4.000000,4.000000,4.000000,4.000000,0.000000,,,,,,,,,,,,,,,,,,,,,,,,,,,,
1732157920.288123,1732157920.290461,67.000000,0.000000,4280.512695,4270.000000,4313.589844,4286.666504,4286.666504,4280.641113,4334.871582,4401.282227,4287.692383,4295.897461,4473.717773,4473.717773,4350.512695,4401.410156,1421.000000,1.000000,22.000000,,,,0.000000,2.000000,2.000000,0.000000,4.000000,2.000000,2.000000,0.000000,0.000000,4.000000,4.000000,4.000000,4.000000,4.000000,4.000000,0.000000,,,,,,,,,,,,,,,,,,,,,,,,,,,,
1732157920.295932,1732157920.298169,68.000000,0.000000,4282.820313,4272.692383,4313.205078,4288.333496,4287.692383,4280.000000,4334.871582,4399.871582,4289.871582,4295.512695,4473.077148,4474.487305,4351.025879,4406.410156,1426.000000,1.000000,22.000000,,,,0.000000,2.000000,2.000000,0.000000,4.000000,2.000000,2.000000,0.000000,0.000000,4.000000,4.000000,4.000000,4.000000,4.000000,4.000000,0.000000,,,,,,,,,,,,,,,,,17.000000,0.000000,0.503176,0.469116,-0.555481,0.467102,0.970333,-0.053229,-0.055183,-35.799526,45.007168,31.309189
1732157920.303740,1732157920.305978,69.000000,0.000000,4287.307617,4275.897461,4314.743652,4296.153809,4269.743652,4281.922852,4334.871582,4398.974121,4288.077148,4295.256348,4471.153809,4482.692383,4349.743652,4411.282227,1210.000000,1.000000,22.000000,,,,0.000000,2.000000,2.000000,0.000000,4.000000,2.000000,2.000000,0.000000,0.000000,4.000000,4.000000,4.000000,4.000000,4.000000,4.000000,0.000000,,,,,,,,,,,,,,,,,,,,,,,,,,,,
1732157920.311548,1732157920.313586,70.000000,0.000000,4291.153809,4278.589844,4316.153809,4298.589844,4258.589844,4284.743652,4334.871582,4398.461426,4289.743652,4295.384766,4474.358887,4485.384766,4350.256348,4413.717773,0.000000,1.000000,22.000000,,,,0.000000,2.000000,2.000000,0.000000,4.000000,2.000000,2.000000,0.000000,0.000000,4.000000,4.000000,4.000000,4.000000,4.000000,4.000000,0.000000,,,,,,,,,,,,,,,,,,,,,,,,,,,,
1732157920.319356,1732157920.321394,71.000000,0.000000,4288.333496,4276.666504,4313.589844,4294.871582,4277.692383,4282.436035,4334.871582,4399.102539,4289.743652,4294.487305,4474.615234,4480.256348,4351.153809,4411.794922,0.000000,1.000000,22.000000,,,,0.000000,2.000000,2.000000,0.000000,4.000000,2.000000,2.000000,0.000000,0.000000,4.000000,4.000000,4.000000,4.000000,4.000000,4.000000,0.000000,,,,,,,,,,,,,,,,,,,,,,,,,,,,
1732157920.327165,1732157920.329103,72.000000,0.000000,4289.358887,4275.769043,4312.436035,4293.846191,4291.794922,4278.077148,4334.871582,4400.512695,4287.436035,4294.743652,4472.179688,4481.922852,4349.358887,4408.717773,1528.000000,1.000000,22.000000,,,,0.000000,2.000000,2.000000,0.000000,4.000000,2.000000,2.000000,0.000000,0.000000,4.000000,4.000000,4.000000,4.000000,4.000000,4.000000,0.000000,,,,,,,,,,,,,,,,,18.000000,0.000000,0.502981,0.469299,-0.555298,0.467346,0.975217,-0.052252,-0.061531,-35.622616,45.080807,31.155443
1732157920.334973,1732157920.336911,73.000000,0.000000,4295.512695,4279.871582,4313.717773,4297.692383,4275.897461,4279.102539,4334.871582,4401.025879,4292.307617,4296.282227,4473.461426,4488.846191,4348.461426,4411.666504,1685.000000,1.000000,22.000000,,,,0.000000,2.000000,2.000000,0.000000,4.000000,2.000000,2.000000,0.000000,0.000000,4.000000,4.000000,4.000000,4.000000,4.000000,4.000000,0.000000,,,,,,,,,,,,,,,,,,,,,,,,,,,,
1732157920.342781,1732157920.344919,74.000000,0.000000,4294.743652,4279.487305,4312.179688,4298.205078,4262.948730,4282.051270,4334.871582,4400.512695,4297.051270,4299.871582,4474.615234,4487.051270,4350.128418,4415.256348,1548.000000,1.000000,22.000000,,,,0.000000,2.000000,2.000000,0.000000,4.000000,2.000000,2.000000,0.000000,0.000000,4.000000,4.000000,4.000000,4.000000,4.000000,4.000000,0.000000,,,,,,,,,,,,,,,,,,,,,,,,,,,,
1732157920.350589,1732157920.352727,75.000000,0.000000,4291.410156,4279.230957,4311.410156,4295.256348,4273.205078,4282.051270,4334.871582,4400.769043,4295.128418,4301.282227,4473.205078,4484.615234,4351.282227,4413.589844,1566.000000,1.000000,22.000000,,,,0.000000,2.000000,2.000000,0.000000,4.000000,2.000000,2.000000,0.000000,0.000000,4.000000,4.000000,4.000000,4.000000,4.000000,4.000000,0.000000,,,,,,,,,,,,,,,,,,,,,,,,,,,,
1732157920.358398,1732157920.360635,76.000000,0.000000,4293.974121,4280.384766,4313.205078,4296.666504,4284.230957,4280.769043,4334.871582,4402.307617,4291.794922,4299.871582,4473.205078,4484.358887,4348.974121,4410.641113,1701.000000,1.000000,22.000000,,,,0.000000,2.000000,2.000000,0.000000,4.000000,2.000000,2.000000,0.000000,0.000000,4.000000,4.000000,4.000000,4.000000,4.000000,4.000000,0.000000,,,,,,,,,,,,,,,,,19.000000,0.000000,0.502821,0.469421,-0.555237,0.467468,0.970822,-0.040532,-0.052741,-35.502651,45.135452,31.059242
1732157920.366206,1732157920.368443,77.000000,0.000000,4294.871582,4282.051270,4313.077148,4301.794922,4283.717773,4281.666504,4334.871582,4401.282227,4292.307617,4299.102539,4474.487305,4483.461426,4348.974121,4412.563965,1611.000000,1.000000,22.000000,,,,0.000000,2.000000,2.000000,0.000000,4.000000,2.000000,2.000000,0.000000,0.000000,4.000000,4.000000,4.000000,4.000000,4.000000,4.000000,0.000000,,,,,,,,,,,,,,,,,,,,,,,,,,,,
1732157920.374014,1732157920.376052,78.000000,0.000000,4292.436035,4279.615234,4311.538574,4299.358887,4280.384766,4282.436035,4334.871582,4399.230957,4292.179688,4303.077148,4474.102539,4484.615234,4351.025879,4413.589844,1548.000000,1.000000,22.000000,,,,0.000000,2.000000,2.000000,0.000000,4.000000,2.000000,2.000000,0.000000,0.000000,4.000000,4.000000,4.000000,4.000000,4.000000,4.000000,0.000000,1.000000,0.000000,2.000000,1.000000,0.000000,4.000000,1.000000,1.000000,0.000000,0.000000,4.000000,3.000000,1.000000,4.000000,1.000000,4.000000,,,,,,,,,,,,
1732157920.381822,1732157920.383860,79.000000,0.000000,4293.589844,4277.692383,4312.307617,4295.000000,4279.230957,4282.563965,4334.871582,4398.974121,4295.641113,4307.563965,4473.589844,4487.307617,4350.641113,4408.461426,1566.000000,1.000000,22.000000,,,,0.000000,2.000000,2.000000,0.000000,4.000000,2.000000,2.000000,0.000000,0.000000,4.000000,4.000000,4.000000,4.000000,4.000000,4.000000,0.000000,,,,,,,,,,,,,,,,,,,,,,,,,,,,
1732157920.389631,1732157920.391568,80.000000,0.000000,4288.077148,4278.846191,4313.333496,4295.512695,4293.589844,4281.538574,4334.871582,4399.358887,4294.487305,4302.563965,4472.692383,4483.333496,4348.461426,4406.025879,1701.000000,1.000000,22.000000,,,,0.000000,2.000000,2.000000,0.000000,4.000000,2.000000,2.000000,0.000000,0.000000,4.000000,4.000000,4.000000,4.000000,4.000000,4.000000,0.000000,,,,,,,,,,,,,,,,,20.000000,0.000000,0.502775,0.469421,-0.555176,0.467590,0.970822,-0.040532,-0.052741,-35.605480,45.104717,31.094652
1732157920.397439,1732157920.399376,81.000000,0.000000,4281.153809,4278.974121,4311.922852,4296.538574,4300.256348,4280.000000,4334.871582,4398.846191,4286.666504,4293.461426,4470.897461,4477.179688,4343.589844,4409.615234,1611.000000,1.000000,22.000000,,,,0.000000,2.000000,2.000000,0.000000,4.000000,2.000000,2.000000,0.000000,0.000000,4.000000,4.000000,4.000000,4.000000,4.000000,4.000000,0.000000,,,,,,,,,,,,,,,,,,,,,,,,,,,,
1732157920.405247,1732157920.407384,82.000000,0.000000,4290.128418,4279.230957,4313.333496,4298.974121,4273.974121,4280.384766,4334.871582,4398.974121,4287.948730,4297.051270,4472.436035,4485.128418,4342.436035,4412.820313,1548.000000,1.000000,22.000000,,,,0.000000,2.000000,2.000000,0.000000,4.000000,2.000000,2.000000,0.000000,0.000000,4.000000,4.000000,4.000000,4.000000,4.000000,4.000000,0.000000,,,,,,,,,,,,,,,,,,,,,,,,,,,,
1732157920.413055,1732157920.415193,83.000000,0.000000,4301.025879,4279.102539,4315.000000,4297.692383,4260.512695,4280.897461,4334.871582,4399.871582,4295.256348,4309.615234,4476.538574,4494.743652,4347.179688,4414.102539,1566.000000,1.000000,22.000000,,,,0.000000,2.000000,2.000000,0.000000,4.000000,2.000000,2.000000,0.000000,0.000000,4.000000,4.000000,4.000000,4.000000,4.000000,4.000000,0.000000,,,,,,,,,,,,,,,,,,,,,,,,,,,,
1732157920.420864,1732157920.423101,84.000000,0.000000,4297.307617,4278.589844,4312.436035,4293.974121,4278.974121,4279.358887,4334.871582,4399.743652,4295.256348,4309.487305,4474.871582,4491.153809,4347.307617,4415.384766,1701.000000,1.000000,22.000000,,,,0.000000,2.000000,2.000000,0.000000,4.000000,2.000000,2.000000,0.000000,0.000000,4.000000,4.000000,4.000000,4.000000,4.000000,4.000000,0.000000,,,,,,,,,,,,,,,,,21.000000,0.000000,0.502811,0.469177,-0.555298,0.467651,0.977170,-0.062508,-0.060554,-35.442104,45.039822,31.211668
1732157920.428672,1732157920.430909,85.000000,0.000000,4292.563965,4277.179688,4308.846191,4297.948730,4283.077148,4280.128418,4334.871582,4400.384766,4291.666504,4302.051270,4470.641113,4487.051270,4341.922852,4414.487305,1611.000000,1.000000,22.000000,,,,0.000000,2.000000,2.000000,0.000000,4.000000,2.000000,2.000000,0.000000,0.000000,4.000000,4.000000,4.000000,4.000000,4.000000,4.000000,0.000000,,,,,,,,,,,,,,,,,,,,,,,,,,,,
1732157920.436480,1732157920.438917,86.000000,0.000000,4294.230957,4278.589844,4310.641113,4300.897461,4272.692383,4283.717773,4334.871582,4400.512695,4295.384766,4306.025879,4471.922852,4490.384766,4341.410156,4413.846191,1548.000000,1.000000,22.000000,,,,0.000000,2.000000,2.000000,0.000000,4.000000,2.000000,2.000000,0.000000,0.000000,4.000000,4.000000,4.000000,4.000000,4.000000,4.000000,0.000000,,,,,,,,,,,,,,,,,,,,,,,,,,,,
1732157920.444288,1732157920.446725,87.000000,0.000000,4292.948730,4277.436035,4313.077148,4295.769043,4287.692383,4282.051270,4334.871582,4398.846191,4295.897461,4308.205078,4469.743652,4487.436035,4343.333496,4415.769043,1566.000000,1.000000,22.000000,,,,0.000000,2.000000,2.000000,0.000000,4.000000,2.000000,2.000000,0.000000,0.000000,4.000000,4.000000,4.000000,4.000000,4.000000,4.000000,0.000000,,,,,,,,,,,,,,,,,,,,,,,,,,,,
1732157920.452097,1732157920.454633,88.000000,0.000000,4291.410156,4271.025879,4311.666504,4296.025879,4300.897461,4278.461426,4334.871582,4399.615234,4291.410156,4303.461426,4465.256348,4483.077148,4341.025879,4419.358887,1701.000000,1.000000,22.000000,,,,0.000000,2.000000,2.000000,0.000000,4.000000,2.000000,2.000000,0.000000,0.000000,4.000000,4.000000,4.000000,4.000000,4.000000,4.000000,0.000000,,,,,,,,,,,,,,,,,22.000000,0.000000,0.502712,0.468994,-0.555542,0.467651,0.987425,-0.053717,-0.064461,-35.378105,44.998920,31.338118
1732157920.459905,1732157920.462441,89.000000,0.000000,4292.820313,4271.922852,4309.615234,4299.102539,4283.333496,4280.256348,4334.871582,4401.410156,4293.846191,4301.538574,4469.871582,4483.846191,4339.615234,4423.461426,1611.000000,1.000000,22.000000,,,,0.000000,2.000000,2.000000,0.000000,4.000000,2.000000,2.000000,0.000000,0.000000,4.000000,4.000000,4.000000,4.000000,4.000000,4.000000,0.000000,,,,,,,,,,,,,,,,,,,,,,,,,,,,
1732157920.467713,1732157920.470449,90.000000,0.000000,4293.717773,4279.230957,4311.282227,4297.948730,4270.000000,4282.563965,4334.871582,4399.358887,4296.410156,4300.000000,4472.692383,4481.794922,4340.000000,4423.717773,1548.000000,1.000000,22.000000,,,,0.000000,2.000000,2.000000,0.000000,4.000000,2.000000,2.000000,0.000000,0.000000,4.000000,4.000000,4.000000,4.000000,4.000000,4.000000,0.000000,,,,,,,,,,,,,,,,,,,,,,,,,,,,
1732157920.475521,1732157920.478258,91.000000,0.000000,4292.948730,4279.743652,4312.820313,4300.512695,4278.589844,4282.307617,4334.871582,4398.205078,4292.820313,4295.769043,4468.077148,4479.871582,4339.615234,4419.743652,1566.000000,1.000000,22.000000,,,,0.000000,2.000000,2.000000,0.000000,4.000000,2.000000,2.000000,0.000000,0.000000,4.000000,4.000000,4.000000,4.000000,4.000000,4.000000,0.000000,,,,,,,,,,,,,,,,,,,,,,,,,,,,
1732157920.483330,1732157920.486166,92.000000,0.000000,4292.948730,4276.410156,4312.179688,4301.922852,4283.205078,4281.025879,4334.871582,4400.128418,4290.256348,4297.563965,4468.461426,4482.948730,4340.769043,4419.358887,1701.000000,1.000000,22.000000,,,,0.000000,2.000000,2.000000,0.000000,4.000000,2.000000,2.000000,0.000000,0.000000,4.000000,4.000000,4.000000,4.000000,4.000000,4.000000,0.000000,,,,,,,,,,,,,,,,,23.000000,0.000000,0.502712,0.468994,-0.555542,0.467651,0.972775,-0.057624,-0.054206,-35.491264,45.040794,31.470543
1732157920.491138,1732157920.493974,93.000000,0.000000,4294.615234,4279.102539,4313.333496,4300.897461,4276.410156,4279.615234,4334.871582,4399.487305,4292.820313,4303.717773,4474.743652,4487.820313,4343.589844,4423.589844,1611.000000,1.000000,22.000000,,,,0.000000,2.000000,2.000000,0.000000,4.000000,2.000000,2.000000,0.000000,0.000000,4.000000,4.000000,4.000000,4.000000,4.000000,4.000000,0.000000,,,,,,,,,,,,,,,,,,,,,,,,,,,,
1732157920.498946,1732157920.501982,94.000000,0.000000,4294.358887,4281.666504,4314.871582,4301.666504,4280.384766,4279.230957,4334.871582,4397.436035,4294.743652,4306.922852,4475.000000,4489.743652,4342.820313,4427.436035,1548.000000,1.000000,22.000000,,,,0.000000,2.000000,2.000000,0.000000,4.000000,2.000000,2.000000,0.000000,0.000000,4.000000,4.000000,4.000000,4.000000,4.000000,4.000000,0.000000,,,,,,,,,,,,,,,,,,,,,,,,,,,,
1732157920.506754,1732157920.509790,95.000000,0.000000,4291.666504,4279.102539,4313.589844,4299.102539,4284.743652,4280.000000,4334.871582,4398.846191,4293.077148,4308.846191,4472.307617,4488.846191,4339.615234,4426.410156,1566.000000,1.000000,22.000000,,,,0.000000,2.000000,2.000000,0.000000,4.000000,2.000000,2.000000,0.000000,0.000000,4.000000,4.000000,4.000000,4.000000,4.000000,4.000000,0.000000,,,,,,,,,,,,,,,,,,,,,,,,,,,,
1732157920.514562,1732157920.517698,96.000000,0.000000,4293.461426,4278.846191,4311.282227,4296.153809,4276.794922,4279.102539,4334.871582,4399.743652,4291.282227,4309.615234,4472.948730,4484.871582,4342.179688,4424.487305,1701.000000,1.000000,22.000000,,,,0.000000,2.000000,2.000000,0.000000,4.000000,2.000000,2.000000,0.000000,0.000000,4.000000,4.000000,4.000000,4.000000,4.000000,4.000000,0.000000,,,,,,,,,,,,,,,,,24.000000,0.000000,0.502656,0.468994,-0.555542,0.467712,0.984984,-0.050299,-0.069344,-35.619591,45.001377,31.507807
1732157920.522371,1732157920.525507,97.000000,0.000000,4291.410156,4278.974121,4310.512695,4298.077148,4284.871582,4278.717773,4334.871582,4398.974121,4293.974121,4310.897461,4474.230957,4479.358887,4346.025879,4420.128418,1611.000000,1.000000,22.000000,,,,0.000000,2.000000,2.000000,0.000000,4.000000,2.000000,2.000000,0.000000,0.000000,4.000000,4.000000,4.000000,4.000000,4.000000,4.000000,0.000000,,,,,,,,,,,,,,,,,,,,,,,,,,,,
1732157920.530179,1732157920.533415,98.000000,0.000000,4281.794922,4277.051270,4309.615234,4294.871582,4300.384766,4278.461426,4334.871582,4399.487305,4298.077148,4312.051270,4472.692383,4476.282227,4344.230957,4413.461426,1548.000000,1.000000,22.000000,,,,0.000000,2.000000,2.000000,0.000000,4.000000,2.000000,2.000000,0.000000,0.000000,4.000000,4.000000,4.000000,4.000000,4.000000,4.000000,0.000000,,,,,,,,,,,,,,,,,,,,,,,,,,,,
1732157920.537987,1732157920.541223,99.000000,0.000000,4279.743652,4273.974121,4311.153809,4292.820313,4283.717773,4278.333496,4334.871582,4400.641113,4298.205078,4314.743652,4472.563965,4483.333496,4342.179688,4417.179688,1566.000000,1.000000,22.000000,,,,0.000000,2.000000,2.000000,0.000000,4.000000,2.000000,2.000000,0.000000,0.000000,4.000000,4.000000,4.000000,4.000000,4.000000,4.000000,0.000000,,,,,,,,,,,,,,,,,,,,,,,,,,,,
1732157920.545796,1732157920.548931,100.000000,0.000000,4282.692383,4275.897461,4313.205078,4300.769043,4257.563965,4279.487305,4334.871582,4400.000000,4295.769043,4313.077148,4473.589844,4491.410156,4342.820313,4422.948730,1701.000000,1.000000,22.000000,,,,0.000000,2.000000,2.000000,0.000000,4.000000,2.000000,2.000000,0.000000,0.000000,4.000000,4.000000,4.000000,4.000000,4.000000,4.000000,0.000000,,,,,,,,,,,,,,,,,25.000000,0.000000,0.502656,0.468933,-0.555542,0.467773,0.977170,-0.051764,-0.061531,-35.720203,44.911114,31.346323
1732157920.553604,1732157920.556739,101.000000,0.000000,4280.256348,4279.615234,4312.820313,4306.282227,4263.461426,4280.384766,4334.871582,4398.974121,4295.128418,4302.820313,4470.897461,4489.102539,4341.794922,4417.436035,1611.000000,1.000000,22.000000,,,,0.000000,2.000000,2.000000,0.000000,4.000000,2.000000,2.000000,0.000000,0.000000,4.000000,4.000000,4.000000,4.000000,4.000000,4.000000,0.000000,,,,,,,,,,,,,,,,,,,,,,,,,,,,
1732157920.561412,1732157920.564348,102.000000,0.000000,4282.051270,4276.538574,4312.436035,4304.487305,4281.153809,4280.128418,4334.871582,4398.846191,4289.871582,4295.384766,4467.179688,4488.077148,4340.897461,4413.205078,1548.000000,1.000000,22.000000,,,,0.000000,2.000000,2.000000,0.000000,4.000000,2.000000,2.000000,0.000000,0.000000,4.000000,4.000000,4.000000,4.000000,4.000000,4.000000,0.000000,,,,,,,,,,,,,,,,,,,,,,,,,,,,
1732157920.569220,1732157920.572156,103.000000,0.000000,4290.769043,4275.897461,4312.692383,4304.358887,4278.077148,4280.512695,4334.871582,4400.128418,4281.794922,4297.692383,4465.384766,4489.230957,4339.230957,4416.025879,1566.000000,1.000000,22.000000,,,,0.000000,2.000000,2.000000,0.000000,4.000000,2.000000,2.000000,0.000000,0.000000,4.000000,4.000000,4.000000,4.000000,4.000000,4.000000,0.000000,,,,,,,,,,,,,,,,,,,,,,,,,,,,
1732157920.577029,1732157920.579864,104.000000,0.000000,4292.563965,4280.512695,4311.794922,4308.461426,4274.871582,4282.820313,4334.871582,4401.153809,4283.846191,4303.461426,4467.820313,4487.948730,4335.128418,4417.307617,1701.000000,1.000000,22.000000,,,,0.000000,2.000000,2.000000,0.000000,4.000000,2.000000,2.000000,0.000000,0.000000,4.000000,4.000000,4.000000,4.000000,4.000000,4.000000,0.000000,,,,,,,,,,,,,,,,,26.000000,0.000000,0.502567,0.468811,-0.555725,0.467773,0.973752,-0.054694,-0.063484,-35.810032,44.978004,31.235521
1732157920.584837,1732157920.587673,105.000000,0.000000,4291.538574,4275.384766,4312.563965,4305.641113,4291.538574,4279.871582,4334.871582,4400.256348,4293.717773,4302.948730,4466.538574,4489.615234,4334.743652,4416.410156,1611.000000,1.000000,22.000000,,,,0.000000,2.000000,2.000000,0.000000,4.000000,2.000000,2.000000,0.000000,0.000000,4.000000,4.000000,4.000000,4.000000,4.000000,4.000000,0.000000,,,,,,,,,,,,,,,,,,,,,,,,,,,,
1732157920.592645,1732157920.595281,106.000000,0.000000,4294.743652,4265.769043,4313.846191,4297.948730,4296.794922,4278.461426,4334.871582,4399.102539,4297.436035,4299.871582,4464.102539,4494.230957,4336.794922,4416.538574,1548.000000,1.000000,22.000000,,,,0.000000,2.000000,2.000000,0.000000,4.000000,2.000000,2.000000,0.000000,0.000000,4.000000,4.000000,4.000000,4.000000,4.000000,4.000000,0.000000,,,,,,,,,,,,,,,,,,,,,,,,,,,,
1732157920.600453,1732157920.603089,107.000000,0.000000,4293.974121,4267.563965,4313.846191,4297.051270,4272.692383,4285.641113,4334.871582,4399.487305,4293.077148,4301.025879,4466.025879,4496.282227,4335.256348,4418.974121,1566.000000,1.000000,22.000000,,,,0.000000,2.000000,2.000000,0.000000,4.000000,2.000000,2.000000,0.000000,0.000000,4.000000,4.000000,4.000000,4.000000,4.000000,4.000000,0.000000,,,,,,,,,,,,,,,,,,,,,,,,,,,,
1732157920.608261,1732157920.610797,108.000000,0.000000,4291.282227,4268.717773,4313.974121,4301.538574,4258.333496,4288.205078,4334.871582,4400.384766,4295.641113,4305.641113,4466.410156,4495.769043,4331.922852,4425.256348,1701.000000,1.000000,22.000000,,,,0.000000,2.000000,2.000000,0.000000,4.000000,2.000000,2.000000,0.000000,0.000000,4.000000,4.000000,4.000000,4.000000,4.000000,4.000000,0.000000,,,,,,,,,,,,,,,,,27.000000,0.000000,0.502578,0.468811,-0.555664,0.467834,0.979123,-0.047369,-0.064949,-35.911125,44.883850,31.100773
1732157920.616070,1732157920.618606,109.000000,0.000000,4293.205078,4263.717773,4314.102539,4301.282227,4277.692383,4281.922852,4334.871582,4401.666504,4302.692383,4308.333496,4466.282227,4500.000000,4333.589844,4427.563965,1611.000000,1.000000,22.000000,,,,0.000000,2.000000,2.000000,0.000000,4.000000,2.000000,2.000000,0.000000,0.000000,4.000000,4.000000,4.000000,4.000000,4.000000,4.000000,0.000000,,,,,,,,,,,,,,,,,,,,,,,,,,,,
1732157920.623878,1732157920.626214,110.000000,0.000000,4297.307617,4269.743652,4314.230957,4301.153809,4281.922852,4279.358887,4334.871582,4403.077148,4300.384766,4309.871582,4471.922852,4506.025879,4341.794922,4428.589844,1548.000000,1.000000,22.000000,,,,0.000000,2.000000,2.000000,0.000000,4.000000,2.000000,2.000000,0.000000,0.000000,4.000000,4.000000,4.000000,4.000000,4.000000,4.000000,0.000000,,,,,,,,,,,,,,,,,,,,,,,,,,,,
1732157920.631686,1732157920.634022,111.000000,0.000000,4296.794922,4279.230957,4312.820313,4307.563965,4270.769043,4281.153809,4334.871582,4400.000000,4293.333496,4310.769043,4477.563965,4502.179688,4344.487305,4431.025879,1566.000000,1.000000,22.000000,,,,0.000000,2.000000,2.000000,0.000000,4.000000,2.000000,2.000000,0.000000,0.000000,4.000000,4.000000,4.000000,4.000000,4.000000,4.000000,0.000000,,,,,,,,,,,,,,,,,,,,,,,,,,,,
1732157920.639495,1732157920.641731,112.000000,0.000000,4294.358887,4280.384766,4311.410156,4312.436035,4292.692383,4278.846191,4334.871582,4397.820313,4291.025879,4303.974121,4468.717773,4492.179688,4337.436035,4428.717773,1701.000000,1.000000,22.000000,,,,0.000000,2.000000,2.000000,0.000000,4.000000,2.000000,2.000000,0.000000,0.000000,4.000000,4.000000,4.000000,4.000000,4.000000,4.000000,0.000000,,,,,,,,,,,,,,,,,28.000000,0.000000,0.502428,0.468933,-0.555542,0.468018,0.979612,-0.064461,-0.047369,-35.969677,44.909252,31.103292
1732157920.647303,1732157920.649539,113.000000,0.000000,4294.358887,4276.794922,4311.666504,4310.000000,4304.615234,4279.102539,4334.871582,4398.846191,4292.948730,4298.846191,4463.974121,4490.000000,4334.230957,4426.794922,1611.000000,1.000000,22.000000,,,,0.000000,2.000000,2.000000,0.000000,4.000000,2.000000,2.000000,0.000000,0.000000,4.000000,4.000000,4.000000,4.000000,4.000000,4.000000,0.000000,,,,,,,,,,,,,,,,,,,,,,,,,,,,
1732157920.655111,1732157920.657147,114.000000,0.000000,4292.692383,4273.205078,4311.666504,4305.769043,4277.179688,4282.820313,4334.871582,4397.820313,4294.487305,4301.282227,4470.256348,4493.077148,4337.948730,4427.307617,1548.000000,1.000000,22.000000,,,,0.000000,2.000000,2.000000,0.000000,4.000000,2.000000,2.000000,0.000000,0.000000,4.000000,4.000000,4.000000,4.000000,4.000000,4.000000,0.000000,,,,,,,,,,,,,,,,,,,,,,,,,,,,
1732157920.662919,1732157920.664955,115.000000,0.000000,4292.179688,4272.563965,4309.871582,4306.666504,4261.410156,4283.717773,4334.871582,4398.589844,4297.179688,4307.179688,4471.794922,4492.692383,4338.717773,4427.436035,1566.000000,1.000000,22.000000,,,,0.000000,2.000000,2.000000,0.000000,4.000000,2.000000,2.000000,0.000000,0.000000,4.000000,4.000000,4.000000,4.000000,4.000000,4.000000,0.000000,,,,,,,,,,,,,,,,,,,,,,,,,,,,
1732157920.670728,1732157920.672864,116.000000,0.000000,4292.692383,4276.025879,4309.743652,4311.153809,4277.051270,4284.871582,4334.871582,4401.282227,4297.563965,4310.128418,4471.282227,4493.333496,4337.820313,4428.589844,1701.000000,1.000000,22.000000,,,,0.000000,2.000000,2.000000,0.000000,4.000000,2.000000,2.000000,0.000000,0.000000,4.000000,4.000000,4.000000,4.000000,4.000000,4.000000,0.000000,,,,,,,,,,,,,,,,,29.000000,0.000000,0.502315,0.468933,-0.555542,0.468140,0.979612,-0.042486,-0.062996,-35.833771,44.879826,31.105333
1732157920.678536,1732157920.680672,117.000000,0.000000,4287.307617,4276.666504,4311.282227,4308.461426,4295.256348,4283.589844,4334.871582,4398.974121,4295.769043,4308.974121,4469.102539,4491.538574,4335.641113,4426.282227,1611.000000,1.000000,22.000000,,,,0.000000,2.000000,2.000000,0.000000,4.000000,2.000000,2.000000,0.000000,0.000000,4.000000,4.000000,4.000000,4.000000,4.000000,4.000000,0.000000,,,,,,,,,,,,,,,,,,,,,,,,,,,,
1732157920.686344,1732157920.688280,118.000000,0.000000,4280.384766,4272.563965,4314.230957,4302.051270,4289.743652,4279.615234,4334.871582,4397.692383,4298.589844,4309.102539,4466.282227,4489.358887,4333.461426,4422.692383,1548.000000,1.000000,22.000000,,,,0.000000,2.000000,2.000000,0.000000,4.000000,2.000000,2.000000,0.000000,0.000000,4.000000,4.000000,4.000000,4.000000,4.000000,4.000000,0.000000,,,,,,,,,,,,,,,,,,,,,,,,,,,,
1732157920.694152,1732157920.696088,119.000000,0.000000,4282.179688,4271.922852,4315.897461,4301.922852,4268.974121,4279.358887,4334.871582,4400.897461,4294.871582,4311.153809,4467.563965,4493.333496,4336.282227,4425.000000,1566.000000,1.000000,22.000000,,,,0.000000,2.000000,2.000000,0.000000,4.000000,2.000000,2.000000,0.000000,0.000000,4.000000,4.000000,4.000000,4.000000,4.000000,4.000000,0.000000,,,,,,,,,,,,,,,,,,,,,,,,,,,,
1732157920.701960,1732157920.703797,120.000000,0.000000,4288.589844,4269.743652,4313.846191,4302.820313,4259.358887,4281.025879,4334.871582,4400.128418,4284.487305,4308.846191,4473.974121,4495.384766,4337.563965,4427.820313,1701.000000,1.000000,22.000000,,,,0.000000,2.000000,2.000000,0.000000,4.000000,2.000000,2.000000,0.000000,0.000000,4.000000,4.000000,4.000000,4.000000,4.000000,4.000000,0.000000,,,,,,,,,,,,,,,,,30.000000,0.000000,0.502371,0.468994,-0.555542,0.468018,0.979612,-0.042486,-0.062996,-35.938690,44.937660,31.261988
1732157920.709769,1732157920.711605,121.000000,0.000000,4291.025879,4264.230957,4312.307617,4300.897461,4265.384766,4278.717773,4334.871582,4397.692383,4285.769043,4304.871582,4474.102539,4492.948730,4333.974121,4427.307617,1611.000000,1.000000,22.000000,,,,0.000000,2.000000,2.000000,0.000000,4.000000,2.000000,2.000000,0.000000,0.000000,4.000000,4.000000,4.000000,4.000000,4.000000,4.000000,0.000000,,,,,,,,,,,,,,,,,,,,,,,,,,,,
1732157920.717577,1732157920.719213,122.000000,0.000000,4291.922852,4267.179688,4315.256348,4302.436035,4267.948730,4276.410156,4334.871582,4400.512695,4295.512695,4308.077148,4471.025879,4495.128418,4334.102539,4427.692383,1548.000000,1.000000,22.000000,,,,0.000000,2.000000,2.000000,0.000000,4.000000,2.000000,2.000000,0.000000,0.000000,4.000000,4.000000,4.000000,4.000000,4.000000,4.000000,0.000000,,,,,,,,,,,,,,,,,,,,,,,,,,,,
1732157920.725385,1732157920.727022,123.000000,0.000000,4291.538574,4273.077148,4315.000000,4305.128418,4272.820313,4278.461426,4334.871582,4402.051270,4295.769043,4310.256348,4474.615234,4504.615234,4338.333496,4429.487305,1566.000000,1.000000,22.000000,,,,0.000000,2.000000,2.000000,0.000000,4.000000,2.000000,2.000000,0.000000,0.000000,4.000000,4.000000,4.000000,4.000000,4.000000,4.000000,0.000000,,,,,,,,,,,,,,,,,,,,,,,,,,,,
1732157920.733194,1732157920.734930,124.000000,0.000000,4289.487305,4269.358887,4311.794922,4302.436035,4278.077148,4279.871582,4334.871582,4398.717773,4290.512695,4308.717773,4476.153809,4509.358887,4342.436035,4433.846191,1701.000000,1.000000,22.000000,,,,0.000000,2.000000,2.000000,0.000000,4.000000,2.000000,2.000000,0.000000,0.000000,4.000000,4.000000,4.000000,4.000000,4.000000,4.000000,0.000000,,,,,,,,,,,,,,,,,31.000000,0.000000,0.502196,0.469299,-0.555237,0.468262,0.968380,-0.045416,-0.055183,-35.855339,44.791172,31.212210
1732157920.741002,1732157920.742738,125.000000,0.000000,4291.025879,4262.820313,4313.461426,4300.512695,4277.179688,4277.307617,4334.871582,4397.436035,4294.358887,4311.282227,4473.461426,4502.692383,4342.948730,4435.128418,1611.000000,1.000000,22.000000,,,,0.000000,2.000000,2.000000,0.000000,4.000000,2.000000,2.000000,0.000000,0.000000,4.000000,4.000000,4.000000,4.000000,4.000000,4.000000,0.000000,,,,,,,,,,,,,,,,,,,,,,,,,,,,
1732157920.748810,1732157920.750746,126.000000,0.000000,4294.487305,4266.538574,4313.846191,4302.692383,4284.102539,4273.077148,4334.871582,4398.589844,4298.461426,4309.871582,4470.897461,4497.563965,4337.307617,4430.512695,1548.000000,1.000000,22.000000,,,,0.000000,2.000000,2.000000,0.000000,4.000000,2.000000,2.000000,0.000000,0.000000,4.000000,4.000000,4.000000,4.000000,4.000000,4.000000,0.000000,,,,,,,,,,,,,,,,,,,,,,,,,,,,
1732157920.756618,1732157920.758554,127.000000,0.000000,4294.615234,4272.563965,4310.384766,4306.282227,4280.000000,4274.743652,4334.871582,4398.589844,4287.563965,4299.102539,4471.282227,4501.538574,4332.948730,4433.205078,22.000000,1.000000,22.000000,,,,0.000000,2.000000,2.000000,0.000000,4.000000,2.000000,2.000000,0.000000,0.000000,4.000000,4.000000,4.000000,4.000000,4.000000,4.000000,0.000000,,,,,,,,,,,,,,,,,,,,,,,,,,,,
1732157920.764427,1732157920.766462,0.000000,0.000000,4294.102539,4275.000000,4310.512695,4307.820313,4261.922852,4280.000000,4334.871582,4398.846191,4277.179688,4291.922852,4473.589844,4504.871582,4337.436035,4438.333496,0.000000,1.000000,22.000000,,,,0.000000,2.000000,2.000000,0.000000,4.000000,2.000000,2.000000,0.000000,0.000000,4.000000,4.000000,4.000000,4.000000,4.000000,4.000000,0.000000,,,,,,,,,,,,,,,,,0.000000,0.000000,0.502325,0.468994,-0.555481,0.468140,0.984007,-0.050299,-0.053717,-36.071156,44.815849,31.220222
1732157920.772235,1732157920.774270,1.000000,0.000000,4296.153809,4271.153809,4313.589844,4305.641113,4258.717773,4281.282227,4334.871582,4402.436035,4288.589844,4299.358887,4474.102539,4506.153809,4342.051270,4436.025879,1599.000000,1.000000,22.000000,,,,0.000000,2.000000,2.000000,0.000000,4.000000,2.000000,2.000000,0.000000,0.000000,4.000000,4.000000,4.000000,4.000000,4.000000,4.000000,0.000000,,,,,,,,,,,,,,,,,,,,,,,,,,,,
1732157920.780043,1732157920.782278,2.000000,0.000000,4296.025879,4264.230957,4312.692383,4303.205078,4272.820313,4280.000000,4334.871582,4401.922852,4296.153809,4302.820313,4473.717773,4508.461426,4342.307617,4438.205078,1366.000000,1.000000,22.000000,,,,0.000000,2.000000,2.000000,0.000000,4.000000,2.000000,2.000000,0.000000,0.000000,4.000000,4.000000,4.000000,4.000000,4.000000,4.000000,0.000000,,,,,,,,,,,,,,,,,,,,,,,,,,,,
1732157920.787851,1732157920.790087,3.000000,0.000000,4293.717773,4265.512695,4310.641113,4302.179688,4285.128418,4279.230957,4335.000000,4397.692383,4282.051270,4297.307617,4472.563965,4507.307617,4342.051270,4444.102539,1421.000000,1.000000,22.000000,,,,0.000000,2.000000,2.000000,0.000000,4.000000,2.000000,2.000000,0.000000,0.000000,4.000000,4.000000,4.000000,4.000000,4.000000,4.000000,0.000000,,,,,,,,,,,,,,,,,,,,,,,,,,,,
1732157920.795659,1732157920.797795,4.000000,0.000000,4293.717773,4269.487305,4311.410156,4304.230957,4277.820313,4279.358887,4335.512695,4397.820313,4282.307617,4303.333496,4471.666504,4505.128418,4342.179688,4443.846191,1426.000000,1.000000,22.000000,,,,0.000000,2.000000,2.000000,0.000000,4.000000,2.000000,2.000000,0.000000,0.000000,4.000000,4.000000,4.000000,4.000000,4.000000,4.000000,0.000000,,,,,,,,,,,,,,,,,1.000000,0.000000,0.502325,0.468933,-0.555481,0.468201,0.969845,-0.048346,-0.053717,-35.945972,44.835838,31.276714
1732157920.803468,1732157920.805603,5.000000,0.000000,4295.641113,4269.358887,4311.666504,4304.358887,4260.384766,4280.769043,4334.230957,4398.589844,4298.846191,4318.589844,4472.436035,4506.153809,4343.205078,4443.333496,1210.000000,1.000000,22.000000,,,,0.000000,2.000000,2.000000,0.000000,4.000000,2.000000,2.000000,0.000000,0.000000,4.000000,4.000000,4.000000,4.000000,4.000000,4.000000,0.000000,,,,,,,,,,,,,,,,,,,,,,,,,,,,
1732157920.811276,1732157920.813611,6.000000,0.000000,4293.846191,4271.282227,4308.077148,4300.897461,4263.589844,4282.179688,4334.615234,4397.692383,4297.692383,4322.179688,4473.589844,4507.179688,4346.922852,4441.922852,0.000000,1.000000,22.000000,,,,0.000000,2.000000,2.000000,0.000000,4.000000,2.000000,2.000000,0.000000,0.000000,4.000000,4.000000,4.000000,4.000000,4.000000,4.000000,0.000000,,,,,,,,,,,,,,,,,,,,,,,,,,,,
1732157920.819084,1732157920.821419,7.000000,0.000000,4285.641113,4272.051270,4308.717773,4298.589844,4280.256348,4281.282227,4336.538574,4398.333496,4291.282227,4315.128418,4472.563965,4504.871582,4347.179688,4435.641113,0.000000,1.000000,22.000000,,,,0.000000,2.000000,2.000000,0.000000,4.000000,2.000000,2.000000,0.000000,0.000000,4.000000,4.000000,4.000000,4.000000,4.000000,4.000000,0.000000,,,,,,,,,,,,,,,,,,,,,,,,,,,,
1732157920.826893,1732157920.829327,8.000000,0.000000,4282.820313,4269.358887,4311.794922,4300.769043,4280.384766,4280.384766,4331.282227,4398.205078,4297.307617,4313.077148,4470.512695,4499.615234,4344.487305,4434.102539,1529.000000,1.000000,22.000000,,,,0.000000,2.000000,2.000000,0.000000,4.000000,2.000000,2.000000,0.000000,0.000000,4.000000,4.000000,4.000000,4.000000,4.000000,4.000000,0.000000,,,,,,,,,,,,,,,,,2.000000,0.000000,0.502382,0.468933,-0.555481,0.468140,0.971310,-0.055671,-0.057624,-36.051235,44.867027,31.540806
1732157920.834701,1732157920.837136,9.000000,0.000000,4287.948730,4268.974121,4312.563965,4301.410156,4271.538574,4278.846191,4326.025879,4397.948730,4298.846191,4314.358887,4470.769043,4499.230957,4345.897461,4436.794922,1683.000000,1.000000,22.000000,,,,0.000000,2.000000,2.000000,0.000000,4.000000,2.000000,2.000000,0.000000,0.000000,4.000000,4.000000,4.000000,4.000000,4.000000,4.000000,0.000000,,,,,,,,,,,,,,,,,,,,,,,,,,,,
1732157920.842509,1732157920.845144,10.000000,0.000000,4286.025879,4270.256348,4312.307617,4300.256348,4280.512695,4278.717773,4331.538574,4399.358887,4293.974121,4311.922852,4471.794922,4501.025879,4348.077148,4435.384766,1548.000000,1.000000,22.000000,,,,0.000000,2.000000,2.000000,0.000000,4.000000,2.000000,2.000000,0.000000,0.000000,4.000000,4.000000,4.000000,4.000000,4.000000,4.000000,0.000000,,,,,,,,,,,,,,,,,,,,,,,,,,,,
1732157920.850317,1732157920.852952,11.000000,0.000000,4280.000000,4265.641113,4313.333496,4300.769043,4299.230957,4280.641113,4336.153809,4400.384766,4293.589844,4309.487305,4471.538574,4498.846191,4348.589844,4434.871582,1566.000000,1.000000,22.000000,,,,0.000000,2.000000,2.000000,0.000000,4.000000,2.000000,2.000000,0.000000,0.000000,4.000000,4.000000,4.000000,4.000000,4.000000,4.000000,0.000000,,,,,,,,,,,,,,,,,,,,,,,,,,,,
1732157920.858126,1732157920.860860,12.000000,0.000000,4284.358887,4265.641113,4313.589844,4302.307617,4289.743652,4280.128418,4333.077148,4399.743652,4295.000000,4311.794922,4470.384766,4500.769043,4350.128418,4440.384766,1701.000000,1.000000,22.000000,,,,0.000000,2.000000,2.000000,0.000000,4.000000,2.000000,2.000000,0.000000,0.000000,4.000000,4.000000,4.000000,4.000000,4.000000,4.000000,0.000000,,,,,,,,,,,,,,,,,3.000000,0.000000,0.502614,0.468628,-0.555786,0.467834,0.984495,-0.047857,-0.047369,-35.748169,44.647293,31.561386
1732157920.865934,1732157920.868668,13.000000,0.000000,4292.051270,4274.358887,4313.077148,4304.230957,4263.589844,4280.512695,4333.333496,4400.384766,4295.000000,4314.743652,4472.307617,4507.307617,4350.641113,4445.128418,1608.000000,1.000000,22.000000,,,,0.000000,2.000000,2.000000,0.000000,4.000000,2.000000,2.000000,0.000000,0.000000,4.000000,4.000000,4.000000,4.000000,4.000000,4.000000,0.000000,,,,,,,,,,,,,,,,,,,,,,,,,,,,
1732157920.873742,1732157920.876676,14.000000,0.000000,4295.384766,4274.743652,4312.692383,4301.282227,4265.000000,4281.666504,4333.846191,4399.615234,4293.589844,4310.000000,4471.025879,4508.077148,4346.666504,4445.512695,1548.000000,1.000000,22.000000,,,,0.000000,2.000000,2.000000,0.000000,4.000000,2.000000,2.000000,0.000000,0.000000,4.000000,4.000000,4.000000,4.000000,4.000000,4.000000,0.000000,1.000000,0.000000,2.000000,1.000000,0.000000,4.000000,1.000000,0.000000,0.000000,0.000000,4.000000,3.000000,1.000000,4.000000,1.000000,4.000000,,,,,,,,,,,,
1732157920.881550,1732157920.884484,15.000000,0.000000,4292.820313,4266.410156,4310.641113,4298.461426,4276.538574,4280.512695,4330.256348,4397.820313,4293.846191,4304.743652,4464.230957,4505.256348,4342.307617,4446.410156,1566.000000,1.000000,22.000000,,,,0.000000,2.000000,2.000000,0.000000,4.000000,2.000000,2.000000,0.000000,0.000000,4.000000,4.000000,4.000000,4.000000,4.000000,4.000000,0.000000,,,,,,,,,,,,,,,,,,,,,,,,,,,,
1732157920.889358,1732157920.892193,16.000000,0.000000,4286.025879,4262.307617,4310.512695,4299.615234,4280.384766,4277.692383,4331.153809,4400.256348,4295.641113,4304.358887,4464.871582,4504.743652,4344.615234,4445.897461,0.000000,1.000000,22.000000,,,,0.000000,2.000000,2.000000,0.000000,4.000000,2.000000,2.000000,0.000000,0.000000,4.000000,4.000000,4.000000,4.000000,4.000000,4.000000,0.000000,,,,,,,,,,,,,,,,,4.000000,0.000000,0.502763,0.468445,-0.555908,0.467712,0.981077,-0.054694,-0.066903,-35.837685,44.567642,31.418055
1732157920.897167,1732157920.900001,17.000000,0.000000,4288.205078,4267.051270,4311.794922,4301.666504,4287.179688,4277.948730,4334.230957,4400.897461,4293.589844,4306.666504,4473.333496,4508.205078,4350.256348,4444.102539,0.000000,1.000000,22.000000,,,,0.000000,2.000000,2.000000,0.000000,4.000000,2.000000,2.000000,0.000000,0.000000,4.000000,4.000000,4.000000,4.000000,4.000000,4.000000,0.000000,,,,,,,,,,,,,,,,,,,,,,,,,,,,
1732157920.904975,1732157920.907609,18.000000,0.000000,4296.922852,4270.000000,4312.436035,4306.410156,4277.948730,4280.512695,4334.102539,4396.666504,4295.000000,4310.384766,4476.666504,4517.948730,4352.051270,4450.128418,0.000000,1.000000,22.000000,,,,0.000000,2.000000,2.000000,0.000000,4.000000,2.000000,2.000000,0.000000,0.000000,4.000000,4.000000,4.000000,4.000000,4.000000,4.000000,0.000000,,,,,,,,,,,,,,,,,,,,,,,,,,,,
1732157920.912783,1732157920.915417,19.000000,0.000000,4296.666504,4266.410156,4312.563965,4307.051270,4258.589844,4282.179688,4334.102539,4397.179688,4302.692383,4313.589844,4475.256348,4524.743652,4351.282227,4454.102539,0.000000,1.000000,22.000000,,,,0.000000,2.000000,2.000000,0.000000,4.000000,2.000000,2.000000,0.000000,0.000000,4.000000,4.000000,4.000000,4.000000,4.000000,4.000000,0.000000,,,,,,,,,,,,,,,,,,,,,,,,,,,,
1732157920.920591,1732157920.923126,20.000000,0.000000,4292.563965,4265.512695,4312.051270,4302.692383,4264.230957,4282.948730,4335.384766,4402.307617,4302.179688,4312.307617,4475.256348,4522.051270,4351.410156,4448.077148,0.000000,1.000000,22.000000,,,,0.000000,2.000000,2.000000,0.000000,4.000000,2.000000,2.000000,0.000000,0.000000,4.000000,4.000000,4.000000,4.000000,4.000000,4.000000,0.000000,,,,,,,,,,,,,,,,,5.000000,0.000000,0.502820,0.468384,-0.555908,0.467712,0.980100,-0.046392,-0.056648,-35.806858,44.761456,31.660292
1732157920.928400,1732157920.930934,21.000000,0.000000,4294.358887,4271.153809,4311.282227,4304.743652,4280.000000,4282.820313,4334.615234,4401.410156,4292.692383,4306.153809,4474.102539,4514.871582,4351.794922,4444.102539,0.000000,1.000000,22.000000,,,,0.000000,2.000000,2.000000,0.000000,4.000000,2.000000,2.000000,0.000000,0.000000,4.000000,4.000000,4.000000,4.000000,4.000000,4.000000,0.000000,,,,,,,,,,,,,,,,,,,,,,,,,,,,
1732157920.936208,1732157920.938542,22.000000,0.000000,4292.948730,4278.717773,4312.820313,4305.384766,4282.051270,4281.794922,4333.461426,4397.563965,4292.179688,4302.436035,4472.692383,4512.436035,4352.051270,4446.025879,0.000000,1.000000,22.000000,,,,0.000000,2.000000,2.000000,0.000000,4.000000,2.000000,2.000000,0.000000,0.000000,4.000000,4.000000,4.000000,4.000000,4.000000,4.000000,0.000000,,,,,,,,,,,,,,,,,,,,,,,,,,,,
1732157920.944016,1732157920.946351,23.000000,0.000000,4284.358887,4276.538574,4312.307617,4298.205078,4275.384766,4280.769043,4334.102539,4398.589844,4297.948730,4306.410156,4473.461426,4513.717773,4350.384766,4444.743652,0.000000,1.000000,22.000000,,,,0.000000,2.000000,2.000000,0.000000,4.000000,2.000000,2.000000,0.000000,0.000000,4.000000,4.000000,4.000000,4.000000,4.000000,4.000000,0.000000,,,,,,,,,,,,,,,,,,,,,,,,,,,,
1732157920.951825,1732157920.954059,24.000000,0.000000,4279.487305,4268.205078,4310.897461,4296.153809,4279.743652,4280.256348,4334.358887,4400.256348,4295.897461,4308.205078,4472.820313,4510.512695,4347.436035,4440.769043,0.000000,1.000000,22.000000,,,,0.000000,2.000000,2.000000,0.000000,4.000000,2.000000,2.000000,0.000000,0.000000,4.000000,4.000000,4.000000,4.000000,4.000000,4.000000,0.000000,,,,,,,,,,,,,,,,,6.000000,0.000000,0.502901,0.468201,-0.556091,0.467590,0.979612,-0.046392,-0.047857,-35.970219,44.870113,31.344835
1732157920.959633,1732157920.961867,25.000000,0.000000,4283.461426,4270.769043,4312.051270,4298.333496,4293.205078,4277.692383,4333.717773,4400.769043,4296.794922,4307.820313,4471.922852,4505.512695,4348.205078,4441.025879,0.000000,1.000000,22.000000,,,,0.000000,2.000000,2.000000,0.000000,4.000000,2.000000,2.000000,0.000000,0.000000,4.000000,4.000000,4.000000,4.000000,4.000000,4.000000,0.000000,,,,,,,,,,,,,,,,,,,,,,,,,,,,
1732157920.967441,1732157920.969476,26.000000,0.000000,4291.538574,4277.820313,4313.589844,4301.282227,4281.153809,4276.666504,4334.230957,4399.743652,4302.948730,4309.871582,4475.000000,4509.102539,4350.000000,4445.897461,0.000000,1.000000,22.000000,,,,0.000000,2.000000,2.000000,0.000000,4.000000,2.000000,2.000000,0.000000,0.000000,4.000000,4.000000,4.000000,4.000000,4.000000,4.000000,0.000000,,,,,,,,,,,,,,,,,,,,,,,,,,,,
1732157920.975249,1732157920.977284,27.000000,0.000000,4295.384766,4275.512695,4315.256348,4306.922852,4256.153809,4280.128418,4333.974121,4397.436035,4297.820313,4305.769043,4476.922852,4513.717773,4349.743652,4450.000000,0.000000,1.000000,22.000000,,,,0.000000,2.000000,2.000000,0.000000,4.000000,2.000000,2.000000,0.000000,0.000000,4.000000,4.000000,4.000000,4.000000,4.000000,4.000000,0.000000,,,,,,,,,,,,,,,,,,,,,,,,,,,,
1732157920.983057,1732157920.984992,28.000000,0.000000,4292.692383,4272.179688,4315.769043,4309.487305,4273.205078,4278.846191,4329.102539,4397.436035,4288.589844,4298.077148,4474.102539,4514.358887,4351.153809,4447.948730,0.000000,1.000000,22.000000,,,,0.000000,2.000000,2.000000,0.000000,4.000000,2.000000,2.000000,0.000000,0.000000,4.000000,4.000000,4.000000,4.000000,4.000000,4.000000,0.000000,,,,,,,,,,,,,,,,,7.000000,0.000000,0.502706,0.468445,-0.555908,0.467773,0.974728,-0.034184,-0.062996,-35.820877,44.846458,31.327650
1732157920.990866,1732157920.992800,29.000000,0.000000,4289.487305,4276.282227,4313.589844,4307.436035,4293.205078,4273.589844,4325.384766,4398.846191,4291.282227,4301.410156,4473.205078,4513.333496,4351.538574,4447.051270,0.000000,1.000000,22.000000,,,,0.000000,2.000000,2.000000,0.000000,4.000000,2.000000,2.000000,0.000000,0.000000,4.000000,4.000000,4.000000,4.000000,4.000000,4.000000,0.000000,,,,,,,,,,,,,,,,,,,,,,,,,,,,
1732157920.998674,1732157921.000409,30.000000,0.000000,4293.333496,4279.358887,4311.538574,4311.282227,4270.897461,4274.871582,4329.871582,4399.358887,4298.846191,4309.358887,4475.897461,4512.179688,4350.000000,4448.846191,0.000000,1.000000,22.000000,,,,0.000000,2.000000,2.000000,0.000000,4.000000,2.000000,2.000000,0.000000,0.000000,4.000000,4.000000,4.000000,4.000000,4.000000,4.000000,0.000000,,,,,,,,,,,,,,,,,,,,,,,,,,,,
1732157921.006482,1732157921.008217,31.000000,0.000000,4294.743652,4279.230957,4312.051270,4313.846191,4261.538574,4281.282227,4336.282227,4399.615234,4298.461426,4308.077148,4476.153809,4512.692383,4350.128418,4446.153809,0.000000,1.000000,22.000000,,,,0.000000,2.000000,2.000000,0.000000,4.000000,2.000000,2.000000,0.000000,0.000000,4.000000,4.000000,4.000000,4.000000,4.000000,4.000000,0.000000,,,,,,,,,,,,,,,,,,,,,,,,,,,,
1732157921.014290,1732157921.015925,32.000000,0.000000,4287.307617,4279.615234,4312.692383,4313.333496,4282.820313,4283.333496,4335.641113,4399.871582,4298.205078,4303.846191,4474.230957,4510.897461,4349.871582,4443.589844,0.000000,1.000000,22.000000,,,,0.000000,2.000000,2.000000,0.000000,4.000000,2.000000,2.000000,0.000000,0.000000,4.000000,4.000000,4.000000,4.000000,4.000000,4.000000,0.000000,,,,,,,,,,,,,,,,,8.000000,0.000000,0.502912,0.468262,-0.556030,0.467590,0.983518,-0.046881,-0.059578,-35.726578,44.762299,31.412064
1732157921.022099,1732157921.023733,33.000000,0.000000,4281.666504,4279.358887,4310.897461,4312.051270,4285.769043,4281.025879,4331.025879,4400.769043,4298.974121,4303.846191,4475.384766,4505.000000,4350.769043,4442.820313,0.000000,1.000000,22.000000,,,,0.000000,2.000000,2.000000,0.000000,4.000000,2.000000,2.000000,0.000000,0.000000,4.000000,4.000000,4.000000,4.000000,4.000000,4.000000,0.000000,,,,,,,,,,,,,,,,,,,,,,,,,,,,
1732157921.029907,1732157921.031342,34.000000,0.000000,4282.563965,4278.589844,4311.153809,4309.230957,4278.589844,4280.769043,4330.897461,4399.743652,4293.974121,4303.461426,4475.512695,4500.512695,4351.794922,4436.922852,0.000000,1.000000,22.000000,,,,0.000000,2.000000,2.000000,0.000000,4.000000,2.000000,2.000000,0.000000,0.000000,4.000000,4.000000,4.000000,4.000000,4.000000,4.000000,0.000000,,,,,,,,,,,,,,,,,,,,,,,,,,,,
1732157921.037715,1732157921.039150,35.000000,0.000000,4282.820313,4273.461426,4313.589844,4309.615234,4285.128418,4282.436035,4334.230957,4398.077148,4292.051270,4302.563965,4472.436035,4501.666504,4344.743652,4427.948730,0.000000,1.000000,22.000000,,,,0.000000,2.000000,2.000000,0.000000,4.000000,2.000000,2.000000,0.000000,0.000000,4.000000,4.000000,4.000000,4.000000,4.000000,4.000000,0.000000,,,,,,,,,,,,,,,,,,,,,,,,,,,,
1732157921.045524,1732157921.046858,36.000000,0.000000,4280.897461,4270.769043,4313.077148,4311.410156,4281.666504,4281.794922,4334.871582,4399.871582,4298.974121,4303.205078,4471.794922,4504.615234,4340.256348,4429.871582,0.000000,1.000000,22.000000,,,,0.000000,2.000000,2.000000,0.000000,4.000000,2.000000,2.000000,0.000000,0.000000,4.000000,4.000000,4.000000,4.000000,4.000000,4.000000,0.000000,,,,,,,,,,,,,,,,,9.000000,0.000000,0.502901,0.468201,-0.556091,0.467590,0.967892,-0.048834,-0.046392,-35.398529,44.934128,31.365438
1732157921.053332,1732157921.054667,37.000000,0.000000,4280.769043,4276.666504,4311.538574,4309.102539,4279.102539,4279.230957,4333.589844,4401.410156,4294.102539,4301.922852,4474.102539,4510.256348,4348.077148,4440.128418,0.000000,1.000000,22.000000,,,,0.000000,2.000000,2.000000,0.000000,4.000000,2.000000,2.000000,0.000000,0.000000,4.000000,4.000000,4.000000,4.000000,4.000000,4.000000,0.000000,,,,,,,,,,,,,,,,,,,,,,,,,,,,
1732157921.061140,1732157921.062275,38.000000,0.000000,4282.051270,4279.230957,4312.820313,4306.794922,4296.153809,4279.230957,4334.102539,4397.436035,4281.282227,4297.051270,4474.102539,4514.615234,4353.589844,4445.128418,0.000000,1.000000,22.000000,,,,0.000000,2.000000,2.000000,0.000000,4.000000,2.000000,2.000000,0.000000,0.000000,4.000000,4.000000,4.000000,4.000000,4.000000,4.000000,0.000000,,,,,,,,,,,,,,,,,,,,,,,,,,,,
1732157921.068948,1732157921.070083,39.000000,0.000000,4282.051270,4274.871582,4313.333496,4306.025879,4292.179688,4281.153809,4334.487305,4396.282227,4286.538574,4295.641113,4472.948730,4510.769043,4350.769043,4444.102539,0.000000,1.000000,22.000000,,,,0.000000,2.000000,2.000000,0.000000,4.000000,2.000000,2.000000,0.000000,0.000000,4.000000,4.000000,4.000000,4.000000,4.000000,4.000000,0.000000,,,,,,,,,,,,,,,,,,,,,,,,,,,,
1732157921.076756,1732157921.077991,40.000000,0.000000,4281.410156,4273.333496,4308.846191,4306.025879,4265.512695,4280.256348,4333.077148,4398.717773,4296.025879,4296.538574,4474.487305,4504.230957,4350.256348,4443.461426,0.000000,1.000000,22.000000,,,,0.000000,2.000000,2.000000,0.000000,4.000000,2.000000,2.000000,0.000000,0.000000,4.000000,4.000000,4.000000,4.000000,4.000000,4.000000,0.000000,,,,,,,,,,,,,,,,,10.000000,0.000000,0.502994,0.468079,-0.556213,0.467468,0.990355,-0.056648,-0.059089,-35.537807,44.788311,31.434338
1732157921.084565,1732157921.085800,41.000000,0.000000,4282.179688,4272.179688,4309.102539,4305.384766,4257.307617,4277.820313,4333.461426,4399.230957,4293.589844,4299.615234,4476.538574,4508.077148,4351.666504,4443.974121,0.000000,1.000000,22.000000,,,,0.000000,2.000000,2.000000,0.000000,4.000000,2.000000,2.000000,0.000000,0.000000,4.000000,4.000000,4.000000,4.000000,4.000000,4.000000,0.000000,,,,,,,,,,,,,,,,,,,,,,,,,,,,
1732157921.092373,1732157921.093408,42.000000,0.000000,4283.461426,4268.205078,4314.487305,4301.922852,4275.128418,4275.769043,4333.846191,4399.230957,4295.128418,4309.358887,4476.794922,4516.538574,4350.897461,4443.846191,0.000000,1.000000,22.000000,,,,0.000000,2.000000,2.000000,0.000000,4.000000,2.000000,2.000000,0.000000,0.000000,4.000000,4.000000,4.000000,4.000000,4.000000,4.000000,0.000000,,,,,,,,,,,,,,,,,,,,,,,,,,,,
1732157921.100181,1732157921.101216,43.000000,0.000000,4283.717773,4269.871582,4315.000000,4300.000000,4291.025879,4276.922852,4333.077148,4399.358887,4299.102539,4310.897461,4476.922852,4512.051270,4350.641113,4442.179688,0.000000,1.000000,22.000000,,,,0.000000,2.000000,2.000000,0.000000,4.000000,2.000000,2.000000,0.000000,0.000000,4.000000,4.000000,4.000000,4.000000,4.000000,4.000000,0.000000,,,,,,,,,,,,,,,,,,,,,,,,,,,,
1732157921.107989,1732157921.108924,44.000000,0.000000,4282.307617,4277.051270,4313.077148,4307.307617,4283.333496,4279.615234,4333.461426,4398.589844,4296.410156,4300.897461,4476.025879,4505.512695,4350.384766,4440.769043,0.000000,1.000000,22.000000,,,,0.000000,2.000000,2.000000,0.000000,4.000000,2.000000,2.000000,0.000000,0.000000,4.000000,4.000000,4.000000,4.000000,4.000000,4.000000,0.000000,,,,,,,,,,,,,,,,,11.000000,0.000000,0.502880,0.468079,-0.556213,0.467590,0.985472,-0.046392,-0.051276,-35.397289,44.753532,31.415148
1732157921.115798,1732157921.116733,45.000000,0.000000,4280.897461,4275.256348,4313.333496,4309.615234,4265.000000,4281.666504,4335.897461,4398.974121,4293.717773,4297.307617,4474.102539,4508.717773,4349.487305,4443.333496,0.000000,1.000000,22.000000,,,,0.000000,2.000000,2.000000,0.000000,4.000000,2.000000,2.000000,0.000000,0.000000,4.000000,4.000000,4.000000,4.000000,4.000000,4.000000,0.000000,,,,,,,,,,,,,,,,,,,,,,,,,,,,
1732157921.123606,1732157921.124341,46.000000,0.000000,4285.128418,4269.102539,4314.615234,4303.461426,4265.000000,4282.051270,4335.769043,4399.871582,4295.256348,4305.000000,4472.436035,4513.333496,4348.974121,4443.974121,0.000000,1.000000,22.000000,,,,0.000000,2.000000,2.000000,0.000000,4.000000,2.000000,2.000000,0.000000,0.000000,4.000000,4.000000,4.000000,4.000000,4.000000,4.000000,0.000000,,,,,,,,,,,,,,,,,,,,,,,,,,,,
1732157921.131414,1732157921.132149,47.000000,0.000000,4287.820313,4271.666504,4312.436035,4306.153809,4277.436035,4281.025879,4333.077148,4400.000000,4299.102539,4310.512695,4473.333496,4513.589844,4351.282227,4441.153809,0.000000,1.000000,22.000000,,,,0.000000,2.000000,2.000000,0.000000,4.000000,2.000000,2.000000,0.000000,0.000000,4.000000,4.000000,4.000000,4.000000,4.000000,4.000000,0.000000,,,,,,,,,,,,,,,,,,,,,,,,,,,,
1732157921.139223,1732157921.140057,48.000000,0.000000,4284.102539,4271.666504,4311.794922,4306.025879,4285.512695,4281.153809,4333.846191,4399.615234,4300.000000,4303.461426,4474.358887,4510.256348,4349.871582,4441.282227,0.000000,1.000000,22.000000,,,,0.000000,2.000000,2.000000,0.000000,4.000000,2.000000,2.000000,0.000000,0.000000,4.000000,4.000000,4.000000,4.000000,4.000000,4.000000,0.000000,,,,,,,,,,,,,,,,,12.000000,0.000000,0.502880,0.468018,-0.556213,0.467651,0.985472,-0.046392,-0.051276,-35.528473,44.770359,31.427937
1732157921.147031,1732157921.147866,49.000000,0.000000,4282.563965,4263.717773,4313.077148,4297.948730,4287.563965,4280.000000,4334.743652,4398.333496,4295.128418,4294.102539,4473.846191,4508.974121,4343.077148,4442.307617,0.000000,1.000000,22.000000,,,,0.000000,2.000000,2.000000,0.000000,4.000000,2.000000,2.000000,0.000000,0.000000,4.000000,4.000000,4.000000,4.000000,4.000000,4.000000,0.000000,,,,,,,,,,,,,,,,,,,,,,,,,,,,
1732157921.154839,1732157921.155874,50.000000,0.000000,4288.077148,4265.256348,4312.948730,4299.743652,4274.358887,4278.077148,4333.205078,4397.692383,4293.717773,4298.077148,4474.230957,4516.538574,4343.974121,4441.666504,0.000000,1.000000,22.000000,,,,0.000000,2.000000,2.000000,0.000000,4.000000,2.000000,2.000000,0.000000,0.000000,4.000000,4.000000,4.000000,4.000000,4.000000,4.000000,0.000000,,,,,,,,,,,,,,,,,,,,,,,,,,,,
1732157921.162647,1732157921.163682,51.000000,0.000000,4294.615234,4274.102539,4310.641113,4307.051270,4258.333496,4279.230957,4330.897461,4397.307617,4296.153809,4303.717773,4475.512695,4523.205078,4350.512695,4444.230957,0.000000,1.000000,22.000000,,,,0.000000,2.000000,2.000000,0.000000,4.000000,2.000000,2.000000,0.000000,0.000000,4.000000,4.000000,4.000000,4.000000,4.000000,4.000000,0.000000,,,,,,,,,,,,,,,,,,,,,,,,,,,,
1732157921.170455,1732157921.171590,52.000000,0.000000,4293.461426,4272.179688,4309.871582,4306.025879,4265.512695,4279.871582,4330.769043,4396.538574,4293.077148,4298.461426,4476.025879,4521.794922,4352.051270,4448.974121,0.000000,1.000000,22.000000,,,,0.000000,2.000000,2.000000,0.000000,4.000000,2.000000,2.000000,0.000000,0.000000,4.000000,4.000000,4.000000,4.000000,4.000000,4.000000,0.000000,,,,,,,,,,,,,,,,,13.000000,0.000000,0.502788,0.468140,-0.556091,0.467773,0.969845,-0.043951,-0.069833,-35.553062,44.927326,31.273294
1732157921.178264,1732157921.179398,53.000000,0.000000,4287.692383,4265.256348,4312.563965,4305.128418,4272.179688,4278.461426,4332.692383,4398.077148,4291.025879,4294.487305,4476.025879,4517.436035,4350.897461,4448.846191,0.000000,1.000000,22.000000,,,,0.000000,2.000000,2.000000,0.000000,4.000000,2.000000,2.000000,0.000000,0.000000,4.000000,4.000000,4.000000,4.000000,4.000000,4.000000,0.000000,,,,,,,,,,,,,,,,,,,,,,,,,,,,
1732157921.186072,1732157921.187406,54.000000,0.000000,4283.205078,4265.512695,4315.128418,4307.179688,4275.897461,4279.102539,4336.153809,4399.102539,4296.410156,4298.589844,4475.000000,4512.179688,4348.846191,4444.615234,0.000000,1.000000,22.000000,,,,0.000000,2.000000,2.000000,0.000000,4.000000,2.000000,2.000000,0.000000,0.000000,4.000000,4.000000,4.000000,4.000000,4.000000,4.000000,0.000000,,,,,,,,,,,,,,,,,,,,,,,,,,,,
1732157921.193880,1732157921.195214,55.000000,0.000000,4281.794922,4268.846191,4311.922852,4303.461426,4291.922852,4279.102539,4338.717773,4398.333496,4298.461426,4297.820313,4472.820313,4507.307617,4346.282227,4441.538574,0.000000,1.000000,22.000000,,,,0.000000,2.000000,2.000000,0.000000,4.000000,2.000000,2.000000,0.000000,0.000000,4.000000,4.000000,4.000000,4.000000,4.000000,4.000000,0.000000,,,,,,,,,,,,,,,,,,,,,,,,,,,,
1732157921.201688,1732157921.203122,56.000000,0.000000,4280.641113,4274.487305,4309.358887,4301.666504,4286.666504,4276.282227,4338.205078,4397.307617,4294.230957,4295.256348,4472.051270,4507.820313,4347.820313,4442.179688,0.000000,1.000000,22.000000,,,,0.000000,2.000000,2.000000,0.000000,4.000000,2.000000,2.000000,0.000000,0.000000,4.000000,4.000000,4.000000,4.000000,4.000000,4.000000,0.000000,,,,,,,,,,,,,,,,,14.000000,0.000000,0.502593,0.468323,-0.555908,0.468018,0.981077,-0.045904,-0.052252,-35.326313,44.861134,31.393036
1732157921.209497,1732157921.210931,57.000000,0.000000,4280.512695,4277.692383,4313.974121,4307.563965,4261.922852,4277.307617,4338.205078,4397.307617,4292.436035,4300.128418,4474.743652,4509.230957,4351.025879,4444.487305,0.000000,1.000000,22.000000,,,,0.000000,2.000000,2.000000,0.000000,4.000000,2.000000,2.000000,0.000000,0.000000,4.000000,4.000000,4.000000,4.000000,4.000000,4.000000,0.000000,,,,,,,,,,,,,,,,,,,,,,,,,,,,
1732157921.217305,1732157921.218939,58.000000,0.000000,4283.589844,4270.897461,4315.897461,4307.692383,4258.333496,4278.077148,4338.717773,4399.230957,4296.666504,4306.410156,4475.384766,4509.358887,4350.897461,4445.128418,0.000000,1.000000,22.000000,,,,0.000000,2.000000,2.000000,0.000000,4.000000,2.000000,2.000000,0.000000,0.000000,4.000000,4.000000,4.000000,4.000000,4.000000,4.000000,0.000000,,,,,,,,,,,,,,,,,,,,,,,,,,,,
1732157921.225113,1732157921.226747,59.000000,0.000000,4282.948730,4266.410156,4310.128418,4300.512695,4271.282227,4276.666504,4337.948730,4400.769043,4299.743652,4306.538574,4473.589844,4512.179688,4350.384766,4444.102539,0.000000,1.000000,22.000000,,,,0.000000,2.000000,2.000000,0.000000,4.000000,2.000000,2.000000,0.000000,0.000000,4.000000,4.000000,4.000000,4.000000,4.000000,4.000000,0.000000,,,,,,,,,,,,,,,,,,,,,,,,,,,,
1732157921.232921,1732157921.234655,60.000000,0.000000,4281.666504,4273.461426,4308.333496,4298.205078,4281.025879,4279.102539,4338.205078,4398.846191,4298.205078,4302.436035,4474.487305,4509.871582,4349.743652,4443.717773,0.000000,1.000000,22.000000,,,,0.000000,2.000000,2.000000,0.000000,4.000000,2.000000,2.000000,0.000000,0.000000,4.000000,4.000000,4.000000,4.000000,4.000000,4.000000,0.000000,,,,,,,,,,,,,,,,,15.000000,0.000000,0.502628,0.468201,-0.556030,0.467957,0.983518,-0.054694,-0.055671,-35.265980,44.809185,31.546692
1732157921.240730,1732157921.242463,61.000000,0.000000,4286.538574,4276.025879,4312.051270,4303.461426,4278.846191,4279.487305,4338.717773,4398.846191,4295.256348,4299.102539,4475.769043,4506.153809,4350.641113,4444.230957,0.000000,1.000000,22.000000,,,,0.000000,2.000000,2.000000,0.000000,4.000000,2.000000,2.000000,0.000000,0.000000,4.000000,4.000000,4.000000,4.000000,4.000000,4.000000,0.000000,,,,,,,,,,,,,,,,,,,,,,,,,,,,
1732157921.248538,1732157921.250471,62.000000,0.000000,4290.000000,4274.743652,4311.794922,4306.282227,4276.025879,4274.230957,4335.769043,4401.922852,4292.948730,4297.436035,4474.102539,4506.025879,4351.410156,4445.256348,0.000000,1.000000,22.000000,,,,0.000000,2.000000,2.000000,0.000000,4.000000,2.000000,2.000000,0.000000,0.000000,4.000000,4.000000,4.000000,4.000000,4.000000,4.000000,0.000000,,,,,,,,,,,,,,,,,,,,,,,,,,,,
1732157921.256346,1732157921.258279,63.000000,0.000000,4283.717773,4277.948730,4309.102539,4301.538574,4291.666504,4273.077148,4332.563965,4400.512695,4293.717773,4298.846191,4473.974121,4507.307617,4346.666504,4441.410156,0.000000,1.000000,22.000000,,,,0.000000,2.000000,2.000000,0.000000,4.000000,2.000000,2.000000,0.000000,0.000000,4.000000,4.000000,4.000000,4.000000,4.000000,4.000000,0.000000,,,,,,,,,,,,,,,,,,,,,,,,,,,,
1732157921.264154,1732157921.266187,64.000000,0.000000,4279.487305,4278.589844,4309.743652,4298.333496,4295.000000,4276.153809,4333.461426,4398.974121,4293.589844,4299.871582,4476.538574,4507.563965,4342.051270,4435.897461,0.000000,1.000000,22.000000,,,,0.000000,2.000000,2.000000,0.000000,4.000000,2.000000,2.000000,0.000000,0.000000,4.000000,4.000000,4.000000,4.000000,4.000000,4.000000,0.000000,,,,,,,,,,,,,,,,,16.000000,0.000000,0.502546,0.468384,-0.555847,0.468079,0.976682,-0.045416,-0.052252,-35.563778,44.212105,31.189487
1732157921.271963,1732157921.273996,65.000000,0.000000,4287.820313,4278.589844,4312.051270,4304.102539,4263.589844,4279.743652,4335.384766,4400.769043,4293.205078,4298.077148,4476.410156,4507.563965,4342.948730,4438.461426,1599.000000,1.000000,22.000000,,,,0.000000,2.000000,2.000000,0.000000,4.000000,2.000000,2.000000,0.000000,0.000000,4.000000,4.000000,4.000000,4.000000,4.000000,4.000000,0.000000,,,,,,,,,,,,,,,,,,,,,,,,,,,,
1732157921.279771,1732157921.281904,66.000000,0.000000,4290.384766,4278.589844,4313.205078,4308.205078,4259.743652,4277.948730,4334.871582,4400.128418,4299.358887,4300.384766,4474.102539,4507.436035,4344.487305,4438.974121,1366.000000,1.000000,22.000000,,,,0.000000,2.000000,2.000000,0.000000,4.000000,2.000000,2.000000,0.000000,0.000000,4.000000,4.000000,4.000000,4.000000,4.000000,4.000000,0.000000,,,,,,,,,,,,,,,,,,,,,,,,,,,,
1732157921.287579,1732157921.289712,67.000000,0.000000,4282.820313,4271.666504,4311.922852,4301.794922,4289.358887,4269.871582,4333.461426,4399.358887,4302.948730,4302.563965,4475.000000,4506.922852,4344.102539,4430.512695,1421.000000,1.000000,22.000000,,,,0.000000,2.000000,2.000000,0.000000,4.000000,2.000000,2.000000,0.000000,0.000000,4.000000,4.000000,4.000000,4.000000,4.000000,4.000000,0.000000,,,,,,,,,,,,,,,,,,,,,,,,,,,,
1732157921.295387,1732157921.297420,68.000000,0.000000,4280.256348,4269.358887,4309.487305,4301.025879,4281.666504,4272.179688,4333.589844,4400.128418,4296.794922,4296.922852,4478.846191,4508.846191,4342.436035,4429.358887,1419.000000,1.000000,22.000000,,,,0.000000,2.000000,2.000000,0.000000,4.000000,2.000000,2.000000,0.000000,0.000000,4.000000,4.000000,4.000000,4.000000,4.000000,4.000000,0.000000,,,,,,,,,,,,,,,,,17.000000,0.000000,0.502500,0.468384,-0.555786,0.468201,0.970822,-0.053229,-0.045416,-35.581661,44.471806,31.238485
1732157921.303196,1732157921.305229,69.000000,0.000000,4280.128418,4271.794922,4308.717773,4306.282227,4256.282227,4281.922852,4335.128418,4400.641113,4293.333496,4294.487305,4475.000000,4508.846191,4343.333496,4433.974121,1210.000000,1.000000,22.000000,,,,0.000000,2.000000,2.000000,0.000000,4.000000,2.000000,2.000000,0.000000,0.000000,4.000000,4.000000,4.000000,4.000000,4.000000,4.000000,0.000000,,,,,,,,,,,,,,,,,,,,,,,,,,,,
1732157921.311004,1732157921.312837,70.000000,0.000000,4277.051270,4267.948730,4310.128418,4302.179688,4268.205078,4282.948730,4336.153809,4399.615234,4296.153809,4294.487305,4464.487305,4504.487305,4341.410156,4426.794922,0.000000,1.000000,22.000000,,,,0.000000,2.000000,2.000000,0.000000,4.000000,2.000000,2.000000,0.000000,0.000000,4.000000,4.000000,4.000000,4.000000,4.000000,4.000000,0.000000,,,,,,,,,,,,,,,,,,,,,,,,,,,,
1732157921.318812,1732157921.320645,71.000000,0.000000,4276.153809,4262.436035,4313.205078,4295.769043,4286.153809,4280.256348,4335.769043,4399.743652,4294.487305,4284.871582,4458.077148,4501.282227,4331.666504,4421.025879,0.000000,1.000000,22.000000,,,,0.000000,2.000000,2.000000,0.000000,4.000000,2.000000,2.000000,0.000000,0.000000,4.000000,4.000000,4.000000,4.000000,4.000000,4.000000,0.000000,,,,,,,,,,,,,,,,,,,,,,,,,,,,
1732157921.326620,1732157921.328353,72.000000,0.000000,4278.846191,4265.128418,4312.948730,4299.358887,4277.436035,4282.179688,4335.897461,4401.153809,4293.333496,4278.589844,4460.128418,4503.589844,4327.692383,4426.538574,1529.000000,1.000000,22.000000,,,,0.000000,2.000000,2.000000,0.000000,4.000000,2.000000,2.000000,0.000000,0.000000,4.000000,4.000000,4.000000,4.000000,4.000000,4.000000,0.000000,,,,,,,,,,,,,,,,,18.000000,0.000000,0.502603,0.468262,-0.555847,0.468140,0.978147,-0.047369,-0.042974,-35.616146,44.617165,31.098173
1732157921.334429,1732157921.336162,73.000000,0.000000,4280.512695,4273.846191,4311.666504,4306.025879,4274.871582,4281.538574,4335.897461,4400.769043,4295.897461,4285.256348,4466.025879,4506.538574,4333.333496,4427.820313,1683.000000,1.000000,22.000000,,,,0.000000,2.000000,2.000000,0.000000,4.000000,2.000000,2.000000,0.000000,0.000000,4.000000,4.000000,4.000000,4.000000,4.000000,4.000000,0.000000,,,,,,,,,,,,,,,,,,,,,,,,,,,,
1732157921.342237,1732157921.343770,74.000000,0.000000,4284.871582,4280.512695,4313.717773,4306.153809,4293.589844,4277.820313,4335.641113,4398.974121,4293.461426,4291.410156,4471.922852,4507.307617,4337.051270,4427.179688,1548.000000,1.000000,22.000000,,,,0.000000,2.000000,2.000000,0.000000,4.000000,2.000000,2.000000,0.000000,0.000000,4.000000,4.000000,4.000000,4.000000,4.000000,4.000000,0.000000,,,,,,,,,,,,,,,,,,,,,,,,,,,,
1732157921.350045,1732157921.351578,75.000000,0.000000,4288.077148,4277.692383,4314.871582,4301.025879,4290.000000,4279.230957,4336.410156,4399.871582,4293.205078,4294.615234,4475.000000,4508.846191,4339.230957,4429.743652,1566.000000,1.000000,22.000000,,,,0.000000,2.000000,2.000000,0.000000,4.000000,2.000000,2.000000,0.000000,0.000000,4.000000,4.000000,4.000000,4.000000,4.000000,4.000000,0.000000,,,,,,,,,,,,,,,,,,,,,,,,,,,,
1732157921.357853,1732157921.359287,76.000000,0.000000,4287.692383,4273.589844,4313.205078,4301.025879,4267.179688,4281.410156,4335.384766,4402.436035,4298.205078,4296.666504,4474.102539,4509.871582,4342.563965,4427.563965,1701.000000,1.000000,22.000000,,,,0.000000,2.000000,2.000000,0.000000,4.000000,2.000000,2.000000,0.000000,0.000000,4.000000,4.000000,4.000000,4.000000,4.000000,4.000000,0.000000,,,,,,,,,,,,,,,,,19.000000,0.000000,0.502603,0.468262,-0.555847,0.468140,0.986449,-0.063973,-0.058601,-35.704079,44.719902,31.119520
1732157921.365662,1732157921.367095,77.000000,0.000000,4290.641113,4278.974121,4313.461426,4308.333496,4261.794922,4280.128418,4333.717773,4402.051270,4297.820313,4295.384766,4474.358887,4509.487305,4342.948730,4425.641113,1609.000000,1.000000,22.000000,,,,0.000000,2.000000,2.000000,0.000000,4.000000,2.000000,2.000000,0.000000,0.000000,4.000000,4.000000,4.000000,4.000000,4.000000,4.000000,0.000000,,,,,,,,,,,,,,,,,,,,,,,,,,,,
1732157921.373470,1732157921.374703,78.000000,0.000000,4292.820313,4277.692383,4313.717773,4304.743652,4272.563965,4276.282227,4335.128418,4400.769043,4293.205078,4296.282227,4475.384766,4510.256348,4342.692383,4430.000000,1548.000000,1.000000,22.000000,,,,0.000000,2.000000,2.000000,0.000000,4.000000,2.000000,2.000000,0.000000,0.000000,4.000000,4.000000,4.000000,4.000000,4.000000,4.000000,0.000000,1.000000,0.000000,2.000000,2.000000,0.000000,4.000000,1.000000,0.000000,0.000000,0.000000,4.000000,4.000000,1.000000,4.000000,4.000000,4.000000,,,,,,,,,,,,
1732157921.381278,1732157921.382511,79.000000,0.000000,4287.179688,4266.794922,4311.153809,4292.820313,4286.794922,4274.871582,4336.025879,4399.487305,4293.205078,4291.538574,4475.256348,4509.358887,4343.974121,4430.384766,1566.000000,1.000000,22.000000,,,,0.000000,2.000000,2.000000,0.000000,4.000000,2.000000,2.000000,0.000000,0.000000,4.000000,4.000000,4.000000,4.000000,4.000000,4.000000,0.000000,,,,,,,,,,,,,,,,,,,,,,,,,,,,
1732157921.389086,1732157921.390220,80.000000,0.000000,4284.102539,4263.974121,4310.769043,4295.769043,4286.025879,4277.179688,4334.358887,4399.358887,4294.230957,4283.333496,4474.487305,4506.922852,4341.153809,4428.077148,1701.000000,1.000000,22.000000,,,,0.000000,2.000000,2.000000,0.000000,4.000000,2.000000,2.000000,0.000000,0.000000,4.000000,4.000000,4.000000,4.000000,4.000000,4.000000,0.000000,,,,,,,,,,,,,,,,,20.000000,0.000000,0.502443,0.468384,-0.555786,0.468262,0.965450,-0.053229,-0.059578,-35.626968,44.748119,31.196812
1732157921.396895,1732157921.398028,81.000000,0.000000,4286.410156,4269.615234,4313.461426,4305.641113,4265.897461,4279.230957,4334.615234,4399.615234,4293.461426,4287.307617,4474.102539,4510.128418,4339.871582,4430.512695,1609.000000,1.000000,22.000000,,,,0.000000,2.000000,2.000000,0.000000,4.000000,2.000000,2.000000,0.000000,0.000000,4.000000,4.000000,4.000000,4.000000,4.000000,4.000000,0.000000,,,,,,,,,,,,,,,,,,,,,,,,,,,,
1732157921.404703,1732157921.405636,82.000000,0.000000,4288.717773,4274.487305,4316.794922,4303.333496,4258.717773,4280.512695,4336.025879,4399.358887,4294.487305,4290.897461,4475.512695,4513.589844,4341.794922,4432.179688,1548.000000,1.000000,22.000000,,,,0.000000,2.000000,2.000000,0.000000,4.000000,2.000000,2.000000,0.000000,0.000000,4.000000,4.000000,4.000000,4.000000,4.000000,4.000000,0.000000,,,,,,,,,,,,,,,,,,,,,,,,,,,,
1732157921.412511,1732157921.413445,83.000000,0.000000,4290.384766,4275.384766,4315.897461,4299.358887,4278.717773,4279.615234,4335.000000,4399.102539,4295.769043,4286.666504,4474.487305,4508.846191,4341.794922,4430.769043,1566.000000,1.000000,22.000000,,,,0.000000,2.000000,2.000000,0.000000,4.000000,2.000000,2.000000,0.000000,0.000000,4.000000,4.000000,4.000000,4.000000,4.000000,4.000000,0.000000,,,,,,,,,,,,,,,,,,,,,,,,,,,,
1732157921.420319,1732157921.421353,84.000000,0.000000,4287.692383,4271.538574,4311.538574,4301.794922,4281.666504,4277.948730,4334.358887,4397.692383,4297.436035,4291.153809,4472.563965,4508.333496,4340.384766,4429.615234,1701.000000,1.000000,22.000000,,,,0.000000,2.000000,2.000000,0.000000,4.000000,2.000000,2.000000,0.000000,0.000000,4.000000,4.000000,4.000000,4.000000,4.000000,4.000000,0.000000,,,,,,,,,,,,,,,,,21.000000,0.000000,0.502628,0.468140,-0.556030,0.468018,0.985960,-0.060554,-0.053717,-35.779510,44.922646,31.169416
1732157921.428128,1732157921.429161,85.000000,0.000000,4283.589844,4268.461426,4312.051270,4299.487305,4272.692383,4278.333496,4335.000000,4397.563965,4298.461426,4299.871582,4471.538574,4514.615234,4339.102539,4428.333496,1609.000000,1.000000,22.000000,,,,0.000000,2.000000,2.000000,0.000000,4.000000,2.000000,2.000000,0.000000,0.000000,4.000000,4.000000,4.000000,4.000000,4.000000,4.000000,0.000000,,,,,,,,,,,,,,,,,,,,,,,,,,,,
1732157921.435936,1732157921.436769,86.000000,0.000000,4287.307617,4270.128418,4317.179688,4296.153809,4287.692383,4275.897461,4334.871582,4398.846191,4296.410156,4291.025879,4472.051270,4514.871582,4336.410156,4428.589844,1548.000000,1.000000,22.000000,,,,0.000000,2.000000,2.000000,0.000000,4.000000,2.000000,2.000000,0.000000,0.000000,4.000000,4.000000,4.000000,4.000000,4.000000,4.000000,0.000000,,,,,,,,,,,,,,,,,,,,,,,,,,,,
1732157921.443744,1732157921.444578,87.000000,0.000000,4290.769043,4268.717773,4316.282227,4297.563965,4292.563965,4273.205078,4335.000000,4399.102539,4292.436035,4282.692383,4472.820313,4512.948730,4335.128418,4429.230957,1566.000000,1.000000,22.000000,,,,0.000000,2.000000,2.000000,0.000000,4.000000,2.000000,2.000000,0.000000,0.000000,4.000000,4.000000,4.000000,4.000000,4.000000,4.000000,0.000000,,,,,,,,,,,,,,,,,,,,,,,,,,,,
1732157921.451552,1732157921.452286,88.000000,0.000000,4286.025879,4264.230957,4312.307617,4298.846191,4268.077148,4277.563965,4335.128418,4399.487305,4294.871582,4290.769043,4473.077148,4518.846191,4338.589844,4428.333496,1701.000000,1.000000,22.000000,,,,0.000000,2.000000,2.000000,0.000000,4.000000,2.000000,2.000000,0.000000,0.000000,4.000000,4.000000,4.000000,4.000000,4.000000,4.000000,0.000000,,,,,,,,,,,,,,,,,22.000000,0.000000,0.502628,0.468140,-0.556030,0.468018,0.982053,-0.045904,-0.058113,-35.866405,44.882343,31.125561
1732157921.459361,1732157921.460094,89.000000,0.000000,4285.256348,4266.410156,4311.410156,4300.128418,4252.307617,4280.897461,4334.743652,4400.769043,4301.282227,4297.436035,4474.743652,4521.922852,4344.358887,4430.128418,1609.000000,1.000000,22.000000,,,,0.000000,2.000000,2.000000,0.000000,4.000000,2.000000,2.000000,0.000000,0.000000,4.000000,4.000000,4.000000,4.000000,4.000000,4.000000,0.000000,,,,,,,,,,,,,,,,,,,,,,,,,,,,
1732157921.467169,1732157921.467702,90.000000,0.000000,4287.692383,4269.871582,4312.051270,4300.384766,4273.333496,4275.769043,4334.743652,4398.717773,4300.128418,4294.102539,4475.000000,4519.615234,4344.615234,4431.538574,1548.000000,1.000000,22.000000,,,,0.000000,2.000000,2.000000,0.000000,4.000000,2.000000,2.000000,0.000000,0.000000,4.000000,4.000000,4.000000,4.000000,4.000000,4.000000,0.000000,,,,,,,,,,,,,,,,,,,,,,,,,,,,
1732157921.474977,1732157921.475511,91.000000,0.000000,4283.589844,4267.563965,4314.487305,4295.512695,4291.922852,4275.256348,4334.743652,4396.922852,4296.282227,4290.512695,4473.846191,4516.410156,4343.974121,4429.487305,1566.000000,1.000000,22.000000,,,,0.000000,2.000000,2.000000,0.000000,4.000000,2.000000,2.000000,0.000000,0.000000,4.000000,4.000000,4.000000,4.000000,4.000000,4.000000,0.000000,,,,,,,,,,,,,,,,,,,,,,,,,,,,
1732157921.482785,1732157921.483419,92.000000,0.000000,4280.384766,4265.512695,4314.102539,4294.743652,4274.358887,4281.153809,4334.743652,4398.717773,4295.897461,4293.846191,4475.000000,4515.641113,4344.487305,4428.205078,1701.000000,1.000000,22.000000,,,,0.000000,2.000000,2.000000,0.000000,4.000000,2.000000,2.000000,0.000000,0.000000,4.000000,4.000000,4.000000,4.000000,4.000000,4.000000,0.000000,,,,,,,,,,,,,,,,,23.000000,0.000000,0.502628,0.468140,-0.556030,0.468018,0.981077,-0.061043,-0.050299,-35.681789,45.014698,31.120037
1732157921.490594,1732157921.491227,93.000000,0.000000,4281.025879,4264.615234,4309.871582,4296.410156,4256.025879,4280.256348,4334.871582,4399.871582,4296.025879,4295.641113,4476.922852,4516.153809,4343.077148,4428.846191,1609.000000,1.000000,22.000000,,,,0.000000,2.000000,2.000000,0.000000,4.000000,2.000000,2.000000,0.000000,0.000000,4.000000,4.000000,4.000000,4.000000,4.000000,4.000000,0.000000,,,,,,,,,,,,,,,,,,,,,,,,,,,,
1732157921.498402,1732157921.498835,94.000000,0.000000,4281.282227,4264.871582,4309.615234,4293.846191,4265.641113,4277.436035,4335.128418,4401.666504,4295.897461,4295.384766,4476.922852,4516.282227,4345.384766,4428.077148,1548.000000,1.000000,22.000000,,,,0.000000,2.000000,2.000000,0.000000,4.000000,2.000000,2.000000,0.000000,0.000000,4.000000,4.000000,4.000000,4.000000,4.000000,4.000000,0.000000,,,,,,,,,,,,,,,,,,,,,,,,,,,,
1732157921.506210,1732157921.506644,95.000000,0.000000,4281.025879,4263.589844,4314.615234,4292.820313,4276.538574,4279.615234,4335.000000,4402.436035,4296.794922,4295.512695,4476.666504,4515.256348,4348.974121,4427.179688,1566.000000,1.000000,22.000000,,,,0.000000,2.000000,2.000000,0.000000,4.000000,2.000000,2.000000,0.000000,0.000000,4.000000,4.000000,4.000000,4.000000,4.000000,4.000000,0.000000,,,,,,,,,,,,,,,,,,,,,,,,,,,,
1732157921.514018,1732157921.514552,96.000000,0.000000,4281.410156,4262.948730,4315.769043,4292.948730,4271.794922,4280.512695,4335.000000,4401.282227,4294.487305,4293.717773,4476.282227,4510.641113,4345.512695,4427.563965,1701.000000,1.000000,22.000000,,,,0.000000,2.000000,2.000000,0.000000,4.000000,2.000000,2.000000,0.000000,0.000000,4.000000,4.000000,4.000000,4.000000,4.000000,4.000000,0.000000,,,,,,,,,,,,,,,,,24.000000,0.000000,0.502685,0.468079,-0.556030,0.468018,0.971310,-0.053717,-0.073251,-35.683914,45.098572,31.327230
1732157921.521827,1732157921.522360,97.000000,0.000000,4279.871582,4264.615234,4315.256348,4289.358887,4284.487305,4278.974121,4334.871582,4401.410156,4293.461426,4292.948730,4475.000000,4507.307617,4340.641113,4427.692383,1609.000000,1.000000,22.000000,,,,0.000000,2.000000,2.000000,0.000000,4.000000,2.000000,2.000000,0.000000,0.000000,4.000000,4.000000,4.000000,4.000000,4.000000,4.000000,0.000000,,,,,,,,,,,,,,,,,,,,,,,,,,,,
1732157921.529635,1732157921.530368,98.000000,0.000000,4283.717773,4265.897461,4316.410156,4292.307617,4295.384766,4279.615234,4335.000000,4400.641113,4300.897461,4294.871582,4475.256348,4510.000000,4345.769043,4427.948730,1548.000000,1.000000,22.000000,,,,0.000000,2.000000,2.000000,0.000000,4.000000,2.000000,2.000000,0.000000,0.000000,4.000000,4.000000,4.000000,4.000000,4.000000,4.000000,0.000000,,,,,,,,,,,,,,,,,,,,,,,,,,,,
1732157921.537443,1732157921.538176,99.000000,0.000000,4287.436035,4265.384766,4314.615234,4298.077148,4272.692383,4280.641113,4335.000000,4399.358887,4303.974121,4296.922852,4476.922852,4511.025879,4349.102539,4428.205078,1566.000000,1.000000,22.000000,,,,0.000000,2.000000,2.000000,0.000000,4.000000,2.000000,2.000000,0.000000,0.000000,4.000000,4.000000,4.000000,4.000000,4.000000,4.000000,0.000000,,,,,,,,,,,,,,,,,,,,,,,,,,,,
1732157921.545251,1732157921.546084,100.000000,0.000000,4284.743652,4266.410156,4311.153809,4296.282227,4258.205078,4281.794922,4334.358887,4398.589844,4298.205078,4296.153809,4475.641113,4506.922852,4343.333496,4427.692383,1701.000000,1.000000,22.000000,,,,0.000000,2.000000,2.000000,0.000000,4.000000,2.000000,2.000000,0.000000,0.000000,4.000000,4.000000,4.000000,4.000000,4.000000,4.000000,0.000000,,,,,,,,,,,,,,,,,25.000000,0.000000,0.502525,0.468201,-0.555969,0.468140,0.964473,-0.049322,-0.049322,-35.757305,45.099842,31.395058
1732157921.553060,1732157921.553892,101.000000,0.000000,4284.102539,4267.948730,4314.102539,4295.000000,4270.128418,4283.461426,4335.256348,4398.974121,4297.307617,4295.384766,4476.282227,4511.153809,4342.563965,4428.077148,1609.000000,1.000000,22.000000,,,,0.000000,2.000000,2.000000,0.000000,4.000000,2.000000,2.000000,0.000000,0.000000,4.000000,4.000000,4.000000,4.000000,4.000000,4.000000,0.000000,,,,,,,,,,,,,,,,,,,,,,,,,,,,
1732157921.560868,1732157921.561900,102.000000,0.000000,4283.974121,4265.512695,4317.307617,4296.410156,4280.256348,4281.410156,4336.282227,4400.000000,4300.000000,4296.025879,4477.563965,4517.051270,4343.333496,4428.333496,1548.000000,1.000000,22.000000,,,,0.000000,2.000000,2.000000,0.000000,4.000000,2.000000,2.000000,0.000000,0.000000,4.000000,4.000000,4.000000,4.000000,4.000000,4.000000,0.000000,,,,,,,,,,,,,,,,,,,,,,,,,,,,
1732157921.568676,1732157921.569709,103.000000,0.000000,4281.666504,4263.717773,4314.102539,4294.102539,4277.179688,4278.974121,4335.256348,4401.538574,4297.179688,4296.025879,4478.333496,4515.384766,4341.794922,4426.794922,1566.000000,1.000000,22.000000,,,,0.000000,2.000000,2.000000,0.000000,4.000000,2.000000,2.000000,0.000000,0.000000,4.000000,4.000000,4.000000,4.000000,4.000000,4.000000,0.000000,,,,,,,,,,,,,,,,,,,,,,,,,,,,
1732157921.576484,1732157921.577617,104.000000,0.000000,4283.717773,4265.641113,4310.897461,4295.128418,4276.410156,4280.641113,4334.487305,4401.794922,4296.794922,4295.897461,4482.948730,4514.615234,4345.000000,4426.282227,1701.000000,1.000000,22.000000,,,,0.000000,2.000000,2.000000,0.000000,4.000000,2.000000,2.000000,0.000000,0.000000,4.000000,4.000000,4.000000,4.000000,4.000000,4.000000,0.000000,,,,,,,,,,,,,,,,,26.000000,0.000000,0.502479,0.468323,-0.555908,0.468140,0.971310,-0.041997,-0.052741,-35.898415,44.859207,31.224997
1732157921.584293,1732157921.585425,105.000000,0.000000,4288.205078,4266.153809,4312.820313,4299.358887,4289.230957,4281.153809,4335.128418,4401.922852,4303.846191,4296.025879,4484.358887,4516.794922,4348.077148,4428.333496,1609.000000,1.000000,22.000000,,,,0.000000,2.000000,2.000000,0.000000,4.000000,2.000000,2.000000,0.000000,0.000000,4.000000,4.000000,4.000000,4.000000,4.000000,4.000000,0.000000,,,,,,,,,,,,,,,,,,,,,,,,,,,,
1732157921.592101,1732157921.593433,106.000000,0.000000,4290.128418,4265.000000,4314.487305,4297.563965,4295.128418,4277.948730,4334.358887,4400.769043,4306.666504,4295.000000,4480.128418,4515.641113,4347.563965,4428.846191,1548.000000,1.000000,22.000000,,,,0.000000,2.000000,2.000000,0.000000,4.000000,2.000000,2.000000,0.000000,0.000000,4.000000,4.000000,4.000000,4.000000,4.000000,4.000000,0.000000,,,,,,,,,,,,,,,,,,,,,,,,,,,,
1732157921.599909,1732157921.601241,107.000000,0.000000,4291.153809,4263.589844,4313.333496,4295.000000,4273.846191,4277.692383,4333.974121,4398.077148,4301.666504,4292.307617,4477.436035,4512.051270,4348.333496,4427.948730,1566.000000,1.000000,22.000000,,,,0.000000,2.000000,2.000000,0.000000,4.000000,2.000000,2.000000,0.000000,0.000000,4.000000,4.000000,4.000000,4.000000,4.000000,4.000000,0.000000,,,,,,,,,,,,,,,,,,,,,,,,,,,,
1732157921.607717,1732157921.609149,108.000000,0.000000,4288.974121,4262.820313,4311.410156,4295.512695,4255.769043,4280.384766,4335.769043,4400.256348,4297.436035,4286.922852,4477.948730,4509.615234,4346.922852,4427.563965,1701.000000,1.000000,22.000000,,,,0.000000,2.000000,2.000000,0.000000,4.000000,2.000000,2.000000,0.000000,0.000000,4.000000,4.000000,4.000000,4.000000,4.000000,4.000000,0.000000,,,,,,,,,,,,,,,,,27.000000,0.000000,0.502443,0.468384,-0.555786,0.468262,0.981565,-0.053717,-0.042974,-35.967716,44.905956,31.287247
1732157921.615526,1732157921.616957,109.000000,0.000000,4286.025879,4263.846191,4310.769043,4296.922852,4266.025879,4279.743652,4336.025879,4401.410156,4297.948730,4286.025879,4477.436035,4511.794922,4341.922852,4426.922852,1609.000000,1.000000,22.000000,,,,0.000000,2.000000,2.000000,0.000000,4.000000,2.000000,2.000000,0.000000,0.000000,4.000000,4.000000,4.000000,4.000000,4.000000,4.000000,0.000000,,,,,,,,,,,,,,,,,,,,,,,,,,,,
1732157921.623334,1732157921.624965,110.000000,0.000000,4291.922852,4265.128418,4313.589844,4297.051270,4277.692383,4278.205078,4334.871582,4398.589844,4297.307617,4286.922852,4476.538574,4515.897461,4341.922852,4426.922852,1548.000000,1.000000,22.000000,,,,0.000000,2.000000,2.000000,0.000000,4.000000,2.000000,2.000000,0.000000,0.000000,4.000000,4.000000,4.000000,4.000000,4.000000,4.000000,0.000000,,,,,,,,,,,,,,,,,,,,,,,,,,,,
1732157921.631142,1732157921.632774,111.000000,0.000000,4293.589844,4265.000000,4314.487305,4295.897461,4275.000000,4280.000000,4334.743652,4398.205078,4295.512695,4282.948730,4477.051270,4516.538574,4344.487305,4428.333496,1566.000000,1.000000,22.000000,,,,0.000000,2.000000,2.000000,0.000000,4.000000,2.000000,2.000000,0.000000,0.000000,4.000000,4.000000,4.000000,4.000000,4.000000,4.000000,0.000000,,,,,,,,,,,,,,,,,,,,,,,,,,,,
1732157921.638950,1732157921.640682,112.000000,0.000000,4284.615234,4264.615234,4315.000000,4295.769043,4271.153809,4279.230957,4335.000000,4401.282227,4296.794922,4281.025879,4475.641113,4515.384766,4342.692383,4427.948730,1701.000000,1.000000,22.000000,,,,0.000000,2.000000,2.000000,0.000000,4.000000,2.000000,2.000000,0.000000,0.000000,4.000000,4.000000,4.000000,4.000000,4.000000,4.000000,0.000000,,,,,,,,,,,,,,,,,28.000000,0.000000,0.502468,0.468201,-0.555969,0.468201,0.984984,-0.054694,-0.068856,-35.890518,44.890491,31.316004
1732157921.646759,1732157921.648490,113.000000,0.000000,4278.974121,4265.641113,4316.282227,4294.230957,4283.333496,4273.333496,4334.871582,4402.563965,4296.025879,4281.282227,4475.384766,4511.153809,4341.666504,4425.769043,1609.000000,1.000000,22.000000,,,,0.000000,2.000000,2.000000,0.000000,4.000000,2.000000,2.000000,0.000000,0.000000,4.000000,4.000000,4.000000,4.000000,4.000000,4.000000,0.000000,,,,,,,,,,,,,,,,,,,,,,,,,,,,
1732157921.654567,1732157921.656498,114.000000,0.000000,4283.717773,4265.897461,4313.205078,4292.948730,4293.974121,4273.589844,4334.871582,4401.538574,4295.641113,4281.025879,4475.128418,4509.615234,4342.051270,4424.615234,1548.000000,1.000000,22.000000,,,,0.000000,2.000000,2.000000,0.000000,4.000000,2.000000,2.000000,0.000000,0.000000,4.000000,4.000000,4.000000,4.000000,4.000000,4.000000,0.000000,,,,,,,,,,,,,,,,,,,,,,,,,,,,
1732157921.662375,1732157921.664306,115.000000,0.000000,4287.179688,4265.256348,4310.000000,4297.820313,4274.102539,4279.615234,4334.871582,4402.692383,4301.922852,4286.666504,4476.538574,4514.615234,4342.563965,4425.641113,1566.000000,1.000000,22.000000,,,,0.000000,2.000000,2.000000,0.000000,4.000000,2.000000,2.000000,0.000000,0.000000,4.000000,4.000000,4.000000,4.000000,4.000000,4.000000,0.000000,,,,,,,,,,,,,,,,,,,,,,,,,,,,
1732157921.670183,1732157921.672114,116.000000,0.000000,4285.641113,4265.128418,4312.307617,4301.538574,4256.025879,4281.538574,4334.871582,4404.487305,4302.436035,4291.153809,4480.256348,4518.333496,4343.846191,4427.692383,1701.000000,1.000000,22.000000,,,,0.000000,2.000000,2.000000,0.000000,4.000000,2.000000,2.000000,0.000000,0.000000,4.000000,4.000000,4.000000,4.000000,4.000000,4.000000,0.000000,,,,,,,,,,,,,,,,,29.000000,0.000000,0.502571,0.468079,-0.556030,0.468140,0.976682,-0.062996,-0.053717,-35.852985,44.914631,31.347630
1732157921.677992,1732157921.679923,117.000000,0.000000,4285.897461,4265.128418,4312.563965,4297.307617,4269.487305,4277.820313,4334.871582,4401.153809,4298.974121,4283.846191,4477.948730,4514.615234,4343.077148,4428.717773,1609.000000,1.000000,22.000000,,,,0.000000,2.000000,2.000000,0.000000,4.000000,2.000000,2.000000,0.000000,0.000000,4.000000,4.000000,4.000000,4.000000,4.000000,4.000000,0.000000,,,,,,,,,,,,,,,,,,,,,,,,,,,,
1732157921.685800,1732157921.687531,118.000000,0.000000,4288.205078,4265.897461,4313.589844,4294.358887,4274.871582,4274.871582,4334.871582,4398.077148,4301.666504,4279.871582,4476.538574,4512.563965,4341.410156,4428.333496,1548.000000,1.000000,22.000000,,,,0.000000,2.000000,2.000000,0.000000,4.000000,2.000000,2.000000,0.000000,0.000000,4.000000,4.000000,4.000000,4.000000,4.000000,4.000000,0.000000,,,,,,,,,,,,,,,,,,,,,,,,,,,,
1732157921.693608,1732157921.695339,119.000000,0.000000,4291.922852,4266.410156,4318.205078,4296.794922,4269.743652,4276.282227,4334.871582,4400.128418,4301.025879,4283.461426,4485.384766,4519.102539,4345.897461,4429.358887,1566.000000,1.000000,22.000000,,,,0.000000,2.000000,2.000000,0.000000,4.000000,2.000000,2.000000,0.000000,0.000000,4.000000,4.000000,4.000000,4.000000,4.000000,4.000000,0.000000,,,,,,,,,,,,,,,,,,,,,,,,,,,,
1732157921.701416,1732157921.703048,120.000000,0.000000,4296.025879,4266.025879,4316.666504,4296.922852,4286.538574,4272.563965,4334.871582,4401.666504,4293.974121,4281.153809,4487.692383,4522.692383,4348.846191,4430.897461,1701.000000,1.000000,22.000000,,,,0.000000,2.000000,2.000000,0.000000,4.000000,2.000000,2.000000,0.000000,0.000000,4.000000,4.000000,4.000000,4.000000,4.000000,4.000000,0.000000,,,,,,,,,,,,,,,,,30.000000,0.000000,0.502504,0.468079,-0.556091,0.468140,0.976682,-0.062996,-0.053717,-36.102585,44.899185,31.471581
1732157921.709225,1732157921.710856,121.000000,0.000000,4293.461426,4267.563965,4311.410156,4295.897461,4289.743652,4267.563965,4334.871582,4399.615234,4292.692383,4278.974121,4479.230957,4516.025879,4344.615234,4431.282227,1609.000000,1.000000,22.000000,,,,0.000000,2.000000,2.000000,0.000000,4.000000,2.000000,2.000000,0.000000,0.000000,4.000000,4.000000,4.000000,4.000000,4.000000,4.000000,0.000000,,,,,,,,,,,,,,,,,,,,,,,,,,,,
1732157921.717033,1732157921.718464,122.000000,0.000000,4288.333496,4269.102539,4314.358887,4295.897461,4266.410156,4272.563965,4334.871582,4399.102539,4295.000000,4281.282227,4477.820313,4511.410156,4345.512695,4429.871582,1548.000000,1.000000,22.000000,,,,0.000000,2.000000,2.000000,0.000000,4.000000,2.000000,2.000000,0.000000,0.000000,4.000000,4.000000,4.000000,4.000000,4.000000,4.000000,0.000000,,,,,,,,,,,,,,,,,,,,,,,,,,,,
1732157921.724841,1732157921.726272,123.000000,0.000000,4287.820313,4266.410156,4317.948730,4295.000000,4258.717773,4281.666504,4334.871582,4400.128418,4295.384766,4281.153809,4480.641113,4515.384766,4348.461426,4428.205078,1566.000000,1.000000,22.000000,,,,0.000000,2.000000,2.000000,0.000000,4.000000,2.000000,2.000000,0.000000,0.000000,4.000000,4.000000,4.000000,4.000000,4.000000,4.000000,0.000000,,,,,,,,,,,,,,,,,,,,,,,,,,,,
1732157921.732649,1732157921.733981,124.000000,0.000000,4285.897461,4262.948730,4314.102539,4294.230957,4265.897461,4279.102539,4334.871582,4399.743652,4296.153809,4280.384766,4478.205078,4517.948730,4343.333496,4428.077148,1701.000000,1.000000,22.000000,,,,0.000000,2.000000,2.000000,0.000000,4.000000,2.000000,2.000000,0.000000,0.000000,4.000000,4.000000,4.000000,4.000000,4.000000,4.000000,0.000000,,,,,,,,,,,,,,,,,31.000000,0.000000,0.502767,0.467834,-0.556213,0.467957,0.978635,-0.058113,-0.059089,-36.031429,44.803341,31.591980
1732157921.740458,1732157921.741789,125.000000,0.000000,4283.333496,4264.230957,4312.179688,4293.077148,4269.102539,4268.846191,4334.871582,4399.102539,4296.025879,4281.025879,4481.538574,4520.512695,4344.615234,4429.358887,1609.000000,1.000000,22.000000,,,,0.000000,2.000000,2.000000,0.000000,4.000000,2.000000,2.000000,0.000000,0.000000,4.000000,4.000000,4.000000,4.000000,4.000000,4.000000,0.000000,,,,,,,,,,,,,,,,,,,,,,,,,,,,
1732157921.748266,1732157921.749397,126.000000,0.000000,4286.282227,4265.384766,4313.717773,4293.974121,4266.410156,4265.384766,4334.871582,4399.102539,4296.538574,4281.794922,4489.615234,4523.589844,4348.333496,4432.820313,1548.000000,1.000000,22.000000,,,,0.000000,2.000000,2.000000,0.000000,4.000000,2.000000,2.000000,0.000000,0.000000,4.000000,4.000000,4.000000,4.000000,4.000000,4.000000,0.000000,,,,,,,,,,,,,,,,,,,,,,,,,,,,
1732157921.756074,1732157921.757206,127.000000,0.000000,4286.410156,4263.461426,4315.000000,4294.615234,4264.230957,4267.436035,4334.871582,4400.512695,4298.077148,4280.897461,4486.410156,4523.077148,4343.589844,4433.077148,22.000000,1.000000,22.000000,,,,0.000000,2.000000,2.000000,0.000000,4.000000,2.000000,2.000000,0.000000,0.000000,4.000000,4.000000,4.000000,4.000000,4.000000,4.000000,0.000000,,,,,,,,,,,,,,,,,,,,,,,,,,,,
1732157921.763882,1732157921.764914,0.000000,0.000000,4281.282227,4263.461426,4313.974121,4289.743652,4276.794922,4267.051270,4334.871582,4400.769043,4297.307617,4279.743652,4478.846191,4518.205078,4343.974121,4425.897461,0.000000,1.000000,22.000000,,,,0.000000,2.000000,2.000000,0.000000,4.000000,2.000000,2.000000,0.000000,0.000000,4.000000,4.000000,4.000000,4.000000,4.000000,4.000000,0.000000,,,,,,,,,,,,,,,,,0.000000,0.000000,0.502721,0.467896,-0.556152,0.468018,0.980100,-0.061531,-0.055671,-36.107124,44.942371,31.556170
1732157921.771690,1732157921.772722,1.000000,0.000000,4278.717773,4266.282227,4312.692383,4286.794922,4288.717773,4264.487305,4334.871582,4400.256348,4301.922852,4280.897461,4476.538574,4516.410156,4346.410156,4421.025879,1599.000000,1.000000,22.000000,,,,0.000000,2.000000,2.000000,0.000000,4.000000,2.000000,2.000000,0.000000,0.000000,4.000000,4.000000,4.000000,4.000000,4.000000,4.000000,0.000000,,,,,,,,,,,,,,,,,,,,,,,,,,,,
1732157921.779499,1732157921.780330,2.000000,0.000000,4282.563965,4266.538574,4312.820313,4292.436035,4270.000000,4269.871582,4334.871582,4401.538574,4309.358887,4280.897461,4477.307617,4519.102539,4342.051270,4424.743652,1366.000000,1.000000,22.000000,,,,0.000000,2.000000,2.000000,0.000000,4.000000,2.000000,2.000000,0.000000,0.000000,4.000000,4.000000,4.000000,4.000000,4.000000,4.000000,0.000000,,,,,,,,,,,,,,,,,,,,,,,,,,,,
1732157921.787307,1732157921.788139,3.000000,0.000000,4286.410156,4265.512695,4314.230957,4297.692383,4256.025879,4281.025879,4334.871582,4400.384766,4305.000000,4278.589844,4478.077148,4522.179688,4342.820313,4428.846191,1422.000000,1.000000,22.000000,,,,0.000000,2.000000,2.000000,0.000000,4.000000,2.000000,2.000000,0.000000,0.000000,4.000000,4.000000,4.000000,4.000000,4.000000,4.000000,0.000000,,,,,,,,,,,,,,,,,,,,,,,,,,,,
1732157921.795115,1732157921.795847,4.000000,0.000000,4283.717773,4267.307617,4312.436035,4295.384766,4276.538574,4280.897461,4334.871582,4399.358887,4295.000000,4277.051270,4478.846191,4521.922852,4344.487305,4428.589844,1431.000000,1.000000,22.000000,,,,0.000000,2.000000,2.000000,0.000000,4.000000,2.000000,2.000000,0.000000,0.000000,4.000000,4.000000,4.000000,4.000000,4.000000,4.000000,0.000000,,,,,,,,,,,,,,,,,1.000000,0.000000,0.502674,0.467896,-0.556091,0.468140,0.977170,-0.046881,-0.054206,-36.086769,44.889988,31.450499
1732157921.802924,1732157921.803655,5.000000,0.000000,4280.769043,4268.589844,4311.153809,4292.436035,4280.641113,4270.384766,4334.871582,4402.948730,4294.871582,4276.153809,4478.333496,4519.358887,4340.897461,4428.974121,1215.000000,1.000000,22.000000,,,,0.000000,2.000000,2.000000,0.000000,4.000000,2.000000,2.000000,0.000000,0.000000,4.000000,4.000000,4.000000,4.000000,4.000000,4.000000,0.000000,,,,,,,,,,,,,,,,,,,,,,,,,,,,
1732157921.810732,1732157921.811264,6.000000,0.000000,4284.871582,4269.743652,4314.102539,4294.615234,4262.051270,4269.615234,4334.871582,4404.102539,4297.820313,4274.743652,4478.205078,4521.922852,4341.538574,4431.538574,0.000000,1.000000,22.000000,,,,0.000000,2.000000,2.000000,0.000000,4.000000,2.000000,2.000000,0.000000,0.000000,4.000000,4.000000,4.000000,4.000000,4.000000,4.000000,0.000000,,,,,,,,,,,,,,,,,,,,,,,,,,,,
1732157921.818540,1732157921.819072,7.000000,0.000000,4285.256348,4269.102539,4314.871582,4293.846191,4273.846191,4277.436035,4335.128418,4400.512695,4294.871582,4274.102539,4481.025879,4522.307617,4343.333496,4430.641113,0.000000,1.000000,22.000000,,,,0.000000,2.000000,2.000000,0.000000,4.000000,2.000000,2.000000,0.000000,0.000000,4.000000,4.000000,4.000000,4.000000,4.000000,4.000000,0.000000,,,,,,,,,,,,,,,,,,,,,,,,,,,,
1732157921.826348,1732157921.826780,8.000000,0.000000,4283.461426,4268.589844,4312.820313,4290.384766,4291.153809,4271.794922,4334.871582,4399.615234,4294.743652,4276.666504,4482.179688,4518.717773,4341.282227,4427.563965,1529.000000,1.000000,22.000000,,,,0.000000,2.000000,2.000000,0.000000,4.000000,2.000000,2.000000,0.000000,0.000000,4.000000,4.000000,4.000000,4.000000,4.000000,4.000000,0.000000,,,,,,,,,,,,,,,,,2.000000,0.000000,0.502720,0.467834,-0.556152,0.468079,0.980100,-0.056648,-0.069833,-36.228615,45.005890,31.364902
1732157921.834157,1732157921.834588,9.000000,0.000000,4291.794922,4271.922852,4312.692383,4293.077148,4273.974121,4262.179688,4334.358887,4401.666504,4301.282227,4280.897461,4482.948730,4524.871582,4342.436035,4429.230957,1683.000000,1.000000,22.000000,,,,0.000000,2.000000,2.000000,0.000000,4.000000,2.000000,2.000000,0.000000,0.000000,4.000000,4.000000,4.000000,4.000000,4.000000,4.000000,0.000000,,,,,,,,,,,,,,,,,,,,,,,,,,,,
1732157921.841965,1732157921.842596,10.000000,0.000000,4297.692383,4277.948730,4313.589844,4297.692383,4255.897461,4267.948730,4335.512695,4401.410156,4305.000000,4282.820313,4488.717773,4534.743652,4345.128418,4431.794922,1548.000000,1.000000,22.000000,,,,0.000000,2.000000,2.000000,0.000000,4.000000,2.000000,2.000000,0.000000,0.000000,4.000000,4.000000,4.000000,4.000000,4.000000,4.000000,0.000000,,,,,,,,,,,,,,,,,,,,,,,,,,,,
1732157921.849773,1732157921.850405,11.000000,0.000000,4295.641113,4276.922852,4313.974121,4296.153809,4261.410156,4273.333496,4336.153809,4401.153809,4302.948730,4280.512695,4489.358887,4530.000000,4345.512695,4428.846191,1566.000000,1.000000,22.000000,,,,0.000000,2.000000,2.000000,0.000000,4.000000,2.000000,2.000000,0.000000,0.000000,4.000000,4.000000,4.000000,4.000000,4.000000,4.000000,0.000000,,,,,,,,,,,,,,,,,,,,,,,,,,,,
1732157921.857581,1732157921.858313,12.000000,0.000000,4294.230957,4269.871582,4314.871582,4294.743652,4267.051270,4265.897461,4333.974121,4401.922852,4298.589844,4277.436035,4480.384766,4521.025879,4343.589844,4426.153809,1701.000000,1.000000,22.000000,,,,0.000000,2.000000,2.000000,0.000000,4.000000,2.000000,2.000000,0.000000,0.000000,4.000000,4.000000,4.000000,4.000000,4.000000,4.000000,0.000000,,,,,,,,,,,,,,,,,3.000000,0.000000,0.502642,0.467773,-0.556274,0.468079,0.986449,-0.055183,-0.063973,-35.996845,44.981438,31.427238
1732157921.865389,1732157921.866121,13.000000,0.000000,4293.461426,4267.948730,4315.769043,4296.666504,4264.358887,4262.820313,4332.436035,4401.922852,4296.922852,4277.307617,4476.153809,4521.922852,4339.102539,4426.922852,1606.000000,1.000000,22.000000,,,,0.000000,2.000000,2.000000,0.000000,4.000000,2.000000,2.000000,0.000000,0.000000,4.000000,4.000000,4.000000,4.000000,4.000000,4.000000,0.000000,,,,,,,,,,,,,,,,,,,,,,,,,,,,
1732157921.873198,1732157921.874129,14.000000,0.000000,4293.846191,4269.230957,4314.487305,4296.922852,4264.615234,4268.333496,4332.692383,4401.666504,4297.179688,4277.948730,4480.256348,4523.974121,4337.436035,4428.589844,1548.000000,1.000000,22.000000,,,,0.000000,2.000000,2.000000,0.000000,4.000000,2.000000,2.000000,0.000000,0.000000,4.000000,4.000000,4.000000,4.000000,4.000000,4.000000,0.000000,1.000000,0.000000,2.000000,2.000000,0.000000,4.000000,2.000000,1.000000,0.000000,0.000000,1.000000,4.000000,0.000000,4.000000,1.000000,4.000000,,,,,,,,,,,,
1732157921.881006,1732157921.881937,15.000000,0.000000,4291.410156,4265.000000,4315.641113,4295.769043,4269.102539,4268.461426,4332.436035,4400.128418,4296.922852,4274.615234,4479.743652,4522.307617,4339.743652,4427.307617,1566.000000,1.000000,22.000000,,,,0.000000,2.000000,2.000000,0.000000,4.000000,2.000000,2.000000,0.000000,0.000000,4.000000,4.000000,4.000000,4.000000,4.000000,4.000000,0.000000,,,,,,,,,,,,,,,,,,,,,,,,,,,,
1732157921.888814,1732157921.889845,16.000000,0.000000,4285.128418,4263.974121,4318.333496,4294.487305,4281.410156,4264.615234,4333.077148,4399.230957,4295.000000,4266.538574,4473.974121,4520.641113,4337.436035,4422.051270,0.000000,1.000000,22.000000,,,,0.000000,2.000000,2.000000,0.000000,4.000000,2.000000,2.000000,0.000000,0.000000,4.000000,4.000000,4.000000,4.000000,4.000000,4.000000,0.000000,,,,,,,,,,,,,,,,,4.000000,0.000000,0.502678,0.467651,-0.556396,0.468018,0.989867,-0.043951,-0.059089,-35.759113,44.928299,31.361063
1732157921.896623,1732157921.897653,17.000000,0.000000,4289.615234,4271.922852,4315.897461,4295.641113,4286.025879,4269.743652,4335.769043,4400.641113,4295.769043,4264.358887,4473.077148,4520.128418,4334.615234,4422.820313,0.000000,1.000000,22.000000,,,,0.000000,2.000000,2.000000,0.000000,4.000000,2.000000,2.000000,0.000000,0.000000,4.000000,4.000000,4.000000,4.000000,4.000000,4.000000,0.000000,,,,,,,,,,,,,,,,,,,,,,,,,,,,
1732157921.904431,1732157921.905661,18.000000,0.000000,4295.512695,4273.974121,4314.487305,4297.820313,4266.410156,4281.410156,4335.897461,4401.410156,4306.025879,4275.512695,4476.794922,4522.563965,4337.948730,4425.897461,0.000000,1.000000,22.000000,,,,0.000000,2.000000,2.000000,0.000000,4.000000,2.000000,2.000000,0.000000,0.000000,4.000000,4.000000,4.000000,4.000000,4.000000,4.000000,0.000000,,,,,,,,,,,,,,,,,,,,,,,,,,,,
1732157921.912239,1732157921.913470,19.000000,0.000000,4284.615234,4268.077148,4315.128418,4296.025879,4259.487305,4283.974121,4334.487305,4400.128418,4311.410156,4281.922852,4476.666504,4523.974121,4341.282227,4418.974121,0.000000,1.000000,22.000000,,,,0.000000,2.000000,2.000000,0.000000,4.000000,2.000000,2.000000,0.000000,0.000000,4.000000,4.000000,4.000000,4.000000,4.000000,4.000000,0.000000,,,,,,,,,,,,,,,,,,,,,,,,,,,,
1732157921.920047,1732157921.921378,20.000000,0.000000,4278.846191,4268.589844,4313.333496,4293.974121,4281.153809,4273.461426,4335.384766,4401.153809,4303.589844,4272.692383,4475.000000,4521.025879,4341.794922,4411.794922,0.000000,1.000000,22.000000,,,,0.000000,2.000000,2.000000,0.000000,4.000000,2.000000,2.000000,0.000000,0.000000,4.000000,4.000000,4.000000,4.000000,4.000000,4.000000,0.000000,,,,,,,,,,,,,,,,,5.000000,0.000000,0.502688,0.467651,-0.556335,0.468079,0.978635,-0.048834,-0.057624,-35.746548,44.750256,31.397461
1732157921.927856,1732157921.929186,21.000000,0.000000,4290.256348,4274.358887,4312.692383,4296.410156,4283.205078,4266.282227,4335.897461,4403.077148,4295.384766,4264.487305,4477.436035,4513.717773,4344.358887,4415.384766,0.000000,1.000000,22.000000,,,,0.000000,2.000000,2.000000,0.000000,4.000000,2.000000,2.000000,0.000000,0.000000,4.000000,4.000000,4.000000,4.000000,4.000000,4.000000,0.000000,,,,,,,,,,,,,,,,,,,,,,,,,,,,
1732157921.935664,1732157921.937194,22.000000,0.000000,4290.641113,4277.948730,4315.512695,4297.948730,4261.282227,4269.743652,4334.358887,4401.666504,4295.000000,4264.102539,4476.794922,4509.487305,4343.461426,4416.666504,0.000000,1.000000,22.000000,,,,0.000000,2.000000,2.000000,0.000000,4.000000,2.000000,2.000000,0.000000,0.000000,4.000000,4.000000,4.000000,4.000000,4.000000,4.000000,0.000000,,,,,,,,,,,,,,,,,,,,,,,,,,,,
1732157921.943472,1732157921.945002,23.000000,0.000000,4282.563965,4275.128418,4314.615234,4296.025879,4260.769043,4277.820313,4334.487305,4400.641113,4300.256348,4268.974121,4475.641113,4516.922852,4338.974121,4412.051270,0.000000,1.000000,22.000000,,,,0.000000,2.000000,2.000000,0.000000,4.000000,2.000000,2.000000,0.000000,0.000000,4.000000,4.000000,4.000000,4.000000,4.000000,4.000000,0.000000,,,,,,,,,,,,,,,,,,,,,,,,,,,,
1732157921.951280,1732157921.952910,24.000000,0.000000,4289.230957,4268.077148,4312.436035,4295.641113,4267.820313,4276.282227,4336.153809,4401.538574,4303.205078,4276.922852,4481.025879,4526.282227,4340.512695,4417.051270,0.000000,1.000000,22.000000,,,,0.000000,2.000000,2.000000,0.000000,4.000000,2.000000,2.000000,0.000000,0.000000,4.000000,4.000000,4.000000,4.000000,4.000000,4.000000,0.000000,,,,,,,,,,,,,,,,,6.000000,0.000000,0.502585,0.467712,-0.556274,0.468201,0.972775,-0.055671,-0.053717,-35.769703,44.922707,31.393610
1732157921.959088,1732157921.960718,25.000000,0.000000,4295.641113,4267.692383,4314.871582,4296.410156,4264.230957,4266.025879,4336.538574,4402.179688,4300.000000,4276.025879,4482.820313,4526.666504,4345.128418,4423.717773,0.000000,1.000000,22.000000,,,,0.000000,2.000000,2.000000,0.000000,4.000000,2.000000,2.000000,0.000000,0.000000,4.000000,4.000000,4.000000,4.000000,4.000000,4.000000,0.000000,,,,,,,,,,,,,,,,,,,,,,,,,,,,
1732157921.966897,1732157921.968726,26.000000,0.000000,4287.692383,4270.128418,4314.743652,4295.256348,4275.256348,4263.846191,4334.871582,4401.666504,4294.102539,4263.846191,4476.153809,4523.589844,4341.666504,4419.743652,0.000000,1.000000,22.000000,,,,0.000000,2.000000,2.000000,0.000000,4.000000,2.000000,2.000000,0.000000,0.000000,4.000000,4.000000,4.000000,4.000000,4.000000,4.000000,0.000000,,,,,,,,,,,,,,,,,,,,,,,,,,,,
1732157921.974705,1732157921.976535,27.000000,0.000000,4279.358887,4271.282227,4312.436035,4294.871582,4281.410156,4265.384766,4333.589844,4400.256348,4295.641113,4260.384766,4474.102539,4520.769043,4334.743652,4413.077148,0.000000,1.000000,22.000000,,,,0.000000,2.000000,2.000000,0.000000,4.000000,2.000000,2.000000,0.000000,0.000000,4.000000,4.000000,4.000000,4.000000,4.000000,4.000000,0.000000,,,,,,,,,,,,,,,,,,,,,,,,,,,,
1732157921.982513,1732157921.984443,28.000000,0.000000,4280.384766,4274.743652,4313.077148,4296.410156,4263.846191,4265.384766,4334.230957,4400.641113,4303.974121,4272.820313,4478.333496,4520.769043,4337.179688,4412.948730,0.000000,1.000000,22.000000,,,,0.000000,2.000000,2.000000,0.000000,4.000000,2.000000,2.000000,0.000000,0.000000,4.000000,4.000000,4.000000,4.000000,4.000000,4.000000,0.000000,,,,,,,,,,,,,,,,,7.000000,0.000000,0.502621,0.467590,-0.556396,0.468140,0.985960,-0.053229,-0.059089,-35.688461,44.987392,31.327158
1732157921.990322,1732157921.992251,29.000000,0.000000,4282.307617,4274.230957,4313.717773,4295.641113,4256.025879,4270.384766,4334.871582,4401.282227,4310.128418,4280.000000,4479.743652,4520.128418,4343.077148,4413.333496,0.000000,1.000000,22.000000,,,,0.000000,2.000000,2.000000,0.000000,4.000000,2.000000,2.000000,0.000000,0.000000,4.000000,4.000000,4.000000,4.000000,4.000000,4.000000,0.000000,,,,,,,,,,,,,,,,,,,,,,,,,,,,
1732157921.998130,1732157922.000259,30.000000,0.000000,4280.769043,4272.179688,4312.051270,4293.717773,4266.025879,4279.487305,4334.743652,4401.025879,4311.538574,4280.256348,4477.820313,4516.794922,4341.794922,4410.512695,0.000000,1.000000,22.000000,,,,0.000000,2.000000,2.000000,0.000000,4.000000,2.000000,2.000000,0.000000,0.000000,4.000000,4.000000,4.000000,4.000000,4.000000,4.000000,0.000000,,,,,,,,,,,,,,,,,,,,,,,,,,,,
1732157922.005938,1732157922.008067,31.000000,0.000000,4281.282227,4274.615234,4310.641113,4295.256348,4272.820313,4279.487305,4335.512695,4402.948730,4305.512695,4279.743652,4475.256348,4512.179688,4339.743652,4411.410156,0.000000,1.000000,22.000000,,,,0.000000,2.000000,2.000000,0.000000,4.000000,2.000000,2.000000,0.000000,0.000000,4.000000,4.000000,4.000000,4.000000,4.000000,4.000000,0.000000,,,,,,,,,,,,,,,,,,,,,,,,,,,,
1732157922.013746,1732157922.015975,32.000000,0.000000,4284.487305,4278.077148,4314.230957,4297.051270,4271.794922,4275.641113,4335.512695,4404.487305,4299.743652,4273.333496,4473.846191,4512.051270,4341.025879,4412.692383,0.000000,1.000000,22.000000,,,,0.000000,2.000000,2.000000,0.000000,4.000000,2.000000,2.000000,0.000000,0.000000,4.000000,4.000000,4.000000,4.000000,4.000000,4.000000,0.000000,,,,,,,,,,,,,,,,,8.000000,0.000000,0.502621,0.467590,-0.556396,0.468140,0.977658,-0.042486,-0.058113,-35.772652,45.039787,31.423330
1732157922.021555,1732157922.023783,33.000000,0.000000,4284.743652,4279.615234,4317.436035,4296.025879,4280.769043,4275.641113,4333.589844,4400.512695,4297.307617,4265.769043,4476.153809,4513.974121,4341.538574,4410.256348,0.000000,1.000000,22.000000,,,,0.000000,2.000000,2.000000,0.000000,4.000000,2.000000,2.000000,0.000000,0.000000,4.000000,4.000000,4.000000,4.000000,4.000000,4.000000,0.000000,,,,,,,,,,,,,,,,,,,,,,,,,,,,
1732157922.029363,1732157922.031791,34.000000,0.000000,4285.000000,4281.666504,4316.410156,4295.897461,4293.461426,4275.256348,4333.717773,4399.871582,4295.256348,4264.102539,4476.410156,4515.000000,4339.615234,4408.846191,0.000000,1.000000,22.000000,,,,0.000000,2.000000,2.000000,0.000000,4.000000,2.000000,2.000000,0.000000,0.000000,4.000000,4.000000,4.000000,4.000000,4.000000,4.000000,0.000000,,,,,,,,,,,,,,,,,,,,,,,,,,,,
1732157922.037171,1732157922.039600,35.000000,0.000000,4289.230957,4279.487305,4315.384766,4295.897461,4282.692383,4276.794922,4335.769043,4405.256348,4298.333496,4266.282227,4476.025879,4517.948730,4336.666504,4411.282227,0.000000,1.000000,22.000000,,,,0.000000,2.000000,2.000000,0.000000,4.000000,2.000000,2.000000,0.000000,0.000000,4.000000,4.000000,4.000000,4.000000,4.000000,4.000000,0.000000,,,,,,,,,,,,,,,,,,,,,,,,,,,,
1732157922.044979,1732157922.047508,36.000000,0.000000,4288.333496,4275.384766,4314.230957,4293.717773,4259.743652,4277.692383,4335.641113,4403.974121,4305.000000,4266.153809,4476.666504,4518.461426,4335.897461,4412.820313,0.000000,1.000000,22.000000,,,,0.000000,2.000000,2.000000,0.000000,4.000000,2.000000,2.000000,0.000000,0.000000,4.000000,4.000000,4.000000,4.000000,4.000000,4.000000,0.000000,,,,,,,,,,,,,,,,,9.000000,0.000000,0.502564,0.467590,-0.556396,0.468201,0.969845,-0.069833,-0.043951,-35.667515,44.783894,31.361231
1732157922.052787,1732157922.055316,37.000000,0.000000,4281.282227,4276.282227,4314.615234,4292.820313,4263.205078,4277.820313,4334.615234,4399.102539,4303.846191,4265.256348,4475.256348,4515.128418,4337.820313,4410.256348,0.000000,1.000000,22.000000,,,,0.000000,2.000000,2.000000,0.000000,4.000000,2.000000,2.000000,0.000000,0.000000,4.000000,4.000000,4.000000,4.000000,4.000000,4.000000,0.000000,,,,,,,,,,,,,,,,,,,,,,,,,,,,
1732157922.060596,1732157922.063324,38.000000,0.000000,4282.051270,4278.333496,4315.128418,4296.025879,4274.487305,4279.871582,4334.743652,4399.871582,4297.692383,4265.384766,4481.282227,4517.820313,4339.743652,4410.512695,0.000000,1.000000,22.000000,,,,0.000000,2.000000,2.000000,0.000000,4.000000,2.000000,2.000000,0.000000,0.000000,4.000000,4.000000,4.000000,4.000000,4.000000,4.000000,0.000000,,,,,,,,,,,,,,,,,,,,,,,,,,,,
1732157922.068404,1732157922.071132,39.000000,0.000000,4286.153809,4278.846191,4316.794922,4298.461426,4276.025879,4273.077148,4334.743652,4402.179688,4296.153809,4265.769043,4488.461426,4524.102539,4342.820313,4415.256348,0.000000,1.000000,22.000000,,,,0.000000,2.000000,2.000000,0.000000,4.000000,2.000000,2.000000,0.000000,0.000000,4.000000,4.000000,4.000000,4.000000,4.000000,4.000000,0.000000,,,,,,,,,,,,,,,,,,,,,,,,,,,,
1732157922.076212,1732157922.078841,40.000000,0.000000,4286.025879,4277.948730,4316.410156,4295.000000,4291.025879,4265.128418,4334.358887,4401.794922,4297.563965,4266.153809,4481.282227,4518.717773,4342.436035,4412.692383,0.000000,1.000000,22.000000,,,,0.000000,2.000000,2.000000,0.000000,4.000000,2.000000,2.000000,0.000000,0.000000,4.000000,4.000000,4.000000,4.000000,4.000000,4.000000,0.000000,,,,,,,,,,,,,,,,,10.000000,0.000000,0.502393,0.467651,-0.556396,0.468323,0.981565,-0.042974,-0.054694,-35.660686,44.716621,31.322598
1732157922.084021,1732157922.086649,41.000000,0.000000,4290.128418,4278.846191,4314.358887,4295.256348,4289.358887,4272.692383,4335.512695,4400.897461,4300.000000,4265.512695,4476.538574,4512.948730,4336.153809,4405.512695,0.000000,1.000000,22.000000,,,,0.000000,2.000000,2.000000,0.000000,4.000000,2.000000,2.000000,0.000000,0.000000,4.000000,4.000000,4.000000,4.000000,4.000000,4.000000,0.000000,,,,,,,,,,,,,,,,,,,,,,,,,,,,
1732157922.091829,1732157922.094657,42.000000,0.000000,4294.615234,4280.512695,4313.717773,4302.179688,4265.000000,4282.820313,4336.538574,4400.641113,4298.846191,4265.769043,4480.256348,4517.948730,4334.487305,4406.282227,0.000000,1.000000,22.000000,,,,0.000000,2.000000,2.000000,0.000000,4.000000,2.000000,2.000000,0.000000,0.000000,4.000000,4.000000,4.000000,4.000000,4.000000,4.000000,0.000000,,,,,,,,,,,,,,,,,,,,,,,,,,,,
1732157922.099637,1732157922.102465,43.000000,0.000000,4287.948730,4280.384766,4313.077148,4303.077148,4268.717773,4280.769043,4335.384766,4400.897461,4294.487305,4265.641113,4475.641113,4517.692383,4337.820313,4410.256348,0.000000,1.000000,22.000000,,,,0.000000,2.000000,2.000000,0.000000,4.000000,2.000000,2.000000,0.000000,0.000000,4.000000,4.000000,4.000000,4.000000,4.000000,4.000000,0.000000,,,,,,,,,,,,,,,,,,,,,,,,,,,,
1732157922.107445,1732157922.110173,44.000000,0.000000,4279.743652,4278.589844,4311.538574,4297.179688,4288.077148,4278.333496,4334.743652,4402.563965,4299.615234,4265.512695,4478.974121,4513.461426,4338.589844,4412.307617,0.000000,1.000000,22.000000,,,,0.000000,2.000000,2.000000,0.000000,4.000000,2.000000,2.000000,0.000000,0.000000,4.000000,4.000000,4.000000,4.000000,4.000000,4.000000,0.000000,,,,,,,,,,,,,,,,,11.000000,0.000000,0.502173,0.468018,-0.556030,0.468628,0.975705,-0.039556,-0.048834,-35.703491,44.807129,31.194637
1732157922.115254,1732157922.117981,45.000000,0.000000,4281.410156,4277.692383,4311.025879,4295.256348,4280.000000,4279.871582,4336.025879,4400.897461,4306.410156,4266.794922,4489.487305,4516.922852,4339.358887,4411.282227,0.000000,1.000000,22.000000,,,,0.000000,2.000000,2.000000,0.000000,4.000000,2.000000,2.000000,0.000000,0.000000,4.000000,4.000000,4.000000,4.000000,4.000000,4.000000,0.000000,,,,,,,,,,,,,,,,,,,,,,,,,,,,
1732157922.123062,1732157922.125590,46.000000,0.000000,4283.077148,4278.077148,4315.000000,4296.922852,4273.589844,4278.205078,4335.897461,4399.743652,4304.358887,4267.563965,4482.051270,4517.692383,4336.794922,4405.512695,0.000000,1.000000,22.000000,,,,0.000000,2.000000,2.000000,0.000000,4.000000,2.000000,2.000000,0.000000,0.000000,4.000000,4.000000,4.000000,4.000000,4.000000,4.000000,0.000000,,,,,,,,,,,,,,,,,,,,,,,,,,,,
1732157922.130870,1732157922.133398,47.000000,0.000000,4280.000000,4278.461426,4315.769043,4294.871582,4295.384766,4272.948730,4333.974121,4401.410156,4306.410156,4265.897461,4476.922852,4513.077148,4333.589844,4402.563965,0.000000,1.000000,22.000000,,,,0.000000,2.000000,2.000000,0.000000,4.000000,2.000000,2.000000,0.000000,0.000000,4.000000,4.000000,4.000000,4.000000,4.000000,4.000000,0.000000,,,,,,,,,,,,,,,,,,,,,,,,,,,,
1732157922.138678,1732157922.141106,48.000000,0.000000,4281.282227,4278.333496,4313.077148,4294.871582,4293.846191,4273.974121,4334.487305,4403.077148,4308.333496,4264.102539,4488.589844,4518.205078,4338.077148,4409.358887,0.000000,1.000000,22.000000,,,,0.000000,2.000000,2.000000,0.000000,4.000000,2.000000,2.000000,0.000000,0.000000,4.000000,4.000000,4.000000,4.000000,4.000000,4.000000,0.000000,,,,,,,,,,,,,,,,,12.000000,0.000000,0.502301,0.467834,-0.556274,0.468384,0.975705,-0.039556,-0.048834,-35.854828,44.780441,31.632656
1732157922.146486,1732157922.148915,49.000000,0.000000,4287.948730,4279.230957,4313.589844,4299.358887,4265.256348,4279.230957,4336.666504,4402.436035,4299.871582,4264.743652,4492.692383,4525.897461,4344.358887,4415.000000,0.000000,1.000000,22.000000,,,,0.000000,2.000000,2.000000,0.000000,4.000000,2.000000,2.000000,0.000000,0.000000,4.000000,4.000000,4.000000,4.000000,4.000000,4.000000,0.000000,,,,,,,,,,,,,,,,,,,,,,,,,,,,
1732157922.154295,1732157922.156523,50.000000,0.000000,4292.820313,4279.871582,4316.922852,4300.897461,4256.538574,4274.102539,4336.410156,4400.641113,4295.256348,4266.922852,4489.358887,4524.871582,4344.615234,4414.230957,0.000000,1.000000,22.000000,,,,0.000000,2.000000,2.000000,0.000000,4.000000,2.000000,2.000000,0.000000,0.000000,4.000000,4.000000,4.000000,4.000000,4.000000,4.000000,0.000000,,,,,,,,,,,,,,,,,,,,,,,,,,,,
1732157922.162103,1732157922.164331,51.000000,0.000000,4292.563965,4278.077148,4316.153809,4297.563965,4271.922852,4269.615234,4335.256348,4398.589844,4298.205078,4265.512695,4490.000000,4521.538574,4340.128418,4414.230957,0.000000,1.000000,22.000000,,,,0.000000,2.000000,2.000000,0.000000,4.000000,2.000000,2.000000,0.000000,0.000000,4.000000,4.000000,4.000000,4.000000,4.000000,4.000000,0.000000,,,,,,,,,,,,,,,,,,,,,,,,,,,,
1732157922.169911,1732157922.172239,52.000000,0.000000,4291.794922,4278.589844,4313.077148,4295.641113,4282.563965,4277.692383,4334.743652,4398.077148,4297.051270,4261.538574,4485.128418,4519.230957,4334.743652,4413.205078,0.000000,1.000000,22.000000,,,,0.000000,2.000000,2.000000,0.000000,4.000000,2.000000,2.000000,0.000000,0.000000,4.000000,4.000000,4.000000,4.000000,4.000000,4.000000,0.000000,,,,,,,,,,,,,,,,,13.000000,0.000000,0.502382,0.467529,-0.556458,0.468384,1.001099,-0.063973,-0.054694,-35.977409,44.833824,31.625784
1732157922.177719,1732157922.180048,53.000000,0.000000,4293.846191,4281.410156,4312.179688,4301.153809,4275.769043,4280.641113,4334.743652,4399.487305,4294.743652,4261.922852,4478.077148,4514.743652,4333.333496,4412.051270,0.000000,1.000000,22.000000,,,,0.000000,2.000000,2.000000,0.000000,4.000000,2.000000,2.000000,0.000000,0.000000,4.000000,4.000000,4.000000,4.000000,4.000000,4.000000,0.000000,,,,,,,,,,,,,,,,,,,,,,,,,,,,
1732157922.185528,1732157922.188056,54.000000,0.000000,4291.666504,4280.769043,4316.025879,4302.436035,4278.333496,4276.025879,4335.128418,4398.205078,4297.563965,4263.846191,4477.179688,4513.717773,4335.256348,4412.948730,0.000000,1.000000,22.000000,,,,0.000000,2.000000,2.000000,0.000000,4.000000,2.000000,2.000000,0.000000,0.000000,4.000000,4.000000,4.000000,4.000000,4.000000,4.000000,0.000000,,,,,,,,,,,,,,,,,,,,,,,,,,,,
1732157922.193336,1732157922.195864,55.000000,0.000000,4282.563965,4278.077148,4318.589844,4295.512695,4296.666504,4276.922852,4334.615234,4396.794922,4297.948730,4261.794922,4478.461426,4514.102539,4334.871582,4411.538574,0.000000,1.000000,22.000000,,,,0.000000,2.000000,2.000000,0.000000,4.000000,2.000000,2.000000,0.000000,0.000000,4.000000,4.000000,4.000000,4.000000,4.000000,4.000000,0.000000,,,,,,,,,,,,,,,,,,,,,,,,,,,,
1732157922.201144,1732157922.203772,56.000000,0.000000,4280.128418,4278.589844,4314.102539,4292.307617,4287.051270,4278.205078,4333.461426,4399.358887,4294.615234,4264.487305,4479.358887,4513.717773,4335.256348,4408.333496,0.000000,1.000000,22.000000,,,,0.000000,2.000000,2.000000,0.000000,4.000000,2.000000,2.000000,0.000000,0.000000,4.000000,4.000000,4.000000,4.000000,4.000000,4.000000,0.000000,,,,,,,,,,,,,,,,,14.000000,0.000000,0.502418,0.467407,-0.556580,0.468323,0.978635,-0.063973,-0.062996,-35.876701,44.683731,31.638552
1732157922.208953,1732157922.211580,57.000000,0.000000,4285.641113,4278.974121,4310.256348,4295.000000,4264.743652,4278.461426,4334.230957,4402.307617,4297.307617,4268.205078,4478.333496,4515.384766,4337.948730,4403.461426,0.000000,1.000000,22.000000,,,,0.000000,2.000000,2.000000,0.000000,4.000000,2.000000,2.000000,0.000000,0.000000,4.000000,4.000000,4.000000,4.000000,4.000000,4.000000,0.000000,,,,,,,,,,,,,,,,,,,,,,,,,,,,
1732157922.216761,1732157922.219189,58.000000,0.000000,4283.974121,4276.410156,4313.077148,4295.128418,4275.897461,4280.128418,4336.025879,4401.666504,4301.153809,4265.128418,4477.307617,4511.794922,4338.974121,4399.102539,0.000000,1.000000,22.000000,,,,0.000000,2.000000,2.000000,0.000000,4.000000,2.000000,2.000000,0.000000,0.000000,4.000000,4.000000,4.000000,4.000000,4.000000,4.000000,0.000000,,,,,,,,,,,,,,,,,,,,,,,,,,,,
1732157922.224569,1732157922.226997,59.000000,0.000000,4276.922852,4277.948730,4312.948730,4292.563965,4282.820313,4279.871582,4336.025879,4399.871582,4302.307617,4270.512695,4476.666504,4506.153809,4340.512695,4395.769043,0.000000,1.000000,22.000000,,,,0.000000,2.000000,2.000000,0.000000,4.000000,2.000000,2.000000,0.000000,0.000000,4.000000,4.000000,4.000000,4.000000,4.000000,4.000000,0.000000,,,,,,,,,,,,,,,,,,,,,,,,,,,,
1732157922.232377,1732157922.234705,60.000000,0.000000,4274.615234,4275.384766,4312.179688,4293.461426,4264.871582,4283.205078,4335.769043,4400.000000,4301.666504,4279.230957,4476.153809,4503.974121,4340.128418,4391.794922,0.000000,1.000000,22.000000,,,,0.000000,2.000000,2.000000,0.000000,4.000000,2.000000,2.000000,0.000000,0.000000,4.000000,4.000000,4.000000,4.000000,4.000000,4.000000,0.000000,,,,,,,,,,,,,,,,,15.000000,0.000000,0.502464,0.467346,-0.556641,0.468262,0.978635,-0.063973,-0.062996,-35.696796,44.627155,31.472227
1732157922.240185,1732157922.242513,61.000000,0.000000,4275.384766,4272.179688,4317.948730,4294.743652,4269.487305,4286.794922,4336.282227,4401.538574,4296.666504,4270.897461,4475.641113,4503.974121,4338.846191,4388.205078,0.000000,1.000000,22.000000,,,,0.000000,2.000000,2.000000,0.000000,4.000000,2.000000,2.000000,0.000000,0.000000,4.000000,4.000000,4.000000,4.000000,4.000000,4.000000,0.000000,,,,,,,,,,,,,,,,,,,,,,,,,,,,
1732157922.247994,1732157922.250122,62.000000,0.000000,4277.820313,4272.563965,4318.846191,4294.102539,4286.153809,4285.128418,4335.384766,4402.051270,4292.820313,4262.436035,4475.641113,4502.948730,4340.897461,4388.589844,0.000000,1.000000,22.000000,,,,0.000000,2.000000,2.000000,0.000000,4.000000,2.000000,2.000000,0.000000,0.000000,4.000000,4.000000,4.000000,4.000000,4.000000,4.000000,0.000000,,,,,,,,,,,,,,,,,,,,,,,,,,,,
1732157922.255802,1732157922.257930,63.000000,0.000000,4279.743652,4270.384766,4313.589844,4293.205078,4282.948730,4287.820313,4334.487305,4401.025879,4294.871582,4267.948730,4475.769043,4502.948730,4342.692383,4392.307617,0.000000,1.000000,22.000000,,,,0.000000,2.000000,2.000000,0.000000,4.000000,2.000000,2.000000,0.000000,0.000000,4.000000,4.000000,4.000000,4.000000,4.000000,4.000000,0.000000,,,,,,,,,,,,,,,,,,,,,,,,,,,,
1732157922.263610,1732157922.265838,64.000000,0.000000,4280.769043,4271.410156,4313.974121,4294.615234,4276.666504,4292.307617,4334.743652,4400.512695,4295.512695,4267.307617,4474.102539,4503.589844,4340.256348,4396.410156,0.000000,1.000000,22.000000,,,,0.000000,2.000000,2.000000,0.000000,4.000000,2.000000,2.000000,0.000000,0.000000,4.000000,4.000000,4.000000,4.000000,4.000000,4.000000,0.000000,,,,,,,,,,,,,,,,,16.000000,0.000000,0.502165,0.467590,-0.556396,0.468628,0.968380,-0.052252,-0.047857,-35.716072,44.517998,31.232504
1732157922.271418,1732157922.273646,65.000000,0.000000,4282.436035,4275.000000,4318.461426,4294.230957,4281.153809,4285.641113,4334.743652,4400.128418,4292.820313,4262.051270,4473.846191,4506.153809,4339.358887,4399.102539,1598.000000,1.000000,22.000000,,,,0.000000,2.000000,2.000000,0.000000,4.000000,2.000000,2.000000,0.000000,0.000000,4.000000,4.000000,4.000000,4.000000,4.000000,4.000000,0.000000,,,,,,,,,,,,,,,,,,,,,,,,,,,,
1732157922.279227,1732157922.281654,66.000000,0.000000,4281.666504,4267.051270,4317.051270,4290.769043,4292.948730,4276.794922,4333.974121,4400.512695,4293.717773,4268.846191,4476.025879,4507.179688,4339.358887,4398.974121,1366.000000,1.000000,22.000000,,,,0.000000,2.000000,2.000000,0.000000,4.000000,2.000000,2.000000,0.000000,0.000000,4.000000,4.000000,4.000000,4.000000,4.000000,4.000000,0.000000,,,,,,,,,,,,,,,,,,,,,,,,,,,,
1732157922.287035,1732157922.289462,67.000000,0.000000,4279.871582,4264.102539,4314.358887,4289.743652,4287.436035,4276.282227,4333.333496,4402.307617,4295.384766,4272.692383,4477.179688,4505.897461,4337.692383,4401.282227,1422.000000,1.000000,22.000000,,,,0.000000,2.000000,2.000000,0.000000,4.000000,2.000000,2.000000,0.000000,0.000000,4.000000,4.000000,4.000000,4.000000,4.000000,4.000000,0.000000,,,,,,,,,,,,,,,,,,,,,,,,,,,,
1732157922.294843,1732157922.297370,68.000000,0.000000,4281.410156,4276.666504,4313.077148,4292.948730,4261.025879,4279.102539,4334.102539,4400.384766,4294.871582,4267.051270,4476.025879,4508.205078,4339.102539,4405.384766,1427.000000,1.000000,22.000000,,,,0.000000,2.000000,2.000000,0.000000,4.000000,2.000000,2.000000,0.000000,0.000000,4.000000,4.000000,4.000000,4.000000,4.000000,4.000000,0.000000,,,,,,,,,,,,,,,,,17.000000,0.000000,0.502027,0.467773,-0.556213,0.468811,0.974240,-0.059089,-0.058113,-35.645016,44.609577,31.138329
1732157922.302652,1732157922.305179,69.000000,0.000000,4282.307617,4277.179688,4312.563965,4291.025879,4258.846191,4280.384766,4335.128418,4398.717773,4293.717773,4264.743652,4475.000000,4508.974121,4338.974121,4403.205078,1215.000000,1.000000,22.000000,,,,0.000000,2.000000,2.000000,0.000000,4.000000,2.000000,2.000000,0.000000,0.000000,4.000000,4.000000,4.000000,4.000000,4.000000,4.000000,0.000000,,,,,,,,,,,,,,,,,,,,,,,,,,,,
1732157922.310460,1732157922.313187,70.000000,0.000000,4278.717773,4269.358887,4313.974121,4284.102539,4276.794922,4281.282227,4333.846191,4400.769043,4292.179688,4264.743652,4473.974121,4506.410156,4335.897461,4398.846191,0.000000,1.000000,22.000000,,,,0.000000,2.000000,2.000000,0.000000,4.000000,2.000000,2.000000,0.000000,0.000000,4.000000,4.000000,4.000000,4.000000,4.000000,4.000000,0.000000,,,,,,,,,,,,,,,,,,,,,,,,,,,,
1732157922.318268,1732157922.320995,71.000000,0.000000,4276.153809,4271.410156,4314.615234,4279.871582,4279.487305,4282.307617,4332.436035,4401.922852,4294.743652,4260.897461,4472.563965,4505.897461,4332.820313,4397.820313,0.000000,1.000000,22.000000,,,,0.000000,2.000000,2.000000,0.000000,4.000000,2.000000,2.000000,0.000000,0.000000,4.000000,4.000000,4.000000,4.000000,4.000000,4.000000,0.000000,,,,,,,,,,,,,,,,,,,,,,,,,,,,
1732157922.326076,1732157922.328703,72.000000,0.000000,4277.179688,4268.846191,4312.563965,4280.000000,4270.641113,4281.666504,4334.230957,4401.153809,4298.077148,4261.922852,4474.230957,4507.692383,4333.461426,4398.717773,1529.000000,1.000000,22.000000,,,,0.000000,2.000000,2.000000,0.000000,4.000000,2.000000,2.000000,0.000000,0.000000,4.000000,4.000000,4.000000,4.000000,4.000000,4.000000,0.000000,,,,,,,,,,,,,,,,,18.000000,0.000000,0.502027,0.467773,-0.556213,0.468811,0.983030,-0.063484,-0.047857,-35.722466,44.713757,31.077045
1732157922.333884,1732157922.336511,73.000000,0.000000,4279.615234,4263.461426,4310.384766,4282.179688,4273.846191,4281.410156,4336.153809,4401.922852,4297.820313,4269.487305,4479.871582,4509.230957,4339.743652,4399.102539,1683.000000,1.000000,22.000000,,,,0.000000,2.000000,2.000000,0.000000,4.000000,2.000000,2.000000,0.000000,0.000000,4.000000,4.000000,4.000000,4.000000,4.000000,4.000000,0.000000,,,,,,,,,,,,,,,,,,,,,,,,,,,,
1732157922.341693,1732157922.344519,74.000000,0.000000,4279.615234,4264.615234,4310.897461,4281.666504,4292.179688,4279.358887,4335.641113,4402.179688,4295.769043,4269.358887,4481.153809,4508.333496,4341.794922,4399.871582,1548.000000,1.000000,22.000000,,,,0.000000,2.000000,2.000000,0.000000,4.000000,2.000000,2.000000,0.000000,0.000000,4.000000,4.000000,4.000000,4.000000,4.000000,4.000000,0.000000,,,,,,,,,,,,,,,,,,,,,,,,,,,,
1732157922.349501,1732157922.352328,75.000000,0.000000,4277.436035,4267.692383,4311.025879,4278.333496,4292.307617,4278.974121,4335.512695,4400.641113,4295.384766,4264.487305,4476.922852,4508.205078,4334.743652,4398.589844,1566.000000,1.000000,22.000000,,,,0.000000,2.000000,2.000000,0.000000,4.000000,2.000000,2.000000,0.000000,0.000000,4.000000,4.000000,4.000000,4.000000,4.000000,4.000000,0.000000,,,,,,,,,,,,,,,,,,,,,,,,,,,,
1732157922.357309,1732157922.360236,76.000000,0.000000,4278.333496,4273.077148,4313.077148,4283.461426,4266.410156,4282.051270,4335.512695,4401.025879,4297.820313,4265.769043,4481.410156,4509.487305,4332.563965,4398.205078,1701.000000,1.000000,22.000000,,,,0.000000,2.000000,2.000000,0.000000,4.000000,2.000000,2.000000,0.000000,0.000000,4.000000,4.000000,4.000000,4.000000,4.000000,4.000000,0.000000,,,,,,,,,,,,,,,,,19.000000,0.000000,0.501866,0.467773,-0.556152,0.469055,0.974240,-0.069344,-0.045416,-35.775196,44.704811,31.125740
1732157922.365117,1732157922.368044,77.000000,0.000000,4281.538574,4276.794922,4315.384766,4289.230957,4256.153809,4281.410156,4334.230957,4402.948730,4298.589844,4275.512695,4489.102539,4513.077148,4340.641113,4401.538574,1609.000000,1.000000,22.000000,,,,0.000000,2.000000,2.000000,0.000000,4.000000,2.000000,2.000000,0.000000,0.000000,4.000000,4.000000,4.000000,4.000000,4.000000,4.000000,0.000000,,,,,,,,,,,,,,,,,,,,,,,,,,,,
1732157922.372926,1732157922.376052,78.000000,0.000000,4283.205078,4271.538574,4312.307617,4287.051270,4269.487305,4277.563965,4333.461426,4403.717773,4296.794922,4280.769043,4489.487305,4519.615234,4342.820313,4402.307617,1548.000000,1.000000,22.000000,,,,0.000000,2.000000,2.000000,0.000000,4.000000,2.000000,2.000000,0.000000,0.000000,4.000000,4.000000,4.000000,4.000000,4.000000,4.000000,0.000000,1.000000,0.000000,2.000000,2.000000,0.000000,1.000000,1.000000,1.000000,0.000000,0.000000,1.000000,4.000000,1.000000,4.000000,1.000000,3.000000,,,,,,,,,,,,
1732157922.380734,1732157922.383860,79.000000,0.000000,4281.025879,4267.179688,4310.000000,4286.794922,4274.743652,4278.205078,4334.102539,4403.205078,4296.666504,4272.820313,4487.692383,4522.307617,4339.102539,4401.794922,1566.000000,1.000000,22.000000,,,,0.000000,2.000000,2.000000,0.000000,4.000000,2.000000,2.000000,0.000000,0.000000,4.000000,4.000000,4.000000,4.000000,4.000000,4.000000,0.000000,,,,,,,,,,,,,,,,,,,,,,,,,,,,
1732157922.388542,1732157922.391768,80.000000,0.000000,4280.000000,4267.948730,4311.538574,4288.974121,4271.153809,4283.077148,4335.897461,4402.307617,4298.717773,4264.487305,4483.589844,4519.230957,4336.538574,4403.205078,1701.000000,1.000000,22.000000,,,,0.000000,2.000000,2.000000,0.000000,4.000000,2.000000,2.000000,0.000000,0.000000,4.000000,4.000000,4.000000,4.000000,4.000000,4.000000,0.000000,,,,,,,,,,,,,,,,,20.000000,0.000000,0.501923,0.467712,-0.556152,0.469055,0.972287,-0.047857,-0.063484,-35.782909,44.795895,31.125183
1732157922.396351,1732157922.399576,81.000000,0.000000,4283.974121,4271.025879,4311.922852,4285.128418,4285.897461,4282.692383,4335.769043,4400.641113,4298.846191,4265.256348,4480.769043,4518.974121,4334.230957,4405.000000,1609.000000,1.000000,22.000000,,,,0.000000,2.000000,2.000000,0.000000,4.000000,2.000000,2.000000,0.000000,0.000000,4.000000,4.000000,4.000000,4.000000,4.000000,4.000000,0.000000,,,,,,,,,,,,,,,,,,,,,,,,,,,,
1732157922.404159,1732157922.407185,82.000000,0.000000,4289.615234,4276.666504,4311.538574,4287.692383,4292.948730,4279.871582,4333.589844,4399.615234,4295.769043,4267.692383,4485.641113,4523.461426,4335.384766,4409.487305,1548.000000,1.000000,22.000000,,,,0.000000,2.000000,2.000000,0.000000,4.000000,2.000000,2.000000,0.000000,0.000000,4.000000,4.000000,4.000000,4.000000,4.000000,4.000000,0.000000,,,,,,,,,,,,,,,,,,,,,,,,,,,,
1732157922.411967,1732157922.414993,83.000000,0.000000,4289.743652,4278.717773,4311.538574,4293.333496,4272.692383,4280.897461,4333.589844,4400.641113,4293.974121,4265.897461,4490.641113,4525.000000,4339.615234,4413.717773,1566.000000,1.000000,22.000000,,,,0.000000,2.000000,2.000000,0.000000,4.000000,2.000000,2.000000,0.000000,0.000000,4.000000,4.000000,4.000000,4.000000,4.000000,4.000000,0.000000,,,,,,,,,,,,,,,,,,,,,,,,,,,,
1732157922.419775,1732157922.422701,84.000000,0.000000,4288.205078,4277.563965,4312.563965,4288.077148,4258.461426,4282.563965,4335.000000,4401.794922,4299.615234,4267.948730,4489.102539,4522.051270,4340.128418,4413.461426,1701.000000,1.000000,22.000000,,,,0.000000,2.000000,2.000000,0.000000,4.000000,2.000000,2.000000,0.000000,0.000000,4.000000,4.000000,4.000000,4.000000,4.000000,4.000000,0.000000,,,,,,,,,,,,,,,,,21.000000,0.000000,0.501970,0.467651,-0.556213,0.468994,0.978635,-0.040044,-0.047857,-35.645824,44.796341,31.093065
1732157922.427583,1732157922.430510,85.000000,0.000000,4289.102539,4278.461426,4313.589844,4287.051270,4264.487305,4281.025879,4334.487305,4402.436035,4304.230957,4274.102539,4487.692383,4517.692383,4337.563965,4411.153809,1609.000000,1.000000,22.000000,,,,0.000000,2.000000,2.000000,0.000000,4.000000,2.000000,2.000000,0.000000,0.000000,4.000000,4.000000,4.000000,4.000000,4.000000,4.000000,0.000000,,,,,,,,,,,,,,,,,,,,,,,,,,,,
1732157922.435392,1732157922.438118,86.000000,0.000000,4289.230957,4278.717773,4313.333496,4293.846191,4266.794922,4278.333496,4333.717773,4402.820313,4298.461426,4273.846191,4488.205078,4519.230957,4336.282227,4408.589844,1548.000000,1.000000,22.000000,,,,0.000000,2.000000,2.000000,0.000000,4.000000,2.000000,2.000000,0.000000,0.000000,4.000000,4.000000,4.000000,4.000000,4.000000,4.000000,0.000000,,,,,,,,,,,,,,,,,,,,,,,,,,,,
1732157922.443200,1732157922.445926,87.000000,0.000000,4290.000000,4278.077148,4312.563965,4295.128418,4266.538574,4278.974121,4333.717773,4400.128418,4293.846191,4267.563965,4488.717773,4521.410156,4335.769043,4405.128418,1566.000000,1.000000,22.000000,,,,0.000000,2.000000,2.000000,0.000000,4.000000,2.000000,2.000000,0.000000,0.000000,4.000000,4.000000,4.000000,4.000000,4.000000,4.000000,0.000000,,,,,,,,,,,,,,,,,,,,,,,,,,,,
1732157922.451008,1732157922.453635,88.000000,0.000000,4288.461426,4279.743652,4313.333496,4290.897461,4280.641113,4280.384766,4334.230957,4399.743652,4295.512695,4262.307617,4485.641113,4513.333496,4335.384766,4404.743652,1701.000000,1.000000,22.000000,,,,0.000000,2.000000,2.000000,0.000000,4.000000,2.000000,2.000000,0.000000,0.000000,4.000000,4.000000,4.000000,4.000000,4.000000,4.000000,0.000000,,,,,,,,,,,,,,,,,22.000000,0.000000,0.501970,0.467651,-0.556213,0.468994,0.978635,-0.040044,-0.047857,-35.624783,44.676704,30.917049
1732157922.458816,1732157922.461443,89.000000,0.000000,4283.461426,4278.461426,4314.102539,4286.794922,4280.384766,4280.000000,4335.641113,4402.820313,4296.025879,4262.820313,4478.974121,4506.410156,4334.615234,4404.487305,1609.000000,1.000000,22.000000,,,,0.000000,2.000000,2.000000,0.000000,4.000000,2.000000,2.000000,0.000000,0.000000,4.000000,4.000000,4.000000,4.000000,4.000000,4.000000,0.000000,,,,,,,,,,,,,,,,,,,,,,,,,,,,
1732157922.466625,1732157922.469051,90.000000,0.000000,4281.666504,4278.461426,4313.717773,4284.487305,4276.153809,4280.000000,4335.256348,4400.897461,4295.384766,4263.846191,4476.794922,4507.820313,4334.230957,4400.000000,1548.000000,1.000000,22.000000,,,,0.000000,2.000000,2.000000,0.000000,4.000000,2.000000,2.000000,0.000000,0.000000,4.000000,4.000000,4.000000,4.000000,4.000000,4.000000,0.000000,,,,,,,,,,,,,,,,,,,,,,,,,,,,
1732157922.474433,1732157922.476859,91.000000,0.000000,4282.307617,4280.128418,4313.333496,4282.436035,4292.563965,4280.641113,4333.461426,4397.179688,4295.000000,4263.077148,4476.922852,4506.794922,4333.461426,4396.410156,1566.000000,1.000000,22.000000,,,,0.000000,2.000000,2.000000,0.000000,4.000000,2.000000,2.000000,0.000000,0.000000,4.000000,4.000000,4.000000,4.000000,4.000000,4.000000,0.000000,,,,,,,,,,,,,,,,,,,,,,,,,,,,
1732157922.482241,1732157922.484568,92.000000,0.000000,4281.153809,4277.307617,4311.666504,4282.692383,4290.384766,4281.025879,4333.717773,4400.000000,4293.846191,4263.589844,4474.358887,4503.974121,4331.538574,4395.769043,1701.000000,1.000000,22.000000,,,,0.000000,2.000000,2.000000,0.000000,4.000000,2.000000,2.000000,0.000000,0.000000,4.000000,4.000000,4.000000,4.000000,4.000000,4.000000,0.000000,,,,,,,,,,,,,,,,,23.000000,0.000000,0.501866,0.467712,-0.556152,0.469116,0.974240,-0.065438,-0.055183,-35.779408,44.633129,31.129477
1732157922.490049,1732157922.492376,93.000000,0.000000,4279.743652,4275.512695,4310.512695,4281.794922,4265.256348,4281.794922,4335.384766,4402.820313,4296.025879,4265.000000,4474.230957,4504.230957,4331.282227,4395.641113,1609.000000,1.000000,22.000000,,,,0.000000,2.000000,2.000000,0.000000,4.000000,2.000000,2.000000,0.000000,0.000000,4.000000,4.000000,4.000000,4.000000,4.000000,4.000000,0.000000,,,,,,,,,,,,,,,,,,,,,,,,,,,,
1732157922.497858,1732157922.499984,94.000000,0.000000,4279.871582,4274.871582,4310.641113,4279.743652,4259.102539,4280.897461,4335.128418,4400.128418,4297.179688,4266.666504,4475.384766,4507.692383,4332.692383,4397.051270,1548.000000,1.000000,22.000000,,,,0.000000,2.000000,2.000000,0.000000,4.000000,2.000000,2.000000,0.000000,0.000000,4.000000,4.000000,4.000000,4.000000,4.000000,4.000000,0.000000,,,,,,,,,,,,,,,,,,,,,,,,,,,,
1732157922.505666,1732157922.507793,95.000000,0.000000,4279.102539,4273.589844,4309.743652,4278.974121,4268.205078,4281.410156,4334.102539,4398.589844,4293.974121,4267.948730,4476.794922,4511.922852,4336.410156,4399.358887,1566.000000,1.000000,22.000000,,,,0.000000,2.000000,2.000000,0.000000,4.000000,2.000000,2.000000,0.000000,0.000000,4.000000,4.000000,4.000000,4.000000,4.000000,4.000000,0.000000,,,,,,,,,,,,,,,,,,,,,,,,,,,,
1732157922.513474,1732157922.515701,96.000000,0.000000,4281.410156,4274.358887,4310.128418,4281.410156,4270.512695,4283.077148,4335.384766,4400.256348,4294.871582,4268.333496,4479.615234,4514.615234,4340.512695,4403.205078,1701.000000,1.000000,22.000000,,,,0.000000,2.000000,2.000000,0.000000,4.000000,2.000000,2.000000,0.000000,0.000000,4.000000,4.000000,4.000000,4.000000,4.000000,4.000000,0.000000,,,,,,,,,,,,,,,,,24.000000,0.000000,0.502051,0.467468,-0.556396,0.468872,0.986937,-0.051764,-0.060554,-35.632988,44.919502,31.309875
1732157922.521282,1732157922.523509,97.000000,0.000000,4283.077148,4274.743652,4313.974121,4280.512695,4282.820313,4275.256348,4335.128418,4400.256348,4296.538574,4265.000000,4477.307617,4515.641113,4338.333496,4401.410156,1609.000000,1.000000,22.000000,,,,0.000000,2.000000,2.000000,0.000000,4.000000,2.000000,2.000000,0.000000,0.000000,4.000000,4.000000,4.000000,4.000000,4.000000,4.000000,0.000000,,,,,,,,,,,,,,,,,,,,,,,,,,,,
1732157922.529091,1732157922.531117,98.000000,0.000000,4281.794922,4273.461426,4314.230957,4278.077148,4287.820313,4269.358887,4330.641113,4401.282227,4294.102539,4264.871582,4477.179688,4518.717773,4335.641113,4398.461426,1548.000000,1.000000,22.000000,,,,0.000000,2.000000,2.000000,0.000000,4.000000,2.000000,2.000000,0.000000,0.000000,4.000000,4.000000,4.000000,4.000000,4.000000,4.000000,0.000000,,,,,,,,,,,,,,,,,,,,,,,,,,,,
1732157922.536899,1732157922.538925,99.000000,0.000000,4281.538574,4273.589844,4310.256348,4280.256348,4265.512695,4277.563965,4327.692383,4402.307617,4295.000000,4272.563965,4485.384766,4520.000000,4341.922852,4406.410156,1566.000000,1.000000,22.000000,,,,0.000000,2.000000,2.000000,0.000000,4.000000,2.000000,2.000000,0.000000,0.000000,4.000000,4.000000,4.000000,4.000000,4.000000,4.000000,0.000000,,,,,,,,,,,,,,,,,,,,,,,,,,,,
1732157922.544707,1732157922.546634,100.000000,0.000000,4282.692383,4275.128418,4309.230957,4281.666504,4260.769043,4282.692383,4327.692383,4399.871582,4298.717773,4274.743652,4490.128418,4513.846191,4345.384766,4408.589844,1701.000000,1.000000,22.000000,,,,0.000000,2.000000,2.000000,0.000000,4.000000,2.000000,2.000000,0.000000,0.000000,4.000000,4.000000,4.000000,4.000000,4.000000,4.000000,0.000000,,,,,,,,,,,,,,,,,25.000000,0.000000,0.502097,0.467407,-0.556458,0.468811,0.986937,-0.051764,-0.060554,-35.409386,44.878132,31.457666
1732157922.552515,1732157922.554442,101.000000,0.000000,4281.538574,4275.128418,4310.897461,4279.871582,4273.205078,4278.077148,4329.358887,4401.025879,4297.692383,4269.230957,4485.000000,4512.563965,4339.487305,4398.589844,1609.000000,1.000000,22.000000,,,,0.000000,2.000000,2.000000,0.000000,4.000000,2.000000,2.000000,0.000000,0.000000,4.000000,4.000000,4.000000,4.000000,4.000000,4.000000,0.000000,,,,,,,,,,,,,,,,,,,,,,,,,,,,
1732157922.560324,1732157922.562050,102.000000,0.000000,4278.846191,4276.025879,4308.846191,4279.615234,4270.512695,4277.948730,4333.077148,4402.948730,4293.717773,4265.384766,4479.615234,4514.871582,4338.589844,4395.769043,1548.000000,1.000000,22.000000,,,,0.000000,2.000000,2.000000,0.000000,4.000000,2.000000,2.000000,0.000000,0.000000,4.000000,4.000000,4.000000,4.000000,4.000000,4.000000,0.000000,,,,,,,,,,,,,,,,,,,,,,,,,,,,
1732157922.568132,1732157922.569859,103.000000,0.000000,4279.358887,4277.820313,4309.871582,4280.897461,4276.025879,4278.205078,4336.153809,4400.512695,4292.307617,4263.717773,4477.820313,4510.256348,4339.871582,4399.871582,1566.000000,1.000000,22.000000,,,,0.000000,2.000000,2.000000,0.000000,4.000000,2.000000,2.000000,0.000000,0.000000,4.000000,4.000000,4.000000,4.000000,4.000000,4.000000,0.000000,,,,,,,,,,,,,,,,,,,,,,,,,,,,
1732157922.575940,1732157922.577567,104.000000,0.000000,4281.538574,4279.871582,4312.051270,4281.282227,4290.641113,4274.615234,4335.641113,4398.589844,4293.461426,4266.025879,4478.589844,4506.025879,4338.974121,4399.487305,1701.000000,1.000000,22.000000,,,,0.000000,2.000000,2.000000,0.000000,4.000000,2.000000,2.000000,0.000000,0.000000,4.000000,4.000000,4.000000,4.000000,4.000000,4.000000,0.000000,,,,,,,,,,,,,,,,,26.000000,0.000000,0.502154,0.467285,-0.556458,0.468872,0.977658,-0.061531,-0.052252,-35.394936,44.457951,31.339043
1732157922.583748,1732157922.585375,105.000000,0.000000,4282.307617,4282.051270,4311.025879,4282.179688,4278.077148,4277.563965,4335.256348,4399.102539,4295.384766,4270.641113,4480.512695,4505.641113,4339.102539,4398.589844,1609.000000,1.000000,22.000000,,,,0.000000,2.000000,2.000000,0.000000,4.000000,2.000000,2.000000,0.000000,0.000000,4.000000,4.000000,4.000000,4.000000,4.000000,4.000000,0.000000,,,,,,,,,,,,,,,,,,,,,,,,,,,,
1732157922.591557,1732157922.593383,106.000000,0.000000,4281.025879,4279.615234,4311.922852,4282.563965,4256.794922,4281.538574,4336.153809,4398.846191,4295.769043,4270.000000,4479.487305,4505.897461,4336.922852,4398.589844,1548.000000,1.000000,22.000000,,,,0.000000,2.000000,2.000000,0.000000,4.000000,2.000000,2.000000,0.000000,0.000000,4.000000,4.000000,4.000000,4.000000,4.000000,4.000000,0.000000,,,,,,,,,,,,,,,,,,,,,,,,,,,,
1732157922.599365,1732157922.601191,107.000000,0.000000,4278.461426,4276.666504,4313.077148,4281.922852,4265.512695,4281.025879,4334.743652,4398.589844,4295.641113,4265.897461,4476.153809,4505.769043,4333.333496,4396.666504,1566.000000,1.000000,22.000000,,,,0.000000,2.000000,2.000000,0.000000,4.000000,2.000000,2.000000,0.000000,0.000000,4.000000,4.000000,4.000000,4.000000,4.000000,4.000000,0.000000,,,,,,,,,,,,,,,,,,,,,,,,,,,,
1732157922.607173,1732157922.609099,108.000000,0.000000,4279.230957,4276.922852,4313.077148,4281.538574,4288.589844,4278.333496,4332.948730,4401.153809,4295.512695,4265.000000,4473.974121,4508.205078,4332.563965,4395.641113,1701.000000,1.000000,22.000000,,,,0.000000,2.000000,2.000000,0.000000,4.000000,2.000000,2.000000,0.000000,0.000000,4.000000,4.000000,4.000000,4.000000,4.000000,4.000000,0.000000,,,,,,,,,,,,,,,,,27.000000,0.000000,0.502165,0.467285,-0.556396,0.468933,0.981077,-0.051276,-0.056648,-35.458233,44.575943,31.272959
1732157922.614981,1732157922.616908,109.000000,0.000000,4276.922852,4278.205078,4313.461426,4281.666504,4286.794922,4278.205078,4333.077148,4402.307617,4296.153809,4266.153809,4475.641113,4505.384766,4334.102539,4392.179688,1609.000000,1.000000,22.000000,,,,0.000000,2.000000,2.000000,0.000000,4.000000,2.000000,2.000000,0.000000,0.000000,4.000000,4.000000,4.000000,4.000000,4.000000,4.000000,0.000000,,,,,,,,,,,,,,,,,,,,,,,,,,,,
1732157922.622790,1732157922.624916,110.000000,0.000000,4267.563965,4272.563965,4313.461426,4279.615234,4265.000000,4280.897461,4333.974121,4401.666504,4298.589844,4265.512695,4476.666504,4502.948730,4332.179688,4384.871582,1548.000000,1.000000,22.000000,,,,0.000000,2.000000,2.000000,0.000000,4.000000,2.000000,2.000000,0.000000,0.000000,4.000000,4.000000,4.000000,4.000000,4.000000,4.000000,0.000000,,,,,,,,,,,,,,,,,,,,,,,,,,,,
1732157922.630598,1732157922.632724,111.000000,0.000000,4264.615234,4264.102539,4312.436035,4277.051270,4259.615234,4282.051270,4333.589844,4400.128418,4299.615234,4265.256348,4473.846191,4506.538574,4330.512695,4383.717773,1566.000000,1.000000,22.000000,,,,0.000000,2.000000,2.000000,0.000000,4.000000,2.000000,2.000000,0.000000,0.000000,4.000000,4.000000,4.000000,4.000000,4.000000,4.000000,0.000000,,,,,,,,,,,,,,,,,,,,,,,,,,,,
1732157922.638406,1732157922.640432,112.000000,0.000000,4273.589844,4265.641113,4312.179688,4276.410156,4266.922852,4280.256348,4334.230957,4399.487305,4297.307617,4264.615234,4473.461426,4507.563965,4333.333496,4391.922852,1701.000000,1.000000,22.000000,,,,0.000000,2.000000,2.000000,0.000000,4.000000,2.000000,2.000000,0.000000,0.000000,4.000000,4.000000,4.000000,4.000000,4.000000,4.000000,0.000000,,,,,,,,,,,,,,,,,28.000000,0.000000,0.502143,0.467224,-0.556519,0.468872,0.971798,-0.046881,-0.052741,-35.634502,44.674847,31.206097
1732157922.646214,1732157922.648240,113.000000,0.000000,4279.743652,4272.563965,4311.410156,4277.692383,4267.563965,4278.974121,4336.153809,4401.153809,4294.615234,4262.563965,4476.025879,4509.358887,4335.000000,4397.948730,1609.000000,1.000000,22.000000,,,,0.000000,2.000000,2.000000,0.000000,4.000000,2.000000,2.000000,0.000000,0.000000,4.000000,4.000000,4.000000,4.000000,4.000000,4.000000,0.000000,,,,,,,,,,,,,,,,,,,,,,,,,,,,
1732157922.654023,1732157922.655849,114.000000,0.000000,4278.461426,4277.179688,4311.025879,4279.358887,4277.436035,4277.051270,4335.000000,4401.025879,4295.384766,4260.897461,4474.102539,4515.000000,4333.077148,4395.384766,1548.000000,1.000000,22.000000,,,,0.000000,2.000000,2.000000,0.000000,4.000000,2.000000,2.000000,0.000000,0.000000,4.000000,4.000000,4.000000,4.000000,4.000000,4.000000,0.000000,,,,,,,,,,,,,,,,,,,,,,,,,,,,
1732157922.661831,1732157922.663657,115.000000,0.000000,4278.077148,4276.922852,4311.025879,4279.358887,4285.512695,4275.384766,4333.077148,4398.589844,4296.794922,4263.333496,4471.922852,4515.256348,4333.205078,4395.000000,1566.000000,1.000000,22.000000,,,,0.000000,2.000000,2.000000,0.000000,4.000000,2.000000,2.000000,0.000000,0.000000,4.000000,4.000000,4.000000,4.000000,4.000000,4.000000,0.000000,,,,,,,,,,,,,,,,,,,,,,,,,,,,
1732157922.669639,1732157922.671565,116.000000,0.000000,4277.820313,4272.436035,4309.358887,4278.974121,4265.256348,4277.179688,4334.230957,4398.846191,4292.179688,4264.102539,4476.794922,4512.692383,4335.641113,4397.051270,1701.000000,1.000000,22.000000,,,,0.000000,2.000000,2.000000,0.000000,4.000000,2.000000,2.000000,0.000000,0.000000,4.000000,4.000000,4.000000,4.000000,4.000000,4.000000,0.000000,,,,,,,,,,,,,,,,,29.000000,0.000000,0.502097,0.467224,-0.556458,0.468994,0.976682,-0.050299,-0.045904,-35.355614,44.673290,31.008604
1732157922.677447,1732157922.679373,117.000000,0.000000,4278.717773,4272.051270,4309.230957,4280.512695,4253.077148,4278.205078,4335.641113,4401.282227,4289.230957,4260.256348,4478.077148,4513.461426,4334.871582,4393.974121,1609.000000,1.000000,22.000000,,,,0.000000,2.000000,2.000000,0.000000,4.000000,2.000000,2.000000,0.000000,0.000000,4.000000,4.000000,4.000000,4.000000,4.000000,4.000000,0.000000,,,,,,,,,,,,,,,,,,,,,,,,,,,,
1732157922.685256,1732157922.687381,118.000000,0.000000,4280.897461,4274.487305,4311.410156,4281.538574,4267.051270,4278.333496,4333.589844,4402.307617,4295.384766,4262.051270,4475.769043,4510.897461,4335.256348,4393.077148,1548.000000,1.000000,22.000000,,,,0.000000,2.000000,2.000000,0.000000,4.000000,2.000000,2.000000,0.000000,0.000000,4.000000,4.000000,4.000000,4.000000,4.000000,4.000000,0.000000,,,,,,,,,,,,,,,,,,,,,,,,,,,,
1732157922.693064,1732157922.695190,119.000000,0.000000,4279.615234,4273.846191,4311.538574,4279.102539,4268.846191,4278.846191,4331.794922,4400.897461,4300.128418,4267.563965,4481.794922,4505.256348,4334.871582,4396.922852,1566.000000,1.000000,22.000000,,,,0.000000,2.000000,2.000000,0.000000,4.000000,2.000000,2.000000,0.000000,0.000000,4.000000,4.000000,4.000000,4.000000,4.000000,4.000000,0.000000,,,,,,,,,,,,,,,,,,,,,,,,,,,,
1732157922.700872,1732157922.703098,120.000000,0.000000,4275.641113,4270.897461,4311.794922,4276.922852,4262.820313,4277.820313,4333.333496,4399.871582,4294.871582,4266.922852,4488.846191,4510.512695,4332.692383,4397.307617,1701.000000,1.000000,22.000000,,,,0.000000,2.000000,2.000000,0.000000,4.000000,2.000000,2.000000,0.000000,0.000000,4.000000,4.000000,4.000000,4.000000,4.000000,4.000000,0.000000,,,,,,,,,,,,,,,,,30.000000,0.000000,0.501936,0.467285,-0.556396,0.469177,0.984495,-0.053717,-0.056159,-35.321381,44.528698,31.121969
1732157922.708680,1732157922.710906,121.000000,0.000000,4275.384766,4275.128418,4313.589844,4279.230957,4272.563965,4278.846191,4334.615234,4399.871582,4291.794922,4263.974121,4488.461426,4516.794922,4334.230957,4398.461426,1609.000000,1.000000,22.000000,,,,0.000000,2.000000,2.000000,0.000000,4.000000,2.000000,2.000000,0.000000,0.000000,4.000000,4.000000,4.000000,4.000000,4.000000,4.000000,0.000000,,,,,,,,,,,,,,,,,,,,,,,,,,,,
1732157922.716489,1732157922.718914,122.000000,0.000000,4278.846191,4278.717773,4314.102539,4281.922852,4278.461426,4281.922852,4334.743652,4400.000000,4295.256348,4266.153809,4488.461426,4517.179688,4335.512695,4399.871582,1548.000000,1.000000,22.000000,,,,0.000000,2.000000,2.000000,0.000000,4.000000,2.000000,2.000000,0.000000,0.000000,4.000000,4.000000,4.000000,4.000000,4.000000,4.000000,0.000000,,,,,,,,,,,,,,,,,,,,,,,,,,,,
1732157922.724297,1732157922.726722,123.000000,0.000000,4278.205078,4273.461426,4312.436035,4280.512695,4280.512695,4278.461426,4334.743652,4400.384766,4297.948730,4268.589844,4487.307617,4516.410156,4334.871582,4393.589844,1566.000000,1.000000,22.000000,,,,0.000000,2.000000,2.000000,0.000000,4.000000,2.000000,2.000000,0.000000,0.000000,4.000000,4.000000,4.000000,4.000000,4.000000,4.000000,0.000000,,,,,,,,,,,,,,,,,,,,,,,,,,,,
1732157922.732105,1732157922.734630,124.000000,0.000000,4276.153809,4270.897461,4311.410156,4278.077148,4285.128418,4274.230957,4333.846191,4399.487305,4302.820313,4267.820313,4479.615234,4512.820313,4335.384766,4389.615234,1701.000000,1.000000,22.000000,,,,0.000000,2.000000,2.000000,0.000000,4.000000,2.000000,2.000000,0.000000,0.000000,4.000000,4.000000,4.000000,4.000000,4.000000,4.000000,0.000000,,,,,,,,,,,,,,,,,31.000000,0.000000,0.501926,0.467224,-0.556458,0.469177,0.982542,-0.048834,-0.056648,-35.238651,44.713245,31.120462
1732157922.739913,1732157922.742438,125.000000,0.000000,4277.948730,4275.384766,4313.333496,4280.769043,4274.102539,4277.948730,4332.692383,4399.358887,4304.358887,4266.794922,4475.641113,4509.743652,4334.871582,4395.512695,1609.000000,1.000000,22.000000,,,,0.000000,2.000000,2.000000,0.000000,4.000000,2.000000,2.000000,0.000000,0.000000,4.000000,4.000000,4.000000,4.000000,4.000000,4.000000,0.000000,,,,,,,,,,,,,,,,,,,,,,,,,,,,
1732157922.747722,1732157922.750446,126.000000,0.000000,4280.256348,4280.769043,4313.077148,4284.615234,4259.743652,4281.538574,4333.333496,4400.384766,4296.153809,4264.102539,4478.077148,4510.897461,4334.358887,4398.205078,1548.000000,1.000000,22.000000,,,,0.000000,2.000000,2.000000,0.000000,4.000000,2.000000,2.000000,0.000000,0.000000,4.000000,4.000000,4.000000,4.000000,4.000000,4.000000,0.000000,,,,,,,,,,,,,,,,,,,,,,,,,,,,
1732157922.755530,1732157922.758255,127.000000,0.000000,4280.000000,4280.384766,4312.563965,4288.333496,4262.307617,4281.666504,4334.230957,4399.871582,4293.077148,4263.205078,4477.563965,4511.794922,4336.410156,4394.487305,22.000000,1.000000,22.000000,,,,0.000000,2.000000,2.000000,0.000000,4.000000,2.000000,2.000000,0.000000,0.000000,4.000000,4.000000,4.000000,4.000000,4.000000,4.000000,0.000000,,,,,,,,,,,,,,,,,,,,,,,,,,,,
1732157922.763338,1732157922.766163,0.000000,0.000000,4279.358887,4278.461426,4312.563965,4289.487305,4276.794922,4282.436035,4334.230957,4399.358887,4299.102539,4265.512695,4474.743652,4508.205078,4333.974121,4389.743652,0.000000,1.000000,22.000000,,,,0.000000,2.000000,2.000000,0.000000,4.000000,2.000000,2.000000,0.000000,0.000000,4.000000,4.000000,4.000000,4.000000,4.000000,4.000000,0.000000,,,,,,,,,,,,,,,,,0.000000,0.000000,0.501926,0.467224,-0.556458,0.469177,0.968380,-0.053717,-0.058113,-35.261639,44.952728,31.299240
1732157922.771146,1732157922.773971,1.000000,0.000000,4279.743652,4275.641113,4308.846191,4285.128418,4288.205078,4283.077148,4334.743652,4399.871582,4297.436035,4261.410156,4473.333496,4504.230957,4325.641113,4384.487305,1594.000000,1.000000,22.000000,,,,0.000000,2.000000,2.000000,0.000000,4.000000,2.000000,2.000000,0.000000,0.000000,4.000000,4.000000,4.000000,4.000000,4.000000,4.000000,0.000000,,,,,,,,,,,,,,,,,,,,,,,,,,,,
1732157922.778955,1732157922.781879,2.000000,0.000000,4280.384766,4275.256348,4306.410156,4281.922852,4281.410156,4282.436035,4334.871582,4399.743652,4290.641113,4255.897461,4472.563965,4504.102539,4323.333496,4386.153809,1366.000000,1.000000,22.000000,,,,0.000000,2.000000,2.000000,0.000000,4.000000,2.000000,2.000000,0.000000,0.000000,4.000000,4.000000,4.000000,4.000000,4.000000,4.000000,0.000000,,,,,,,,,,,,,,,,,,,,,,,,,,,,
1732157922.786763,1732157922.789687,3.000000,0.000000,4281.025879,4278.461426,4311.282227,4287.436035,4262.563965,4282.692383,4334.871582,4399.871582,4295.128418,4259.743652,4474.102539,4507.051270,4326.025879,4393.589844,1422.000000,1.000000,22.000000,,,,0.000000,2.000000,2.000000,0.000000,4.000000,2.000000,2.000000,0.000000,0.000000,4.000000,4.000000,4.000000,4.000000,4.000000,4.000000,0.000000,,,,,,,,,,,,,,,,,,,,,,,,,,,,
1732157922.794571,1732157922.797396,4.000000,0.000000,4281.794922,4276.410156,4313.205078,4292.307617,4261.666504,4282.692383,4334.230957,4400.512695,4298.461426,4263.717773,4475.128418,4507.948730,4326.282227,4389.615234,1429.000000,1.000000,22.000000,,,,0.000000,2.000000,2.000000,0.000000,4.000000,2.000000,2.000000,0.000000,0.000000,4.000000,4.000000,4.000000,4.000000,4.000000,4.000000,0.000000,,,,,,,,,,,,,,,,,1.000000,0.000000,0.502053,0.466919,-0.556702,0.469055,0.978147,-0.057624,-0.054206,-35.401928,44.961712,31.305719
1732157922.802379,1732157922.805204,5.000000,0.000000,4282.051270,4275.641113,4310.512695,4288.205078,4268.077148,4280.384766,4333.333496,4399.358887,4291.538574,4262.820313,4474.487305,4506.282227,4326.922852,4384.615234,1214.000000,1.000000,22.000000,,,,0.000000,2.000000,2.000000,0.000000,4.000000,2.000000,2.000000,0.000000,0.000000,4.000000,4.000000,4.000000,4.000000,4.000000,4.000000,0.000000,,,,,,,,,,,,,,,,,,,,,,,,,,,,
1732157922.810188,1732157922.812812,6.000000,0.000000,4281.282227,4277.307617,4310.000000,4284.743652,4268.461426,4280.128418,4333.846191,4398.077148,4289.615234,4264.743652,4473.717773,4507.051270,4328.205078,4387.820313,0.000000,1.000000,22.000000,,,,0.000000,2.000000,2.000000,0.000000,4.000000,2.000000,2.000000,0.000000,0.000000,4.000000,4.000000,4.000000,4.000000,4.000000,4.000000,0.000000,,,,,,,,,,,,,,,,,,,,,,,,,,,,
1732157922.817996,1732157922.820620,7.000000,0.000000,4278.589844,4273.333496,4311.922852,4283.974121,4284.358887,4279.358887,4334.230957,4399.358887,4295.256348,4265.128418,4471.794922,4505.384766,4326.282227,4386.410156,0.000000,1.000000,22.000000,,,,0.000000,2.000000,2.000000,0.000000,4.000000,2.000000,2.000000,0.000000,0.000000,4.000000,4.000000,4.000000,4.000000,4.000000,4.000000,0.000000,,,,,,,,,,,,,,,,,,,,,,,,,,,,
1732157922.825804,1732157922.828329,8.000000,0.000000,4276.538574,4270.384766,4311.282227,4280.128418,4289.871582,4279.615234,4334.102539,4400.128418,4298.846191,4263.717773,4471.025879,4501.153809,4325.256348,4380.000000,1538.000000,1.000000,22.000000,,,,0.000000,2.000000,2.000000,0.000000,4.000000,2.000000,2.000000,0.000000,0.000000,4.000000,4.000000,4.000000,4.000000,4.000000,4.000000,0.000000,,,,,,,,,,,,,,,,,2.000000,0.000000,0.502042,0.466858,-0.556763,0.469055,0.981565,-0.038091,-0.052252,-35.783897,44.935654,31.414299
1732157922.833612,1732157922.836137,9.000000,0.000000,4276.666504,4275.128418,4310.897461,4278.461426,4267.307617,4283.205078,4334.230957,4399.230957,4292.436035,4262.692383,4472.948730,4501.794922,4326.922852,4380.384766,1690.000000,1.000000,22.000000,,,,0.000000,2.000000,2.000000,0.000000,4.000000,2.000000,2.000000,0.000000,0.000000,4.000000,4.000000,4.000000,4.000000,4.000000,4.000000,0.000000,,,,,,,,,,,,,,,,,,,,,,,,,,,,
1732157922.841421,1732157922.843745,10.000000,0.000000,4278.461426,4278.461426,4311.794922,4283.333496,4258.205078,4284.102539,4334.230957,4399.102539,4282.820313,4259.230957,4474.230957,4505.256348,4328.974121,4386.025879,1546.000000,1.000000,22.000000,,,,0.000000,2.000000,2.000000,0.000000,4.000000,2.000000,2.000000,0.000000,0.000000,4.000000,4.000000,4.000000,4.000000,4.000000,4.000000,0.000000,,,,,,,,,,,,,,,,,,,,,,,,,,,,
1732157922.849229,1732157922.851553,11.000000,0.000000,4279.487305,4276.025879,4313.717773,4287.692383,4265.897461,4281.538574,4335.897461,4399.615234,4286.153809,4258.846191,4474.871582,4509.871582,4328.205078,4391.794922,1566.000000,1.000000,22.000000,,,,0.000000,2.000000,2.000000,0.000000,4.000000,2.000000,2.000000,0.000000,0.000000,4.000000,4.000000,4.000000,4.000000,4.000000,4.000000,0.000000,,,,,,,,,,,,,,,,,,,,,,,,,,,,
1732157922.857037,1732157922.859262,12.000000,0.000000,4277.820313,4279.230957,4315.384766,4284.487305,4272.307617,4280.641113,4334.615234,4399.743652,4296.153809,4262.820313,4475.641113,4513.333496,4327.948730,4389.871582,1701.000000,1.000000,22.000000,,,,0.000000,2.000000,2.000000,0.000000,4.000000,2.000000,2.000000,0.000000,0.000000,4.000000,4.000000,4.000000,4.000000,4.000000,4.000000,0.000000,,,,,,,,,,,,,,,,,3.000000,0.000000,0.502132,0.467041,-0.556580,0.468994,0.982053,-0.056159,-0.044927,-35.826622,44.849545,31.500582
1732157922.864845,1732157922.867070,13.000000,0.000000,4273.333496,4277.563965,4312.051270,4280.256348,4287.820313,4281.025879,4330.769043,4398.846191,4297.436035,4264.743652,4475.897461,4510.128418,4329.871582,4383.589844,1609.000000,1.000000,22.000000,,,,0.000000,2.000000,2.000000,0.000000,4.000000,2.000000,2.000000,0.000000,0.000000,4.000000,4.000000,4.000000,4.000000,4.000000,4.000000,0.000000,,,,,,,,,,,,,,,,,,,,,,,,,,,,
1732157922.872654,1732157922.874678,14.000000,0.000000,4273.333496,4270.000000,4311.025879,4282.307617,4290.128418,4280.000000,4331.922852,4399.743652,4296.410156,4266.282227,4476.538574,4505.000000,4329.102539,4386.538574,1546.000000,1.000000,22.000000,,,,0.000000,2.000000,2.000000,0.000000,4.000000,2.000000,2.000000,0.000000,0.000000,4.000000,4.000000,4.000000,4.000000,4.000000,4.000000,0.000000,1.000000,0.000000,2.000000,1.000000,0.000000,4.000000,2.000000,1.000000,0.000000,0.000000,1.000000,4.000000,1.000000,4.000000,1.000000,4.000000,,,,,,,,,,,,
1732157922.880462,1732157922.882487,15.000000,0.000000,4278.333496,4269.358887,4314.102539,4285.000000,4263.205078,4280.512695,4336.410156,4400.256348,4298.461426,4267.820313,4476.410156,4505.512695,4326.153809,4387.820313,1566.000000,1.000000,22.000000,,,,0.000000,2.000000,2.000000,0.000000,4.000000,2.000000,2.000000,0.000000,0.000000,4.000000,4.000000,4.000000,4.000000,4.000000,4.000000,0.000000,,,,,,,,,,,,,,,,,,,,,,,,,,,,
1732157922.888270,1732157922.890195,16.000000,0.000000,4279.358887,4270.512695,4312.948730,4283.717773,4255.256348,4281.025879,4335.512695,4399.615234,4295.769043,4266.538574,4475.000000,4506.666504,4326.282227,4383.589844,0.000000,1.000000,22.000000,,,,0.000000,2.000000,2.000000,0.000000,4.000000,2.000000,2.000000,0.000000,0.000000,4.000000,4.000000,4.000000,4.000000,4.000000,4.000000,0.000000,,,,,,,,,,,,,,,,,4.000000,0.000000,0.502110,0.466980,-0.556702,0.468933,0.979123,-0.067391,-0.052252,-35.732899,44.688133,31.595470
1732157922.896078,1732157922.898003,17.000000,0.000000,4277.692383,4270.897461,4309.487305,4284.487305,4273.077148,4279.743652,4331.282227,4400.641113,4293.717773,4265.256348,4474.615234,4507.051270,4328.205078,4385.128418,0.000000,1.000000,22.000000,,,,0.000000,2.000000,2.000000,0.000000,4.000000,2.000000,2.000000,0.000000,0.000000,4.000000,4.000000,4.000000,4.000000,4.000000,4.000000,0.000000,,,,,,,,,,,,,,,,,,,,,,,,,,,,
1732157922.903887,1732157922.905612,18.000000,0.000000,4278.205078,4269.102539,4311.666504,4283.077148,4275.512695,4280.000000,4332.307617,4401.666504,4295.769043,4264.743652,4474.743652,4512.692383,4327.307617,4390.384766,0.000000,1.000000,22.000000,,,,0.000000,2.000000,2.000000,0.000000,4.000000,2.000000,2.000000,0.000000,0.000000,4.000000,4.000000,4.000000,4.000000,4.000000,4.000000,0.000000,,,,,,,,,,,,,,,,,,,,,,,,,,,,
1732157922.911695,1732157922.913420,19.000000,0.000000,4279.487305,4265.128418,4313.974121,4282.563965,4267.820313,4280.769043,4335.384766,4400.128418,4291.794922,4262.692383,4474.871582,4516.794922,4326.025879,4393.205078,0.000000,1.000000,22.000000,,,,0.000000,2.000000,2.000000,0.000000,4.000000,2.000000,2.000000,0.000000,0.000000,4.000000,4.000000,4.000000,4.000000,4.000000,4.000000,0.000000,,,,,,,,,,,,,,,,,,,,,,,,,,,,
1732157922.919503,1732157922.921128,20.000000,0.000000,4280.897461,4265.128418,4312.820313,4285.000000,4272.948730,4280.000000,4335.128418,4398.846191,4283.333496,4261.410156,4475.769043,4517.179688,4326.538574,4395.641113,0.000000,1.000000,22.000000,,,,0.000000,2.000000,2.000000,0.000000,4.000000,2.000000,2.000000,0.000000,0.000000,4.000000,4.000000,4.000000,4.000000,4.000000,4.000000,0.000000,,,,,,,,,,,,,,,,,5.000000,0.000000,0.502340,0.466614,-0.557007,0.468689,0.966915,-0.048834,-0.066414,-35.850315,44.805721,31.653999
1732157922.927311,1732157922.928936,21.000000,0.000000,4279.615234,4269.743652,4313.205078,4283.077148,4286.410156,4277.948730,4333.461426,4399.615234,4278.974121,4259.615234,4475.128418,4516.282227,4325.897461,4398.461426,0.000000,1.000000,22.000000,,,,0.000000,2.000000,2.000000,0.000000,4.000000,2.000000,2.000000,0.000000,0.000000,4.000000,4.000000,4.000000,4.000000,4.000000,4.000000,0.000000,,,,,,,,,,,,,,,,,,,,,,,,,,,,
1732157922.935120,1732157922.936545,22.000000,0.000000,4276.410156,4269.230957,4314.487305,4279.102539,4285.256348,4279.102539,4334.230957,4400.897461,4285.000000,4258.846191,4474.871582,4517.692383,4324.871582,4396.538574,0.000000,1.000000,22.000000,,,,0.000000,2.000000,2.000000,0.000000,4.000000,2.000000,2.000000,0.000000,0.000000,4.000000,4.000000,4.000000,4.000000,4.000000,4.000000,0.000000,,,,,,,,,,,,,,,,,,,,,,,,,,,,
1732157922.942928,1732157922.944353,23.000000,0.000000,4276.666504,4265.256348,4312.436035,4281.153809,4266.666504,4282.563965,4335.512695,4401.666504,4294.743652,4267.436035,4476.794922,4518.717773,4327.820313,4392.436035,0.000000,1.000000,22.000000,,,,0.000000,2.000000,2.000000,0.000000,4.000000,2.000000,2.000000,0.000000,0.000000,4.000000,4.000000,4.000000,4.000000,4.000000,4.000000,0.000000,,,,,,,,,,,,,,,,,,,,,,,,,,,,
1732157922.950736,1732157922.952061,24.000000,0.000000,4277.820313,4266.922852,4310.897461,4282.179688,4257.563965,4282.051270,4334.743652,4399.615234,4295.641113,4271.794922,4476.153809,4512.948730,4331.666504,4388.974121,0.000000,1.000000,22.000000,,,,0.000000,2.000000,2.000000,0.000000,4.000000,2.000000,2.000000,0.000000,0.000000,4.000000,4.000000,4.000000,4.000000,4.000000,4.000000,0.000000,,,,,,,,,,,,,,,,,6.000000,0.000000,0.502042,0.466858,-0.556763,0.469055,0.965938,-0.059578,-0.055183,-35.888752,44.877632,31.539740
1732157922.958544,1732157922.959869,25.000000,0.000000,4276.666504,4265.769043,4310.128418,4278.461426,4265.641113,4279.358887,4334.102539,4396.794922,4291.794922,4267.307617,4474.358887,4507.179688,4332.436035,4389.487305,0.000000,1.000000,22.000000,,,,0.000000,2.000000,2.000000,0.000000,4.000000,2.000000,2.000000,0.000000,0.000000,4.000000,4.000000,4.000000,4.000000,4.000000,4.000000,0.000000,,,,,,,,,,,,,,,,,,,,,,,,,,,,
1732157922.966353,1732157922.967478,26.000000,0.000000,4277.179688,4266.025879,4310.769043,4280.256348,4271.922852,4278.461426,4334.487305,4398.846191,4293.717773,4270.256348,4475.000000,4508.333496,4330.769043,4388.717773,0.000000,1.000000,22.000000,,,,0.000000,2.000000,2.000000,0.000000,4.000000,2.000000,2.000000,0.000000,0.000000,4.000000,4.000000,4.000000,4.000000,4.000000,4.000000,0.000000,,,,,,,,,,,,,,,,,,,,,,,,,,,,
1732157922.974161,1732157922.975286,27.000000,0.000000,4278.589844,4267.179688,4313.333496,4281.025879,4272.436035,4281.538574,4331.538574,4402.307617,4295.641113,4274.871582,4474.871582,4510.000000,4327.820313,4383.717773,0.000000,1.000000,22.000000,,,,0.000000,2.000000,2.000000,0.000000,4.000000,2.000000,2.000000,0.000000,0.000000,4.000000,4.000000,4.000000,4.000000,4.000000,4.000000,0.000000,,,,,,,,,,,,,,,,,,,,,,,,,,,,
1732157922.981969,1732157922.982994,28.000000,0.000000,4277.692383,4266.025879,4313.461426,4279.487305,4278.461426,4282.307617,4328.589844,4401.410156,4292.820313,4266.153809,4472.051270,4504.358887,4325.128418,4380.769043,0.000000,1.000000,22.000000,,,,0.000000,2.000000,2.000000,0.000000,4.000000,2.000000,2.000000,0.000000,0.000000,4.000000,4.000000,4.000000,4.000000,4.000000,4.000000,0.000000,,,,,,,,,,,,,,,,,7.000000,0.000000,0.502110,0.466858,-0.556702,0.469055,0.965938,-0.059578,-0.055183,-35.714890,44.795883,31.408855
1732157922.989777,1732157922.990803,29.000000,0.000000,4277.179688,4264.358887,4311.922852,4281.153809,4280.897461,4283.333496,4331.666504,4399.871582,4292.307617,4261.794922,4471.153809,4502.692383,4326.282227,4382.051270,0.000000,1.000000,22.000000,,,,0.000000,2.000000,2.000000,0.000000,4.000000,2.000000,2.000000,0.000000,0.000000,4.000000,4.000000,4.000000,4.000000,4.000000,4.000000,0.000000,,,,,,,,,,,,,,,,,,,,,,,,,,,,
1732157922.997586,1732157922.998811,30.000000,0.000000,4276.922852,4264.230957,4311.922852,4281.538574,4275.512695,4287.820313,4334.615234,4401.153809,4297.307617,4274.230957,4473.333496,4505.769043,4328.461426,4384.615234,0.000000,1.000000,22.000000,,,,0.000000,2.000000,2.000000,0.000000,4.000000,2.000000,2.000000,0.000000,0.000000,4.000000,4.000000,4.000000,4.000000,4.000000,4.000000,0.000000,,,,,,,,,,,,,,,,,,,,,,,,,,,,
1732157923.005394,1732157923.006619,31.000000,0.000000,4277.307617,4266.282227,4313.589844,4281.410156,4285.512695,4287.820313,4332.307617,4402.051270,4295.769043,4276.410156,4474.358887,4503.589844,4326.410156,4382.692383,0.000000,1.000000,22.000000,,,,0.000000,2.000000,2.000000,0.000000,4.000000,2.000000,2.000000,0.000000,0.000000,4.000000,4.000000,4.000000,4.000000,4.000000,4.000000,0.000000,,,,,,,,,,,,,,,,,,,,,,,,,,,,
1732157923.013202,1732157923.014527,32.000000,0.000000,4278.717773,4265.000000,4313.461426,4284.358887,4300.384766,4285.256348,4332.692383,4400.897461,4286.538574,4265.641113,4474.487305,4502.563965,4327.820313,4381.025879,0.000000,1.000000,22.000000,,,,0.000000,2.000000,2.000000,0.000000,4.000000,2.000000,2.000000,0.000000,0.000000,4.000000,4.000000,4.000000,4.000000,4.000000,4.000000,0.000000,,,,,,,,,,,,,,,,,8.000000,0.000000,0.502031,0.466797,-0.556824,0.469055,0.985472,-0.052741,-0.058601,-35.859062,44.682999,31.457840
1732157923.021010,1732157923.022335,33.000000,0.000000,4281.025879,4267.179688,4311.025879,4290.128418,4285.641113,4286.025879,4334.615234,4400.128418,4287.436035,4264.743652,4476.922852,4513.846191,4333.461426,4386.025879,0.000000,1.000000,22.000000,,,,0.000000,2.000000,2.000000,0.000000,4.000000,2.000000,2.000000,0.000000,0.000000,4.000000,4.000000,4.000000,4.000000,4.000000,4.000000,0.000000,,,,,,,,,,,,,,,,,,,,,,,,,,,,
1732157923.028818,1732157923.030343,34.000000,0.000000,4282.179688,4274.615234,4310.512695,4293.077148,4259.102539,4284.743652,4330.641113,4399.487305,4295.384766,4269.230957,4478.589844,4520.128418,4335.641113,4391.282227,0.000000,1.000000,22.000000,,,,0.000000,2.000000,2.000000,0.000000,4.000000,2.000000,2.000000,0.000000,0.000000,4.000000,4.000000,4.000000,4.000000,4.000000,4.000000,0.000000,,,,,,,,,,,,,,,,,,,,,,,,,,,,
1732157923.036627,1732157923.038151,35.000000,0.000000,4281.410156,4275.641113,4313.461426,4291.922852,4260.000000,4280.384766,4327.820313,4400.641113,4295.000000,4267.179688,4477.179688,4513.589844,4333.077148,4388.846191,0.000000,1.000000,22.000000,,,,0.000000,2.000000,2.000000,0.000000,4.000000,2.000000,2.000000,0.000000,0.000000,4.000000,4.000000,4.000000,4.000000,4.000000,4.000000,0.000000,,,,,,,,,,,,,,,,,,,,,,,,,,,,
1732157923.044435,1732157923.045860,36.000000,0.000000,4281.025879,4272.692383,4314.102539,4292.179688,4275.512695,4279.743652,4330.000000,4401.410156,4292.436035,4266.538574,4476.666504,4511.025879,4332.179688,4386.025879,0.000000,1.000000,22.000000,,,,0.000000,2.000000,2.000000,0.000000,4.000000,2.000000,2.000000,0.000000,0.000000,4.000000,4.000000,4.000000,4.000000,4.000000,4.000000,0.000000,,,,,,,,,,,,,,,,,9.000000,0.000000,0.501790,0.467041,-0.556580,0.469360,0.969845,-0.073251,-0.045904,-35.714172,44.848228,31.430849
1732157923.052243,1732157923.053668,37.000000,0.000000,4281.025879,4270.769043,4311.922852,4290.384766,4275.897461,4281.538574,4329.615234,4401.410156,4295.000000,4269.615234,4476.666504,4511.153809,4334.487305,4388.589844,0.000000,1.000000,22.000000,,,,0.000000,2.000000,2.000000,0.000000,4.000000,2.000000,2.000000,0.000000,0.000000,4.000000,4.000000,4.000000,4.000000,4.000000,4.000000,0.000000,,,,,,,,,,,,,,,,,,,,,,,,,,,,
1732157923.060052,1732157923.061276,38.000000,0.000000,4279.615234,4270.128418,4311.282227,4286.666504,4271.666504,4281.666504,4328.846191,4401.410156,4293.974121,4265.128418,4474.102539,4507.051270,4334.615234,4388.461426,0.000000,1.000000,22.000000,,,,0.000000,2.000000,2.000000,0.000000,4.000000,2.000000,2.000000,0.000000,0.000000,4.000000,4.000000,4.000000,4.000000,4.000000,4.000000,0.000000,,,,,,,,,,,,,,,,,,,,,,,,,,,,
1732157923.067860,1732157923.069084,39.000000,0.000000,4278.461426,4268.205078,4310.769043,4282.436035,4284.358887,4280.000000,4328.846191,4399.358887,4290.384766,4262.563965,4473.205078,4506.922852,4334.615234,4384.743652,0.000000,1.000000,22.000000,,,,0.000000,2.000000,2.000000,0.000000,4.000000,2.000000,2.000000,0.000000,0.000000,4.000000,4.000000,4.000000,4.000000,4.000000,4.000000,0.000000,,,,,,,,,,,,,,,,,,,,,,,,,,,,
1732157923.075668,1732157923.076993,40.000000,0.000000,4279.487305,4266.922852,4310.769043,4281.282227,4295.128418,4279.615234,4328.461426,4397.436035,4293.077148,4266.025879,4473.974121,4508.974121,4334.743652,4388.589844,0.000000,1.000000,22.000000,,,,0.000000,2.000000,2.000000,0.000000,4.000000,2.000000,2.000000,0.000000,0.000000,4.000000,4.000000,4.000000,4.000000,4.000000,4.000000,0.000000,,,,,,,,,,,,,,,,,10.000000,0.000000,0.501963,0.466675,-0.556885,0.469177,0.987425,-0.045904,-0.056159,-35.725147,44.962067,31.550655
1732157923.083476,1732157923.084801,41.000000,0.000000,4281.666504,4266.025879,4312.948730,4284.487305,4276.666504,4284.743652,4331.025879,4398.974121,4296.922852,4265.384766,4474.871582,4510.384766,4333.846191,4396.410156,0.000000,1.000000,22.000000,,,,0.000000,2.000000,2.000000,0.000000,4.000000,2.000000,2.000000,0.000000,0.000000,4.000000,4.000000,4.000000,4.000000,4.000000,4.000000,0.000000,,,,,,,,,,,,,,,,,,,,,,,,,,,,
1732157923.091285,1732157923.092809,42.000000,0.000000,4280.769043,4265.000000,4314.743652,4285.128418,4255.128418,4284.358887,4335.000000,4401.282227,4296.153809,4265.128418,4481.538574,4517.307617,4333.846191,4397.820313,0.000000,1.000000,22.000000,,,,0.000000,2.000000,2.000000,0.000000,4.000000,2.000000,2.000000,0.000000,0.000000,4.000000,4.000000,4.000000,4.000000,4.000000,4.000000,0.000000,,,,,,,,,,,,,,,,,,,,,,,,,,,,
1732157923.099093,1732157923.100617,43.000000,0.000000,4278.846191,4263.846191,4312.307617,4280.641113,4262.307617,4278.974121,4333.846191,4400.769043,4294.358887,4271.025879,4489.743652,4520.512695,4335.128418,4402.436035,0.000000,1.000000,22.000000,,,,0.000000,2.000000,2.000000,0.000000,4.000000,2.000000,2.000000,0.000000,0.000000,4.000000,4.000000,4.000000,4.000000,4.000000,4.000000,0.000000,,,,,,,,,,,,,,,,,,,,,,,,,,,,
1732157923.106901,1732157923.108525,44.000000,0.000000,4280.000000,4261.410156,4310.128418,4282.051270,4269.743652,4278.717773,4329.871582,4400.000000,4294.230957,4276.282227,4490.384766,4520.641113,4334.871582,4412.051270,0.000000,1.000000,22.000000,,,,0.000000,2.000000,2.000000,0.000000,4.000000,2.000000,2.000000,0.000000,0.000000,4.000000,4.000000,4.000000,4.000000,4.000000,4.000000,0.000000,,,,,,,,,,,,,,,,,11.000000,0.000000,0.502009,0.466614,-0.556946,0.469116,0.987425,-0.045904,-0.056159,-35.809036,45.190941,31.731031
1732157923.114709,1732157923.116333,45.000000,0.000000,4280.769043,4263.974121,4311.025879,4289.487305,4264.743652,4277.692383,4328.077148,4400.897461,4293.205078,4276.666504,4488.077148,4524.743652,4334.615234,4413.333496,0.000000,1.000000,22.000000,,,,0.000000,2.000000,2.000000,0.000000,4.000000,2.000000,2.000000,0.000000,0.000000,4.000000,4.000000,4.000000,4.000000,4.000000,4.000000,0.000000,,,,,,,,,,,,,,,,,,,,,,,,,,,,
1732157923.122517,1732157923.124341,46.000000,0.000000,4280.000000,4266.410156,4314.102539,4288.461426,4262.692383,4278.205078,4327.563965,4400.897461,4294.615234,4278.974121,4492.051270,4520.128418,4336.025879,4411.922852,0.000000,1.000000,22.000000,,,,0.000000,2.000000,2.000000,0.000000,4.000000,2.000000,2.000000,0.000000,0.000000,4.000000,4.000000,4.000000,4.000000,4.000000,4.000000,0.000000,,,,,,,,,,,,,,,,,,,,,,,,,,,,
1732157923.130326,1732157923.132150,47.000000,0.000000,4280.128418,4264.871582,4314.358887,4288.589844,4273.589844,4277.692383,4328.205078,4399.102539,4294.487305,4275.641113,4488.077148,4511.153809,4335.128418,4413.974121,0.000000,1.000000,22.000000,,,,0.000000,2.000000,2.000000,0.000000,4.000000,2.000000,2.000000,0.000000,0.000000,4.000000,4.000000,4.000000,4.000000,4.000000,4.000000,0.000000,,,,,,,,,,,,,,,,,,,,,,,,,,,,
1732157923.138134,1732157923.140058,48.000000,0.000000,4281.538574,4266.538574,4312.051270,4295.128418,4289.230957,4268.589844,4328.589844,4398.205078,4288.846191,4265.769043,4477.692383,4509.102539,4333.205078,4408.333496,0.000000,1.000000,22.000000,,,,0.000000,2.000000,2.000000,0.000000,4.000000,2.000000,2.000000,0.000000,0.000000,4.000000,4.000000,4.000000,4.000000,4.000000,4.000000,0.000000,,,,,,,,,,,,,,,,,12.000000,0.000000,0.502123,0.466614,-0.556946,0.468994,0.978635,-0.045416,-0.052252,-35.861984,45.024662,31.767136
1732157923.145942,1732157923.147866,49.000000,0.000000,4283.077148,4273.461426,4311.922852,4296.282227,4282.051270,4268.974121,4327.436035,4400.256348,4291.025879,4268.846191,4482.179688,4512.051270,4334.615234,4403.333496,0.000000,1.000000,22.000000,,,,0.000000,2.000000,2.000000,0.000000,4.000000,2.000000,2.000000,0.000000,0.000000,4.000000,4.000000,4.000000,4.000000,4.000000,4.000000,0.000000,,,,,,,,,,,,,,,,,,,,,,,,,,,,
1732157923.153751,1732157923.155874,50.000000,0.000000,4285.512695,4277.179688,4312.051270,4294.358887,4263.077148,4280.512695,4328.589844,4400.256348,4297.820313,4274.615234,4486.153809,4515.384766,4332.563965,4409.487305,0.000000,1.000000,22.000000,,,,0.000000,2.000000,2.000000,0.000000,4.000000,2.000000,2.000000,0.000000,0.000000,4.000000,4.000000,4.000000,4.000000,4.000000,4.000000,0.000000,,,,,,,,,,,,,,,,,,,,,,,,,,,,
1732157923.161559,1732157923.163682,51.000000,0.000000,4286.538574,4276.410156,4311.153809,4295.897461,4262.692383,4280.128418,4332.307617,4398.461426,4294.358887,4265.641113,4477.948730,4513.461426,4327.692383,4409.358887,0.000000,1.000000,22.000000,,,,0.000000,2.000000,2.000000,0.000000,4.000000,2.000000,2.000000,0.000000,0.000000,4.000000,4.000000,4.000000,4.000000,4.000000,4.000000,0.000000,,,,,,,,,,,,,,,,,,,,,,,,,,,,
1732157923.169367,1732157923.171590,52.000000,0.000000,4284.358887,4278.717773,4312.051270,4297.307617,4269.871582,4275.384766,4335.384766,4400.256348,4290.769043,4259.871582,4475.256348,4512.179688,4327.820313,4401.666504,0.000000,1.000000,22.000000,,,,0.000000,2.000000,2.000000,0.000000,4.000000,2.000000,2.000000,0.000000,0.000000,4.000000,4.000000,4.000000,4.000000,4.000000,4.000000,0.000000,,,,,,,,,,,,,,,,,13.000000,0.000000,0.502329,0.466431,-0.557068,0.468811,0.975217,-0.053717,-0.058113,-36.036541,44.763309,31.744713
1732157923.177175,1732157923.179398,53.000000,0.000000,4281.666504,4278.846191,4312.307617,4294.743652,4281.410156,4277.820313,4333.333496,4402.179688,4293.333496,4265.128418,4478.846191,4513.846191,4327.307617,4399.871582,0.000000,1.000000,22.000000,,,,0.000000,2.000000,2.000000,0.000000,4.000000,2.000000,2.000000,0.000000,0.000000,4.000000,4.000000,4.000000,4.000000,4.000000,4.000000,0.000000,,,,,,,,,,,,,,,,,,,,,,,,,,,,
1732157923.184984,1732157923.187406,54.000000,0.000000,4281.025879,4275.256348,4312.820313,4293.461426,4287.563965,4278.205078,4329.230957,4400.769043,4292.563965,4266.153809,4476.666504,4512.692383,4324.871582,4402.563965,0.000000,1.000000,22.000000,,,,0.000000,2.000000,2.000000,0.000000,4.000000,2.000000,2.000000,0.000000,0.000000,4.000000,4.000000,4.000000,4.000000,4.000000,4.000000,0.000000,,,,,,,,,,,,,,,,,,,,,,,,,,,,
1732157923.192792,1732157923.195215,55.000000,0.000000,4281.282227,4276.538574,4313.205078,4295.000000,4270.769043,4276.410156,4326.794922,4399.615234,4293.333496,4265.256348,4477.179688,4508.717773,4328.846191,4405.769043,0.000000,1.000000,22.000000,,,,0.000000,2.000000,2.000000,0.000000,4.000000,2.000000,2.000000,0.000000,0.000000,4.000000,4.000000,4.000000,4.000000,4.000000,4.000000,0.000000,,,,,,,,,,,,,,,,,,,,,,,,,,,,
1732157923.200600,1732157923.202923,56.000000,0.000000,4281.922852,4278.846191,4313.205078,4295.897461,4257.563965,4277.692383,4327.948730,4400.641113,4297.051270,4268.077148,4479.871582,4508.333496,4333.589844,4405.256348,0.000000,1.000000,22.000000,,,,0.000000,2.000000,2.000000,0.000000,4.000000,2.000000,2.000000,0.000000,0.000000,4.000000,4.000000,4.000000,4.000000,4.000000,4.000000,0.000000,,,,,,,,,,,,,,,,,14.000000,0.000000,0.502329,0.466431,-0.557068,0.468811,0.974240,-0.050299,-0.057136,-36.237930,44.566612,31.711550
1732157923.208408,1732157923.210731,57.000000,0.000000,4282.436035,4277.179688,4312.436035,4294.230957,4266.153809,4278.589844,4332.436035,4400.769043,4293.846191,4265.000000,4475.128418,4509.102539,4334.230957,4401.794922,0.000000,1.000000,22.000000,,,,0.000000,2.000000,2.000000,0.000000,4.000000,2.000000,2.000000,0.000000,0.000000,4.000000,4.000000,4.000000,4.000000,4.000000,4.000000,0.000000,,,,,,,,,,,,,,,,,,,,,,,,,,,,
1732157923.216216,1732157923.218339,58.000000,0.000000,4282.179688,4275.897461,4312.179688,4291.538574,4269.871582,4280.384766,4334.743652,4399.871582,4290.897461,4264.102539,4477.051270,4508.717773,4332.307617,4406.922852,0.000000,1.000000,22.000000,,,,0.000000,2.000000,2.000000,0.000000,4.000000,2.000000,2.000000,0.000000,0.000000,4.000000,4.000000,4.000000,4.000000,4.000000,4.000000,0.000000,,,,,,,,,,,,,,,,,,,,,,,,,,,,
1732157923.224025,1732157923.226148,59.000000,0.000000,4280.384766,4278.333496,4314.487305,4292.436035,4274.230957,4280.256348,4334.230957,4400.000000,4293.333496,4267.307617,4482.051270,4512.307617,4329.358887,4412.563965,0.000000,1.000000,22.000000,,,,0.000000,2.000000,2.000000,0.000000,4.000000,2.000000,2.000000,0.000000,0.000000,4.000000,4.000000,4.000000,4.000000,4.000000,4.000000,0.000000,,,,,,,,,,,,,,,,,,,,,,,,,,,,
1732157923.231833,1732157923.233856,60.000000,0.000000,4281.922852,4276.922852,4314.487305,4291.922852,4280.128418,4277.948730,4335.128418,4400.256348,4293.717773,4264.230957,4480.512695,4510.384766,4330.000000,4405.384766,0.000000,1.000000,22.000000,,,,0.000000,2.000000,2.000000,0.000000,4.000000,2.000000,2.000000,0.000000,0.000000,4.000000,4.000000,4.000000,4.000000,4.000000,4.000000,0.000000,,,,,,,,,,,,,,,,,15.000000,0.000000,0.502466,0.466248,-0.557251,0.468628,0.967892,-0.053229,-0.060066,-36.164391,44.543957,31.834690
1732157923.239641,1732157923.241664,61.000000,0.000000,4284.358887,4269.358887,4312.692383,4288.333496,4268.589844,4281.282227,4335.000000,4400.641113,4293.846191,4268.589844,4483.077148,4507.051270,4335.000000,4404.230957,0.000000,1.000000,22.000000,,,,0.000000,2.000000,2.000000,0.000000,4.000000,2.000000,2.000000,0.000000,0.000000,4.000000,4.000000,4.000000,4.000000,4.000000,4.000000,0.000000,,,,,,,,,,,,,,,,,,,,,,,,,,,,
1732157923.247450,1732157923.249273,62.000000,0.000000,4283.717773,4266.153809,4311.794922,4286.153809,4274.487305,4278.205078,4332.692383,4401.025879,4295.769043,4276.538574,4488.333496,4508.974121,4335.512695,4412.051270,0.000000,1.000000,22.000000,,,,0.000000,2.000000,2.000000,0.000000,4.000000,2.000000,2.000000,0.000000,0.000000,4.000000,4.000000,4.000000,4.000000,4.000000,4.000000,0.000000,,,,,,,,,,,,,,,,,,,,,,,,,,,,
1732157923.255258,1732157923.257081,63.000000,0.000000,4282.436035,4273.077148,4311.922852,4288.974121,4289.487305,4268.333496,4334.102539,4401.794922,4295.384766,4272.820313,4489.358887,4512.436035,4333.846191,4413.077148,0.000000,1.000000,22.000000,,,,0.000000,2.000000,2.000000,0.000000,4.000000,2.000000,2.000000,0.000000,0.000000,4.000000,4.000000,4.000000,4.000000,4.000000,4.000000,0.000000,,,,,,,,,,,,,,,,,,,,,,,,,,,,
1732157923.263066,1732157923.264789,64.000000,0.000000,4282.563965,4278.333496,4311.666504,4292.179688,4271.538574,4272.051270,4335.384766,4402.051270,4294.230957,4266.025879,4487.948730,4513.205078,4335.769043,4410.256348,0.000000,1.000000,22.000000,,,,0.000000,2.000000,2.000000,0.000000,4.000000,2.000000,2.000000,0.000000,0.000000,4.000000,4.000000,4.000000,4.000000,4.000000,4.000000,0.000000,,,,,,,,,,,,,,,,,16.000000,0.000000,0.502570,0.465820,-0.557617,0.468506,0.985960,-0.060066,-0.066903,-36.238155,44.742271,31.776098
1732157923.270874,1732157923.272597,65.000000,0.000000,4282.563965,4275.384766,4312.948730,4288.717773,4256.538574,4283.077148,4333.205078,4401.025879,4294.615234,4268.461426,4483.589844,4508.205078,4335.128418,4405.128418,1599.000000,1.000000,22.000000,,,,0.000000,2.000000,2.000000,0.000000,4.000000,2.000000,2.000000,0.000000,0.000000,4.000000,4.000000,4.000000,4.000000,4.000000,4.000000,0.000000,,,,,,,,,,,,,,,,,,,,,,,,,,,,
1732157923.278683,1732157923.280206,66.000000,0.000000,4282.179688,4275.512695,4313.589844,4287.179688,4263.589844,4284.358887,4333.717773,4400.384766,4295.128418,4274.871582,4477.948730,4506.794922,4333.846191,4396.282227,1366.000000,1.000000,22.000000,,,,0.000000,2.000000,2.000000,0.000000,4.000000,2.000000,2.000000,0.000000,0.000000,4.000000,4.000000,4.000000,4.000000,4.000000,4.000000,0.000000,,,,,,,,,,,,,,,,,,,,,,,,,,,,
1732157923.286491,1732157923.288014,67.000000,0.000000,4282.436035,4279.102539,4311.282227,4291.538574,4269.743652,4281.153809,4334.743652,4401.025879,4299.358887,4274.102539,4477.820313,4508.077148,4335.000000,4394.615234,1422.000000,1.000000,22.000000,,,,0.000000,2.000000,2.000000,0.000000,4.000000,2.000000,2.000000,0.000000,0.000000,4.000000,4.000000,4.000000,4.000000,4.000000,4.000000,0.000000,,,,,,,,,,,,,,,,,,,,,,,,,,,,
1732157923.294299,1732157923.295722,68.000000,0.000000,4282.692383,4280.256348,4310.128418,4294.487305,4284.102539,4281.025879,4333.589844,4400.512695,4298.461426,4265.641113,4477.307617,4502.692383,4331.794922,4396.794922,1427.000000,1.000000,22.000000,,,,0.000000,2.000000,2.000000,0.000000,4.000000,2.000000,2.000000,0.000000,0.000000,4.000000,4.000000,4.000000,4.000000,4.000000,4.000000,0.000000,,,,,,,,,,,,,,,,,17.000000,0.000000,0.502411,0.465942,-0.557556,0.468628,0.976682,-0.073251,-0.056648,-35.961239,44.617908,31.743639
1732157923.302107,1732157923.303531,69.000000,0.000000,4282.179688,4279.358887,4310.769043,4293.589844,4292.692383,4280.512695,4333.974121,4401.794922,4286.025879,4258.205078,4472.307617,4498.589844,4326.153809,4388.717773,1209.000000,1.000000,22.000000,,,,0.000000,2.000000,2.000000,0.000000,4.000000,2.000000,2.000000,0.000000,0.000000,4.000000,4.000000,4.000000,4.000000,4.000000,4.000000,0.000000,,,,,,,,,,,,,,,,,,,,,,,,,,,,
1732157923.309915,1732157923.311139,70.000000,0.000000,4281.794922,4277.948730,4311.922852,4294.487305,4269.487305,4281.410156,4335.128418,4405.512695,4284.358887,4261.410156,4472.563965,4502.563965,4325.384766,4382.563965,0.000000,1.000000,22.000000,,,,0.000000,2.000000,2.000000,0.000000,4.000000,2.000000,2.000000,0.000000,0.000000,4.000000,4.000000,4.000000,4.000000,4.000000,4.000000,0.000000,,,,,,,,,,,,,,,,,,,,,,,,,,,,
1732157923.317724,1732157923.318947,71.000000,0.000000,4281.666504,4277.692383,4313.589844,4295.641113,4255.128418,4282.820313,4334.615234,4403.589844,4295.128418,4266.025879,4475.000000,4504.871582,4328.077148,4387.948730,0.000000,1.000000,22.000000,,,,0.000000,2.000000,2.000000,0.000000,4.000000,2.000000,2.000000,0.000000,0.000000,4.000000,4.000000,4.000000,4.000000,4.000000,4.000000,0.000000,,,,,,,,,,,,,,,,,,,,,,,,,,,,
1732157923.325532,1732157923.326655,72.000000,0.000000,4280.384766,4277.179688,4312.563965,4287.692383,4268.333496,4278.461426,4334.615234,4398.974121,4296.794922,4263.461426,4473.846191,4497.948730,4328.461426,4390.256348,1524.000000,1.000000,22.000000,,,,0.000000,2.000000,2.000000,0.000000,4.000000,2.000000,2.000000,0.000000,0.000000,4.000000,4.000000,4.000000,4.000000,4.000000,4.000000,0.000000,,,,,,,,,,,,,,,,,18.000000,0.000000,0.502411,0.465942,-0.557556,0.468628,0.980588,-0.052741,-0.047857,-35.706940,44.652172,31.477348
1732157923.333340,1732157923.334464,73.000000,0.000000,4278.333496,4275.897461,4310.512695,4280.897461,4268.717773,4277.820313,4334.743652,4399.615234,4291.538574,4264.487305,4473.846191,4498.077148,4326.794922,4387.307617,1686.000000,1.000000,22.000000,,,,0.000000,2.000000,2.000000,0.000000,4.000000,2.000000,2.000000,0.000000,0.000000,4.000000,4.000000,4.000000,4.000000,4.000000,4.000000,0.000000,,,,,,,,,,,,,,,,,,,,,,,,,,,,
1732157923.341149,1732157923.342472,74.000000,0.000000,4279.487305,4274.358887,4312.948730,4285.000000,4261.282227,4282.307617,4334.743652,4401.025879,4289.487305,4264.871582,4474.358887,4504.615234,4326.922852,4388.589844,1546.000000,1.000000,22.000000,,,,0.000000,2.000000,2.000000,0.000000,4.000000,2.000000,2.000000,0.000000,0.000000,4.000000,4.000000,4.000000,4.000000,4.000000,4.000000,0.000000,,,,,,,,,,,,,,,,,,,,,,,,,,,,
1732157923.348957,1732157923.350280,75.000000,0.000000,4281.922852,4276.666504,4313.974121,4287.692383,4279.102539,4281.153809,4334.871582,4399.230957,4289.743652,4261.794922,4474.230957,4501.922852,4327.307617,4388.589844,1566.000000,1.000000,22.000000,,,,0.000000,2.000000,2.000000,0.000000,4.000000,2.000000,2.000000,0.000000,0.000000,4.000000,4.000000,4.000000,4.000000,4.000000,4.000000,0.000000,,,,,,,,,,,,,,,,,,,,,,,,,,,,
1732157923.356765,1732157923.357988,76.000000,0.000000,4280.897461,4278.589844,4310.128418,4284.230957,4291.153809,4277.563965,4334.358887,4399.615234,4294.743652,4262.948730,4474.230957,4495.000000,4325.769043,4383.589844,1701.000000,1.000000,22.000000,,,,0.000000,2.000000,2.000000,0.000000,4.000000,2.000000,2.000000,0.000000,0.000000,4.000000,4.000000,4.000000,4.000000,4.000000,4.000000,0.000000,,,,,,,,,,,,,,,,,19.000000,0.000000,0.502160,0.466187,-0.557373,0.468872,0.979123,-0.048346,-0.042974,-35.672619,44.553257,31.588318
1732157923.364573,1732157923.365796,77.000000,0.000000,4279.871582,4277.307617,4309.358887,4283.461426,4271.538574,4278.974121,4335.256348,4400.769043,4298.589844,4270.128418,4474.230957,4497.051270,4328.461426,4385.000000,1611.000000,1.000000,22.000000,,,,0.000000,2.000000,2.000000,0.000000,4.000000,2.000000,2.000000,0.000000,0.000000,4.000000,4.000000,4.000000,4.000000,4.000000,4.000000,0.000000,,,,,,,,,,,,,,,,,,,,,,,,,,,,
1732157923.372382,1732157923.373405,78.000000,0.000000,4282.307617,4276.410156,4312.692383,4286.025879,4254.102539,4281.282227,4334.743652,4400.384766,4295.000000,4270.641113,4474.230957,4506.025879,4333.846191,4391.538574,1546.000000,1.000000,22.000000,,,,0.000000,2.000000,2.000000,0.000000,4.000000,2.000000,2.000000,0.000000,0.000000,4.000000,4.000000,4.000000,4.000000,4.000000,4.000000,0.000000,1.000000,0.000000,1.000000,2.000000,0.000000,4.000000,2.000000,1.000000,0.000000,0.000000,1.000000,4.000000,4.000000,4.000000,1.000000,4.000000,,,,,,,,,,,,
1732157923.380190,1732157923.381213,79.000000,0.000000,4283.974121,4278.333496,4312.692383,4286.666504,4262.692383,4280.256348,4332.948730,4398.974121,4293.461426,4264.230957,4474.358887,4508.077148,4334.487305,4395.384766,1566.000000,1.000000,22.000000,,,,0.000000,2.000000,2.000000,0.000000,4.000000,2.000000,2.000000,0.000000,0.000000,4.000000,4.000000,4.000000,4.000000,4.000000,4.000000,0.000000,,,,,,,,,,,,,,,,,,,,,,,,,,,,
1732157923.387998,1732157923.388921,80.000000,0.000000,4284.230957,4279.743652,4310.897461,4287.820313,4270.128418,4273.077148,4332.948730,4399.358887,4290.897461,4263.974121,4474.615234,4506.794922,4332.948730,4396.794922,1701.000000,1.000000,22.000000,,,,0.000000,2.000000,2.000000,0.000000,4.000000,2.000000,2.000000,0.000000,0.000000,4.000000,4.000000,4.000000,4.000000,4.000000,4.000000,0.000000,,,,,,,,,,,,,,,,,20.000000,0.000000,0.502262,0.466064,-0.557434,0.468811,0.978147,-0.049811,-0.051764,-35.749821,44.486473,31.553205
1732157923.395806,1732157923.396730,81.000000,0.000000,4283.333496,4277.692383,4311.410156,4288.077148,4259.615234,4266.282227,4333.589844,4401.282227,4288.589844,4266.538574,4473.717773,4507.692383,4335.897461,4393.846191,1611.000000,1.000000,22.000000,,,,0.000000,2.000000,2.000000,0.000000,4.000000,2.000000,2.000000,0.000000,0.000000,4.000000,4.000000,4.000000,4.000000,4.000000,4.000000,0.000000,,,,,,,,,,,,,,,,,,,,,,,,,,,,
1732157923.403614,1732157923.404738,82.000000,0.000000,4282.051270,4276.794922,4312.436035,4285.128418,4264.615234,4264.615234,4332.820313,4399.615234,4292.307617,4264.487305,4473.846191,4506.410156,4334.871582,4393.077148,1546.000000,1.000000,22.000000,,,,0.000000,2.000000,2.000000,0.000000,4.000000,2.000000,2.000000,0.000000,0.000000,4.000000,4.000000,4.000000,4.000000,4.000000,4.000000,0.000000,,,,,,,,,,,,,,,,,,,,,,,,,,,,
1732157923.411423,1732157923.412546,83.000000,0.000000,4282.436035,4278.589844,4311.282227,4286.410156,4282.820313,4265.641113,4333.333496,4397.563965,4294.615234,4263.717773,4475.384766,4501.410156,4327.692383,4395.256348,1566.000000,1.000000,22.000000,,,,0.000000,2.000000,2.000000,0.000000,4.000000,2.000000,2.000000,0.000000,0.000000,4.000000,4.000000,4.000000,4.000000,4.000000,4.000000,0.000000,,,,,,,,,,,,,,,,,,,,,,,,,,,,
1732157923.419231,1732157923.420454,84.000000,0.000000,4283.077148,4278.205078,4311.922852,4293.974121,4276.282227,4271.282227,4335.128418,4398.461426,4293.205078,4264.102539,4471.410156,4495.128418,4324.102539,4386.282227,1701.000000,1.000000,22.000000,,,,0.000000,2.000000,2.000000,0.000000,4.000000,2.000000,2.000000,0.000000,0.000000,4.000000,4.000000,4.000000,4.000000,4.000000,4.000000,0.000000,,,,,,,,,,,,,,,,,21.000000,0.000000,0.502103,0.466187,-0.557373,0.468933,0.978147,-0.049811,-0.051764,-35.882355,44.452377,31.413095
1732157923.427039,1732157923.428262,85.000000,0.000000,4280.512695,4276.153809,4312.179688,4293.974121,4258.717773,4281.538574,4335.256348,4399.230957,4294.871582,4262.307617,4467.307617,4493.077148,4325.256348,4377.179688,1611.000000,1.000000,22.000000,,,,0.000000,2.000000,2.000000,0.000000,4.000000,2.000000,2.000000,0.000000,0.000000,4.000000,4.000000,4.000000,4.000000,4.000000,4.000000,0.000000,,,,,,,,,,,,,,,,,,,,,,,,,,,,
1732157923.434847,1732157923.436270,86.000000,0.000000,4277.563965,4274.358887,4311.666504,4284.102539,4262.436035,4283.589844,4334.230957,4398.846191,4298.589844,4267.179688,4471.666504,4497.307617,4324.615234,4381.410156,1546.000000,1.000000,22.000000,,,,0.000000,2.000000,2.000000,0.000000,4.000000,2.000000,2.000000,0.000000,0.000000,4.000000,4.000000,4.000000,4.000000,4.000000,4.000000,0.000000,,,,,,,,,,,,,,,,,,,,,,,,,,,,
1732157923.442656,1732157923.444078,87.000000,0.000000,4277.948730,4273.974121,4310.897461,4281.282227,4270.000000,4277.436035,4333.205078,4399.743652,4298.589844,4277.051270,4476.794922,4505.000000,4325.128418,4385.512695,1566.000000,1.000000,22.000000,,,,0.000000,2.000000,2.000000,0.000000,4.000000,2.000000,2.000000,0.000000,0.000000,4.000000,4.000000,4.000000,4.000000,4.000000,4.000000,0.000000,,,,,,,,,,,,,,,,,,,,,,,,,,,,
1732157923.450464,1732157923.451787,88.000000,0.000000,4278.077148,4277.179688,4310.769043,4287.820313,4263.846191,4276.538574,4335.384766,4401.153809,4297.692383,4278.846191,4476.794922,4508.461426,4333.077148,4387.692383,1701.000000,1.000000,22.000000,,,,0.000000,2.000000,2.000000,0.000000,4.000000,2.000000,2.000000,0.000000,0.000000,4.000000,4.000000,4.000000,4.000000,4.000000,4.000000,0.000000,,,,,,,,,,,,,,,,,22.000000,0.000000,0.502138,0.466125,-0.557495,0.468811,0.985472,-0.047857,-0.053717,-35.913040,44.331425,31.464607
1732157923.458272,1732157923.459595,89.000000,0.000000,4277.436035,4280.000000,4311.282227,4285.128418,4275.256348,4273.205078,4335.641113,4400.897461,4297.563965,4277.436035,4476.538574,4507.692383,4338.077148,4394.487305,1611.000000,1.000000,22.000000,,,,0.000000,2.000000,2.000000,0.000000,4.000000,2.000000,2.000000,0.000000,0.000000,4.000000,4.000000,4.000000,4.000000,4.000000,4.000000,0.000000,,,,,,,,,,,,,,,,,,,,,,,,,,,,
1732157923.466081,1732157923.467603,90.000000,0.000000,4279.102539,4277.820313,4311.666504,4279.743652,4287.307617,4264.871582,4329.743652,4400.128418,4298.077148,4280.128418,4475.512695,4510.000000,4334.487305,4399.230957,1546.000000,1.000000,22.000000,,,,0.000000,2.000000,2.000000,0.000000,4.000000,2.000000,2.000000,0.000000,0.000000,4.000000,4.000000,4.000000,4.000000,4.000000,4.000000,0.000000,,,,,,,,,,,,,,,,,,,,,,,,,,,,
1732157923.473889,1732157923.475411,91.000000,0.000000,4281.794922,4279.358887,4312.179688,4282.692383,4269.615234,4268.461426,4328.974121,4400.384766,4296.666504,4276.153809,4475.897461,4509.743652,4336.025879,4398.205078,1566.000000,1.000000,22.000000,,,,0.000000,2.000000,2.000000,0.000000,4.000000,2.000000,2.000000,0.000000,0.000000,4.000000,4.000000,4.000000,4.000000,4.000000,4.000000,0.000000,,,,,,,,,,,,,,,,,,,,,,,,,,,,
1732157923.481697,1732157923.483319,92.000000,0.000000,4279.743652,4277.436035,4311.153809,4285.256348,4255.256348,4279.102539,4335.128418,4401.025879,4291.410156,4263.974121,4473.846191,4496.922852,4336.410156,4387.948730,1701.000000,1.000000,22.000000,,,,0.000000,2.000000,2.000000,0.000000,4.000000,2.000000,2.000000,0.000000,0.000000,4.000000,4.000000,4.000000,4.000000,4.000000,4.000000,0.000000,,,,,,,,,,,,,,,,,23.000000,0.000000,0.502148,0.466064,-0.557434,0.468933,0.976682,-0.058113,-0.049811,-36.001232,44.491787,31.434666
1732157923.489505,1732157923.491127,93.000000,0.000000,4275.512695,4268.974121,4310.512695,4281.410156,4261.794922,4283.077148,4335.128418,4399.615234,4289.358887,4260.000000,4462.948730,4485.512695,4326.922852,4375.256348,1611.000000,1.000000,22.000000,,,,0.000000,2.000000,2.000000,0.000000,4.000000,2.000000,2.000000,0.000000,0.000000,4.000000,4.000000,4.000000,4.000000,4.000000,4.000000,0.000000,,,,,,,,,,,,,,,,,,,,,,,,,,,,
1732157923.497313,1732157923.499135,94.000000,0.000000,4277.563965,4270.384766,4310.128418,4280.256348,4268.205078,4280.128418,4330.128418,4398.589844,4293.589844,4264.743652,4461.282227,4488.205078,4323.717773,4377.051270,1546.000000,1.000000,22.000000,,,,0.000000,2.000000,2.000000,0.000000,4.000000,2.000000,2.000000,0.000000,0.000000,4.000000,4.000000,4.000000,4.000000,4.000000,4.000000,0.000000,,,,,,,,,,,,,,,,,,,,,,,,,,,,
1732157923.505122,1732157923.506944,95.000000,0.000000,4281.922852,4274.358887,4310.512695,4281.282227,4267.179688,4276.410156,4327.051270,4400.769043,4296.282227,4265.769043,4471.794922,4494.871582,4332.563965,4386.025879,1566.000000,1.000000,22.000000,,,,0.000000,2.000000,2.000000,0.000000,4.000000,2.000000,2.000000,0.000000,0.000000,4.000000,4.000000,4.000000,4.000000,4.000000,4.000000,0.000000,,,,,,,,,,,,,,,,,,,,,,,,,,,,
1732157923.512930,1732157923.514852,96.000000,0.000000,4282.692383,4273.205078,4309.743652,4281.538574,4262.563965,4274.871582,4327.692383,4401.410156,4292.692383,4264.102539,4475.641113,4497.436035,4336.666504,4389.102539,1701.000000,1.000000,22.000000,,,,0.000000,2.000000,2.000000,0.000000,4.000000,2.000000,2.000000,0.000000,0.000000,4.000000,4.000000,4.000000,4.000000,4.000000,4.000000,0.000000,,,,,,,,,,,,,,,,,24.000000,0.000000,0.502045,0.466125,-0.557373,0.469055,0.985472,-0.063484,-0.055183,-36.239330,44.585014,31.453745
1732157923.520738,1732157923.522660,97.000000,0.000000,4283.589844,4276.922852,4308.846191,4282.307617,4263.589844,4272.436035,4331.666504,4399.871582,4291.410156,4266.153809,4474.102539,4503.077148,4334.615234,4394.230957,1611.000000,1.000000,22.000000,,,,0.000000,2.000000,2.000000,0.000000,4.000000,2.000000,2.000000,0.000000,0.000000,4.000000,4.000000,4.000000,4.000000,4.000000,4.000000,0.000000,,,,,,,,,,,,,,,,,,,,,,,,,,,,
1732157923.528546,1732157923.530668,98.000000,0.000000,4282.436035,4279.871582,4310.512695,4281.025879,4279.358887,4265.384766,4331.410156,4398.974121,4293.974121,4266.153809,4475.641113,4504.871582,4336.538574,4397.179688,1546.000000,1.000000,22.000000,,,,0.000000,2.000000,2.000000,0.000000,4.000000,2.000000,2.000000,0.000000,0.000000,4.000000,4.000000,4.000000,4.000000,4.000000,4.000000,0.000000,,,,,,,,,,,,,,,,,,,,,,,,,,,,
1732157923.536355,1732157923.538476,99.000000,0.000000,4278.974121,4275.384766,4311.282227,4280.128418,4281.282227,4263.589844,4330.128418,4399.230957,4294.871582,4267.051270,4475.641113,4499.871582,4336.153809,4390.384766,1566.000000,1.000000,22.000000,,,,0.000000,2.000000,2.000000,0.000000,4.000000,2.000000,2.000000,0.000000,0.000000,4.000000,4.000000,4.000000,4.000000,4.000000,4.000000,0.000000,,,,,,,,,,,,,,,,,,,,,,,,,,,,
1732157923.544163,1732157923.546384,100.000000,0.000000,4279.487305,4275.897461,4310.384766,4282.051270,4260.256348,4274.743652,4334.358887,4399.615234,4295.384766,4273.205078,4474.871582,4495.512695,4330.897461,4384.743652,1701.000000,1.000000,22.000000,,,,0.000000,2.000000,2.000000,0.000000,4.000000,2.000000,2.000000,0.000000,0.000000,4.000000,4.000000,4.000000,4.000000,4.000000,4.000000,0.000000,,,,,,,,,,,,,,,,,25.000000,0.000000,0.502091,0.466064,-0.557434,0.468994,0.985472,-0.063484,-0.055183,-35.940525,44.797195,31.405867
1732157923.551971,1732157923.554192,101.000000,0.000000,4275.128418,4277.563965,4311.410156,4282.436035,4255.769043,4282.820313,4333.974121,4400.897461,4294.487305,4273.077148,4472.307617,4489.615234,4327.436035,4380.769043,1611.000000,1.000000,22.000000,,,,0.000000,2.000000,2.000000,0.000000,4.000000,2.000000,2.000000,0.000000,0.000000,4.000000,4.000000,4.000000,4.000000,4.000000,4.000000,0.000000,,,,,,,,,,,,,,,,,,,,,,,,,,,,
1732157923.559780,1732157923.561801,102.000000,0.000000,4265.128418,4275.641113,4310.384766,4280.384766,4269.615234,4281.794922,4326.410156,4399.871582,4294.358887,4264.102539,4463.846191,4479.102539,4326.282227,4369.615234,1546.000000,1.000000,22.000000,,,,0.000000,2.000000,2.000000,0.000000,4.000000,2.000000,2.000000,0.000000,0.000000,4.000000,4.000000,4.000000,4.000000,4.000000,4.000000,0.000000,,,,,,,,,,,,,,,,,,,,,,,,,,,,
1732157923.567588,1732157923.569609,103.000000,0.000000,4263.589844,4274.743652,4308.333496,4280.256348,4275.384766,4281.282227,4325.897461,4396.410156,4293.717773,4261.794922,4459.102539,4477.051270,4325.256348,4364.102539,1566.000000,1.000000,22.000000,,,,0.000000,2.000000,2.000000,0.000000,4.000000,2.000000,2.000000,0.000000,0.000000,4.000000,4.000000,4.000000,4.000000,4.000000,4.000000,0.000000,,,,,,,,,,,,,,,,,,,,,,,,,,,,
1732157923.575396,1732157923.577317,104.000000,0.000000,4267.563965,4273.077148,4310.000000,4281.410156,4274.871582,4280.128418,4334.102539,4398.205078,4288.461426,4263.461426,4460.897461,4481.025879,4327.179688,4373.077148,1701.000000,1.000000,22.000000,,,,0.000000,2.000000,2.000000,0.000000,4.000000,2.000000,2.000000,0.000000,0.000000,4.000000,4.000000,4.000000,4.000000,4.000000,4.000000,0.000000,,,,,,,,,,,,,,,,,26.000000,0.000000,0.502011,0.466370,-0.557251,0.468994,0.977658,-0.053229,-0.055183,-35.803490,44.790730,31.343752
1732157923.583204,1732157923.585125,105.000000,0.000000,4266.666504,4271.538574,4311.666504,4280.384766,4273.846191,4279.615234,4337.051270,4402.051270,4286.922852,4261.538574,4463.077148,4479.871582,4332.692383,4380.641113,1611.000000,1.000000,22.000000,,,,0.000000,2.000000,2.000000,0.000000,4.000000,2.000000,2.000000,0.000000,0.000000,4.000000,4.000000,4.000000,4.000000,4.000000,4.000000,0.000000,,,,,,,,,,,,,,,,,,,,,,,,,,,,
1732157923.591012,1732157923.593133,106.000000,0.000000,4268.717773,4271.538574,4311.025879,4281.025879,4281.025879,4280.512695,4331.666504,4400.384766,4288.205078,4262.820313,4461.538574,4483.205078,4331.153809,4379.615234,1546.000000,1.000000,22.000000,,,,0.000000,2.000000,2.000000,0.000000,4.000000,2.000000,2.000000,0.000000,0.000000,4.000000,4.000000,4.000000,4.000000,4.000000,4.000000,0.000000,,,,,,,,,,,,,,,,,,,,,,,,,,,,
1732157923.598821,1732157923.600942,107.000000,0.000000,4276.538574,4273.461426,4310.641113,4284.230957,4290.128418,4277.692383,4327.820313,4398.589844,4281.025879,4263.846191,4461.282227,4489.358887,4327.051270,4380.641113,1566.000000,1.000000,22.000000,,,,0.000000,2.000000,2.000000,0.000000,4.000000,2.000000,2.000000,0.000000,0.000000,4.000000,4.000000,4.000000,4.000000,4.000000,4.000000,0.000000,,,,,,,,,,,,,,,,,,,,,,,,,,,,
1732157923.606629,1732157923.608650,108.000000,0.000000,4280.256348,4279.102539,4311.410156,4290.128418,4275.000000,4274.615234,4331.025879,4400.256348,4278.205078,4260.641113,4467.948730,4490.128418,4332.820313,4386.153809,1701.000000,1.000000,22.000000,,,,0.000000,2.000000,2.000000,0.000000,4.000000,2.000000,2.000000,0.000000,0.000000,4.000000,4.000000,4.000000,4.000000,4.000000,4.000000,0.000000,,,,,,,,,,,,,,,,,27.000000,0.000000,0.501862,0.466553,-0.557129,0.469116,0.974728,-0.053717,-0.062996,-35.842495,44.985489,31.226772
1732157923.614437,1732157923.616458,109.000000,0.000000,4280.000000,4279.230957,4311.538574,4294.102539,4256.794922,4276.666504,4330.000000,4400.384766,4287.563965,4263.205078,4474.102539,4494.358887,4338.589844,4389.358887,1611.000000,1.000000,22.000000,,,,0.000000,2.000000,2.000000,0.000000,4.000000,2.000000,2.000000,0.000000,0.000000,4.000000,4.000000,4.000000,4.000000,4.000000,4.000000,0.000000,,,,,,,,,,,,,,,,,,,,,,,,,,,,
1732157923.622245,1732157923.624067,110.000000,0.000000,4278.974121,4273.205078,4310.641113,4288.589844,4262.692383,4279.615234,4327.307617,4399.102539,4290.641113,4266.666504,4472.563965,4503.205078,4335.384766,4389.871582,1546.000000,1.000000,22.000000,,,,0.000000,2.000000,2.000000,0.000000,4.000000,2.000000,2.000000,0.000000,0.000000,4.000000,4.000000,4.000000,4.000000,4.000000,4.000000,0.000000,,,,,,,,,,,,,,,,,,,,,,,,,,,,
1732157923.630054,1732157923.631875,111.000000,0.000000,4277.692383,4271.410156,4310.000000,4280.384766,4267.436035,4280.897461,4331.538574,4399.487305,4289.230957,4265.641113,4473.077148,4504.615234,4334.230957,4391.025879,1566.000000,1.000000,22.000000,,,,0.000000,2.000000,2.000000,0.000000,4.000000,2.000000,2.000000,0.000000,0.000000,4.000000,4.000000,4.000000,4.000000,4.000000,4.000000,0.000000,,,,,,,,,,,,,,,,,,,,,,,,,,,,
1732157923.637862,1732157923.639583,112.000000,0.000000,4276.922852,4272.820313,4312.179688,4280.384766,4263.846191,4280.512695,4331.538574,4399.230957,4292.948730,4265.256348,4474.871582,4502.436035,4336.410156,4391.538574,1701.000000,1.000000,22.000000,,,,0.000000,2.000000,2.000000,0.000000,4.000000,2.000000,2.000000,0.000000,0.000000,4.000000,4.000000,4.000000,4.000000,4.000000,4.000000,0.000000,,,,,,,,,,,,,,,,,28.000000,0.000000,0.501781,0.466675,-0.556946,0.469299,0.983030,-0.056159,-0.061531,-35.904087,45.114914,30.993687
1732157923.645670,1732157923.647391,113.000000,0.000000,4278.461426,4271.153809,4311.538574,4285.384766,4272.820313,4278.589844,4327.436035,4397.436035,4292.179688,4263.717773,4468.333496,4500.769043,4331.025879,4386.153809,1611.000000,1.000000,22.000000,,,,0.000000,2.000000,2.000000,0.000000,4.000000,2.000000,2.000000,0.000000,0.000000,4.000000,4.000000,4.000000,4.000000,4.000000,4.000000,0.000000,,,,,,,,,,,,,,,,,,,,,,,,,,,,
1732157923.653479,1732157923.655000,114.000000,0.000000,4280.897461,4270.897461,4309.102539,4285.000000,4277.179688,4279.615234,4330.641113,4399.871582,4292.948730,4265.512695,4461.794922,4498.717773,4327.307617,4379.871582,1546.000000,1.000000,22.000000,,,,0.000000,2.000000,2.000000,0.000000,4.000000,2.000000,2.000000,0.000000,0.000000,4.000000,4.000000,4.000000,4.000000,4.000000,4.000000,0.000000,,,,,,,,,,,,,,,,,,,,,,,,,,,,
1732157923.661287,1732157923.662808,115.000000,0.000000,4279.871582,4273.077148,4309.743652,4281.794922,4277.051270,4283.205078,4335.384766,4403.205078,4295.128418,4270.384766,4463.461426,4498.461426,4330.256348,4381.794922,1566.000000,1.000000,22.000000,,,,0.000000,2.000000,2.000000,0.000000,4.000000,2.000000,2.000000,0.000000,0.000000,4.000000,4.000000,4.000000,4.000000,4.000000,4.000000,0.000000,,,,,,,,,,,,,,,,,,,,,,,,,,,,
1732157923.669095,1732157923.670516,116.000000,0.000000,4277.307617,4272.692383,4310.641113,4279.871582,4292.307617,4281.922852,4332.563965,4399.487305,4286.025879,4268.461426,4463.333496,4496.666504,4329.615234,4383.077148,1701.000000,1.000000,22.000000,,,,0.000000,2.000000,2.000000,0.000000,4.000000,2.000000,2.000000,0.000000,0.000000,4.000000,4.000000,4.000000,4.000000,4.000000,4.000000,0.000000,,,,,,,,,,,,,,,,,29.000000,0.000000,0.501254,0.467041,-0.556702,0.469788,0.987425,-0.055671,-0.055671,-35.573978,44.934746,30.899885
1732157923.676903,1732157923.678325,117.000000,0.000000,4276.794922,4271.538574,4310.512695,4280.897461,4288.589844,4278.974121,4328.589844,4397.179688,4281.794922,4270.512695,4461.538574,4491.410156,4327.307617,4380.641113,1611.000000,1.000000,22.000000,,,,0.000000,2.000000,2.000000,0.000000,4.000000,2.000000,2.000000,0.000000,0.000000,4.000000,4.000000,4.000000,4.000000,4.000000,4.000000,0.000000,,,,,,,,,,,,,,,,,,,,,,,,,,,,
1732157923.684711,1732157923.685933,118.000000,0.000000,4278.717773,4270.641113,4311.794922,4284.871582,4263.846191,4283.077148,4330.256348,4399.358887,4292.820313,4277.051270,4464.743652,4492.179688,4331.794922,4380.641113,1546.000000,1.000000,22.000000,,,,0.000000,2.000000,2.000000,0.000000,4.000000,2.000000,2.000000,0.000000,0.000000,4.000000,4.000000,4.000000,4.000000,4.000000,4.000000,0.000000,,,,,,,,,,,,,,,,,,,,,,,,,,,,
1732157923.692520,1732157923.693741,119.000000,0.000000,4278.589844,4267.563965,4311.153809,4284.743652,4263.077148,4289.615234,4334.358887,4398.974121,4296.025879,4275.256348,4465.769043,4497.692383,4337.307617,4381.794922,1566.000000,1.000000,22.000000,,,,0.000000,2.000000,2.000000,0.000000,4.000000,2.000000,2.000000,0.000000,0.000000,4.000000,4.000000,4.000000,4.000000,4.000000,4.000000,0.000000,,,,,,,,,,,,,,,,,,,,,,,,,,,,
1732157923.700328,1732157923.701449,120.000000,0.000000,4270.897461,4265.769043,4309.871582,4281.410156,4273.077148,4288.846191,4335.641113,4397.051270,4288.846191,4268.717773,4463.974121,4496.794922,4333.589844,4383.717773,1701.000000,1.000000,22.000000,,,,0.000000,2.000000,2.000000,0.000000,4.000000,2.000000,2.000000,0.000000,0.000000,4.000000,4.000000,4.000000,4.000000,4.000000,4.000000,0.000000,,,,,,,,,,,,,,,,,30.000000,0.000000,0.501335,0.466797,-0.556885,0.469727,0.979612,-0.072763,-0.041509,-35.699921,44.725479,31.035574
1732157923.708136,1732157923.709258,121.000000,0.000000,4265.641113,4263.974121,4310.641113,4280.256348,4276.153809,4283.846191,4331.025879,4398.717773,4292.436035,4272.820313,4462.692383,4491.794922,4329.102539,4383.589844,1611.000000,1.000000,22.000000,,,,0.000000,2.000000,2.000000,0.000000,4.000000,2.000000,2.000000,0.000000,0.000000,4.000000,4.000000,4.000000,4.000000,4.000000,4.000000,0.000000,,,,,,,,,,,,,,,,,,,,,,,,,,,,
1732157923.715944,1732157923.717266,122.000000,0.000000,4272.307617,4265.000000,4310.512695,4281.153809,4289.743652,4282.179688,4330.256348,4399.743652,4294.230957,4275.384766,4462.179688,4492.820313,4332.179688,4382.051270,1546.000000,1.000000,22.000000,,,,0.000000,2.000000,2.000000,0.000000,4.000000,2.000000,2.000000,0.000000,0.000000,4.000000,4.000000,4.000000,4.000000,4.000000,4.000000,0.000000,,,,,,,,,,,,,,,,,,,,,,,,,,,,
1732157923.723753,1732157923.725074,123.000000,0.000000,4279.230957,4266.410156,4310.897461,4283.717773,4287.307617,4282.563965,4332.948730,4401.153809,4284.615234,4269.102539,4467.179688,4498.974121,4335.897461,4385.512695,1566.000000,1.000000,22.000000,,,,0.000000,2.000000,2.000000,0.000000,4.000000,2.000000,2.000000,0.000000,0.000000,4.000000,4.000000,4.000000,4.000000,4.000000,4.000000,0.000000,,,,,,,,,,,,,,,,,,,,,,,,,,,,
1732157923.731561,1732157923.732982,124.000000,0.000000,4277.436035,4265.384766,4310.384766,4283.333496,4259.871582,4282.051270,4330.384766,4400.769043,4286.025879,4268.717773,4473.205078,4498.974121,4334.102539,4388.205078,1701.000000,1.000000,22.000000,,,,0.000000,2.000000,2.000000,0.000000,4.000000,2.000000,2.000000,0.000000,0.000000,4.000000,4.000000,4.000000,4.000000,4.000000,4.000000,0.000000,,,,,,,,,,,,,,,,,31.000000,0.000000,0.501392,0.466797,-0.556885,0.469666,0.974728,-0.056159,-0.053717,-35.706936,44.639305,31.250483
1732157923.739369,1732157923.740790,125.000000,0.000000,4276.538574,4266.025879,4310.256348,4283.077148,4257.692383,4281.025879,4328.589844,4397.820313,4295.128418,4276.025879,4472.436035,4496.922852,4333.717773,4386.282227,1611.000000,1.000000,22.000000,,,,0.000000,2.000000,2.000000,0.000000,4.000000,2.000000,2.000000,0.000000,0.000000,4.000000,4.000000,4.000000,4.000000,4.000000,4.000000,0.000000,,,,,,,,,,,,,,,,,,,,,,,,,,,,
1732157923.747177,1732157923.748798,126.000000,0.000000,4279.487305,4272.948730,4309.871582,4285.384766,4272.948730,4279.230957,4333.589844,4398.333496,4294.871582,4278.077148,4471.282227,4497.436035,4332.436035,4386.025879,1546.000000,1.000000,22.000000,,,,0.000000,2.000000,2.000000,0.000000,4.000000,2.000000,2.000000,0.000000,0.000000,4.000000,4.000000,4.000000,4.000000,4.000000,4.000000,0.000000,,,,,,,,,,,,,,,,,,,,,,,,,,,,
1732157923.754986,1732157923.756606,127.000000,0.000000,4279.615234,4272.563965,4307.563965,4287.307617,4270.512695,4279.102539,4336.025879,4399.230957,4291.410156,4269.615234,4473.589844,4494.358887,4328.205078,4387.563965,22.000000,1.000000,22.000000,,,,0.000000,2.000000,2.000000,0.000000,4.000000,2.000000,2.000000,0.000000,0.000000,4.000000,4.000000,4.000000,4.000000,4.000000,4.000000,0.000000,,,,,,,,,,,,,,,,,,,,,,,,,,,,
1732157923.762794,1732157923.764514,0.000000,0.000000,4278.974121,4264.102539,4307.051270,4286.794922,4267.563965,4281.922852,4330.128418,4398.461426,4294.615234,4267.307617,4472.179688,4491.666504,4330.512695,4390.000000,0.000000,1.000000,22.000000,,,,0.000000,2.000000,2.000000,0.000000,4.000000,2.000000,2.000000,0.000000,0.000000,4.000000,4.000000,4.000000,4.000000,4.000000,4.000000,0.000000,,,,,,,,,,,,,,,,,0.000000,0.000000,0.501495,0.466675,-0.556946,0.469604,0.984007,-0.066414,-0.052741,-35.785954,44.776169,31.401224
1732157923.770602,1732157923.772323,1.000000,0.000000,4279.358887,4263.717773,4310.000000,4285.000000,4280.897461,4281.538574,4329.615234,4398.077148,4294.230957,4272.307617,4470.128418,4495.384766,4336.025879,4390.769043,1599.000000,1.000000,22.000000,,,,0.000000,2.000000,2.000000,0.000000,4.000000,2.000000,2.000000,0.000000,0.000000,4.000000,4.000000,4.000000,4.000000,4.000000,4.000000,0.000000,,,,,,,,,,,,,,,,,,,,,,,,,,,,
1732157923.778410,1732157923.780331,2.000000,0.000000,4280.128418,4270.256348,4310.000000,4287.051270,4287.692383,4278.205078,4334.487305,4398.205078,4293.077148,4274.102539,4472.948730,4501.025879,4336.153809,4388.846191,1366.000000,1.000000,22.000000,,,,0.000000,2.000000,2.000000,0.000000,4.000000,2.000000,2.000000,0.000000,0.000000,4.000000,4.000000,4.000000,4.000000,4.000000,4.000000,0.000000,,,,,,,,,,,,,,,,,,,,,,,,,,,,
1732157923.786219,1732157923.788139,3.000000,0.000000,4281.922852,4271.410156,4309.871582,4291.794922,4273.974121,4279.743652,4334.487305,4398.077148,4293.846191,4273.974121,4474.871582,4504.230957,4334.615234,4390.512695,1422.000000,1.000000,22.000000,,,,0.000000,2.000000,2.000000,0.000000,4.000000,2.000000,2.000000,0.000000,0.000000,4.000000,4.000000,4.000000,4.000000,4.000000,4.000000,0.000000,,,,,,,,,,,,,,,,,,,,,,,,,,,,
1732157923.794027,1732157923.796047,4.000000,0.000000,4281.922852,4266.794922,4311.666504,4293.205078,4260.512695,4284.358887,4332.948730,4396.538574,4284.230957,4267.692383,4473.717773,4504.743652,4335.128418,4393.974121,1422.000000,1.000000,22.000000,,,,0.000000,2.000000,2.000000,0.000000,4.000000,2.000000,2.000000,0.000000,0.000000,4.000000,4.000000,4.000000,4.000000,4.000000,4.000000,0.000000,,,,,,,,,,,,,,,,,1.000000,0.000000,0.501576,0.466431,-0.557129,0.469543,0.981077,-0.057624,-0.049322,-35.648289,44.827030,31.429991
1732157923.801835,1732157923.803855,5.000000,0.000000,4279.358887,4265.256348,4310.512695,4287.179688,4263.589844,4283.205078,4334.487305,4395.384766,4280.000000,4263.717773,4471.282227,4503.717773,4335.256348,4387.563965,1209.000000,1.000000,22.000000,,,,0.000000,2.000000,2.000000,0.000000,4.000000,2.000000,2.000000,0.000000,0.000000,4.000000,4.000000,4.000000,4.000000,4.000000,4.000000,0.000000,,,,,,,,,,,,,,,,,,,,,,,,,,,,
1732157923.809643,1732157923.811863,6.000000,0.000000,4277.563965,4267.692383,4309.487305,4285.384766,4271.025879,4279.487305,4333.205078,4396.025879,4291.922852,4266.794922,4470.897461,4504.743652,4334.743652,4381.282227,0.000000,1.000000,22.000000,,,,0.000000,2.000000,2.000000,0.000000,4.000000,2.000000,2.000000,0.000000,0.000000,4.000000,4.000000,4.000000,4.000000,4.000000,4.000000,0.000000,,,,,,,,,,,,,,,,,,,,,,,,,,,,
1732157923.817452,1732157923.819671,7.000000,0.000000,4277.820313,4268.461426,4312.051270,4287.051270,4272.692383,4278.077148,4328.589844,4398.717773,4297.948730,4267.179688,4472.692383,4505.384766,4334.615234,4385.769043,0.000000,1.000000,22.000000,,,,0.000000,2.000000,2.000000,0.000000,4.000000,2.000000,2.000000,0.000000,0.000000,4.000000,4.000000,4.000000,4.000000,4.000000,4.000000,0.000000,,,,,,,,,,,,,,,,,,,,,,,,,,,,
1732157923.825260,1732157923.827580,8.000000,0.000000,4278.333496,4266.538574,4312.436035,4284.871582,4268.461426,4279.358887,4331.538574,4399.743652,4292.179688,4266.025879,4473.461426,4507.692383,4333.717773,4388.846191,1524.000000,1.000000,22.000000,,,,0.000000,2.000000,2.000000,0.000000,4.000000,2.000000,2.000000,0.000000,0.000000,4.000000,4.000000,4.000000,4.000000,4.000000,4.000000,0.000000,,,,,,,,,,,,,,,,,2.000000,0.000000,0.501473,0.466553,-0.557068,0.469604,0.981077,-0.039067,-0.064461,-35.411781,44.934895,31.348293
1732157923.833068,1732157923.835388,9.000000,0.000000,4278.461426,4267.307617,4309.102539,4283.205078,4273.589844,4280.769043,4336.282227,4399.358887,4292.563965,4268.077148,4471.666504,4506.410156,4333.461426,4388.846191,1686.000000,1.000000,22.000000,,,,0.000000,2.000000,2.000000,0.000000,4.000000,2.000000,2.000000,0.000000,0.000000,4.000000,4.000000,4.000000,4.000000,4.000000,4.000000,0.000000,,,,,,,,,,,,,,,,,,,,,,,,,,,,
1732157923.840876,1732157923.843396,10.000000,0.000000,4280.128418,4267.051270,4308.461426,4283.846191,4289.743652,4278.205078,4332.820313,4398.974121,4296.538574,4268.846191,4470.384766,4501.666504,4334.230957,4392.307617,1546.000000,1.000000,22.000000,,,,0.000000,2.000000,2.000000,0.000000,4.000000,2.000000,2.000000,0.000000,0.000000,4.000000,4.000000,4.000000,4.000000,4.000000,4.000000,0.000000,,,,,,,,,,,,,,,,,,,,,,,,,,,,
1732157923.848685,1732157923.851204,11.000000,0.000000,4282.436035,4265.769043,4311.153809,4285.641113,4283.205078,4276.153809,4330.512695,4399.871582,4294.615234,4270.641113,4472.307617,4504.487305,4335.000000,4397.563965,1566.000000,1.000000,22.000000,,,,0.000000,2.000000,2.000000,0.000000,4.000000,2.000000,2.000000,0.000000,0.000000,4.000000,4.000000,4.000000,4.000000,4.000000,4.000000,0.000000,,,,,,,,,,,,,,,,,,,,,,,,,,,,
1732157923.856493,1732157923.859112,12.000000,0.000000,4281.666504,4265.384766,4309.487305,4285.128418,4257.563965,4278.974121,4331.922852,4401.153809,4290.384766,4269.871582,4473.205078,4507.436035,4334.615234,4398.205078,1701.000000,1.000000,22.000000,,,,0.000000,2.000000,2.000000,0.000000,4.000000,2.000000,2.000000,0.000000,0.000000,4.000000,4.000000,4.000000,4.000000,4.000000,4.000000,0.000000,,,,,,,,,,,,,,,,,3.000000,0.000000,0.501473,0.466553,-0.557068,0.469604,0.968868,-0.051276,-0.047857,-35.235207,45.007263,31.417116
1732157923.864301,1732157923.866920,13.000000,0.000000,4280.384766,4265.128418,4304.358887,4285.128418,4257.051270,4281.666504,4330.000000,4398.205078,4284.615234,4263.077148,4472.307617,4499.102539,4333.589844,4391.025879,1613.000000,1.000000,22.000000,,,,0.000000,2.000000,2.000000,0.000000,4.000000,2.000000,2.000000,0.000000,0.000000,4.000000,4.000000,4.000000,4.000000,4.000000,4.000000,0.000000,,,,,,,,,,,,,,,,,,,,,,,,,,,,
1732157923.872109,1732157923.874928,14.000000,0.000000,4281.922852,4266.922852,4307.436035,4289.230957,4270.641113,4281.794922,4327.820313,4397.179688,4280.897461,4261.025879,4470.897461,4498.205078,4332.692383,4385.384766,1546.000000,1.000000,22.000000,,,,0.000000,2.000000,2.000000,0.000000,4.000000,2.000000,2.000000,0.000000,0.000000,4.000000,4.000000,4.000000,4.000000,4.000000,4.000000,0.000000,1.000000,0.000000,1.000000,2.000000,0.000000,4.000000,1.000000,1.000000,0.000000,0.000000,1.000000,3.000000,4.000000,4.000000,1.000000,4.000000,,,,,,,,,,,,
1732157923.879918,1732157923.882736,15.000000,0.000000,4284.230957,4266.666504,4313.077148,4291.538574,4267.436035,4280.256348,4327.307617,4398.974121,4285.000000,4264.615234,4470.256348,4508.205078,4332.563965,4390.641113,1566.000000,1.000000,22.000000,,,,0.000000,2.000000,2.000000,0.000000,4.000000,2.000000,2.000000,0.000000,0.000000,4.000000,4.000000,4.000000,4.000000,4.000000,4.000000,0.000000,,,,,,,,,,,,,,,,,,,,,,,,,,,,
1732157923.887726,1732157923.890645,16.000000,0.000000,4282.436035,4265.384766,4311.922852,4285.769043,4258.205078,4277.563965,4327.563965,4398.846191,4292.179688,4266.538574,4473.077148,4509.230957,4336.922852,4398.333496,0.000000,1.000000,22.000000,,,,0.000000,2.000000,2.000000,0.000000,4.000000,2.000000,2.000000,0.000000,0.000000,4.000000,4.000000,4.000000,4.000000,4.000000,4.000000,0.000000,,,,,,,,,,,,,,,,,4.000000,0.000000,0.501726,0.466309,-0.557251,0.469360,0.989379,-0.054694,-0.057624,-35.248852,44.765884,31.381199
1732157923.895534,1732157923.898453,17.000000,0.000000,4279.743652,4267.307617,4309.871582,4281.538574,4269.743652,4277.692383,4330.128418,4398.205078,4295.000000,4265.769043,4474.615234,4506.025879,4335.769043,4392.436035,0.000000,1.000000,22.000000,,,,0.000000,2.000000,2.000000,0.000000,4.000000,2.000000,2.000000,0.000000,0.000000,4.000000,4.000000,4.000000,4.000000,4.000000,4.000000,0.000000,,,,,,,,,,,,,,,,,,,,,,,,,,,,
1732157923.903342,1732157923.906461,18.000000,0.000000,4279.743652,4268.589844,4311.025879,4283.589844,4287.436035,4279.102539,4331.922852,4398.333496,4293.461426,4265.512695,4471.538574,4505.384766,4328.589844,4383.846191,0.000000,1.000000,22.000000,,,,0.000000,2.000000,2.000000,0.000000,4.000000,2.000000,2.000000,0.000000,0.000000,4.000000,4.000000,4.000000,4.000000,4.000000,4.000000,0.000000,,,,,,,,,,,,,,,,,,,,,,,,,,,,
1732157923.911151,1732157923.914269,19.000000,0.000000,4281.538574,4267.051270,4310.769043,4284.358887,4277.179688,4277.563965,4333.333496,4398.461426,4292.820313,4271.025879,4472.820313,4504.743652,4333.846191,4389.743652,0.000000,1.000000,22.000000,,,,0.000000,2.000000,2.000000,0.000000,4.000000,2.000000,2.000000,0.000000,0.000000,4.000000,4.000000,4.000000,4.000000,4.000000,4.000000,0.000000,,,,,,,,,,,,,,,,,,,,,,,,,,,,
1732157923.918959,1732157923.921977,20.000000,0.000000,4283.589844,4265.512695,4310.256348,4284.230957,4254.871582,4278.717773,4335.512695,4398.333496,4299.102539,4282.948730,4477.948730,4507.051270,4345.128418,4397.051270,0.000000,1.000000,22.000000,,,,0.000000,2.000000,2.000000,0.000000,4.000000,2.000000,2.000000,0.000000,0.000000,4.000000,4.000000,4.000000,4.000000,4.000000,4.000000,0.000000,,,,,,,,,,,,,,,,,5.000000,0.000000,0.501622,0.466370,-0.557190,0.469482,0.974728,-0.051276,-0.062019,-35.419903,44.558701,31.293770
1732157923.926767,1732157923.929786,21.000000,0.000000,4281.666504,4267.307617,4311.025879,4288.077148,4258.333496,4281.282227,4332.563965,4399.230957,4299.358887,4280.512695,4475.512695,4502.948730,4343.846191,4390.641113,0.000000,1.000000,22.000000,,,,0.000000,2.000000,2.000000,0.000000,4.000000,2.000000,2.000000,0.000000,0.000000,4.000000,4.000000,4.000000,4.000000,4.000000,4.000000,0.000000,,,,,,,,,,,,,,,,,,,,,,,,,,,,
1732157923.934575,1732157923.937394,22.000000,0.000000,4278.461426,4273.974121,4312.820313,4293.589844,4273.846191,4280.128418,4330.000000,4398.846191,4285.769043,4268.974121,4470.384766,4493.077148,4338.974121,4383.205078,0.000000,1.000000,22.000000,,,,0.000000,2.000000,2.000000,0.000000,4.000000,2.000000,2.000000,0.000000,0.000000,4.000000,4.000000,4.000000,4.000000,4.000000,4.000000,0.000000,,,,,,,,,,,,,,,,,,,,,,,,,,,,
1732157923.942384,1732157923.945202,23.000000,0.000000,4282.692383,4278.974121,4312.820313,4295.000000,4278.589844,4280.128418,4332.436035,4397.179688,4280.128418,4272.179688,4471.666504,4493.461426,4340.256348,4389.230957,0.000000,1.000000,22.000000,,,,0.000000,2.000000,2.000000,0.000000,4.000000,2.000000,2.000000,0.000000,0.000000,4.000000,4.000000,4.000000,4.000000,4.000000,4.000000,0.000000,,,,,,,,,,,,,,,,,,,,,,,,,,,,
1732157923.950192,1732157923.952910,24.000000,0.000000,4287.563965,4272.563965,4309.230957,4295.641113,4275.384766,4283.461426,4330.769043,4397.948730,4288.974121,4277.436035,4473.974121,4501.666504,4338.205078,4396.666504,0.000000,1.000000,22.000000,,,,0.000000,2.000000,2.000000,0.000000,4.000000,2.000000,2.000000,0.000000,0.000000,4.000000,4.000000,4.000000,4.000000,4.000000,4.000000,0.000000,,,,,,,,,,,,,,,,,6.000000,0.000000,0.501566,0.466431,-0.557190,0.469482,0.983030,-0.072763,-0.060066,-35.633453,44.487545,31.387955
1732157923.958000,1732157923.960719,25.000000,0.000000,4285.512695,4264.230957,4307.692383,4294.871582,4281.410156,4282.692383,4326.794922,4399.615234,4289.871582,4270.512695,4473.333496,4504.230957,4335.512695,4396.025879,0.000000,1.000000,22.000000,,,,0.000000,2.000000,2.000000,0.000000,4.000000,2.000000,2.000000,0.000000,0.000000,4.000000,4.000000,4.000000,4.000000,4.000000,4.000000,0.000000,,,,,,,,,,,,,,,,,,,,,,,,,,,,
1732157923.965808,1732157923.968327,26.000000,0.000000,4280.897461,4265.384766,4310.769043,4289.358887,4291.025879,4277.436035,4328.077148,4397.948730,4282.948730,4262.948730,4472.820313,4504.615234,4334.743652,4395.128418,0.000000,1.000000,22.000000,,,,0.000000,2.000000,2.000000,0.000000,4.000000,2.000000,2.000000,0.000000,0.000000,4.000000,4.000000,4.000000,4.000000,4.000000,4.000000,0.000000,,,,,,,,,,,,,,,,,,,,,,,,,,,,
1732157923.973616,1732157923.976135,27.000000,0.000000,4281.922852,4266.794922,4312.948730,4286.666504,4277.692383,4276.922852,4330.256348,4396.153809,4287.051270,4265.000000,4474.102539,4508.846191,4333.846191,4395.384766,0.000000,1.000000,22.000000,,,,0.000000,2.000000,2.000000,0.000000,4.000000,2.000000,2.000000,0.000000,0.000000,4.000000,4.000000,4.000000,4.000000,4.000000,4.000000,0.000000,,,,,,,,,,,,,,,,,,,,,,,,,,,,
1732157923.981425,1732157923.983844,28.000000,0.000000,4285.384766,4264.871582,4310.384766,4288.974121,4254.743652,4280.641113,4332.436035,4399.743652,4297.179688,4273.205078,4475.897461,4509.487305,4338.717773,4394.871582,0.000000,1.000000,22.000000,,,,0.000000,2.000000,2.000000,0.000000,4.000000,2.000000,2.000000,0.000000,0.000000,4.000000,4.000000,4.000000,4.000000,4.000000,4.000000,0.000000,,,,,,,,,,,,,,,,,7.000000,0.000000,0.501658,0.466309,-0.557312,0.469360,0.983030,-0.072763,-0.060066,-35.671432,44.394913,31.504242
1732157923.989233,1732157923.991652,29.000000,0.000000,4284.358887,4264.102539,4310.000000,4288.077148,4260.897461,4280.128418,4333.077148,4401.666504,4299.615234,4279.615234,4477.307617,4508.589844,4343.717773,4394.871582,0.000000,1.000000,22.000000,,,,0.000000,2.000000,2.000000,0.000000,4.000000,2.000000,2.000000,0.000000,0.000000,4.000000,4.000000,4.000000,4.000000,4.000000,4.000000,0.000000,,,,,,,,,,,,,,,,,,,,,,,,,,,,
1732157923.997041,1732157923.999260,30.000000,0.000000,4281.922852,4265.256348,4312.179688,4287.563965,4271.538574,4276.922852,4329.358887,4399.230957,4297.692383,4280.128418,4476.922852,4508.205078,4343.205078,4393.461426,0.000000,1.000000,22.000000,,,,0.000000,2.000000,2.000000,0.000000,4.000000,2.000000,2.000000,0.000000,0.000000,4.000000,4.000000,4.000000,4.000000,4.000000,4.000000,0.000000,,,,,,,,,,,,,,,,,,,,,,,,,,,,
1732157924.004850,1732157924.007068,31.000000,0.000000,4281.666504,4265.128418,4311.538574,4290.256348,4262.307617,4278.205078,4330.641113,4400.128418,4296.282227,4276.282227,4474.615234,4507.436035,4342.307617,4388.974121,0.000000,1.000000,22.000000,,,,0.000000,2.000000,2.000000,0.000000,4.000000,2.000000,2.000000,0.000000,0.000000,4.000000,4.000000,4.000000,4.000000,4.000000,4.000000,0.000000,,,,,,,,,,,,,,,,,,,,,,,,,,,,
1732157924.012658,1732157924.014977,32.000000,0.000000,4280.512695,4264.487305,4310.384766,4288.077148,4273.205078,4281.410156,4335.897461,4402.179688,4296.538574,4277.436035,4473.717773,4504.615234,4340.769043,4386.410156,0.000000,1.000000,22.000000,,,,0.000000,2.000000,2.000000,0.000000,4.000000,2.000000,2.000000,0.000000,0.000000,4.000000,4.000000,4.000000,4.000000,4.000000,4.000000,0.000000,,,,,,,,,,,,,,,,,8.000000,0.000000,0.501909,0.466003,-0.557495,0.469177,0.982542,-0.060554,-0.049811,-35.798859,44.469879,31.743437
1732157924.020466,1732157924.022785,33.000000,0.000000,4278.333496,4263.846191,4312.563965,4286.282227,4291.794922,4281.025879,4332.563965,4398.589844,4297.820313,4277.692383,4472.307617,4502.307617,4336.410156,4389.615234,0.000000,1.000000,22.000000,,,,0.000000,2.000000,2.000000,0.000000,4.000000,2.000000,2.000000,0.000000,0.000000,4.000000,4.000000,4.000000,4.000000,4.000000,4.000000,0.000000,,,,,,,,,,,,,,,,,,,,,,,,,,,,
1732157924.028274,1732157924.030393,34.000000,0.000000,4281.794922,4263.333496,4313.077148,4291.153809,4274.487305,4279.487305,4329.102539,4395.641113,4295.769043,4275.641113,4471.794922,4505.512695,4336.666504,4396.282227,0.000000,1.000000,22.000000,,,,0.000000,2.000000,2.000000,0.000000,4.000000,2.000000,2.000000,0.000000,0.000000,4.000000,4.000000,4.000000,4.000000,4.000000,4.000000,0.000000,,,,,,,,,,,,,,,,,,,,,,,,,,,,
1732157924.036083,1732157924.038201,35.000000,0.000000,4284.230957,4265.128418,4313.717773,4292.692383,4254.230957,4281.282227,4332.179688,4399.102539,4293.846191,4278.589844,4475.384766,4506.794922,4342.820313,4398.333496,0.000000,1.000000,22.000000,,,,0.000000,2.000000,2.000000,0.000000,4.000000,2.000000,2.000000,0.000000,0.000000,4.000000,4.000000,4.000000,4.000000,4.000000,4.000000,0.000000,,,,,,,,,,,,,,,,,,,,,,,,,,,,
1732157924.043891,1732157924.045910,36.000000,0.000000,4281.025879,4268.205078,4313.974121,4292.179688,4264.871582,4282.563965,4334.615234,4401.538574,4296.410156,4279.487305,4476.153809,4506.538574,4342.307617,4395.769043,0.000000,1.000000,22.000000,,,,0.000000,2.000000,2.000000,0.000000,4.000000,2.000000,2.000000,0.000000,0.000000,4.000000,4.000000,4.000000,4.000000,4.000000,4.000000,0.000000,,,,,,,,,,,,,,,,,9.000000,0.000000,0.501909,0.466003,-0.557495,0.469177,0.991332,-0.051276,-0.057136,-35.718742,44.480602,31.737185
1732157924.051699,1732157924.053718,37.000000,0.000000,4281.025879,4266.794922,4312.563965,4290.256348,4275.769043,4280.384766,4333.974121,4399.230957,4297.179688,4276.282227,4472.563965,4507.307617,4335.769043,4397.051270,0.000000,1.000000,22.000000,,,,0.000000,2.000000,2.000000,0.000000,4.000000,2.000000,2.000000,0.000000,0.000000,4.000000,4.000000,4.000000,4.000000,4.000000,4.000000,0.000000,,,,,,,,,,,,,,,,,,,,,,,,,,,,
1732157924.059507,1732157924.061326,38.000000,0.000000,4282.051270,4265.256348,4312.948730,4284.358887,4265.128418,4279.487305,4333.846191,4398.717773,4295.512695,4279.615234,4475.256348,4505.384766,4337.179688,4396.282227,0.000000,1.000000,22.000000,,,,0.000000,2.000000,2.000000,0.000000,4.000000,2.000000,2.000000,0.000000,0.000000,4.000000,4.000000,4.000000,4.000000,4.000000,4.000000,0.000000,,,,,,,,,,,,,,,,,,,,,,,,,,,,
1732157924.067315,1732157924.069135,39.000000,0.000000,4281.410156,4267.563965,4314.487305,4283.461426,4271.794922,4281.153809,4333.333496,4400.384766,4293.974121,4276.666504,4472.948730,4501.025879,4341.153809,4389.230957,0.000000,1.000000,22.000000,,,,0.000000,2.000000,2.000000,0.000000,4.000000,2.000000,2.000000,0.000000,0.000000,4.000000,4.000000,4.000000,4.000000,4.000000,4.000000,0.000000,,,,,,,,,,,,,,,,,,,,,,,,,,,,
1732157924.075124,1732157924.076843,40.000000,0.000000,4281.282227,4267.436035,4313.461426,4287.436035,4291.282227,4280.384766,4329.102539,4399.102539,4293.717773,4266.282227,4464.871582,4501.025879,4335.769043,4390.000000,0.000000,1.000000,22.000000,,,,0.000000,2.000000,2.000000,0.000000,4.000000,2.000000,2.000000,0.000000,0.000000,4.000000,4.000000,4.000000,4.000000,4.000000,4.000000,0.000000,,,,,,,,,,,,,,,,,10.000000,0.000000,0.501909,0.466003,-0.557495,0.469177,0.981565,-0.061531,-0.054206,-35.800514,44.450954,31.690453
1732157924.082932,1732157924.084651,41.000000,0.000000,4283.846191,4265.256348,4312.948730,4293.461426,4278.077148,4281.025879,4327.307617,4398.974121,4296.282227,4271.538574,4469.743652,4506.282227,4332.436035,4398.077148,0.000000,1.000000,22.000000,,,,0.000000,2.000000,2.000000,0.000000,4.000000,2.000000,2.000000,0.000000,0.000000,4.000000,4.000000,4.000000,4.000000,4.000000,4.000000,0.000000,,,,,,,,,,,,,,,,,,,,,,,,,,,,
1732157924.090740,1732157924.092659,42.000000,0.000000,4290.641113,4266.153809,4312.948730,4297.820313,4257.307617,4284.230957,4331.922852,4401.025879,4298.974121,4282.563965,4476.410156,4508.461426,4336.282227,4398.846191,0.000000,1.000000,22.000000,,,,0.000000,2.000000,2.000000,0.000000,4.000000,2.000000,2.000000,0.000000,0.000000,4.000000,4.000000,4.000000,4.000000,4.000000,4.000000,0.000000,,,,,,,,,,,,,,,,,,,,,,,,,,,,
1732157924.098549,1732157924.100467,43.000000,0.000000,4295.641113,4267.563965,4312.307617,4297.692383,4266.025879,4283.077148,4335.000000,4400.000000,4295.000000,4278.333496,4471.282227,4508.589844,4334.358887,4395.000000,0.000000,1.000000,22.000000,,,,0.000000,2.000000,2.000000,0.000000,4.000000,2.000000,2.000000,0.000000,0.000000,4.000000,4.000000,4.000000,4.000000,4.000000,4.000000,0.000000,,,,,,,,,,,,,,,,,,,,,,,,,,,,
1732157924.106357,1732157924.108375,44.000000,0.000000,4292.051270,4267.436035,4314.358887,4295.641113,4273.333496,4278.589844,4333.461426,4398.589844,4290.256348,4273.461426,4469.615234,4509.743652,4331.922852,4395.512695,0.000000,1.000000,22.000000,,,,0.000000,2.000000,2.000000,0.000000,4.000000,2.000000,2.000000,0.000000,0.000000,4.000000,4.000000,4.000000,4.000000,4.000000,4.000000,0.000000,,,,,,,,,,,,,,,,,11.000000,0.000000,0.501806,0.466064,-0.557434,0.469299,0.974240,-0.060554,-0.057136,-35.585083,44.808605,31.464266
1732157924.114165,1732157924.116184,45.000000,0.000000,4284.230957,4265.384766,4312.692383,4293.205078,4260.384766,4279.358887,4332.820313,4400.384766,4293.717773,4279.102539,4474.230957,4508.333496,4337.051270,4397.436035,0.000000,1.000000,22.000000,,,,0.000000,2.000000,2.000000,0.000000,4.000000,2.000000,2.000000,0.000000,0.000000,4.000000,4.000000,4.000000,4.000000,4.000000,4.000000,0.000000,,,,,,,,,,,,,,,,,,,,,,,,,,,,
1732157924.121973,1732157924.124192,46.000000,0.000000,4280.384766,4263.333496,4309.102539,4288.717773,4267.436035,4278.717773,4334.358887,4400.641113,4297.179688,4280.384766,4474.743652,4505.897461,4338.077148,4397.307617,0.000000,1.000000,22.000000,,,,0.000000,2.000000,2.000000,0.000000,4.000000,2.000000,2.000000,0.000000,0.000000,4.000000,4.000000,4.000000,4.000000,4.000000,4.000000,0.000000,,,,,,,,,,,,,,,,,,,,,,,,,,,,
1732157924.129782,1732157924.132000,47.000000,0.000000,4283.461426,4264.102539,4311.794922,4286.666504,4286.922852,4273.974121,4333.974121,4398.846191,4296.153809,4277.307617,4473.717773,4506.153809,4337.948730,4397.307617,0.000000,1.000000,22.000000,,,,0.000000,2.000000,2.000000,0.000000,4.000000,2.000000,2.000000,0.000000,0.000000,4.000000,4.000000,4.000000,4.000000,4.000000,4.000000,0.000000,,,,,,,,,,,,,,,,,,,,,,,,,,,,
1732157924.137590,1732157924.139908,48.000000,0.000000,4289.102539,4266.410156,4314.487305,4289.743652,4274.743652,4274.743652,4334.102539,4400.897461,4296.153809,4278.717773,4475.769043,4507.307617,4342.563965,4398.717773,0.000000,1.000000,22.000000,,,,0.000000,2.000000,2.000000,0.000000,4.000000,2.000000,2.000000,0.000000,0.000000,4.000000,4.000000,4.000000,4.000000,4.000000,4.000000,0.000000,,,,,,,,,,,,,,,,,12.000000,0.000000,0.501863,0.466064,-0.557434,0.469238,0.984495,-0.050787,-0.056648,-35.885586,44.738304,31.586056
1732157924.145398,1732157924.147716,49.000000,0.000000,4287.436035,4268.077148,4311.153809,4290.128418,4253.846191,4278.974121,4335.128418,4401.922852,4297.563965,4283.205078,4477.307617,4508.077148,4343.205078,4400.769043,0.000000,1.000000,22.000000,,,,0.000000,2.000000,2.000000,0.000000,4.000000,2.000000,2.000000,0.000000,0.000000,4.000000,4.000000,4.000000,4.000000,4.000000,4.000000,0.000000,,,,,,,,,,,,,,,,,,,,,,,,,,,,
1732157924.153206,1732157924.155724,50.000000,0.000000,4280.897461,4268.589844,4309.871582,4285.512695,4259.871582,4278.461426,4334.615234,4397.948730,4297.692383,4282.820313,4471.666504,4506.666504,4334.615234,4399.871582,0.000000,1.000000,22.000000,,,,0.000000,2.000000,2.000000,0.000000,4.000000,2.000000,2.000000,0.000000,0.000000,4.000000,4.000000,4.000000,4.000000,4.000000,4.000000,0.000000,,,,,,,,,,,,,,,,,,,,,,,,,,,,
1732157924.161014,1732157924.163532,51.000000,0.000000,4279.230957,4266.538574,4311.922852,4283.333496,4269.615234,4276.153809,4334.615234,4397.051270,4293.461426,4273.717773,4464.743652,4498.717773,4328.846191,4394.743652,0.000000,1.000000,22.000000,,,,0.000000,2.000000,2.000000,0.000000,4.000000,2.000000,2.000000,0.000000,0.000000,4.000000,4.000000,4.000000,4.000000,4.000000,4.000000,0.000000,,,,,,,,,,,,,,,,,,,,,,,,,,,,
1732157924.168823,1732157924.171241,52.000000,0.000000,4280.897461,4264.871582,4312.436035,4285.128418,4260.000000,4277.692383,4334.743652,4399.102539,4288.589844,4272.179688,4468.846191,4494.743652,4331.794922,4392.179688,0.000000,1.000000,22.000000,,,,0.000000,2.000000,2.000000,0.000000,4.000000,2.000000,2.000000,0.000000,0.000000,4.000000,4.000000,4.000000,4.000000,4.000000,4.000000,0.000000,,,,,,,,,,,,,,,,,13.000000,0.000000,0.501863,0.466064,-0.557434,0.469238,0.984984,-0.052252,-0.063484,-35.948990,44.891361,31.729706
1732157924.176631,1732157924.179049,53.000000,0.000000,4281.153809,4265.512695,4309.615234,4283.974121,4267.692383,4278.333496,4334.615234,4398.077148,4290.000000,4277.820313,4474.358887,4499.358887,4335.897461,4392.307617,0.000000,1.000000,22.000000,,,,0.000000,2.000000,2.000000,0.000000,4.000000,2.000000,2.000000,0.000000,0.000000,4.000000,4.000000,4.000000,4.000000,4.000000,4.000000,0.000000,,,,,,,,,,,,,,,,,,,,,,,,,,,,
1732157924.184439,1732157924.187057,54.000000,0.000000,4279.743652,4266.025879,4309.102539,4278.717773,4287.307617,4275.512695,4334.743652,4399.230957,4293.589844,4273.333496,4470.897461,4503.077148,4333.077148,4392.436035,0.000000,1.000000,22.000000,,,,0.000000,2.000000,2.000000,0.000000,4.000000,2.000000,2.000000,0.000000,0.000000,4.000000,4.000000,4.000000,4.000000,4.000000,4.000000,0.000000,,,,,,,,,,,,,,,,,,,,,,,,,,,,
1732157924.192248,1732157924.194865,55.000000,0.000000,4281.538574,4266.025879,4312.563965,4282.436035,4273.974121,4275.769043,4334.615234,4402.692383,4294.358887,4270.128418,4469.871582,4503.333496,4328.846191,4394.871582,0.000000,1.000000,22.000000,,,,0.000000,2.000000,2.000000,0.000000,4.000000,2.000000,2.000000,0.000000,0.000000,4.000000,4.000000,4.000000,4.000000,4.000000,4.000000,0.000000,,,,,,,,,,,,,,,,,,,,,,,,,,,,
1732157924.200056,1732157924.202773,56.000000,0.000000,4285.641113,4267.307617,4313.589844,4293.333496,4252.563965,4278.333496,4334.743652,4401.666504,4295.128418,4278.846191,4474.615234,4510.384766,4333.589844,4398.974121,0.000000,1.000000,22.000000,,,,0.000000,2.000000,2.000000,0.000000,4.000000,2.000000,2.000000,0.000000,0.000000,4.000000,4.000000,4.000000,4.000000,4.000000,4.000000,0.000000,,,,,,,,,,,,,,,,,14.000000,0.000000,0.501990,0.465820,-0.557678,0.469055,0.973263,-0.051764,-0.059578,-36.085350,44.722000,31.622728
1732157924.207864,1732157924.210581,57.000000,0.000000,4284.871582,4266.410156,4312.820313,4288.077148,4257.051270,4280.641113,4334.615234,4398.974121,4296.410156,4278.589844,4471.025879,4516.282227,4334.487305,4399.487305,0.000000,1.000000,22.000000,,,,0.000000,2.000000,2.000000,0.000000,4.000000,2.000000,2.000000,0.000000,0.000000,4.000000,4.000000,4.000000,4.000000,4.000000,4.000000,0.000000,,,,,,,,,,,,,,,,,,,,,,,,,,,,
1732157924.215672,1732157924.218589,58.000000,0.000000,4281.025879,4264.487305,4311.794922,4279.102539,4269.358887,4281.025879,4334.743652,4399.615234,4293.461426,4263.333496,4461.666504,4510.769043,4325.897461,4395.128418,0.000000,1.000000,22.000000,,,,0.000000,2.000000,2.000000,0.000000,4.000000,2.000000,2.000000,0.000000,0.000000,4.000000,4.000000,4.000000,4.000000,4.000000,4.000000,0.000000,,,,,,,,,,,,,,,,,,,,,,,,,,,,
1732157924.223481,1732157924.226398,59.000000,0.000000,4282.436035,4265.256348,4311.666504,4282.948730,4266.666504,4281.666504,4334.615234,4401.794922,4293.461426,4261.794922,4456.538574,4505.512695,4323.205078,4390.641113,0.000000,1.000000,22.000000,,,,0.000000,2.000000,2.000000,0.000000,4.000000,2.000000,2.000000,0.000000,0.000000,4.000000,4.000000,4.000000,4.000000,4.000000,4.000000,0.000000,,,,,,,,,,,,,,,,,,,,,,,,,,,,
1732157924.231289,1732157924.234306,60.000000,0.000000,4283.333496,4264.358887,4311.794922,4282.436035,4261.410156,4283.205078,4334.615234,4402.563965,4297.051270,4272.436035,4458.974121,4504.230957,4326.922852,4386.794922,0.000000,1.000000,22.000000,,,,0.000000,2.000000,2.000000,0.000000,4.000000,2.000000,2.000000,0.000000,0.000000,4.000000,4.000000,4.000000,4.000000,4.000000,4.000000,0.000000,,,,,,,,,,,,,,,,,15.000000,0.000000,0.502013,0.465637,-0.557861,0.468994,0.970333,-0.065926,-0.052252,-36.332466,44.843155,31.761076
1732157924.239097,1732157924.242114,61.000000,0.000000,4281.666504,4262.820313,4312.692383,4277.307617,4272.692383,4281.922852,4334.743652,4400.512695,4293.846191,4271.410156,4465.769043,4504.230957,4327.820313,4388.717773,0.000000,1.000000,22.000000,,,,0.000000,2.000000,2.000000,0.000000,4.000000,2.000000,2.000000,0.000000,0.000000,4.000000,4.000000,4.000000,4.000000,4.000000,4.000000,0.000000,,,,,,,,,,,,,,,,,,,,,,,,,,,,
1732157924.246905,1732157924.250122,62.000000,0.000000,4286.666504,4269.871582,4312.179688,4285.256348,4283.589844,4278.205078,4334.615234,4397.692383,4289.615234,4270.000000,4471.666504,4505.000000,4331.153809,4396.282227,0.000000,1.000000,22.000000,,,,0.000000,2.000000,2.000000,0.000000,4.000000,2.000000,2.000000,0.000000,0.000000,4.000000,4.000000,4.000000,4.000000,4.000000,4.000000,0.000000,,,,,,,,,,,,,,,,,,,,,,,,,,,,
1732157924.254713,1732157924.257930,63.000000,0.000000,4291.538574,4276.025879,4309.487305,4293.333496,4271.025879,4277.563965,4334.743652,4400.000000,4288.974121,4277.692383,4473.461426,4507.051270,4336.794922,4397.179688,0.000000,1.000000,22.000000,,,,0.000000,2.000000,2.000000,0.000000,4.000000,2.000000,2.000000,0.000000,0.000000,4.000000,4.000000,4.000000,4.000000,4.000000,4.000000,0.000000,,,,,,,,,,,,,,,,,,,,,,,,,,,,
1732157924.262522,1732157924.265838,64.000000,0.000000,4285.256348,4267.692383,4309.230957,4288.589844,4253.846191,4280.897461,4334.615234,4401.282227,4294.102539,4281.025879,4471.666504,4506.410156,4334.871582,4387.436035,0.000000,1.000000,22.000000,,,,0.000000,2.000000,2.000000,0.000000,4.000000,2.000000,2.000000,0.000000,0.000000,4.000000,4.000000,4.000000,4.000000,4.000000,4.000000,0.000000,,,,,,,,,,,,,,,,,16.000000,0.000000,0.501670,0.466003,-0.557556,0.469360,0.980588,-0.061043,-0.046392,-36.277630,44.981289,31.666471
1732157924.270330,1732157924.273646,65.000000,0.000000,4277.307617,4262.948730,4310.641113,4288.077148,4261.538574,4280.512695,4334.615234,4398.846191,4296.538574,4277.051270,4472.051270,4505.512695,4332.948730,4385.256348,1603.000000,1.000000,22.000000,,,,0.000000,2.000000,2.000000,0.000000,4.000000,2.000000,2.000000,0.000000,0.000000,4.000000,4.000000,4.000000,4.000000,4.000000,4.000000,0.000000,,,,,,,,,,,,,,,,,,,,,,,,,,,,
1732157924.278138,1732157924.281654,66.000000,0.000000,4282.436035,4272.563965,4311.538574,4293.589844,4273.077148,4279.743652,4334.743652,4398.077148,4288.077148,4275.641113,4472.179688,4507.307617,4334.358887,4394.615234,1366.000000,1.000000,22.000000,,,,0.000000,2.000000,2.000000,0.000000,4.000000,2.000000,2.000000,0.000000,0.000000,4.000000,4.000000,4.000000,4.000000,4.000000,4.000000,0.000000,,,,,,,,,,,,,,,,,,,,,,,,,,,,
1732157924.285946,1732157924.289463,67.000000,0.000000,4293.846191,4279.743652,4311.922852,4296.410156,4267.948730,4281.153809,4334.743652,4398.717773,4284.615234,4277.948730,4472.051270,4506.538574,4335.769043,4399.615234,1422.000000,1.000000,22.000000,,,,0.000000,2.000000,2.000000,0.000000,4.000000,2.000000,2.000000,0.000000,0.000000,4.000000,4.000000,4.000000,4.000000,4.000000,4.000000,0.000000,,,,,,,,,,,,,,,,,,,,,,,,,,,,
1732157924.293755,1732157924.297371,68.000000,0.000000,4291.922852,4276.922852,4311.025879,4295.128418,4264.358887,4280.897461,4334.615234,4398.846191,4297.692383,4279.615234,4474.230957,4505.384766,4337.563965,4396.922852,1416.000000,1.000000,22.000000,,,,0.000000,2.000000,2.000000,0.000000,4.000000,2.000000,2.000000,0.000000,0.000000,4.000000,4.000000,4.000000,4.000000,4.000000,4.000000,0.000000,,,,,,,,,,,,,,,,,17.000000,0.000000,0.501578,0.466125,-0.557434,0.469482,0.980588,-0.061043,-0.046392,-36.319881,44.826511,31.381508
1732157924.301563,1732157924.305179,69.000000,0.000000,4281.922852,4269.102539,4309.615234,4286.410156,4278.205078,4280.256348,4334.743652,4398.205078,4296.794922,4277.692383,4473.077148,4505.512695,4336.282227,4392.692383,1212.000000,1.000000,22.000000,,,,0.000000,2.000000,2.000000,0.000000,4.000000,2.000000,2.000000,0.000000,0.000000,4.000000,4.000000,4.000000,4.000000,4.000000,4.000000,0.000000,,,,,,,,,,,,,,,,,,,,,,,,,,,,
1732157924.309371,1732157924.312787,70.000000,0.000000,4280.128418,4269.743652,4309.487305,4285.128418,4287.436035,4280.000000,4334.871582,4399.230957,4282.820313,4274.358887,4470.897461,4506.922852,4337.179688,4390.769043,0.000000,1.000000,22.000000,,,,0.000000,2.000000,2.000000,0.000000,4.000000,2.000000,2.000000,0.000000,0.000000,4.000000,4.000000,4.000000,4.000000,4.000000,4.000000,0.000000,,,,,,,,,,,,,,,,,,,,,,,,,,,,
1732157924.317180,1732157924.320596,71.000000,0.000000,4283.974121,4276.410156,4311.025879,4295.641113,4269.871582,4279.487305,4334.871582,4398.717773,4287.436035,4277.948730,4473.077148,4508.717773,4339.487305,4391.410156,0.000000,1.000000,22.000000,,,,0.000000,2.000000,2.000000,0.000000,4.000000,2.000000,2.000000,0.000000,0.000000,4.000000,4.000000,4.000000,4.000000,4.000000,4.000000,0.000000,,,,,,,,,,,,,,,,,,,,,,,,,,,,
1732157924.324988,1732157924.328304,72.000000,0.000000,4284.102539,4272.179688,4311.282227,4297.436035,4256.410156,4281.538574,4334.743652,4397.563965,4293.205078,4279.871582,4472.051270,4508.846191,4335.000000,4390.128418,1524.000000,1.000000,22.000000,,,,0.000000,2.000000,2.000000,0.000000,4.000000,2.000000,2.000000,0.000000,0.000000,4.000000,4.000000,4.000000,4.000000,4.000000,4.000000,0.000000,,,,,,,,,,,,,,,,,18.000000,0.000000,0.501521,0.466187,-0.557434,0.469482,0.962520,-0.058601,-0.057624,-36.157436,44.839474,31.424023
1732157924.332796,1732157924.336112,73.000000,0.000000,4282.051270,4263.077148,4311.666504,4291.410156,4265.769043,4282.692383,4334.743652,4398.205078,4288.205078,4276.282227,4464.487305,4507.051270,4331.410156,4385.641113,1686.000000,1.000000,22.000000,,,,0.000000,2.000000,2.000000,0.000000,4.000000,2.000000,2.000000,0.000000,0.000000,4.000000,4.000000,4.000000,4.000000,4.000000,4.000000,0.000000,,,,,,,,,,,,,,,,,,,,,,,,,,,,
1732157924.340604,1732157924.343720,74.000000,0.000000,4280.128418,4267.179688,4314.487305,4290.897461,4271.666504,4280.128418,4334.743652,4398.846191,4293.846191,4276.153809,4464.615234,4505.769043,4335.256348,4386.922852,1546.000000,1.000000,22.000000,,,,0.000000,2.000000,2.000000,0.000000,4.000000,2.000000,2.000000,0.000000,0.000000,4.000000,4.000000,4.000000,4.000000,4.000000,4.000000,0.000000,,,,,,,,,,,,,,,,,,,,,,,,,,,,
1732157924.348412,1732157924.351529,75.000000,0.000000,4281.922852,4271.922852,4315.256348,4294.487305,4266.666504,4280.512695,4334.743652,4397.948730,4295.256348,4278.589844,4471.538574,4506.538574,4336.153809,4389.871582,1566.000000,1.000000,22.000000,,,,0.000000,2.000000,2.000000,0.000000,4.000000,2.000000,2.000000,0.000000,0.000000,4.000000,4.000000,4.000000,4.000000,4.000000,4.000000,0.000000,,,,,,,,,,,,,,,,,,,,,,,,,,,,
1732157924.356221,1732157924.359237,76.000000,0.000000,4282.692383,4266.025879,4313.461426,4294.358887,4276.153809,4282.563965,4334.743652,4397.307617,4284.487305,4277.436035,4471.922852,4505.769043,4333.461426,4388.077148,1701.000000,1.000000,22.000000,,,,0.000000,2.000000,2.000000,0.000000,4.000000,2.000000,2.000000,0.000000,0.000000,4.000000,4.000000,4.000000,4.000000,4.000000,4.000000,0.000000,,,,,,,,,,,,,,,,,19.000000,0.000000,0.501646,0.465698,-0.557678,0.469543,0.985960,-0.069344,-0.049322,-36.142525,44.771641,31.436790
1732157924.364029,1732157924.367045,77.000000,0.000000,4280.769043,4268.846191,4312.179688,4293.846191,4290.000000,4281.025879,4335.128418,4400.000000,4287.820313,4277.436035,4470.512695,4506.153809,4336.538574,4390.641113,1616.000000,1.000000,22.000000,,,,0.000000,2.000000,2.000000,0.000000,4.000000,2.000000,2.000000,0.000000,0.000000,4.000000,4.000000,4.000000,4.000000,4.000000,4.000000,0.000000,,,,,,,,,,,,,,,,,,,,,,,,,,,,
1732157924.371837,1732157924.374654,78.000000,0.000000,4288.461426,4277.948730,4311.666504,4294.487305,4278.205078,4278.717773,4334.358887,4401.922852,4299.743652,4281.538574,4474.102539,4511.538574,4341.410156,4398.077148,1546.000000,1.000000,22.000000,,,,0.000000,2.000000,2.000000,0.000000,4.000000,2.000000,2.000000,0.000000,0.000000,4.000000,4.000000,4.000000,4.000000,4.000000,4.000000,0.000000,1.000000,0.000000,1.000000,1.000000,0.000000,4.000000,2.000000,1.000000,0.000000,0.000000,1.000000,4.000000,4.000000,4.000000,1.000000,4.000000,,,,,,,,,,,,
1732157924.379645,1732157924.382462,79.000000,0.000000,4296.410156,4278.846191,4310.897461,4295.384766,4259.871582,4278.461426,4334.871582,4398.974121,4297.563965,4284.102539,4474.871582,4512.948730,4342.179688,4400.000000,1566.000000,1.000000,22.000000,,,,0.000000,2.000000,2.000000,0.000000,4.000000,2.000000,2.000000,0.000000,0.000000,4.000000,4.000000,4.000000,4.000000,4.000000,4.000000,0.000000,,,,,,,,,,,,,,,,,,,,,,,,,,,,
1732157924.387454,1732157924.390370,80.000000,0.000000,4295.128418,4278.333496,4311.666504,4295.897461,4260.384766,4281.025879,4337.179688,4397.307617,4291.153809,4281.666504,4472.692383,4507.179688,4337.436035,4395.897461,1701.000000,1.000000,22.000000,,,,0.000000,2.000000,2.000000,0.000000,4.000000,2.000000,2.000000,0.000000,0.000000,4.000000,4.000000,4.000000,4.000000,4.000000,4.000000,0.000000,,,,,,,,,,,,,,,,,20.000000,0.000000,0.501691,0.465515,-0.557739,0.469604,0.985960,-0.069344,-0.049322,-36.098778,44.723362,31.483801
1732157924.395262,1732157924.398178,81.000000,0.000000,4293.589844,4278.205078,4311.922852,4295.897461,4274.358887,4285.256348,4333.974121,4399.615234,4290.769043,4279.102539,4472.179688,4506.025879,4334.487305,4395.256348,1616.000000,1.000000,22.000000,,,,0.000000,2.000000,2.000000,0.000000,4.000000,2.000000,2.000000,0.000000,0.000000,4.000000,4.000000,4.000000,4.000000,4.000000,4.000000,0.000000,,,,,,,,,,,,,,,,,,,,,,,,,,,,
1732157924.403070,1732157924.405787,82.000000,0.000000,4289.743652,4270.384766,4310.256348,4295.256348,4287.436035,4285.256348,4329.230957,4400.512695,4291.794922,4281.025879,4471.666504,4510.897461,4337.307617,4397.563965,1546.000000,1.000000,22.000000,,,,0.000000,2.000000,2.000000,0.000000,4.000000,2.000000,2.000000,0.000000,0.000000,4.000000,4.000000,4.000000,4.000000,4.000000,4.000000,0.000000,,,,,,,,,,,,,,,,,,,,,,,,,,,,
1732157924.410879,1732157924.413595,83.000000,0.000000,4285.897461,4265.512695,4310.897461,4293.846191,4285.000000,4280.641113,4332.307617,4398.077148,4292.436035,4282.179688,4470.641113,4509.871582,4339.487305,4397.563965,1566.000000,1.000000,22.000000,,,,0.000000,2.000000,2.000000,0.000000,4.000000,2.000000,2.000000,0.000000,0.000000,4.000000,4.000000,4.000000,4.000000,4.000000,4.000000,0.000000,,,,,,,,,,,,,,,,,,,,,,,,,,,,
1732157924.418687,1732157924.421303,84.000000,0.000000,4291.922852,4273.589844,4313.717773,4294.487305,4265.769043,4278.333496,4335.897461,4397.692383,4294.102539,4285.641113,4471.922852,4506.282227,4339.615234,4397.051270,1701.000000,1.000000,22.000000,,,,0.000000,2.000000,2.000000,0.000000,4.000000,2.000000,2.000000,0.000000,0.000000,4.000000,4.000000,4.000000,4.000000,4.000000,4.000000,0.000000,,,,,,,,,,,,,,,,,21.000000,0.000000,0.501510,0.465210,-0.558105,0.469666,0.976193,-0.063973,-0.049322,-35.985008,44.870922,31.708546
1732157924.426495,1732157924.429111,85.000000,0.000000,4296.666504,4278.589844,4313.077148,4295.000000,4257.948730,4280.000000,4334.102539,4398.205078,4293.205078,4291.282227,4473.974121,4508.589844,4340.897461,4397.436035,1616.000000,1.000000,22.000000,,,,0.000000,2.000000,2.000000,0.000000,4.000000,2.000000,2.000000,0.000000,0.000000,4.000000,4.000000,4.000000,4.000000,4.000000,4.000000,0.000000,,,,,,,,,,,,,,,,,,,,,,,,,,,,
1732157924.434303,1732157924.437119,86.000000,0.000000,4292.307617,4270.256348,4310.769043,4291.666504,4266.282227,4282.436035,4334.102539,4397.436035,4291.794922,4289.230957,4474.102539,4511.025879,4342.563965,4398.333496,1546.000000,1.000000,22.000000,,,,0.000000,2.000000,2.000000,0.000000,4.000000,2.000000,2.000000,0.000000,0.000000,4.000000,4.000000,4.000000,4.000000,4.000000,4.000000,0.000000,,,,,,,,,,,,,,,,,,,,,,,,,,,,
1732157924.442111,1732157924.444928,87.000000,0.000000,4292.436035,4265.128418,4310.641113,4291.538574,4270.256348,4281.922852,4335.384766,4398.333496,4294.358887,4282.692383,4474.102539,4508.974121,4345.000000,4398.077148,1566.000000,1.000000,22.000000,,,,0.000000,2.000000,2.000000,0.000000,4.000000,2.000000,2.000000,0.000000,0.000000,4.000000,4.000000,4.000000,4.000000,4.000000,4.000000,0.000000,,,,,,,,,,,,,,,,,,,,,,,,,,,,
1732157924.449920,1732157924.452836,88.000000,0.000000,4292.692383,4267.948730,4312.563965,4294.743652,4270.897461,4276.922852,4334.358887,4399.358887,4297.179688,4281.153809,4474.230957,4505.512695,4342.051270,4397.692383,1701.000000,1.000000,22.000000,,,,0.000000,2.000000,2.000000,0.000000,4.000000,2.000000,2.000000,0.000000,0.000000,4.000000,4.000000,4.000000,4.000000,4.000000,4.000000,0.000000,,,,,,,,,,,,,,,,,22.000000,0.000000,0.501955,0.464783,-0.558472,0.469177,0.976193,-0.059089,-0.056648,-35.912857,44.812115,31.832254
1732157924.457728,1732157924.460644,89.000000,0.000000,4287.307617,4269.487305,4311.794922,4294.358887,4275.256348,4276.794922,4334.615234,4398.077148,4293.846191,4283.846191,4472.820313,4506.282227,4334.230957,4397.563965,1616.000000,1.000000,22.000000,,,,0.000000,2.000000,2.000000,0.000000,4.000000,2.000000,2.000000,0.000000,0.000000,4.000000,4.000000,4.000000,4.000000,4.000000,4.000000,0.000000,,,,,,,,,,,,,,,,,,,,,,,,,,,,
1732157924.465536,1732157924.468652,90.000000,0.000000,4288.077148,4266.538574,4309.102539,4291.922852,4290.641113,4281.538574,4334.871582,4398.717773,4292.436035,4284.358887,4471.922852,4507.179688,4338.205078,4398.205078,1546.000000,1.000000,22.000000,,,,0.000000,2.000000,2.000000,0.000000,4.000000,2.000000,2.000000,0.000000,0.000000,4.000000,4.000000,4.000000,4.000000,4.000000,4.000000,0.000000,,,,,,,,,,,,,,,,,,,,,,,,,,,,
1732157924.473344,1732157924.476460,91.000000,0.000000,4292.948730,4267.692383,4311.666504,4292.307617,4296.025879,4280.897461,4334.102539,4400.641113,4298.205078,4283.717773,4472.948730,4505.384766,4346.410156,4398.717773,1566.000000,1.000000,22.000000,,,,0.000000,2.000000,2.000000,0.000000,4.000000,2.000000,2.000000,0.000000,0.000000,4.000000,4.000000,4.000000,4.000000,4.000000,4.000000,0.000000,,,,,,,,,,,,,,,,,,,,,,,,,,,,
1732157924.481153,1732157924.484168,92.000000,0.000000,4293.589844,4270.512695,4313.717773,4294.102539,4270.897461,4279.102539,4334.487305,4399.743652,4297.436035,4282.692383,4473.974121,4507.307617,4344.743652,4398.974121,1701.000000,1.000000,22.000000,,,,0.000000,2.000000,2.000000,0.000000,4.000000,2.000000,2.000000,0.000000,0.000000,4.000000,4.000000,4.000000,4.000000,4.000000,4.000000,0.000000,,,,,,,,,,,,,,,,,23.000000,0.000000,0.501898,0.464783,-0.558472,0.469238,0.977170,-0.066414,-0.051764,-35.862747,44.889481,31.770794
1732157924.488961,1732157924.491977,93.000000,0.000000,4291.794922,4271.410156,4311.410156,4293.974121,4256.282227,4282.436035,4335.000000,4397.436035,4287.307617,4282.307617,4475.128418,4510.512695,4346.153809,4401.538574,1616.000000,1.000000,22.000000,,,,0.000000,2.000000,2.000000,0.000000,4.000000,2.000000,2.000000,0.000000,0.000000,4.000000,4.000000,4.000000,4.000000,4.000000,4.000000,0.000000,,,,,,,,,,,,,,,,,,,,,,,,,,,,
1732157924.496769,1732157924.499585,94.000000,0.000000,4291.922852,4274.358887,4309.615234,4295.512695,4277.179688,4282.563965,4334.487305,4396.794922,4285.512695,4282.692383,4475.897461,4514.230957,4352.563965,4405.256348,1546.000000,1.000000,22.000000,,,,0.000000,2.000000,2.000000,0.000000,4.000000,2.000000,2.000000,0.000000,0.000000,4.000000,4.000000,4.000000,4.000000,4.000000,4.000000,0.000000,,,,,,,,,,,,,,,,,,,,,,,,,,,,
1732157924.504578,1732157924.507393,95.000000,0.000000,4293.717773,4274.615234,4313.077148,4296.538574,4283.846191,4281.794922,4334.615234,4397.820313,4293.589844,4280.897461,4475.256348,4516.538574,4348.846191,4403.846191,1566.000000,1.000000,22.000000,,,,0.000000,2.000000,2.000000,0.000000,4.000000,2.000000,2.000000,0.000000,0.000000,4.000000,4.000000,4.000000,4.000000,4.000000,4.000000,0.000000,,,,,,,,,,,,,,,,,,,,,,,,,,,,
1732157924.512386,1732157924.515301,96.000000,0.000000,4290.769043,4272.307617,4315.256348,4294.743652,4273.333496,4286.025879,4335.000000,4399.102539,4296.282227,4279.230957,4473.974121,4512.179688,4342.563965,4398.717773,1701.000000,1.000000,22.000000,,,,0.000000,2.000000,2.000000,0.000000,4.000000,2.000000,2.000000,0.000000,0.000000,4.000000,4.000000,4.000000,4.000000,4.000000,4.000000,0.000000,,,,,,,,,,,,,,,,,24.000000,0.000000,0.502046,0.464600,-0.558594,0.469116,0.978147,-0.066903,-0.047857,-35.793827,44.752144,31.941010
1732157924.520194,1732157924.523109,97.000000,0.000000,4283.974121,4271.282227,4313.846191,4293.461426,4289.487305,4284.487305,4335.000000,4398.589844,4292.948730,4280.128418,4473.461426,4507.307617,4344.358887,4396.538574,1616.000000,1.000000,22.000000,,,,0.000000,2.000000,2.000000,0.000000,4.000000,2.000000,2.000000,0.000000,0.000000,4.000000,4.000000,4.000000,4.000000,4.000000,4.000000,0.000000,,,,,,,,,,,,,,,,,,,,,,,,,,,,
1732157924.528002,1732157924.531117,98.000000,0.000000,4282.563965,4267.436035,4310.512695,4292.820313,4298.205078,4278.589844,4334.358887,4397.051270,4293.717773,4281.282227,4471.538574,4507.179688,4345.641113,4396.282227,1546.000000,1.000000,22.000000,,,,0.000000,2.000000,2.000000,0.000000,4.000000,2.000000,2.000000,0.000000,0.000000,4.000000,4.000000,4.000000,4.000000,4.000000,4.000000,0.000000,,,,,,,,,,,,,,,,,,,,,,,,,,,,
1732157924.535810,1732157924.538926,99.000000,0.000000,4287.307617,4264.615234,4309.615234,4291.153809,4272.563965,4282.051270,4335.384766,4399.230957,4297.436035,4279.487305,4470.769043,4507.179688,4346.666504,4397.051270,1566.000000,1.000000,22.000000,,,,0.000000,2.000000,2.000000,0.000000,4.000000,2.000000,2.000000,0.000000,0.000000,4.000000,4.000000,4.000000,4.000000,4.000000,4.000000,0.000000,,,,,,,,,,,,,,,,,,,,,,,,,,,,
1732157924.543619,1732157924.546834,100.000000,0.000000,4292.307617,4270.641113,4312.051270,4291.922852,4258.077148,4284.230957,4336.666504,4401.282227,4296.794922,4283.589844,4474.102539,4505.769043,4350.641113,4399.615234,1701.000000,1.000000,22.000000,,,,0.000000,2.000000,2.000000,0.000000,4.000000,2.000000,2.000000,0.000000,0.000000,4.000000,4.000000,4.000000,4.000000,4.000000,4.000000,0.000000,,,,,,,,,,,,,,,,,25.000000,0.000000,0.502023,0.464478,-0.558716,0.469116,0.971310,-0.059578,-0.057624,-35.757999,44.835903,31.792217
1732157924.551427,1732157924.554642,101.000000,0.000000,4293.461426,4276.025879,4312.948730,4293.077148,4269.230957,4279.615234,4335.000000,4398.333496,4298.589844,4292.820313,4476.282227,4510.000000,4351.538574,4400.128418,1616.000000,1.000000,22.000000,,,,0.000000,2.000000,2.000000,0.000000,4.000000,2.000000,2.000000,0.000000,0.000000,4.000000,4.000000,4.000000,4.000000,4.000000,4.000000,0.000000,,,,,,,,,,,,,,,,,,,,,,,,,,,,
1732157924.559235,1732157924.562650,102.000000,0.000000,4293.205078,4275.000000,4311.410156,4293.461426,4275.897461,4282.307617,4333.077148,4397.179688,4300.641113,4289.487305,4474.487305,4513.077148,4350.512695,4397.820313,1546.000000,1.000000,22.000000,,,,0.000000,2.000000,2.000000,0.000000,4.000000,2.000000,2.000000,0.000000,0.000000,4.000000,4.000000,4.000000,4.000000,4.000000,4.000000,0.000000,,,,,,,,,,,,,,,,,,,,,,,,,,,,
1732157924.567043,1732157924.570458,103.000000,0.000000,4293.333496,4278.077148,4311.666504,4294.743652,4284.230957,4285.769043,4334.358887,4399.230957,4292.051270,4279.102539,4472.436035,4507.692383,4349.230957,4397.436035,1566.000000,1.000000,22.000000,,,,0.000000,2.000000,2.000000,0.000000,4.000000,2.000000,2.000000,0.000000,0.000000,4.000000,4.000000,4.000000,4.000000,4.000000,4.000000,0.000000,,,,,,,,,,,,,,,,,,,,,,,,,,,,
1732157924.574852,1732157924.578366,104.000000,0.000000,4295.000000,4280.256348,4313.333496,4296.282227,4291.410156,4280.641113,4335.256348,4399.487305,4284.871582,4277.051270,4472.179688,4504.743652,4347.307617,4399.487305,1701.000000,1.000000,22.000000,,,,0.000000,2.000000,2.000000,0.000000,4.000000,2.000000,2.000000,0.000000,0.000000,4.000000,4.000000,4.000000,4.000000,4.000000,4.000000,0.000000,,,,,,,,,,,,,,,,,26.000000,0.000000,0.502057,0.464661,-0.558533,0.469116,0.985472,-0.042486,-0.062996,-35.853981,44.812080,31.808363
1732157924.582660,1732157924.586175,105.000000,0.000000,4297.563965,4280.128418,4313.333496,4299.487305,4272.692383,4280.128418,4333.461426,4399.102539,4290.256348,4279.358887,4471.666504,4507.692383,4348.717773,4400.769043,1616.000000,1.000000,22.000000,,,,0.000000,2.000000,2.000000,0.000000,4.000000,2.000000,2.000000,0.000000,0.000000,4.000000,4.000000,4.000000,4.000000,4.000000,4.000000,0.000000,,,,,,,,,,,,,,,,,,,,,,,,,,,,
1732157924.590468,1732157924.593783,106.000000,0.000000,4297.948730,4281.153809,4312.051270,4304.358887,4259.102539,4283.717773,4333.077148,4398.846191,4294.871582,4279.615234,4470.512695,4508.077148,4351.538574,4402.179688,1546.000000,1.000000,22.000000,,,,0.000000,2.000000,2.000000,0.000000,4.000000,2.000000,2.000000,0.000000,0.000000,4.000000,4.000000,4.000000,4.000000,4.000000,4.000000,0.000000,,,,,,,,,,,,,,,,,,,,,,,,,,,,
1732157924.598277,1732157924.601591,107.000000,0.000000,4297.436035,4281.153809,4311.410156,4304.230957,4275.128418,4281.410156,4334.743652,4399.743652,4291.794922,4280.256348,4472.307617,4509.230957,4350.128418,4406.410156,1566.000000,1.000000,22.000000,,,,0.000000,2.000000,2.000000,0.000000,4.000000,2.000000,2.000000,0.000000,0.000000,4.000000,4.000000,4.000000,4.000000,4.000000,4.000000,0.000000,,,,,,,,,,,,,,,,,,,,,,,,,,,,
1732157924.606085,1732157924.609499,108.000000,0.000000,4296.153809,4278.717773,4312.307617,4302.307617,4283.717773,4279.487305,4335.897461,4399.743652,4295.641113,4281.410156,4473.461426,4515.512695,4350.000000,4408.974121,1701.000000,1.000000,22.000000,,,,0.000000,2.000000,2.000000,0.000000,4.000000,2.000000,2.000000,0.000000,0.000000,4.000000,4.000000,4.000000,4.000000,4.000000,4.000000,0.000000,,,,,,,,,,,,,,,,,27.000000,0.000000,0.502160,0.464539,-0.558594,0.469055,0.975217,-0.048834,-0.049811,-36.120056,44.832787,31.669773
1732157924.613893,1732157924.617307,109.000000,0.000000,4296.282227,4279.871582,4312.051270,4301.794922,4272.179688,4282.436035,4336.410156,4396.538574,4298.717773,4281.410156,4473.974121,4516.025879,4350.769043,4406.410156,1616.000000,1.000000,22.000000,,,,0.000000,2.000000,2.000000,0.000000,4.000000,2.000000,2.000000,0.000000,0.000000,4.000000,4.000000,4.000000,4.000000,4.000000,4.000000,0.000000,,,,,,,,,,,,,,,,,,,,,,,,,,,,
1732157924.621701,1732157924.625315,110.000000,0.000000,4297.179688,4280.384766,4311.153809,4299.487305,4283.077148,4281.794922,4335.384766,4396.282227,4288.974121,4277.692383,4473.589844,4510.000000,4346.153809,4403.205078,1546.000000,1.000000,22.000000,,,,0.000000,2.000000,2.000000,0.000000,4.000000,2.000000,2.000000,0.000000,0.000000,4.000000,4.000000,4.000000,4.000000,4.000000,4.000000,0.000000,,,,,,,,,,,,,,,,,,,,,,,,,,,,
1732157924.629509,1732157924.633124,111.000000,0.000000,4297.563965,4278.077148,4311.282227,4299.615234,4300.000000,4279.230957,4333.974121,4399.230957,4285.897461,4272.436035,4468.333496,4508.461426,4341.410156,4400.641113,1566.000000,1.000000,22.000000,,,,0.000000,2.000000,2.000000,0.000000,4.000000,2.000000,2.000000,0.000000,0.000000,4.000000,4.000000,4.000000,4.000000,4.000000,4.000000,0.000000,,,,,,,,,,,,,,,,,,,,,,,,,,,,
1732157924.637318,1732157924.641032,112.000000,0.000000,4296.538574,4279.102539,4311.538574,4304.743652,4280.384766,4283.717773,4335.128418,4399.615234,4295.512695,4276.025879,4465.769043,4511.538574,4340.897461,4396.922852,1701.000000,1.000000,22.000000,,,,0.000000,2.000000,2.000000,0.000000,4.000000,2.000000,2.000000,0.000000,0.000000,4.000000,4.000000,4.000000,4.000000,4.000000,4.000000,0.000000,,,,,,,,,,,,,,,,,28.000000,0.000000,0.502057,0.464661,-0.558533,0.469116,0.980588,-0.056648,-0.052741,-36.128914,44.927891,31.669184
1732157924.645126,1732157924.648840,113.000000,0.000000,4297.179688,4281.922852,4310.128418,4307.179688,4263.077148,4291.538574,4336.025879,4397.051270,4300.128418,4282.563965,4472.563965,4511.922852,4343.589844,4399.102539,1616.000000,1.000000,22.000000,,,,0.000000,2.000000,2.000000,0.000000,4.000000,2.000000,2.000000,0.000000,0.000000,4.000000,4.000000,4.000000,4.000000,4.000000,4.000000,0.000000,,,,,,,,,,,,,,,,,,,,,,,,,,,,
1732157924.652934,1732157924.656848,114.000000,0.000000,4300.256348,4282.051270,4313.205078,4306.922852,4280.512695,4290.897461,4333.717773,4396.282227,4293.333496,4281.025879,4477.948730,4510.384766,4346.410156,4405.769043,1546.000000,1.000000,22.000000,,,,0.000000,2.000000,2.000000,0.000000,4.000000,2.000000,2.000000,0.000000,0.000000,4.000000,4.000000,4.000000,4.000000,4.000000,4.000000,0.000000,,,,,,,,,,,,,,,,,,,,,,,,,,,,
1732157924.660742,1732157924.664656,115.000000,0.000000,4300.000000,4280.641113,4315.641113,4308.205078,4289.358887,4287.820313,4333.333496,4397.307617,4291.794922,4279.358887,4475.384766,4510.512695,4344.871582,4402.307617,1566.000000,1.000000,22.000000,,,,0.000000,2.000000,2.000000,0.000000,4.000000,2.000000,2.000000,0.000000,0.000000,4.000000,4.000000,4.000000,4.000000,4.000000,4.000000,0.000000,,,,,,,,,,,,,,,,,,,,,,,,,,,,
1732157924.668551,1732157924.672564,116.000000,0.000000,4297.436035,4280.000000,4313.205078,4305.128418,4276.922852,4287.563965,4335.128418,4398.461426,4293.589844,4281.153809,4473.974121,4509.358887,4339.615234,4398.717773,1701.000000,1.000000,22.000000,,,,0.000000,2.000000,2.000000,0.000000,4.000000,2.000000,2.000000,0.000000,0.000000,4.000000,4.000000,4.000000,4.000000,4.000000,4.000000,0.000000,,,,,,,,,,,,,,,,,29.000000,0.000000,0.502216,0.464478,-0.558594,0.469055,0.975217,-0.054694,-0.041021,-36.229420,44.711590,31.658705
1732157924.676359,1732157924.680373,117.000000,0.000000,4297.179688,4279.487305,4311.922852,4299.871582,4289.615234,4283.846191,4334.358887,4398.717773,4290.128418,4278.846191,4475.769043,4504.871582,4342.563965,4407.307617,1616.000000,1.000000,22.000000,,,,0.000000,2.000000,2.000000,0.000000,4.000000,2.000000,2.000000,0.000000,0.000000,4.000000,4.000000,4.000000,4.000000,4.000000,4.000000,0.000000,,,,,,,,,,,,,,,,,,,,,,,,,,,,
1732157924.684167,1732157924.688381,118.000000,0.000000,4298.717773,4279.487305,4314.102539,4299.230957,4300.512695,4279.743652,4333.589844,4399.358887,4291.794922,4277.307617,4476.538574,4509.487305,4350.512695,4415.128418,1546.000000,1.000000,22.000000,,,,0.000000,2.000000,2.000000,0.000000,4.000000,2.000000,2.000000,0.000000,0.000000,4.000000,4.000000,4.000000,4.000000,4.000000,4.000000,0.000000,,,,,,,,,,,,,,,,,,,,,,,,,,,,
1732157924.691975,1732157924.696189,119.000000,0.000000,4298.846191,4280.000000,4314.743652,4300.512695,4272.563965,4281.410156,4334.102539,4400.256348,4295.256348,4279.615234,4476.666504,4522.436035,4347.563965,4413.461426,1566.000000,1.000000,22.000000,,,,0.000000,2.000000,2.000000,0.000000,4.000000,2.000000,2.000000,0.000000,0.000000,4.000000,4.000000,4.000000,4.000000,4.000000,4.000000,0.000000,,,,,,,,,,,,,,,,,,,,,,,,,,,,
1732157924.699784,1732157924.703897,120.000000,0.000000,4297.820313,4276.282227,4313.717773,4301.025879,4256.025879,4282.820313,4333.974121,4400.128418,4293.461426,4279.743652,4475.641113,4523.333496,4341.794922,4412.307617,1701.000000,1.000000,22.000000,,,,0.000000,2.000000,2.000000,0.000000,4.000000,2.000000,2.000000,0.000000,0.000000,4.000000,4.000000,4.000000,4.000000,4.000000,4.000000,0.000000,,,,,,,,,,,,,,,,,30.000000,0.000000,0.501988,0.464783,-0.558289,0.469360,0.972287,-0.058601,-0.054694,-36.364162,44.636391,31.588551
1732157924.707592,1732157924.711705,121.000000,0.000000,4296.025879,4272.051270,4316.153809,4298.461426,4275.641113,4281.922852,4334.230957,4400.512695,4292.179688,4279.871582,4476.538574,4515.512695,4346.153809,4411.922852,1616.000000,1.000000,22.000000,,,,0.000000,2.000000,2.000000,0.000000,4.000000,2.000000,2.000000,0.000000,0.000000,4.000000,4.000000,4.000000,4.000000,4.000000,4.000000,0.000000,,,,,,,,,,,,,,,,,,,,,,,,,,,,
1732157924.715400,1732157924.719314,122.000000,0.000000,4293.974121,4274.358887,4317.051270,4296.153809,4282.179688,4281.666504,4335.000000,4400.256348,4295.512695,4281.282227,4477.563965,4511.153809,4348.974121,4407.820313,1546.000000,1.000000,22.000000,,,,0.000000,2.000000,2.000000,0.000000,4.000000,2.000000,2.000000,0.000000,0.000000,4.000000,4.000000,4.000000,4.000000,4.000000,4.000000,0.000000,,,,,,,,,,,,,,,,,,,,,,,,,,,,
1732157924.723208,1732157924.727122,123.000000,0.000000,4294.102539,4277.436035,4312.051270,4295.512695,4275.641113,4281.410156,4334.743652,4397.563965,4295.897461,4279.615234,4472.436035,4507.436035,4342.948730,4402.307617,1566.000000,1.000000,22.000000,,,,0.000000,2.000000,2.000000,0.000000,4.000000,2.000000,2.000000,0.000000,0.000000,4.000000,4.000000,4.000000,4.000000,4.000000,4.000000,0.000000,,,,,,,,,,,,,,,,,,,,,,,,,,,,
1732157924.731017,1732157924.734830,124.000000,0.000000,4293.974121,4276.794922,4309.102539,4293.974121,4294.487305,4280.384766,4334.487305,4399.358887,4294.358887,4281.153809,4472.179688,4506.153809,4342.307617,4400.000000,1701.000000,1.000000,22.000000,,,,0.000000,2.000000,2.000000,0.000000,4.000000,2.000000,2.000000,0.000000,0.000000,4.000000,4.000000,4.000000,4.000000,4.000000,4.000000,0.000000,,,,,,,,,,,,,,,,,31.000000,0.000000,0.501828,0.464905,-0.558228,0.469482,0.984007,-0.058601,-0.043462,-36.389973,44.388809,31.318394
1732157924.738825,1732157924.742638,125.000000,0.000000,4294.102539,4276.794922,4313.077148,4293.333496,4297.948730,4283.077148,4335.256348,4403.717773,4297.436035,4289.230957,4484.615234,4514.487305,4351.538574,4406.153809,1616.000000,1.000000,22.000000,,,,0.000000,2.000000,2.000000,0.000000,4.000000,2.000000,2.000000,0.000000,0.000000,4.000000,4.000000,4.000000,4.000000,4.000000,4.000000,0.000000,,,,,,,,,,,,,,,,,,,,,,,,,,,,
1732157924.746633,1732157924.750247,126.000000,0.000000,4298.077148,4279.102539,4314.358887,4297.179688,4276.153809,4285.641113,4334.358887,4400.769043,4297.820313,4290.128418,4491.410156,4523.974121,4355.641113,4414.102539,1546.000000,1.000000,22.000000,,,,0.000000,2.000000,2.000000,0.000000,4.000000,2.000000,2.000000,0.000000,0.000000,4.000000,4.000000,4.000000,4.000000,4.000000,4.000000,0.000000,,,,,,,,,,,,,,,,,,,,,,,,,,,,
1732157924.754441,1732157924.758055,127.000000,0.000000,4304.871582,4281.153809,4311.538574,4301.922852,4270.897461,4284.358887,4332.692383,4396.666504,4294.358887,4283.333496,4483.589844,4521.538574,4353.205078,4413.205078,22.000000,1.000000,22.000000,,,,0.000000,2.000000,2.000000,0.000000,4.000000,2.000000,2.000000,0.000000,0.000000,4.000000,4.000000,4.000000,4.000000,4.000000,4.000000,0.000000,,,,,,,,,,,,,,,,,,,,,,,,,,,,
1732157924.762250,1732157924.765963,0.000000,0.000000,4304.743652,4282.179688,4312.051270,4303.333496,4281.025879,4284.230957,4333.077148,4398.205078,4293.205078,4281.025879,4475.641113,4511.025879,4350.897461,4405.256348,0.000000,1.000000,22.000000,,,,0.000000,2.000000,2.000000,0.000000,4.000000,2.000000,2.000000,0.000000,0.000000,4.000000,4.000000,4.000000,4.000000,4.000000,4.000000,0.000000,,,,,,,,,,,,,,,,,0.000000,0.000000,0.501645,0.465088,-0.557983,0.469788,0.981077,-0.056159,-0.063973,-36.325878,44.373268,31.264565
1732157924.770058,1732157924.773771,1.000000,0.000000,4297.436035,4281.153809,4312.692383,4303.077148,4291.794922,4282.820313,4333.974121,4400.000000,4292.436035,4280.512695,4473.974121,4505.512695,4346.922852,4397.436035,1603.000000,1.000000,22.000000,,,,0.000000,2.000000,2.000000,0.000000,4.000000,2.000000,2.000000,0.000000,0.000000,4.000000,4.000000,4.000000,4.000000,4.000000,4.000000,0.000000,,,,,,,,,,,,,,,,,,,,,,,,,,,,
1732157924.777866,1732157924.781380,2.000000,0.000000,4295.000000,4279.358887,4311.922852,4301.794922,4291.794922,4278.333496,4333.589844,4398.589844,4292.820313,4279.743652,4472.307617,4505.128418,4342.179688,4394.615234,1366.000000,1.000000,22.000000,,,,0.000000,2.000000,2.000000,0.000000,4.000000,2.000000,2.000000,0.000000,0.000000,4.000000,4.000000,4.000000,4.000000,4.000000,4.000000,0.000000,,,,,,,,,,,,,,,,,,,,,,,,,,,,
1732157924.785674,1732157924.789188,3.000000,0.000000,4296.410156,4281.410156,4314.615234,4302.948730,4278.974121,4282.051270,4333.717773,4399.230957,4295.769043,4279.871582,4471.794922,4503.077148,4342.948730,4396.153809,1422.000000,1.000000,22.000000,,,,0.000000,2.000000,2.000000,0.000000,4.000000,2.000000,2.000000,0.000000,0.000000,4.000000,4.000000,4.000000,4.000000,4.000000,4.000000,0.000000,,,,,,,,,,,,,,,,,,,,,,,,,,,,
1732157924.793483,1732157924.796896,4.000000,0.000000,4294.615234,4283.589844,4314.358887,4307.692383,4272.307617,4292.051270,4334.230957,4400.256348,4296.282227,4277.563965,4471.538574,4499.102539,4343.846191,4397.051270,1424.000000,1.000000,22.000000,,,,0.000000,2.000000,2.000000,0.000000,4.000000,2.000000,2.000000,0.000000,0.000000,4.000000,4.000000,4.000000,4.000000,4.000000,4.000000,0.000000,,,,,,,,,,,,,,,,,1.000000,0.000000,0.501610,0.465149,-0.557861,0.469910,0.984007,-0.056159,-0.048834,-36.273960,44.444016,31.304298
1732157924.801291,1732157924.804704,5.000000,0.000000,4295.128418,4281.794922,4310.128418,4306.153809,4282.820313,4290.256348,4333.974121,4398.974121,4294.615234,4275.897461,4470.384766,4498.846191,4341.153809,4396.666504,1212.000000,1.000000,22.000000,,,,0.000000,2.000000,2.000000,0.000000,4.000000,2.000000,2.000000,0.000000,0.000000,4.000000,4.000000,4.000000,4.000000,4.000000,4.000000,0.000000,,,,,,,,,,,,,,,,,,,,,,,,,,,,
1732157924.809099,1732157924.812313,6.000000,0.000000,4296.666504,4279.871582,4310.769043,4299.102539,4285.128418,4284.102539,4334.358887,4398.846191,4296.282227,4277.820313,4473.205078,4501.666504,4344.358887,4398.461426,0.000000,1.000000,22.000000,,,,0.000000,2.000000,2.000000,0.000000,4.000000,2.000000,2.000000,0.000000,0.000000,4.000000,4.000000,4.000000,4.000000,4.000000,4.000000,0.000000,,,,,,,,,,,,,,,,,,,,,,,,,,,,
1732157924.816907,1732157924.820121,7.000000,0.000000,4293.846191,4278.974121,4315.897461,4296.282227,4273.974121,4285.256348,4334.871582,4401.025879,4297.692383,4278.846191,4475.000000,4502.179688,4348.846191,4400.641113,0.000000,1.000000,22.000000,,,,0.000000,2.000000,2.000000,0.000000,4.000000,2.000000,2.000000,0.000000,0.000000,4.000000,4.000000,4.000000,4.000000,4.000000,4.000000,0.000000,,,,,,,,,,,,,,,,,,,,,,,,,,,,
1732157924.824716,1732157924.827829,8.000000,0.000000,4291.666504,4274.487305,4316.282227,4294.358887,4280.000000,4286.153809,4334.871582,4401.666504,4296.025879,4277.948730,4472.307617,4504.230957,4347.436035,4399.230957,1526.000000,1.000000,22.000000,,,,0.000000,2.000000,2.000000,0.000000,4.000000,2.000000,2.000000,0.000000,0.000000,4.000000,4.000000,4.000000,4.000000,4.000000,4.000000,0.000000,,,,,,,,,,,,,,,,,2.000000,0.000000,0.501564,0.465210,-0.557800,0.469971,0.984007,-0.056159,-0.048834,-36.205242,44.427986,31.229815
1732157924.832524,1732157924.835638,9.000000,0.000000,4293.846191,4266.538574,4314.487305,4292.436035,4298.974121,4285.256348,4334.743652,4399.615234,4296.538574,4277.820313,4472.436035,4507.563965,4345.128418,4397.179688,1686.000000,1.000000,22.000000,,,,0.000000,2.000000,2.000000,0.000000,4.000000,2.000000,2.000000,0.000000,0.000000,4.000000,4.000000,4.000000,4.000000,4.000000,4.000000,0.000000,,,,,,,,,,,,,,,,,,,,,,,,,,,,
1732157924.840332,1732157924.843246,10.000000,0.000000,4294.487305,4267.692383,4316.153809,4293.974121,4289.871582,4289.358887,4334.871582,4398.717773,4297.307617,4279.615234,4477.436035,4506.666504,4345.769043,4401.025879,1546.000000,1.000000,22.000000,,,,0.000000,2.000000,2.000000,0.000000,4.000000,2.000000,2.000000,0.000000,0.000000,4.000000,4.000000,4.000000,4.000000,4.000000,4.000000,0.000000,,,,,,,,,,,,,,,,,,,,,,,,,,,,
1732157924.848140,1732157924.851054,11.000000,0.000000,4293.333496,4271.794922,4315.769043,4296.538574,4259.358887,4293.205078,4334.615234,4399.487305,4296.666504,4281.666504,4480.512695,4506.153809,4347.436035,4405.384766,1566.000000,1.000000,22.000000,,,,0.000000,2.000000,2.000000,0.000000,4.000000,2.000000,2.000000,0.000000,0.000000,4.000000,4.000000,4.000000,4.000000,4.000000,4.000000,0.000000,,,,,,,,,,,,,,,,,,,,,,,,,,,,
1732157924.855949,1732157924.858962,12.000000,0.000000,4293.589844,4269.743652,4312.948730,4294.230957,4262.820313,4287.051270,4334.871582,4399.102539,4296.794922,4281.538574,4478.205078,4512.436035,4349.102539,4403.205078,1701.000000,1.000000,22.000000,,,,0.000000,2.000000,2.000000,0.000000,4.000000,2.000000,2.000000,0.000000,0.000000,4.000000,4.000000,4.000000,4.000000,4.000000,4.000000,0.000000,,,,,,,,,,,,,,,,,3.000000,0.000000,0.501439,0.465271,-0.557861,0.469971,0.977170,-0.040532,-0.049322,-36.182911,44.356667,31.241150
1732157924.863757,1732157924.866771,13.000000,0.000000,4293.461426,4272.436035,4311.153809,4292.692383,4282.179688,4280.256348,4334.871582,4399.743652,4296.922852,4285.384766,4476.025879,4512.692383,4349.871582,4399.871582,1608.000000,1.000000,22.000000,,,,0.000000,2.000000,2.000000,0.000000,4.000000,2.000000,2.000000,0.000000,0.000000,4.000000,4.000000,4.000000,4.000000,4.000000,4.000000,0.000000,,,,,,,,,,,,,,,,,,,,,,,,,,,,
1732157924.871565,1732157924.874779,14.000000,0.000000,4293.077148,4278.333496,4312.051270,4294.358887,4277.436035,4281.794922,4334.358887,4401.282227,4298.077148,4289.743652,4476.538574,4507.051270,4347.436035,4399.487305,1546.000000,1.000000,22.000000,,,,0.000000,2.000000,2.000000,0.000000,4.000000,2.000000,2.000000,0.000000,0.000000,4.000000,4.000000,4.000000,4.000000,4.000000,4.000000,0.000000,1.000000,0.000000,1.000000,2.000000,0.000000,4.000000,1.000000,1.000000,0.000000,0.000000,1.000000,4.000000,4.000000,4.000000,4.000000,4.000000,,,,,,,,,,,,
1732157924.879373,1732157924.882587,15.000000,0.000000,4292.563965,4277.179688,4313.205078,4293.974121,4283.589844,4282.820313,4334.743652,4399.871582,4297.436035,4283.333496,4474.871582,4505.384766,4344.358887,4396.666504,1566.000000,1.000000,22.000000,,,,0.000000,2.000000,2.000000,0.000000,4.000000,2.000000,2.000000,0.000000,0.000000,4.000000,4.000000,4.000000,4.000000,4.000000,4.000000,0.000000,,,,,,,,,,,,,,,,,,,,,,,,,,,,
1732157924.887182,1732157924.890295,16.000000,0.000000,4292.563965,4274.871582,4312.436035,4294.358887,4301.025879,4279.743652,4335.897461,4398.589844,4296.025879,4276.922852,4471.153809,4505.384766,4341.922852,4393.205078,0.000000,1.000000,22.000000,,,,0.000000,2.000000,2.000000,0.000000,4.000000,2.000000,2.000000,0.000000,0.000000,4.000000,4.000000,4.000000,4.000000,4.000000,4.000000,0.000000,,,,,,,,,,,,,,,,,4.000000,0.000000,0.501645,0.465088,-0.557983,0.469788,0.975705,-0.057136,-0.058113,-36.081493,44.348900,31.300331
1732157924.894990,1732157924.898103,17.000000,0.000000,4293.589844,4276.794922,4310.128418,4297.179688,4285.384766,4282.051270,4335.641113,4399.615234,4297.051270,4281.538574,4471.922852,4505.256348,4342.820313,4394.230957,0.000000,1.000000,22.000000,,,,0.000000,2.000000,2.000000,0.000000,4.000000,2.000000,2.000000,0.000000,0.000000,4.000000,4.000000,4.000000,4.000000,4.000000,4.000000,0.000000,,,,,,,,,,,,,,,,,,,,,,,,,,,,
1732157924.902798,1732157924.905712,18.000000,0.000000,4293.589844,4276.538574,4310.384766,4296.922852,4261.922852,4284.743652,4334.615234,4399.358887,4296.794922,4283.077148,4473.589844,4504.615234,4342.692383,4395.256348,0.000000,1.000000,22.000000,,,,0.000000,2.000000,2.000000,0.000000,4.000000,2.000000,2.000000,0.000000,0.000000,4.000000,4.000000,4.000000,4.000000,4.000000,4.000000,0.000000,,,,,,,,,,,,,,,,,,,,,,,,,,,,
1732157924.910606,1732157924.913520,19.000000,0.000000,4293.333496,4274.743652,4312.563965,4296.025879,4269.487305,4280.641113,4334.615234,4399.743652,4296.666504,4277.820313,4472.051270,4503.461426,4338.717773,4395.897461,0.000000,1.000000,22.000000,,,,0.000000,2.000000,2.000000,0.000000,4.000000,2.000000,2.000000,0.000000,0.000000,4.000000,4.000000,4.000000,4.000000,4.000000,4.000000,0.000000,,,,,,,,,,,,,,,,,,,,,,,,,,,,
1732157924.918415,1732157924.921228,20.000000,0.000000,4294.615234,4274.871582,4313.077148,4298.461426,4277.692383,4281.282227,4335.128418,4402.948730,4293.205078,4275.641113,4472.307617,4505.641113,4339.871582,4398.589844,0.000000,1.000000,22.000000,,,,0.000000,2.000000,2.000000,0.000000,4.000000,2.000000,2.000000,0.000000,0.000000,4.000000,4.000000,4.000000,4.000000,4.000000,4.000000,0.000000,,,,,,,,,,,,,,,,,5.000000,0.000000,0.501187,0.465515,-0.557678,0.470215,0.975217,-0.061043,-0.061043,-35.989342,44.415943,31.194935
1732157924.926223,1732157924.929036,21.000000,0.000000,4295.000000,4274.487305,4312.948730,4298.974121,4279.358887,4282.051270,4334.871582,4402.948730,4285.769043,4275.384766,4472.820313,4510.897461,4341.666504,4399.230957,0.000000,1.000000,22.000000,,,,0.000000,2.000000,2.000000,0.000000,4.000000,2.000000,2.000000,0.000000,0.000000,4.000000,4.000000,4.000000,4.000000,4.000000,4.000000,0.000000,,,,,,,,,,,,,,,,,,,,,,,,,,,,
1732157924.934031,1732157924.937044,22.000000,0.000000,4292.179688,4274.102539,4313.846191,4295.384766,4293.333496,4281.025879,4334.615234,4399.487305,4286.922852,4275.769043,4470.512695,4509.743652,4336.794922,4396.666504,0.000000,1.000000,22.000000,,,,0.000000,2.000000,2.000000,0.000000,4.000000,2.000000,2.000000,0.000000,0.000000,4.000000,4.000000,4.000000,4.000000,4.000000,4.000000,0.000000,,,,,,,,,,,,,,,,,,,,,,,,,,,,
1732157924.941839,1732157924.944853,23.000000,0.000000,4292.179688,4275.256348,4313.077148,4298.333496,4292.692383,4288.461426,4335.000000,4398.974121,4297.051270,4278.333496,4472.179688,4505.128418,4332.820313,4395.384766,0.000000,1.000000,22.000000,,,,0.000000,2.000000,2.000000,0.000000,4.000000,2.000000,2.000000,0.000000,0.000000,4.000000,4.000000,4.000000,4.000000,4.000000,4.000000,0.000000,,,,,,,,,,,,,,,,,,,,,,,,,,,,
1732157924.949648,1732157924.952761,24.000000,0.000000,4297.179688,4277.948730,4312.436035,4302.820313,4273.077148,4292.563965,4335.769043,4400.769043,4297.179688,4280.000000,4476.922852,4511.410156,4337.692383,4400.000000,0.000000,1.000000,22.000000,,,,0.000000,2.000000,2.000000,0.000000,4.000000,2.000000,2.000000,0.000000,0.000000,4.000000,4.000000,4.000000,4.000000,4.000000,4.000000,0.000000,,,,,,,,,,,,,,,,,6.000000,0.000000,0.501027,0.465637,-0.557617,0.470337,0.975217,-0.061043,-0.061043,-36.023033,44.495247,31.189564
1732157924.957456,1732157924.960569,25.000000,0.000000,4298.077148,4276.922852,4314.487305,4298.846191,4270.384766,4290.256348,4336.025879,4401.282227,4289.102539,4279.615234,4476.922852,4516.153809,4342.051270,4403.846191,0.000000,1.000000,22.000000,,,,0.000000,2.000000,2.000000,0.000000,4.000000,2.000000,2.000000,0.000000,0.000000,4.000000,4.000000,4.000000,4.000000,4.000000,4.000000,0.000000,,,,,,,,,,,,,,,,,,,,,,,,,,,,
1732157924.965264,1732157924.968577,26.000000,0.000000,4295.769043,4275.769043,4315.769043,4293.846191,4280.769043,4290.641113,4335.769043,4400.769043,4289.487305,4277.307617,4473.974121,4512.948730,4340.000000,4400.641113,0.000000,1.000000,22.000000,,,,0.000000,2.000000,2.000000,0.000000,4.000000,2.000000,2.000000,0.000000,0.000000,4.000000,4.000000,4.000000,4.000000,4.000000,4.000000,0.000000,,,,,,,,,,,,,,,,,,,,,,,,,,,,
1732157924.973072,1732157924.976385,27.000000,0.000000,4299.743652,4278.461426,4312.563965,4296.025879,4278.717773,4286.538574,4336.025879,4400.256348,4297.563965,4280.641113,4479.230957,4513.077148,4342.436035,4404.358887,0.000000,1.000000,22.000000,,,,0.000000,2.000000,2.000000,0.000000,4.000000,2.000000,2.000000,0.000000,0.000000,4.000000,4.000000,4.000000,4.000000,4.000000,4.000000,0.000000,,,,,,,,,,,,,,,,,,,,,,,,,,,,
1732157924.980881,1732157924.984293,28.000000,0.000000,4302.307617,4280.641113,4311.794922,4297.436035,4276.666504,4278.333496,4335.897461,4400.128418,4296.538574,4288.461426,4489.358887,4516.794922,4349.615234,4413.974121,0.000000,1.000000,22.000000,,,,0.000000,2.000000,2.000000,0.000000,4.000000,2.000000,2.000000,0.000000,0.000000,4.000000,4.000000,4.000000,4.000000,4.000000,4.000000,0.000000,,,,,,,,,,,,,,,,,7.000000,0.000000,0.500820,0.465759,-0.557495,0.470581,0.976682,-0.063484,-0.057624,-35.930325,44.771149,31.076880
1732157924.988689,1732157924.992101,29.000000,0.000000,4297.948730,4279.871582,4315.769043,4295.769043,4282.948730,4278.461426,4335.512695,4400.384766,4285.641113,4286.922852,4487.179688,4516.153809,4348.717773,4413.974121,0.000000,1.000000,22.000000,,,,0.000000,2.000000,2.000000,0.000000,4.000000,2.000000,2.000000,0.000000,0.000000,4.000000,4.000000,4.000000,4.000000,4.000000,4.000000,0.000000,,,,,,,,,,,,,,,,,,,,,,,,,,,,
1732157924.996497,1732157925.000109,30.000000,0.000000,4296.666504,4281.025879,4314.743652,4300.000000,4280.512695,4282.051270,4336.410156,4399.871582,4285.000000,4279.743652,4478.205078,4511.410156,4343.205078,4412.051270,0.000000,1.000000,22.000000,,,,0.000000,2.000000,2.000000,0.000000,4.000000,2.000000,2.000000,0.000000,0.000000,4.000000,4.000000,4.000000,4.000000,4.000000,4.000000,0.000000,,,,,,,,,,,,,,,,,,,,,,,,,,,,
1732157925.004305,1732157925.007918,31.000000,0.000000,4298.461426,4280.897461,4310.769043,4301.922852,4277.948730,4281.153809,4335.769043,4400.384766,4294.743652,4281.025879,4476.922852,4507.179688,4344.102539,4413.461426,0.000000,1.000000,22.000000,,,,0.000000,2.000000,2.000000,0.000000,4.000000,2.000000,2.000000,0.000000,0.000000,4.000000,4.000000,4.000000,4.000000,4.000000,4.000000,0.000000,,,,,,,,,,,,,,,,,,,,,,,,,,,,
1732157925.012114,1732157925.015826,32.000000,0.000000,4293.461426,4279.358887,4310.256348,4297.563965,4293.461426,4281.153809,4333.717773,4401.410156,4295.384766,4282.179688,4478.717773,4505.128418,4345.000000,4405.769043,0.000000,1.000000,22.000000,,,,0.000000,2.000000,2.000000,0.000000,4.000000,2.000000,2.000000,0.000000,0.000000,4.000000,4.000000,4.000000,4.000000,4.000000,4.000000,0.000000,,,,,,,,,,,,,,,,,8.000000,0.000000,0.500820,0.465759,-0.557495,0.470581,0.984495,-0.052741,-0.062019,-35.875229,44.832966,31.080606
1732157925.019922,1732157925.023634,33.000000,0.000000,4290.769043,4280.256348,4311.794922,4296.666504,4298.589844,4281.794922,4335.384766,4400.384766,4291.538574,4280.256348,4475.769043,4507.179688,4342.692383,4399.743652,0.000000,1.000000,22.000000,,,,0.000000,2.000000,2.000000,0.000000,4.000000,2.000000,2.000000,0.000000,0.000000,4.000000,4.000000,4.000000,4.000000,4.000000,4.000000,0.000000,,,,,,,,,,,,,,,,,,,,,,,,,,,,
1732157925.027730,1732157925.031642,34.000000,0.000000,4295.000000,4281.666504,4312.563965,4298.717773,4276.025879,4282.436035,4337.436035,4398.589844,4298.077148,4288.077148,4476.410156,4507.307617,4346.410156,4403.333496,0.000000,1.000000,22.000000,,,,0.000000,2.000000,2.000000,0.000000,4.000000,2.000000,2.000000,0.000000,0.000000,4.000000,4.000000,4.000000,4.000000,4.000000,4.000000,0.000000,,,,,,,,,,,,,,,,,,,,,,,,,,,,
1732157925.035538,1732157925.039450,35.000000,0.000000,4291.025879,4281.410156,4312.692383,4296.922852,4259.743652,4281.538574,4335.769043,4398.846191,4304.487305,4297.179688,4481.410156,4504.102539,4352.307617,4400.769043,0.000000,1.000000,22.000000,,,,0.000000,2.000000,2.000000,0.000000,4.000000,2.000000,2.000000,0.000000,0.000000,4.000000,4.000000,4.000000,4.000000,4.000000,4.000000,0.000000,,,,,,,,,,,,,,,,,,,,,,,,,,,,
1732157925.043347,1732157925.047159,36.000000,0.000000,4284.743652,4279.615234,4310.897461,4294.102539,4271.794922,4278.589844,4333.974121,4399.358887,4298.333496,4296.025879,4480.769043,4504.358887,4350.897461,4395.641113,0.000000,1.000000,22.000000,,,,0.000000,2.000000,2.000000,0.000000,4.000000,2.000000,2.000000,0.000000,0.000000,4.000000,4.000000,4.000000,4.000000,4.000000,4.000000,0.000000,,,,,,,,,,,,,,,,,9.000000,0.000000,0.500820,0.465759,-0.557495,0.470581,0.971798,-0.061043,-0.057624,-35.860603,44.748035,31.203625
1732157925.051155,1732157925.054967,37.000000,0.000000,4287.436035,4278.846191,4310.512695,4294.102539,4293.333496,4278.846191,4335.000000,4399.102539,4295.256348,4291.282227,4477.948730,4506.025879,4348.974121,4395.769043,0.000000,1.000000,22.000000,,,,0.000000,2.000000,2.000000,0.000000,4.000000,2.000000,2.000000,0.000000,0.000000,4.000000,4.000000,4.000000,4.000000,4.000000,4.000000,0.000000,,,,,,,,,,,,,,,,,,,,,,,,,,,,
1732157925.058963,1732157925.062575,38.000000,0.000000,4295.128418,4280.769043,4313.333496,4297.307617,4289.487305,4280.128418,4335.897461,4399.487305,4302.179688,4285.897461,4478.589844,4508.974121,4351.153809,4395.641113,0.000000,1.000000,22.000000,,,,0.000000,2.000000,2.000000,0.000000,4.000000,2.000000,2.000000,0.000000,0.000000,4.000000,4.000000,4.000000,4.000000,4.000000,4.000000,0.000000,,,,,,,,,,,,,,,,,,,,,,,,,,,,
1732157925.066771,1732157925.070383,39.000000,0.000000,4295.384766,4276.666504,4314.230957,4301.025879,4265.512695,4280.128418,4335.769043,4400.384766,4305.128418,4282.820313,4478.717773,4507.820313,4349.487305,4396.153809,0.000000,1.000000,22.000000,,,,0.000000,2.000000,2.000000,0.000000,4.000000,2.000000,2.000000,0.000000,0.000000,4.000000,4.000000,4.000000,4.000000,4.000000,4.000000,0.000000,,,,,,,,,,,,,,,,,,,,,,,,,,,,
1732157925.074580,1732157925.078092,40.000000,0.000000,4288.717773,4271.282227,4313.589844,4297.563965,4264.615234,4280.641113,4335.256348,4401.153809,4296.153809,4281.794922,4475.128418,4505.384766,4343.333496,4397.948730,0.000000,1.000000,22.000000,,,,0.000000,2.000000,2.000000,0.000000,4.000000,2.000000,2.000000,0.000000,0.000000,4.000000,4.000000,4.000000,4.000000,4.000000,4.000000,0.000000,,,,,,,,,,,,,,,,,10.000000,0.000000,0.500821,0.465820,-0.557495,0.470520,0.973263,-0.048834,-0.056648,-35.728756,44.574242,30.848269
1732157925.082388,1732157925.085900,41.000000,0.000000,4288.717773,4273.846191,4314.102539,4293.205078,4279.615234,4280.512695,4334.743652,4399.230957,4291.922852,4279.230957,4472.948730,4505.000000,4340.897461,4397.436035,0.000000,1.000000,22.000000,,,,0.000000,2.000000,2.000000,0.000000,4.000000,2.000000,2.000000,0.000000,0.000000,4.000000,4.000000,4.000000,4.000000,4.000000,4.000000,0.000000,,,,,,,,,,,,,,,,,,,,,,,,,,,,
1732157925.090196,1732157925.093508,42.000000,0.000000,4294.230957,4276.153809,4314.615234,4295.256348,4278.461426,4280.256348,4335.512695,4398.846191,4295.128418,4277.179688,4473.589844,4506.922852,4342.307617,4397.820313,0.000000,1.000000,22.000000,,,,0.000000,2.000000,2.000000,0.000000,4.000000,2.000000,2.000000,0.000000,0.000000,4.000000,4.000000,4.000000,4.000000,4.000000,4.000000,0.000000,,,,,,,,,,,,,,,,,,,,,,,,,,,,
1732157925.098004,1732157925.101317,43.000000,0.000000,4296.282227,4273.589844,4312.563965,4296.666504,4285.512695,4279.358887,4335.641113,4400.512695,4292.179688,4277.051270,4472.820313,4507.563965,4341.410156,4398.974121,0.000000,1.000000,22.000000,,,,0.000000,2.000000,2.000000,0.000000,4.000000,2.000000,2.000000,0.000000,0.000000,4.000000,4.000000,4.000000,4.000000,4.000000,4.000000,0.000000,,,,,,,,,,,,,,,,,,,,,,,,,,,,
1732157925.105813,1732157925.109025,44.000000,0.000000,4294.230957,4278.333496,4312.051270,4295.512695,4291.538574,4277.436035,4335.128418,4398.974121,4290.641113,4278.461426,4472.179688,4504.102539,4339.871582,4397.436035,0.000000,1.000000,22.000000,,,,0.000000,2.000000,2.000000,0.000000,4.000000,2.000000,2.000000,0.000000,0.000000,4.000000,4.000000,4.000000,4.000000,4.000000,4.000000,0.000000,,,,,,,,,,,,,,,,,11.000000,0.000000,0.500430,0.465881,-0.557434,0.470947,0.984495,-0.059578,-0.066903,-35.565292,44.508469,30.910431
1732157925.113621,1732157925.116833,45.000000,0.000000,4296.666504,4281.282227,4314.615234,4296.153809,4266.922852,4278.333496,4335.512695,4397.563965,4296.410156,4282.820313,4473.974121,4508.589844,4342.692383,4402.692383,0.000000,1.000000,22.000000,,,,0.000000,2.000000,2.000000,0.000000,4.000000,2.000000,2.000000,0.000000,0.000000,4.000000,4.000000,4.000000,4.000000,4.000000,4.000000,0.000000,,,,,,,,,,,,,,,,,,,,,,,,,,,,
1732157925.121429,1732157925.124441,46.000000,0.000000,4299.358887,4271.153809,4316.410156,4297.307617,4255.000000,4281.922852,4335.512695,4399.615234,4298.846191,4287.051270,4475.256348,4521.025879,4343.846191,4410.769043,0.000000,1.000000,22.000000,,,,0.000000,2.000000,2.000000,0.000000,4.000000,2.000000,2.000000,0.000000,0.000000,4.000000,4.000000,4.000000,4.000000,4.000000,4.000000,0.000000,,,,,,,,,,,,,,,,,,,,,,,,,,,,
1732157925.129237,1732157925.132250,47.000000,0.000000,4296.794922,4265.897461,4313.333496,4293.077148,4266.794922,4282.948730,4334.871582,4400.000000,4297.948730,4291.538574,4474.871582,4521.922852,4341.153809,4410.000000,0.000000,1.000000,22.000000,,,,0.000000,2.000000,2.000000,0.000000,4.000000,2.000000,2.000000,0.000000,0.000000,4.000000,4.000000,4.000000,4.000000,4.000000,4.000000,0.000000,,,,,,,,,,,,,,,,,,,,,,,,,,,,
1732157925.137046,1732157925.139958,48.000000,0.000000,4294.871582,4268.717773,4312.948730,4286.666504,4269.871582,4279.743652,4334.743652,4398.333496,4298.846191,4295.384766,4474.871582,4515.512695,4343.077148,4406.794922,0.000000,1.000000,22.000000,,,,0.000000,2.000000,2.000000,0.000000,4.000000,2.000000,2.000000,0.000000,0.000000,4.000000,4.000000,4.000000,4.000000,4.000000,4.000000,0.000000,,,,,,,,,,,,,,,,,12.000000,0.000000,0.500280,0.466003,-0.557312,0.471130,0.980100,-0.070809,-0.050787,-35.679554,44.540192,31.125782
1732157925.144854,1732157925.147766,49.000000,0.000000,4294.743652,4267.051270,4315.769043,4288.974121,4266.922852,4282.179688,4335.641113,4398.717773,4296.922852,4289.358887,4474.615234,4514.487305,4345.897461,4406.025879,0.000000,1.000000,22.000000,,,,0.000000,2.000000,2.000000,0.000000,4.000000,2.000000,2.000000,0.000000,0.000000,4.000000,4.000000,4.000000,4.000000,4.000000,4.000000,0.000000,,,,,,,,,,,,,,,,,,,,,,,,,,,,
1732157925.152662,1732157925.155375,50.000000,0.000000,4293.974121,4265.128418,4315.000000,4295.512695,4278.974121,4287.051270,4335.897461,4398.974121,4293.974121,4280.512695,4471.666504,4511.666504,4340.512695,4400.384766,0.000000,1.000000,22.000000,,,,0.000000,2.000000,2.000000,0.000000,4.000000,2.000000,2.000000,0.000000,0.000000,4.000000,4.000000,4.000000,4.000000,4.000000,4.000000,0.000000,,,,,,,,,,,,,,,,,,,,,,,,,,,,
1732157925.160470,1732157925.163183,51.000000,0.000000,4291.538574,4265.769043,4312.563965,4295.128418,4296.153809,4282.051270,4335.512695,4397.948730,4296.922852,4282.051270,4470.641113,4506.282227,4335.769043,4395.384766,0.000000,1.000000,22.000000,,,,0.000000,2.000000,2.000000,0.000000,4.000000,2.000000,2.000000,0.000000,0.000000,4.000000,4.000000,4.000000,4.000000,4.000000,4.000000,0.000000,,,,,,,,,,,,,,,,,,,,,,,,,,,,
1732157925.168279,1732157925.170891,52.000000,0.000000,4291.922852,4266.538574,4313.589844,4293.077148,4289.615234,4281.025879,4336.282227,4398.589844,4296.538574,4283.205078,4473.205078,4507.948730,4338.589844,4398.461426,0.000000,1.000000,22.000000,,,,0.000000,2.000000,2.000000,0.000000,4.000000,2.000000,2.000000,0.000000,0.000000,4.000000,4.000000,4.000000,4.000000,4.000000,4.000000,0.000000,,,,,,,,,,,,,,,,,13.000000,0.000000,0.500280,0.466003,-0.557312,0.471130,0.976682,-0.065438,-0.056159,-35.652103,44.595890,31.375217
1732157925.176087,1732157925.178699,53.000000,0.000000,4291.025879,4266.538574,4313.461426,4296.410156,4266.153809,4288.205078,4336.410156,4399.743652,4293.333496,4280.769043,4474.102539,4509.615234,4340.128418,4398.846191,0.000000,1.000000,22.000000,,,,0.000000,2.000000,2.000000,0.000000,4.000000,2.000000,2.000000,0.000000,0.000000,4.000000,4.000000,4.000000,4.000000,4.000000,4.000000,0.000000,,,,,,,,,,,,,,,,,,,,,,,,,,,,
1732157925.183895,1732157925.186308,54.000000,0.000000,4285.512695,4265.897461,4311.153809,4296.666504,4260.128418,4286.794922,4335.384766,4400.256348,4295.897461,4282.436035,4475.641113,4508.974121,4338.717773,4396.538574,0.000000,1.000000,22.000000,,,,0.000000,2.000000,2.000000,0.000000,4.000000,2.000000,2.000000,0.000000,0.000000,4.000000,4.000000,4.000000,4.000000,4.000000,4.000000,0.000000,,,,,,,,,,,,,,,,,,,,,,,,,,,,
1732157925.191703,1732157925.194116,55.000000,0.000000,4287.307617,4264.743652,4311.794922,4295.000000,4269.871582,4280.641113,4335.128418,4401.025879,4297.692383,4285.256348,4475.897461,4509.743652,4339.615234,4399.102539,0.000000,1.000000,22.000000,,,,0.000000,2.000000,2.000000,0.000000,4.000000,2.000000,2.000000,0.000000,0.000000,4.000000,4.000000,4.000000,4.000000,4.000000,4.000000,0.000000,,,,,,,,,,,,,,,,,,,,,,,,,,,,
1732157925.199512,1732157925.201824,56.000000,0.000000,4294.358887,4265.897461,4314.487305,4295.641113,4271.538574,4281.410156,4335.769043,4401.538574,4297.820313,4290.256348,4474.615234,4512.307617,4342.307617,4403.589844,0.000000,1.000000,22.000000,,,,0.000000,2.000000,2.000000,0.000000,4.000000,2.000000,2.000000,0.000000,0.000000,4.000000,4.000000,4.000000,4.000000,4.000000,4.000000,0.000000,,,,,,,,,,,,,,,,,14.000000,0.000000,0.500362,0.465820,-0.557495,0.471008,0.977658,-0.053717,-0.058601,-35.534870,44.526005,31.358927
1732157925.207320,1732157925.209632,57.000000,0.000000,4294.615234,4266.282227,4315.256348,4295.512695,4276.153809,4283.205078,4336.025879,4401.153809,4307.436035,4297.563965,4481.666504,4514.615234,4346.922852,4406.538574,0.000000,1.000000,22.000000,,,,0.000000,2.000000,2.000000,0.000000,4.000000,2.000000,2.000000,0.000000,0.000000,4.000000,4.000000,4.000000,4.000000,4.000000,4.000000,0.000000,,,,,,,,,,,,,,,,,,,,,,,,,,,,
1732157925.215128,1732157925.217241,58.000000,0.000000,4291.794922,4265.769043,4311.666504,4295.897461,4278.846191,4283.589844,4335.641113,4400.128418,4315.128418,4298.846191,4490.769043,4513.589844,4350.128418,4406.538574,0.000000,1.000000,22.000000,,,,0.000000,2.000000,2.000000,0.000000,4.000000,2.000000,2.000000,0.000000,0.000000,4.000000,4.000000,4.000000,4.000000,4.000000,4.000000,0.000000,,,,,,,,,,,,,,,,,,,,,,,,,,,,
1732157925.222936,1732157925.225049,59.000000,0.000000,4292.692383,4265.256348,4309.102539,4296.282227,4273.717773,4286.666504,4335.128418,4398.461426,4306.282227,4296.538574,4487.179688,4510.769043,4350.512695,4407.948730,0.000000,1.000000,22.000000,,,,0.000000,2.000000,2.000000,0.000000,4.000000,2.000000,2.000000,0.000000,0.000000,4.000000,4.000000,4.000000,4.000000,4.000000,4.000000,0.000000,,,,,,,,,,,,,,,,,,,,,,,,,,,,
1732157925.230744,1732157925.232757,60.000000,0.000000,4293.846191,4264.230957,4310.897461,4296.025879,4288.077148,4282.436035,4334.743652,4398.205078,4293.717773,4295.000000,4478.461426,4508.974121,4348.333496,4411.666504,0.000000,1.000000,22.000000,,,,0.000000,2.000000,2.000000,0.000000,4.000000,2.000000,2.000000,0.000000,0.000000,4.000000,4.000000,4.000000,4.000000,4.000000,4.000000,0.000000,,,,,,,,,,,,,,,,,15.000000,0.000000,0.500454,0.465698,-0.557617,0.470886,0.986937,-0.073739,-0.060554,-35.324913,44.427731,31.329063
1732157925.238553,1732157925.240566,61.000000,0.000000,4295.000000,4263.974121,4313.461426,4295.128418,4296.794922,4280.128418,4335.000000,4399.743652,4295.384766,4292.692383,4479.871582,4512.692383,4346.153809,4413.589844,0.000000,1.000000,22.000000,,,,0.000000,2.000000,2.000000,0.000000,4.000000,2.000000,2.000000,0.000000,0.000000,4.000000,4.000000,4.000000,4.000000,4.000000,4.000000,0.000000,,,,,,,,,,,,,,,,,,,,,,,,,,,,
1732157925.246361,1732157925.248174,62.000000,0.000000,4296.666504,4265.128418,4312.307617,4296.025879,4273.077148,4290.384766,4335.000000,4400.897461,4303.333496,4294.102539,4487.179688,4520.000000,4349.615234,4413.589844,0.000000,1.000000,22.000000,,,,0.000000,2.000000,2.000000,0.000000,4.000000,2.000000,2.000000,0.000000,0.000000,4.000000,4.000000,4.000000,4.000000,4.000000,4.000000,0.000000,,,,,,,,,,,,,,,,,,,,,,,,,,,,
1732157925.254169,1732157925.255982,63.000000,0.000000,4295.512695,4264.871582,4311.282227,4298.589844,4258.461426,4293.846191,4334.871582,4401.153809,4307.307617,4296.922852,4490.000000,4524.743652,4350.384766,4413.717773,0.000000,1.000000,22.000000,,,,0.000000,2.000000,2.000000,0.000000,4.000000,2.000000,2.000000,0.000000,0.000000,4.000000,4.000000,4.000000,4.000000,4.000000,4.000000,0.000000,,,,,,,,,,,,,,,,,,,,,,,,,,,,
1732157925.261978,1732157925.263890,64.000000,0.000000,4293.974121,4264.358887,4313.589844,4297.692383,4273.077148,4284.358887,4335.000000,4400.384766,4306.666504,4295.384766,4486.282227,4519.102539,4344.102539,4413.205078,0.000000,1.000000,22.000000,,,,0.000000,2.000000,2.000000,0.000000,4.000000,2.000000,2.000000,0.000000,0.000000,4.000000,4.000000,4.000000,4.000000,4.000000,4.000000,0.000000,,,,,,,,,,,,,,,,,16.000000,0.000000,0.500443,0.465637,-0.557678,0.470886,0.970333,-0.070321,-0.057136,-35.216511,44.311462,31.358208
1732157925.269786,1732157925.271699,65.000000,0.000000,4293.461426,4264.487305,4315.769043,4295.384766,4282.692383,4278.461426,4335.000000,4399.871582,4303.461426,4293.974121,4480.897461,4507.948730,4341.025879,4411.153809,1601.000000,1.000000,22.000000,,,,0.000000,2.000000,2.000000,0.000000,4.000000,2.000000,2.000000,0.000000,0.000000,4.000000,4.000000,4.000000,4.000000,4.000000,4.000000,0.000000,,,,,,,,,,,,,,,,,,,,,,,,,,,,
1732157925.277594,1732157925.279707,66.000000,0.000000,4292.436035,4264.743652,4312.692383,4299.615234,4277.563965,4283.974121,4335.000000,4399.358887,4300.897461,4295.256348,4478.974121,4503.589844,4343.077148,4410.641113,1366.000000,1.000000,22.000000,,,,0.000000,2.000000,2.000000,0.000000,4.000000,2.000000,2.000000,0.000000,0.000000,4.000000,4.000000,4.000000,4.000000,4.000000,4.000000,0.000000,,,,,,,,,,,,,,,,,,,,,,,,,,,,
1732157925.285402,1732157925.287515,67.000000,0.000000,4293.333496,4266.410156,4310.769043,4302.692383,4275.384766,4286.794922,4335.000000,4399.743652,4300.000000,4295.384766,4479.871582,4506.410156,4341.410156,4411.922852,1421.000000,1.000000,22.000000,,,,0.000000,2.000000,2.000000,0.000000,4.000000,2.000000,2.000000,0.000000,0.000000,4.000000,4.000000,4.000000,4.000000,4.000000,4.000000,0.000000,,,,,,,,,,,,,,,,,,,,,,,,,,,,
1732157925.293211,1732157925.295223,68.000000,0.000000,4294.871582,4266.153809,4313.205078,4297.179688,4287.051270,4280.769043,4335.000000,4401.153809,4298.077148,4290.256348,4478.717773,4510.512695,4339.871582,4410.384766,1422.000000,1.000000,22.000000,,,,0.000000,2.000000,2.000000,0.000000,4.000000,2.000000,2.000000,0.000000,0.000000,4.000000,4.000000,4.000000,4.000000,4.000000,4.000000,0.000000,,,,,,,,,,,,,,,,,17.000000,0.000000,0.500443,0.465637,-0.557678,0.470886,0.970333,-0.070321,-0.057136,-35.203709,44.292282,31.261816
1732157925.301019,1732157925.303031,69.000000,0.000000,4294.102539,4265.512695,4313.589844,4295.897461,4300.641113,4282.948730,4335.000000,4400.128418,4297.051270,4286.153809,4476.922852,4509.230957,4342.436035,4404.743652,1212.000000,1.000000,22.000000,,,,0.000000,2.000000,2.000000,0.000000,4.000000,2.000000,2.000000,0.000000,0.000000,4.000000,4.000000,4.000000,4.000000,4.000000,4.000000,0.000000,,,,,,,,,,,,,,,,,,,,,,,,,,,,
1732157925.308827,1732157925.310640,70.000000,0.000000,4295.384766,4266.922852,4311.666504,4299.230957,4283.205078,4294.358887,4335.000000,4398.205078,4297.563965,4290.512695,4477.820313,4507.820313,4343.077148,4403.333496,0.000000,1.000000,22.000000,,,,0.000000,2.000000,2.000000,0.000000,4.000000,2.000000,2.000000,0.000000,0.000000,4.000000,4.000000,4.000000,4.000000,4.000000,4.000000,0.000000,,,,,,,,,,,,,,,,,,,,,,,,,,,,
1732157925.316635,1732157925.318448,71.000000,0.000000,4294.230957,4265.384766,4312.179688,4297.179688,4257.692383,4295.384766,4335.000000,4397.948730,4297.692383,4290.384766,4478.461426,4507.179688,4342.307617,4406.410156,0.000000,1.000000,22.000000,,,,0.000000,2.000000,2.000000,0.000000,4.000000,2.000000,2.000000,0.000000,0.000000,4.000000,4.000000,4.000000,4.000000,4.000000,4.000000,0.000000,,,,,,,,,,,,,,,,,,,,,,,,,,,,
1732157925.324443,1732157925.326156,72.000000,0.000000,4286.794922,4264.487305,4311.794922,4295.384766,4267.948730,4289.358887,4335.000000,4398.077148,4295.769043,4281.922852,4475.897461,4506.922852,4340.897461,4403.846191,1526.000000,1.000000,22.000000,,,,0.000000,2.000000,2.000000,0.000000,4.000000,2.000000,2.000000,0.000000,0.000000,4.000000,4.000000,4.000000,4.000000,4.000000,4.000000,0.000000,,,,,,,,,,,,,,,,,18.000000,0.000000,0.500478,0.465515,-0.557800,0.470825,0.978147,-0.067879,-0.061043,-35.531670,44.356750,31.488737
1732157925.332252,1732157925.333964,73.000000,0.000000,4285.256348,4266.410156,4311.282227,4297.179688,4288.205078,4290.512695,4335.000000,4398.205078,4296.538574,4282.563965,4474.871582,4506.666504,4340.256348,4401.922852,1683.000000,1.000000,22.000000,,,,0.000000,2.000000,2.000000,0.000000,4.000000,2.000000,2.000000,0.000000,0.000000,4.000000,4.000000,4.000000,4.000000,4.000000,4.000000,0.000000,,,,,,,,,,,,,,,,,,,,,,,,,,,,
1732157925.340060,1732157925.341972,74.000000,0.000000,4292.051270,4268.974121,4312.563965,4297.051270,4281.538574,4287.307617,4335.000000,4399.615234,4297.820313,4294.102539,4478.589844,4506.282227,4342.436035,4407.051270,1546.000000,1.000000,22.000000,,,,0.000000,2.000000,2.000000,0.000000,4.000000,2.000000,2.000000,0.000000,0.000000,4.000000,4.000000,4.000000,4.000000,4.000000,4.000000,0.000000,,,,,,,,,,,,,,,,,,,,,,,,,,,,
1732157925.347868,1732157925.349781,75.000000,0.000000,4295.256348,4269.743652,4312.692383,4295.128418,4272.692383,4279.615234,4335.000000,4400.641113,4297.692383,4295.128418,4479.230957,4505.256348,4343.846191,4410.000000,1566.000000,1.000000,22.000000,,,,0.000000,2.000000,2.000000,0.000000,4.000000,2.000000,2.000000,0.000000,0.000000,4.000000,4.000000,4.000000,4.000000,4.000000,4.000000,0.000000,,,,,,,,,,,,,,,,,,,,,,,,,,,,
1732157925.355677,1732157925.357689,76.000000,0.000000,4293.205078,4269.358887,4312.179688,4295.641113,4291.025879,4280.897461,4335.000000,4400.384766,4296.410156,4286.025879,4474.743652,4503.461426,4342.563965,4403.974121,1701.000000,1.000000,22.000000,,,,0.000000,2.000000,2.000000,0.000000,4.000000,2.000000,2.000000,0.000000,0.000000,4.000000,4.000000,4.000000,4.000000,4.000000,4.000000,0.000000,,,,,,,,,,,,,,,,,19.000000,0.000000,0.500638,0.465393,-0.557861,0.470703,0.969357,-0.070809,-0.057136,-35.808987,44.272301,31.590878
1732157925.363485,1732157925.365497,77.000000,0.000000,4293.974121,4271.666504,4314.102539,4297.692383,4298.333496,4281.794922,4335.000000,4401.282227,4295.512695,4287.179688,4473.717773,4505.000000,4344.743652,4398.717773,1606.000000,1.000000,22.000000,,,,0.000000,2.000000,2.000000,0.000000,4.000000,2.000000,2.000000,0.000000,0.000000,4.000000,4.000000,4.000000,4.000000,4.000000,4.000000,0.000000,,,,,,,,,,,,,,,,,,,,,,,,,,,,
1732157925.371293,1732157925.373505,78.000000,0.000000,4295.512695,4280.769043,4313.846191,4301.922852,4276.666504,4279.358887,4335.000000,4401.922852,4296.922852,4294.230957,4478.205078,4507.563965,4349.871582,4402.563965,1546.000000,1.000000,22.000000,,,,0.000000,2.000000,2.000000,0.000000,4.000000,2.000000,2.000000,0.000000,0.000000,4.000000,4.000000,4.000000,4.000000,4.000000,4.000000,0.000000,1.000000,0.000000,1.000000,2.000000,0.000000,1.000000,1.000000,1.000000,0.000000,0.000000,1.000000,4.000000,4.000000,4.000000,4.000000,4.000000,,,,,,,,,,,,
1732157925.379101,1732157925.381313,79.000000,0.000000,4297.436035,4282.820313,4310.256348,4305.256348,4265.384766,4283.717773,4335.000000,4401.282227,4299.230957,4296.666504,4479.615234,4507.563965,4352.307617,4405.000000,1566.000000,1.000000,22.000000,,,,0.000000,2.000000,2.000000,0.000000,4.000000,2.000000,2.000000,0.000000,0.000000,4.000000,4.000000,4.000000,4.000000,4.000000,4.000000,0.000000,,,,,,,,,,,,,,,,,,,,,,,,,,,,
1732157925.386910,1732157925.389221,80.000000,0.000000,4295.641113,4273.333496,4311.410156,4301.282227,4274.102539,4285.641113,4335.000000,4399.358887,4298.333496,4293.717773,4476.794922,4506.410156,4350.128418,4400.512695,1701.000000,1.000000,22.000000,,,,0.000000,2.000000,2.000000,0.000000,4.000000,2.000000,2.000000,0.000000,0.000000,4.000000,4.000000,4.000000,4.000000,4.000000,4.000000,0.000000,,,,,,,,,,,,,,,,,20.000000,0.000000,0.500638,0.465332,-0.557861,0.470764,0.969357,-0.070809,-0.057136,-35.838612,44.632229,31.605276
1732157925.394718,1732157925.397029,81.000000,0.000000,4284.871582,4271.025879,4313.333496,4296.282227,4287.179688,4281.282227,4335.000000,4397.692383,4294.743652,4285.384766,4473.717773,4499.743652,4344.358887,4395.897461,1606.000000,1.000000,22.000000,,,,0.000000,2.000000,2.000000,0.000000,4.000000,2.000000,2.000000,0.000000,0.000000,4.000000,4.000000,4.000000,4.000000,4.000000,4.000000,0.000000,,,,,,,,,,,,,,,,,,,,,,,,,,,,
1732157925.402526,1732157925.405037,82.000000,0.000000,4280.000000,4273.717773,4312.179688,4295.512695,4295.512695,4280.512695,4335.000000,4398.717773,4293.205078,4279.615234,4472.436035,4489.615234,4340.000000,4395.384766,1546.000000,1.000000,22.000000,,,,0.000000,2.000000,2.000000,0.000000,4.000000,2.000000,2.000000,0.000000,0.000000,4.000000,4.000000,4.000000,4.000000,4.000000,4.000000,0.000000,,,,,,,,,,,,,,,,,,,,,,,,,,,,
1732157925.410334,1732157925.412846,83.000000,0.000000,4290.384766,4268.717773,4311.538574,4296.153809,4281.282227,4281.666504,4335.000000,4400.384766,4296.538574,4287.051270,4473.846191,4488.333496,4344.358887,4396.025879,1566.000000,1.000000,22.000000,,,,0.000000,2.000000,2.000000,0.000000,4.000000,2.000000,2.000000,0.000000,0.000000,4.000000,4.000000,4.000000,4.000000,4.000000,4.000000,0.000000,,,,,,,,,,,,,,,,,,,,,,,,,,,,
1732157925.418142,1732157925.420754,84.000000,0.000000,4295.897461,4265.000000,4312.179688,4296.153809,4259.487305,4280.256348,4334.871582,4400.769043,4298.846191,4295.897461,4475.769043,4497.948730,4349.871582,4396.410156,1701.000000,1.000000,22.000000,,,,0.000000,2.000000,2.000000,0.000000,4.000000,2.000000,2.000000,0.000000,0.000000,4.000000,4.000000,4.000000,4.000000,4.000000,4.000000,0.000000,,,,,,,,,,,,,,,,,21.000000,0.000000,0.500662,0.465210,-0.558044,0.470642,0.975705,-0.045416,-0.062019,-35.699276,44.535439,31.440275
1732157925.425951,1732157925.428562,85.000000,0.000000,4290.000000,4271.538574,4312.307617,4297.307617,4270.128418,4278.461426,4335.000000,4399.615234,4297.307617,4294.487305,4475.897461,4498.333496,4349.102539,4400.256348,1606.000000,1.000000,22.000000,,,,0.000000,2.000000,2.000000,0.000000,4.000000,2.000000,2.000000,0.000000,0.000000,4.000000,4.000000,4.000000,4.000000,4.000000,4.000000,0.000000,,,,,,,,,,,,,,,,,,,,,,,,,,,,
1732157925.433759,1732157925.436570,86.000000,0.000000,4292.563965,4280.897461,4311.922852,4300.897461,4285.769043,4278.461426,4334.871582,4399.102539,4296.282227,4292.051270,4475.897461,4494.230957,4349.487305,4406.025879,1546.000000,1.000000,22.000000,,,,0.000000,2.000000,2.000000,0.000000,4.000000,2.000000,2.000000,0.000000,0.000000,4.000000,4.000000,4.000000,4.000000,4.000000,4.000000,0.000000,,,,,,,,,,,,,,,,,,,,,,,,,,,,
1732157925.441567,1732157925.444378,87.000000,0.000000,4298.846191,4283.717773,4311.282227,4308.461426,4274.230957,4278.589844,4334.102539,4400.897461,4295.512695,4287.948730,4476.025879,4495.641113,4351.025879,4405.256348,1566.000000,1.000000,22.000000,,,,0.000000,2.000000,2.000000,0.000000,4.000000,2.000000,2.000000,0.000000,0.000000,4.000000,4.000000,4.000000,4.000000,4.000000,4.000000,0.000000,,,,,,,,,,,,,,,,,,,,,,,,,,,,
1732157925.449376,1732157925.452286,88.000000,0.000000,4296.666504,4281.666504,4309.871582,4308.589844,4281.282227,4277.820313,4334.871582,4401.025879,4292.820313,4283.717773,4475.128418,4499.615234,4350.000000,4399.615234,1701.000000,1.000000,22.000000,,,,0.000000,2.000000,2.000000,0.000000,4.000000,2.000000,2.000000,0.000000,0.000000,4.000000,4.000000,4.000000,4.000000,4.000000,4.000000,0.000000,,,,,,,,,,,,,,,,,22.000000,0.000000,0.500512,0.465332,-0.557922,0.470825,0.979123,-0.061531,-0.048346,-35.586414,44.507038,31.473289
1732157925.457184,1732157925.460095,89.000000,0.000000,4296.410156,4280.256348,4311.025879,4301.025879,4298.589844,4276.922852,4335.384766,4399.615234,4292.179688,4287.948730,4474.615234,4501.153809,4350.897461,4401.153809,1606.000000,1.000000,22.000000,,,,0.000000,2.000000,2.000000,0.000000,4.000000,2.000000,2.000000,0.000000,0.000000,4.000000,4.000000,4.000000,4.000000,4.000000,4.000000,0.000000,,,,,,,,,,,,,,,,,,,,,,,,,,,,
1732157925.464992,1732157925.467703,90.000000,0.000000,4298.333496,4281.282227,4312.307617,4302.179688,4280.256348,4278.333496,4334.871582,4399.230957,4293.974121,4288.846191,4474.358887,4496.282227,4350.384766,4403.974121,1546.000000,1.000000,22.000000,,,,0.000000,2.000000,2.000000,0.000000,4.000000,2.000000,2.000000,0.000000,0.000000,4.000000,4.000000,4.000000,4.000000,4.000000,4.000000,0.000000,,,,,,,,,,,,,,,,,,,,,,,,,,,,
1732157925.472800,1732157925.475511,91.000000,0.000000,4296.025879,4280.512695,4311.666504,4304.230957,4258.974121,4280.384766,4334.743652,4399.102539,4293.461426,4282.179688,4473.589844,4490.256348,4345.256348,4399.487305,1566.000000,1.000000,22.000000,,,,0.000000,2.000000,2.000000,0.000000,4.000000,2.000000,2.000000,0.000000,0.000000,4.000000,4.000000,4.000000,4.000000,4.000000,4.000000,0.000000,,,,,,,,,,,,,,,,,,,,,,,,,,,,
1732157925.480609,1732157925.483219,92.000000,0.000000,4293.846191,4279.230957,4311.153809,4298.333496,4268.205078,4279.743652,4334.743652,4400.256348,4292.436035,4280.000000,4471.538574,4488.846191,4341.794922,4393.077148,1701.000000,1.000000,22.000000,,,,0.000000,2.000000,2.000000,0.000000,4.000000,2.000000,2.000000,0.000000,0.000000,4.000000,4.000000,4.000000,4.000000,4.000000,4.000000,0.000000,,,,,,,,,,,,,,,,,23.000000,0.000000,0.500615,0.465210,-0.557983,0.470764,0.984007,-0.062508,-0.052741,-35.538330,44.505703,31.415031
1732157925.488417,1732157925.491028,93.000000,0.000000,4295.000000,4278.077148,4311.794922,4297.948730,4275.512695,4278.589844,4334.743652,4401.025879,4291.922852,4282.563965,4470.641113,4491.025879,4341.666504,4389.743652,1606.000000,1.000000,22.000000,,,,0.000000,2.000000,2.000000,0.000000,4.000000,2.000000,2.000000,0.000000,0.000000,4.000000,4.000000,4.000000,4.000000,4.000000,4.000000,0.000000,,,,,,,,,,,,,,,,,,,,,,,,,,,,
1732157925.496225,1732157925.498636,94.000000,0.000000,4295.000000,4277.051270,4312.051270,4301.666504,4279.102539,4278.589844,4335.256348,4400.000000,4288.717773,4280.897461,4472.563965,4491.922852,4340.512695,4391.410156,1546.000000,1.000000,22.000000,,,,0.000000,2.000000,2.000000,0.000000,4.000000,2.000000,2.000000,0.000000,0.000000,4.000000,4.000000,4.000000,4.000000,4.000000,4.000000,0.000000,,,,,,,,,,,,,,,,,,,,,,,,,,,,
1732157925.504033,1732157925.506444,95.000000,0.000000,4293.974121,4276.794922,4312.692383,4302.179688,4293.205078,4277.948730,4335.897461,4401.538574,4285.769043,4276.410156,4470.000000,4491.153809,4338.846191,4396.153809,1566.000000,1.000000,22.000000,,,,0.000000,2.000000,2.000000,0.000000,4.000000,2.000000,2.000000,0.000000,0.000000,4.000000,4.000000,4.000000,4.000000,4.000000,4.000000,0.000000,,,,,,,,,,,,,,,,,,,,,,,,,,,,
1732157925.511841,1732157925.514153,96.000000,0.000000,4294.743652,4278.461426,4312.820313,4306.153809,4284.615234,4279.358887,4336.025879,4403.589844,4291.025879,4278.974121,4467.436035,4490.897461,4339.615234,4397.051270,1701.000000,1.000000,22.000000,,,,0.000000,2.000000,2.000000,0.000000,4.000000,2.000000,2.000000,0.000000,0.000000,4.000000,4.000000,4.000000,4.000000,4.000000,4.000000,0.000000,,,,,,,,,,,,,,,,,24.000000,0.000000,0.500603,0.465088,-0.558044,0.470825,0.985472,-0.059578,-0.041997,-35.594379,44.726284,31.462841
1732157925.519650,1732157925.521961,97.000000,0.000000,4297.563965,4279.487305,4311.666504,4305.641113,4262.692383,4281.538574,4336.538574,4401.666504,4298.974121,4285.256348,4471.538574,4494.743652,4340.769043,4397.179688,1606.000000,1.000000,22.000000,,,,0.000000,2.000000,2.000000,0.000000,4.000000,2.000000,2.000000,0.000000,0.000000,4.000000,4.000000,4.000000,4.000000,4.000000,4.000000,0.000000,,,,,,,,,,,,,,,,,,,,,,,,,,,,
1732157925.527458,1732157925.529569,98.000000,0.000000,4298.717773,4277.563965,4312.563965,4299.358887,4264.102539,4281.282227,4335.512695,4398.974121,4297.692383,4285.128418,4474.871582,4498.205078,4341.794922,4396.794922,1546.000000,1.000000,22.000000,,,,0.000000,2.000000,2.000000,0.000000,4.000000,2.000000,2.000000,0.000000,0.000000,4.000000,4.000000,4.000000,4.000000,4.000000,4.000000,0.000000,,,,,,,,,,,,,,,,,,,,,,,,,,,,
1732157925.535266,1732157925.537377,99.000000,0.000000,4297.948730,4275.769043,4315.769043,4298.205078,4278.077148,4281.922852,4334.871582,4399.871582,4292.436035,4281.666504,4472.436035,4493.974121,4341.922852,4391.153809,1566.000000,1.000000,22.000000,,,,0.000000,2.000000,2.000000,0.000000,4.000000,2.000000,2.000000,0.000000,0.000000,4.000000,4.000000,4.000000,4.000000,4.000000,4.000000,0.000000,,,,,,,,,,,,,,,,,,,,,,,,,,,,
1732157925.543074,1732157925.545086,100.000000,0.000000,4297.563965,4276.922852,4315.128418,4298.974121,4293.077148,4282.051270,4336.282227,4400.256348,4292.563965,4280.769043,4472.179688,4490.897461,4342.051270,4391.153809,1701.000000,1.000000,22.000000,,,,0.000000,2.000000,2.000000,0.000000,4.000000,2.000000,2.000000,0.000000,0.000000,4.000000,4.000000,4.000000,4.000000,4.000000,4.000000,0.000000,,,,,,,,,,,,,,,,,25.000000,0.000000,0.500752,0.464905,-0.558167,0.470703,0.972775,-0.058601,-0.055671,-35.699780,44.753292,31.496569
1732157925.550883,1732157925.552894,101.000000,0.000000,4296.922852,4279.743652,4311.794922,4299.615234,4289.615234,4280.769043,4336.538574,4400.384766,4296.153809,4281.025879,4474.615234,4494.230957,4342.948730,4397.948730,1606.000000,1.000000,22.000000,,,,0.000000,2.000000,2.000000,0.000000,4.000000,2.000000,2.000000,0.000000,0.000000,4.000000,4.000000,4.000000,4.000000,4.000000,4.000000,0.000000,,,,,,,,,,,,,,,,,,,,,,,,,,,,
1732157925.558691,1732157925.560502,102.000000,0.000000,4298.846191,4281.025879,4312.179688,4305.128418,4269.102539,4281.153809,4336.282227,4400.641113,4296.794922,4279.743652,4472.563965,4495.897461,4342.820313,4398.974121,1546.000000,1.000000,22.000000,,,,0.000000,2.000000,2.000000,0.000000,4.000000,2.000000,2.000000,0.000000,0.000000,4.000000,4.000000,4.000000,4.000000,4.000000,4.000000,0.000000,,,,,,,,,,,,,,,,,,,,,,,,,,,,
1732157925.566499,1732157925.568311,103.000000,0.000000,4300.897461,4280.641113,4313.205078,4311.282227,4265.897461,4282.051270,4336.025879,4401.025879,4294.615234,4278.461426,4472.436035,4500.512695,4343.461426,4397.692383,1566.000000,1.000000,22.000000,,,,0.000000,2.000000,2.000000,0.000000,4.000000,2.000000,2.000000,0.000000,0.000000,4.000000,4.000000,4.000000,4.000000,4.000000,4.000000,0.000000,,,,,,,,,,,,,,,,,,,,,,,,,,,,
1732157925.574308,1732157925.576219,104.000000,0.000000,4298.205078,4279.871582,4312.563965,4312.051270,4276.282227,4280.897461,4335.384766,4403.333496,4293.333496,4278.974121,4474.358887,4503.846191,4343.461426,4398.974121,1701.000000,1.000000,22.000000,,,,0.000000,2.000000,2.000000,0.000000,4.000000,2.000000,2.000000,0.000000,0.000000,4.000000,4.000000,4.000000,4.000000,4.000000,4.000000,0.000000,,,,,,,,,,,,,,,,,26.000000,0.000000,0.500798,0.464844,-0.558228,0.470642,0.984007,-0.058601,-0.061043,-36.058491,44.760166,31.450554
1732157925.582116,1732157925.584027,105.000000,0.000000,4295.256348,4279.743652,4311.538574,4306.794922,4286.922852,4279.230957,4334.743652,4402.948730,4292.692383,4275.512695,4469.102539,4496.153809,4335.897461,4397.051270,1606.000000,1.000000,22.000000,,,,0.000000,2.000000,2.000000,0.000000,4.000000,2.000000,2.000000,0.000000,0.000000,4.000000,4.000000,4.000000,4.000000,4.000000,4.000000,0.000000,,,,,,,,,,,,,,,,,,,,,,,,,,,,
1732157925.589924,1732157925.591635,106.000000,0.000000,4296.153809,4279.743652,4312.179688,4300.769043,4293.846191,4279.871582,4335.000000,4399.230957,4292.563965,4273.205078,4465.256348,4493.846191,4332.692383,4394.615234,1546.000000,1.000000,22.000000,,,,0.000000,2.000000,2.000000,0.000000,4.000000,2.000000,2.000000,0.000000,0.000000,4.000000,4.000000,4.000000,4.000000,4.000000,4.000000,0.000000,,,,,,,,,,,,,,,,,,,,,,,,,,,,
1732157925.597732,1732157925.599443,107.000000,0.000000,4296.538574,4279.358887,4313.461426,4300.512695,4277.692383,4280.897461,4335.000000,4398.589844,4296.794922,4282.179688,4471.922852,4506.410156,4343.077148,4398.461426,1566.000000,1.000000,22.000000,,,,0.000000,2.000000,2.000000,0.000000,4.000000,2.000000,2.000000,0.000000,0.000000,4.000000,4.000000,4.000000,4.000000,4.000000,4.000000,0.000000,,,,,,,,,,,,,,,,,,,,,,,,,,,,
1732157925.605540,1732157925.607152,108.000000,0.000000,4295.641113,4279.743652,4313.717773,4302.692383,4257.563965,4281.282227,4334.871582,4400.512695,4300.256348,4289.102539,4476.922852,4509.871582,4348.717773,4400.512695,1701.000000,1.000000,22.000000,,,,0.000000,2.000000,2.000000,0.000000,4.000000,2.000000,2.000000,0.000000,0.000000,4.000000,4.000000,4.000000,4.000000,4.000000,4.000000,0.000000,,,,,,,,,,,,,,,,,27.000000,0.000000,0.500833,0.464783,-0.558350,0.470520,0.974240,-0.055183,-0.056159,-36.042377,44.855736,31.711615
1732157925.613349,1732157925.614960,109.000000,0.000000,4295.384766,4280.897461,4313.846191,4301.794922,4268.205078,4281.922852,4335.000000,4400.256348,4296.025879,4282.563965,4472.692383,4499.358887,4341.794922,4398.205078,1606.000000,1.000000,22.000000,,,,0.000000,2.000000,2.000000,0.000000,4.000000,2.000000,2.000000,0.000000,0.000000,4.000000,4.000000,4.000000,4.000000,4.000000,4.000000,0.000000,,,,,,,,,,,,,,,,,,,,,,,,,,,,
1732157925.621157,1732157925.622568,110.000000,0.000000,4293.974121,4277.948730,4313.974121,4299.743652,4288.461426,4281.794922,4335.000000,4401.282227,4294.230957,4278.077148,4467.948730,4496.922852,4339.230957,4396.922852,1546.000000,1.000000,22.000000,,,,0.000000,2.000000,2.000000,0.000000,4.000000,2.000000,2.000000,0.000000,0.000000,4.000000,4.000000,4.000000,4.000000,4.000000,4.000000,0.000000,,,,,,,,,,,,,,,,,,,,,,,,,,,,
1732157925.628965,1732157925.630377,111.000000,0.000000,4294.487305,4275.384766,4313.333496,4299.743652,4287.692383,4280.256348,4335.000000,4402.179688,4298.205078,4281.538574,4468.333496,4499.230957,4343.461426,4398.077148,1566.000000,1.000000,22.000000,,,,0.000000,2.000000,2.000000,0.000000,4.000000,2.000000,2.000000,0.000000,0.000000,4.000000,4.000000,4.000000,4.000000,4.000000,4.000000,0.000000,,,,,,,,,,,,,,,,,,,,,,,,,,,,
1732157925.636773,1732157925.638085,112.000000,0.000000,4296.025879,4277.820313,4311.410156,4302.948730,4273.205078,4281.410156,4335.000000,4400.512695,4298.333496,4282.051270,4471.282227,4497.307617,4344.230957,4397.820313,1701.000000,1.000000,22.000000,,,,0.000000,2.000000,2.000000,0.000000,4.000000,2.000000,2.000000,0.000000,0.000000,4.000000,4.000000,4.000000,4.000000,4.000000,4.000000,0.000000,,,,,,,,,,,,,,,,,28.000000,0.000000,0.501062,0.464417,-0.558655,0.470276,0.976193,-0.068856,-0.061043,-36.122658,44.821480,31.574741
1732157925.644582,1732157925.645893,113.000000,0.000000,4295.641113,4280.256348,4310.641113,4306.153809,4267.051270,4285.384766,4335.000000,4400.769043,4295.512695,4279.487305,4472.436035,4495.641113,4343.461426,4396.153809,1606.000000,1.000000,22.000000,,,,0.000000,2.000000,2.000000,0.000000,4.000000,2.000000,2.000000,0.000000,0.000000,4.000000,4.000000,4.000000,4.000000,4.000000,4.000000,0.000000,,,,,,,,,,,,,,,,,,,,,,,,,,,,
1732157925.652390,1732157925.653502,114.000000,0.000000,4294.871582,4279.871582,4313.717773,4306.794922,4276.410156,4285.000000,4335.000000,4400.512695,4294.487305,4279.358887,4470.897461,4496.153809,4342.436035,4397.307617,1546.000000,1.000000,22.000000,,,,0.000000,2.000000,2.000000,0.000000,4.000000,2.000000,2.000000,0.000000,0.000000,4.000000,4.000000,4.000000,4.000000,4.000000,4.000000,0.000000,,,,,,,,,,,,,,,,,,,,,,,,,,,,
1732157925.660198,1732157925.661310,115.000000,0.000000,4294.615234,4280.512695,4313.333496,4306.794922,4284.487305,4281.282227,4335.000000,4398.717773,4293.717773,4279.743652,4473.077148,4497.307617,4342.692383,4399.487305,1566.000000,1.000000,22.000000,,,,0.000000,2.000000,2.000000,0.000000,4.000000,2.000000,2.000000,0.000000,0.000000,4.000000,4.000000,4.000000,4.000000,4.000000,4.000000,0.000000,,,,,,,,,,,,,,,,,,,,,,,,,,,,
1732157925.668007,1732157925.669218,116.000000,0.000000,4293.717773,4281.538574,4310.769043,4305.384766,4278.717773,4279.102539,4335.000000,4400.384766,4293.461426,4279.871582,4470.769043,4500.128418,4346.025879,4398.589844,1701.000000,1.000000,22.000000,,,,0.000000,2.000000,2.000000,0.000000,4.000000,2.000000,2.000000,0.000000,0.000000,4.000000,4.000000,4.000000,4.000000,4.000000,4.000000,0.000000,,,,,,,,,,,,,,,,,29.000000,0.000000,0.501015,0.464417,-0.558594,0.470398,0.974728,-0.060066,-0.057624,-36.141018,44.755398,31.632208
1732157925.675815,1732157925.677026,117.000000,0.000000,4293.461426,4280.512695,4312.307617,4302.179688,4275.128418,4280.000000,4335.000000,4402.051270,4295.384766,4280.641113,4462.820313,4499.487305,4343.974121,4397.948730,1606.000000,1.000000,22.000000,,,,0.000000,2.000000,2.000000,0.000000,4.000000,2.000000,2.000000,0.000000,0.000000,4.000000,4.000000,4.000000,4.000000,4.000000,4.000000,0.000000,,,,,,,,,,,,,,,,,,,,,,,,,,,,
1732157925.683623,1732157925.685034,118.000000,0.000000,4295.000000,4280.000000,4314.615234,4301.025879,4289.743652,4281.025879,4335.000000,4401.153809,4294.487305,4274.487305,4461.538574,4497.948730,4335.384766,4398.589844,1546.000000,1.000000,22.000000,,,,0.000000,2.000000,2.000000,0.000000,4.000000,2.000000,2.000000,0.000000,0.000000,4.000000,4.000000,4.000000,4.000000,4.000000,4.000000,0.000000,,,,,,,,,,,,,,,,,,,,,,,,,,,,
1732157925.691431,1732157925.692842,119.000000,0.000000,4294.230957,4278.589844,4313.589844,4302.436035,4299.615234,4281.666504,4335.000000,4402.563965,4290.256348,4266.538574,4460.769043,4497.436035,4331.794922,4396.922852,1566.000000,1.000000,22.000000,,,,0.000000,2.000000,2.000000,0.000000,4.000000,2.000000,2.000000,0.000000,0.000000,4.000000,4.000000,4.000000,4.000000,4.000000,4.000000,0.000000,,,,,,,,,,,,,,,,,,,,,,,,,,,,
1732157925.699239,1732157925.700750,120.000000,0.000000,4292.820313,4276.666504,4312.179688,4301.153809,4279.358887,4281.922852,4335.000000,4402.948730,4287.563965,4272.692383,4461.538574,4495.897461,4338.461426,4400.641113,1701.000000,1.000000,22.000000,,,,0.000000,2.000000,2.000000,0.000000,4.000000,2.000000,2.000000,0.000000,0.000000,4.000000,4.000000,4.000000,4.000000,4.000000,4.000000,0.000000,,,,,,,,,,,,,,,,,30.000000,0.000000,0.501015,0.464417,-0.558594,0.470398,0.975217,-0.064949,-0.057624,-36.185894,44.671871,31.603754
1732157925.707048,1732157925.708559,121.000000,0.000000,4295.897461,4279.358887,4313.974121,4300.384766,4259.358887,4280.769043,4335.000000,4401.666504,4292.179688,4282.436035,4471.153809,4503.205078,4344.615234,4411.794922,1606.000000,1.000000,22.000000,,,,0.000000,2.000000,2.000000,0.000000,4.000000,2.000000,2.000000,0.000000,0.000000,4.000000,4.000000,4.000000,4.000000,4.000000,4.000000,0.000000,,,,,,,,,,,,,,,,,,,,,,,,,,,,
1732157925.714856,1732157925.716167,122.000000,0.000000,4298.333496,4281.666504,4314.487305,4305.512695,4268.717773,4279.743652,4335.000000,4401.666504,4295.384766,4281.666504,4476.794922,4510.128418,4343.717773,4412.948730,1546.000000,1.000000,22.000000,,,,0.000000,2.000000,2.000000,0.000000,4.000000,2.000000,2.000000,0.000000,0.000000,4.000000,4.000000,4.000000,4.000000,4.000000,4.000000,0.000000,,,,,,,,,,,,,,,,,,,,,,,,,,,,
1732157925.722664,1732157925.723975,123.000000,0.000000,4295.769043,4278.589844,4312.692383,4303.077148,4285.384766,4280.769043,4335.000000,4401.282227,4286.538574,4279.871582,4472.179688,4506.153809,4341.922852,4402.948730,1566.000000,1.000000,22.000000,,,,0.000000,2.000000,2.000000,0.000000,4.000000,2.000000,2.000000,0.000000,0.000000,4.000000,4.000000,4.000000,4.000000,4.000000,4.000000,0.000000,,,,,,,,,,,,,,,,,,,,,,,,,,,,
1732157925.730472,1732157925.731883,124.000000,0.000000,4293.974121,4276.794922,4310.128418,4295.512695,4284.487305,4281.025879,4334.871582,4400.512695,4284.102539,4281.282227,4471.025879,4503.333496,4341.922852,4400.641113,1701.000000,1.000000,22.000000,,,,0.000000,2.000000,2.000000,0.000000,4.000000,2.000000,2.000000,0.000000,0.000000,4.000000,4.000000,4.000000,4.000000,4.000000,4.000000,0.000000,,,,,,,,,,,,,,,,,31.000000,0.000000,0.501049,0.464294,-0.558716,0.470337,0.989379,-0.061043,-0.053229,-36.078907,45.000881,31.694040
1732157925.738281,1732157925.739692,125.000000,0.000000,4295.512695,4279.743652,4310.897461,4294.487305,4271.025879,4278.717773,4334.487305,4401.153809,4293.717773,4282.692383,4473.461426,4506.153809,4343.077148,4405.769043,1606.000000,1.000000,22.000000,,,,0.000000,2.000000,2.000000,0.000000,4.000000,2.000000,2.000000,0.000000,0.000000,4.000000,4.000000,4.000000,4.000000,4.000000,4.000000,0.000000,,,,,,,,,,,,,,,,,,,,,,,,,,,,
1732157925.746089,1732157925.747700,126.000000,0.000000,4293.461426,4280.384766,4312.051270,4296.794922,4266.538574,4280.256348,4335.256348,4399.615234,4298.333496,4287.307617,4472.820313,4506.153809,4342.563965,4404.230957,1546.000000,1.000000,22.000000,,,,0.000000,2.000000,2.000000,0.000000,4.000000,2.000000,2.000000,0.000000,0.000000,4.000000,4.000000,4.000000,4.000000,4.000000,4.000000,0.000000,,,,,,,,,,,,,,,,,,,,,,,,,,,,
1732157925.753897,1732157925.755508,127.000000,0.000000,4289.871582,4279.615234,4309.871582,4297.692383,4273.333496,4283.589844,4335.384766,4396.922852,4296.153809,4291.153809,4474.743652,4504.487305,4343.846191,4396.410156,22.000000,1.000000,22.000000,,,,0.000000,2.000000,2.000000,0.000000,4.000000,2.000000,2.000000,0.000000,0.000000,4.000000,4.000000,4.000000,4.000000,4.000000,4.000000,0.000000,,,,,,,,,,,,,,,,,,,,,,,,,,,,
1732157925.761706,1732157925.763416,0.000000,0.000000,4293.461426,4281.410156,4309.358887,4297.692383,4282.436035,4281.538574,4333.461426,4398.077148,4296.025879,4286.794922,4475.128418,4503.846191,4346.538574,4396.538574,0.000000,1.000000,22.000000,,,,0.000000,2.000000,2.000000,0.000000,4.000000,2.000000,2.000000,0.000000,0.000000,4.000000,4.000000,4.000000,4.000000,4.000000,4.000000,0.000000,,,,,,,,,,,,,,,,,0.000000,0.000000,0.501129,0.464355,-0.558594,0.470337,0.988402,-0.059578,-0.068856,-36.042248,45.300716,31.600506
1732157925.769514,1732157925.771224,1.000000,0.000000,4294.230957,4281.282227,4312.948730,4296.025879,4289.615234,4278.077148,4336.922852,4399.615234,4294.871582,4280.897461,4472.563965,4502.948730,4344.615234,4405.128418,1601.000000,1.000000,22.000000,,,,0.000000,2.000000,2.000000,0.000000,4.000000,2.000000,2.000000,0.000000,0.000000,4.000000,4.000000,4.000000,4.000000,4.000000,4.000000,0.000000,,,,,,,,,,,,,,,,,,,,,,,,,,,,
1732157925.777322,1732157925.779232,2.000000,0.000000,4285.000000,4278.589844,4311.922852,4292.307617,4281.410156,4278.461426,4340.769043,4399.487305,4294.358887,4284.102539,4472.051270,4506.153809,4342.051270,4405.512695,1366.000000,1.000000,22.000000,,,,0.000000,2.000000,2.000000,0.000000,4.000000,2.000000,2.000000,0.000000,0.000000,4.000000,4.000000,4.000000,4.000000,4.000000,4.000000,0.000000,,,,,,,,,,,,,,,,,,,,,,,,,,,,
1732157925.785130,1732157925.787040,3.000000,0.000000,4280.384766,4277.563965,4308.974121,4291.666504,4260.769043,4280.000000,4337.307617,4398.974121,4297.051270,4286.922852,4472.307617,4506.794922,4342.436035,4398.205078,1421.000000,1.000000,22.000000,,,,0.000000,2.000000,2.000000,0.000000,4.000000,2.000000,2.000000,0.000000,0.000000,4.000000,4.000000,4.000000,4.000000,4.000000,4.000000,0.000000,,,,,,,,,,,,,,,,,,,,,,,,,,,,
1732157925.792938,1732157925.794948,4.000000,0.000000,4284.358887,4278.717773,4310.769043,4292.692383,4261.666504,4279.743652,4334.102539,4398.717773,4296.410156,4283.974121,4471.282227,4502.436035,4343.589844,4396.922852,1424.000000,1.000000,22.000000,,,,0.000000,2.000000,2.000000,0.000000,4.000000,2.000000,2.000000,0.000000,0.000000,4.000000,4.000000,4.000000,4.000000,4.000000,4.000000,0.000000,,,,,,,,,,,,,,,,,1.000000,0.000000,0.501015,0.464417,-0.558594,0.470398,0.987425,-0.065438,-0.059578,-36.057552,45.295246,31.459743
1732157925.800747,1732157925.802757,5.000000,0.000000,4286.153809,4279.615234,4312.692383,4295.000000,4278.974121,4280.384766,4335.769043,4399.743652,4295.000000,4287.563965,4472.179688,4501.538574,4347.051270,4401.282227,1215.000000,1.000000,22.000000,,,,0.000000,2.000000,2.000000,0.000000,4.000000,2.000000,2.000000,0.000000,0.000000,4.000000,4.000000,4.000000,4.000000,4.000000,4.000000,0.000000,,,,,,,,,,,,,,,,,,,,,,,,,,,,
1732157925.808555,1732157925.810765,6.000000,0.000000,4291.922852,4279.102539,4310.384766,4297.051270,4279.358887,4281.794922,4336.025879,4402.436035,4294.615234,4290.769043,4474.871582,4505.000000,4352.436035,4403.333496,0.000000,1.000000,22.000000,,,,0.000000,2.000000,2.000000,0.000000,4.000000,2.000000,2.000000,0.000000,0.000000,4.000000,4.000000,4.000000,4.000000,4.000000,4.000000,0.000000,,,,,,,,,,,,,,,,,,,,,,,,,,,,
1732157925.816363,1732157925.818573,7.000000,0.000000,4295.384766,4279.358887,4310.128418,4296.153809,4274.358887,4280.769043,4334.743652,4402.948730,4293.717773,4282.948730,4474.743652,4506.922852,4349.743652,4403.589844,0.000000,1.000000,22.000000,,,,0.000000,2.000000,2.000000,0.000000,4.000000,2.000000,2.000000,0.000000,0.000000,4.000000,4.000000,4.000000,4.000000,4.000000,4.000000,0.000000,,,,,,,,,,,,,,,,,,,,,,,,,,,,
1732157925.824171,1732157925.826481,8.000000,0.000000,4287.563965,4279.358887,4312.948730,4293.974121,4285.897461,4279.102539,4335.384766,4401.153809,4291.410156,4278.717773,4473.077148,4506.538574,4344.230957,4402.179688,1538.000000,1.000000,22.000000,,,,0.000000,2.000000,2.000000,0.000000,4.000000,2.000000,2.000000,0.000000,0.000000,4.000000,4.000000,4.000000,4.000000,4.000000,4.000000,0.000000,,,,,,,,,,,,,,,,,2.000000,0.000000,0.500890,0.464417,-0.558655,0.470459,0.987425,-0.065438,-0.059578,-36.046619,45.080814,31.435726
1732157925.831980,1732157925.834289,9.000000,0.000000,4286.538574,4278.205078,4312.436035,4293.974121,4292.307617,4277.436035,4335.256348,4400.641113,4288.846191,4281.025879,4474.743652,4506.666504,4344.743652,4401.282227,1685.000000,1.000000,22.000000,,,,0.000000,2.000000,2.000000,0.000000,4.000000,2.000000,2.000000,0.000000,0.000000,4.000000,4.000000,4.000000,4.000000,4.000000,4.000000,0.000000,,,,,,,,,,,,,,,,,,,,,,,,,,,,
1732157925.839788,1732157925.841898,10.000000,0.000000,4296.794922,4280.384766,4310.897461,4297.948730,4274.230957,4276.922852,4335.512695,4400.256348,4290.384766,4282.051270,4476.794922,4508.205078,4345.128418,4404.743652,1546.000000,1.000000,22.000000,,,,0.000000,2.000000,2.000000,0.000000,4.000000,2.000000,2.000000,0.000000,0.000000,4.000000,4.000000,4.000000,4.000000,4.000000,4.000000,0.000000,,,,,,,,,,,,,,,,,,,,,,,,,,,,
1732157925.847596,1732157925.849706,11.000000,0.000000,4296.666504,4282.692383,4312.179688,4298.974121,4260.641113,4279.743652,4336.282227,4399.102539,4293.589844,4288.974121,4473.717773,4508.846191,4344.358887,4404.615234,1569.000000,1.000000,22.000000,,,,0.000000,2.000000,2.000000,0.000000,4.000000,2.000000,2.000000,0.000000,0.000000,4.000000,4.000000,4.000000,4.000000,4.000000,4.000000,0.000000,,,,,,,,,,,,,,,,,,,,,,,,,,,,
1732157925.855405,1732157925.857414,12.000000,0.000000,4291.922852,4281.153809,4313.846191,4295.641113,4267.179688,4282.051270,4335.769043,4400.128418,4296.410156,4292.051270,4471.666504,4507.948730,4343.589844,4399.615234,1701.000000,1.000000,22.000000,,,,0.000000,2.000000,2.000000,0.000000,4.000000,2.000000,2.000000,0.000000,0.000000,4.000000,4.000000,4.000000,4.000000,4.000000,4.000000,0.000000,,,,,,,,,,,,,,,,,3.000000,0.000000,0.500900,0.464111,-0.558899,0.470459,0.979123,-0.066414,-0.046392,-35.952763,45.070461,31.664604
1732157925.863213,1732157925.865222,13.000000,0.000000,4295.128418,4275.769043,4312.820313,4294.230957,4276.922852,4280.769043,4335.512695,4400.384766,4293.077148,4281.666504,4473.846191,4505.384766,4341.666504,4397.179688,1616.000000,1.000000,22.000000,,,,0.000000,2.000000,2.000000,0.000000,4.000000,2.000000,2.000000,0.000000,0.000000,4.000000,4.000000,4.000000,4.000000,4.000000,4.000000,0.000000,,,,,,,,,,,,,,,,,,,,,,,,,,,,
1732157925.871021,1732157925.872831,14.000000,0.000000,4289.615234,4272.179688,4313.846191,4291.538574,4290.641113,4280.256348,4336.282227,4399.102539,4285.769043,4277.179688,4471.410156,4501.410156,4342.179688,4397.436035,1546.000000,1.000000,22.000000,,,,0.000000,2.000000,2.000000,0.000000,4.000000,2.000000,2.000000,0.000000,0.000000,4.000000,4.000000,4.000000,4.000000,4.000000,4.000000,0.000000,1.000000,0.000000,1.000000,2.000000,0.000000,4.000000,1.000000,0.000000,0.000000,0.000000,1.000000,4.000000,1.000000,4.000000,4.000000,4.000000,,,,,,,,,,,,
1732157925.878829,1732157925.880639,15.000000,0.000000,4280.512695,4273.333496,4315.384766,4290.000000,4290.897461,4282.051270,4336.666504,4398.717773,4287.307617,4289.102539,4469.230957,4497.820313,4342.820313,4398.589844,1569.000000,1.000000,22.000000,,,,0.000000,2.000000,2.000000,0.000000,4.000000,2.000000,2.000000,0.000000,0.000000,4.000000,4.000000,4.000000,4.000000,4.000000,4.000000,0.000000,,,,,,,,,,,,,,,,,,,,,,,,,,,,
1732157925.886637,1732157925.888347,16.000000,0.000000,4280.769043,4270.512695,4312.436035,4291.922852,4264.230957,4283.589844,4334.358887,4399.487305,4299.230957,4297.307617,4472.436035,4497.948730,4337.179688,4398.846191,0.000000,1.000000,22.000000,,,,0.000000,2.000000,2.000000,0.000000,4.000000,2.000000,2.000000,0.000000,0.000000,4.000000,4.000000,4.000000,4.000000,4.000000,4.000000,0.000000,,,,,,,,,,,,,,,,,4.000000,0.000000,0.501037,0.463867,-0.559082,0.470337,0.960566,-0.076670,-0.043462,-36.133404,44.817074,31.561663
1732157925.894446,1732157925.896155,17.000000,0.000000,4282.051270,4265.512695,4310.128418,4293.077148,4265.897461,4283.461426,4333.461426,4399.487305,4299.743652,4287.051270,4469.615234,4497.948730,4331.794922,4397.179688,0.000000,1.000000,22.000000,,,,0.000000,2.000000,2.000000,0.000000,4.000000,2.000000,2.000000,0.000000,0.000000,4.000000,4.000000,4.000000,4.000000,4.000000,4.000000,0.000000,,,,,,,,,,,,,,,,,,,,,,,,,,,,
1732157925.902254,1732157925.903764,18.000000,0.000000,4286.025879,4269.871582,4311.666504,4293.461426,4297.179688,4282.051270,4335.641113,4399.102539,4287.563965,4277.692383,4461.410156,4498.717773,4333.846191,4396.410156,0.000000,1.000000,22.000000,,,,0.000000,2.000000,2.000000,0.000000,4.000000,2.000000,2.000000,0.000000,0.000000,4.000000,4.000000,4.000000,4.000000,4.000000,4.000000,0.000000,,,,,,,,,,,,,,,,,,,,,,,,,,,,
1732157925.910062,1732157925.911572,19.000000,0.000000,4295.128418,4278.077148,4310.384766,4296.282227,4286.666504,4282.563965,4336.282227,4398.974121,4290.769043,4283.589844,4460.256348,4499.230957,4339.230957,4399.230957,0.000000,1.000000,22.000000,,,,0.000000,2.000000,2.000000,0.000000,4.000000,2.000000,2.000000,0.000000,0.000000,4.000000,4.000000,4.000000,4.000000,4.000000,4.000000,0.000000,,,,,,,,,,,,,,,,,,,,,,,,,,,,
1732157925.917870,1732157925.919280,20.000000,0.000000,4297.179688,4277.563965,4308.077148,4297.307617,4261.666504,4285.000000,4334.743652,4398.333496,4297.307617,4285.897461,4462.692383,4499.871582,4341.794922,4399.230957,0.000000,1.000000,22.000000,,,,0.000000,2.000000,2.000000,0.000000,4.000000,2.000000,2.000000,0.000000,0.000000,4.000000,4.000000,4.000000,4.000000,4.000000,4.000000,0.000000,,,,,,,,,,,,,,,,,5.000000,0.000000,0.500877,0.463989,-0.559021,0.470459,0.975705,-0.064949,-0.056159,-36.234722,44.686829,31.523281
1732157925.925679,1732157925.927089,21.000000,0.000000,4291.794922,4275.512695,4311.282227,4295.769043,4271.153809,4283.461426,4334.743652,4397.820313,4288.717773,4279.615234,4460.384766,4497.436035,4339.743652,4394.743652,0.000000,1.000000,22.000000,,,,0.000000,2.000000,2.000000,0.000000,4.000000,2.000000,2.000000,0.000000,0.000000,4.000000,4.000000,4.000000,4.000000,4.000000,4.000000,0.000000,,,,,,,,,,,,,,,,,,,,,,,,,,,,
1732157925.933487,1732157925.934697,22.000000,0.000000,4292.179688,4276.153809,4313.461426,4296.922852,4284.358887,4280.000000,4335.256348,4397.307617,4284.487305,4279.743652,4460.000000,4497.179688,4338.717773,4396.666504,0.000000,1.000000,22.000000,,,,0.000000,2.000000,2.000000,0.000000,4.000000,2.000000,2.000000,0.000000,0.000000,4.000000,4.000000,4.000000,4.000000,4.000000,4.000000,0.000000,,,,,,,,,,,,,,,,,,,,,,,,,,,,
1732157925.941295,1732157925.942505,23.000000,0.000000,4293.205078,4274.743652,4311.794922,4297.692383,4282.692383,4283.589844,4334.871582,4398.589844,4292.948730,4281.153809,4465.641113,4501.282227,4340.769043,4403.589844,0.000000,1.000000,22.000000,,,,0.000000,2.000000,2.000000,0.000000,4.000000,2.000000,2.000000,0.000000,0.000000,4.000000,4.000000,4.000000,4.000000,4.000000,4.000000,0.000000,,,,,,,,,,,,,,,,,,,,,,,,,,,,
1732157925.949103,1732157925.950213,24.000000,0.000000,4292.563965,4274.743652,4312.436035,4296.538574,4278.974121,4288.717773,4334.871582,4400.384766,4296.025879,4280.641113,4472.051270,4499.615234,4342.051270,4402.563965,0.000000,1.000000,22.000000,,,,0.000000,2.000000,2.000000,0.000000,4.000000,2.000000,2.000000,0.000000,0.000000,4.000000,4.000000,4.000000,4.000000,4.000000,4.000000,0.000000,,,,,,,,,,,,,,,,,6.000000,0.000000,0.500820,0.463989,-0.559021,0.470520,0.980100,-0.082041,-0.062996,-36.158459,44.651333,31.233856
1732157925.956912,1732157925.958022,25.000000,0.000000,4292.307617,4277.179688,4315.641113,4296.538574,4281.025879,4285.769043,4335.000000,4398.974121,4293.717773,4284.871582,4473.846191,4493.717773,4341.794922,4396.666504,0.000000,1.000000,22.000000,,,,0.000000,2.000000,2.000000,0.000000,4.000000,2.000000,2.000000,0.000000,0.000000,4.000000,4.000000,4.000000,4.000000,4.000000,4.000000,0.000000,,,,,,,,,,,,,,,,,,,,,,,,,,,,
1732157925.964720,1732157925.965630,26.000000,0.000000,4289.615234,4279.487305,4314.230957,4297.563965,4295.769043,4281.153809,4335.000000,4397.948730,4296.794922,4287.563965,4472.051270,4490.512695,4342.179688,4396.025879,0.000000,1.000000,22.000000,,,,0.000000,2.000000,2.000000,0.000000,4.000000,2.000000,2.000000,0.000000,0.000000,4.000000,4.000000,4.000000,4.000000,4.000000,4.000000,0.000000,,,,,,,,,,,,,,,,,,,,,,,,,,,,
1732157925.972528,1732157925.973438,27.000000,0.000000,4290.128418,4278.717773,4309.871582,4296.410156,4299.615234,4281.282227,4335.000000,4399.487305,4296.538574,4286.794922,4472.051270,4496.538574,4341.794922,4397.948730,0.000000,1.000000,22.000000,,,,0.000000,2.000000,2.000000,0.000000,4.000000,2.000000,2.000000,0.000000,0.000000,4.000000,4.000000,4.000000,4.000000,4.000000,4.000000,0.000000,,,,,,,,,,,,,,,,,,,,,,,,,,,,
1732157925.980336,1732157925.981346,28.000000,0.000000,4293.974121,4273.589844,4307.307617,4295.384766,4275.384766,4282.692383,4335.000000,4400.000000,4295.128418,4291.410156,4473.205078,4504.871582,4342.692383,4398.333496,0.000000,1.000000,22.000000,,,,0.000000,2.000000,2.000000,0.000000,4.000000,2.000000,2.000000,0.000000,0.000000,4.000000,4.000000,4.000000,4.000000,4.000000,4.000000,0.000000,,,,,,,,,,,,,,,,,7.000000,0.000000,0.500922,0.463623,-0.559387,0.470337,0.977170,-0.061043,-0.061043,-35.991684,44.592579,31.414425
1732157925.988145,1732157925.989155,29.000000,0.000000,4293.846191,4272.820313,4307.948730,4296.922852,4262.307617,4282.820313,4335.000000,4400.256348,4297.436035,4296.410156,4473.846191,4507.307617,4343.589844,4397.948730,0.000000,1.000000,22.000000,,,,0.000000,2.000000,2.000000,0.000000,4.000000,2.000000,2.000000,0.000000,0.000000,4.000000,4.000000,4.000000,4.000000,4.000000,4.000000,0.000000,,,,,,,,,,,,,,,,,,,,,,,,,,,,
1732157925.995953,1732157925.997163,30.000000,0.000000,4291.666504,4275.641113,4308.717773,4295.384766,4282.436035,4283.461426,4335.000000,4401.410156,4297.307617,4295.641113,4474.358887,4505.256348,4342.436035,4398.461426,0.000000,1.000000,22.000000,,,,0.000000,2.000000,2.000000,0.000000,4.000000,2.000000,2.000000,0.000000,0.000000,4.000000,4.000000,4.000000,4.000000,4.000000,4.000000,0.000000,,,,,,,,,,,,,,,,,,,,,,,,,,,,
1732157926.003761,1732157926.004971,31.000000,0.000000,4292.948730,4271.922852,4310.512695,4292.948730,4298.461426,4280.897461,4335.000000,4399.743652,4296.666504,4291.282227,4473.461426,4505.000000,4342.436035,4402.307617,0.000000,1.000000,22.000000,,,,0.000000,2.000000,2.000000,0.000000,4.000000,2.000000,2.000000,0.000000,0.000000,4.000000,4.000000,4.000000,4.000000,4.000000,4.000000,0.000000,,,,,,,,,,,,,,,,,,,,,,,,,,,,
1732157926.011569,1732157926.012679,32.000000,0.000000,4293.077148,4266.410156,4311.410156,4294.102539,4286.922852,4279.487305,4335.000000,4398.205078,4295.769043,4287.820313,4472.563965,4507.563965,4341.153809,4405.384766,0.000000,1.000000,22.000000,,,,0.000000,2.000000,2.000000,0.000000,4.000000,2.000000,2.000000,0.000000,0.000000,4.000000,4.000000,4.000000,4.000000,4.000000,4.000000,0.000000,,,,,,,,,,,,,,,,,8.000000,0.000000,0.500922,0.463623,-0.559387,0.470337,0.988402,-0.065926,-0.061043,-36.081600,44.484989,31.575684
1732157926.019378,1732157926.020487,33.000000,0.000000,4292.436035,4268.461426,4312.051270,4293.974121,4270.897461,4281.794922,4335.000000,4400.256348,4296.794922,4288.333496,4471.922852,4506.153809,4340.384766,4404.615234,0.000000,1.000000,22.000000,,,,0.000000,2.000000,2.000000,0.000000,4.000000,2.000000,2.000000,0.000000,0.000000,4.000000,4.000000,4.000000,4.000000,4.000000,4.000000,0.000000,,,,,,,,,,,,,,,,,,,,,,,,,,,,
1732157926.027186,1732157926.028495,34.000000,0.000000,4294.871582,4274.102539,4310.769043,4295.384766,4267.436035,4282.436035,4335.000000,4399.743652,4301.282227,4291.666504,4473.205078,4506.025879,4347.307617,4403.846191,0.000000,1.000000,22.000000,,,,0.000000,2.000000,2.000000,0.000000,4.000000,2.000000,2.000000,0.000000,0.000000,4.000000,4.000000,4.000000,4.000000,4.000000,4.000000,0.000000,,,,,,,,,,,,,,,,,,,,,,,,,,,,
1732157926.034994,1732157926.036304,35.000000,0.000000,4294.871582,4271.282227,4309.743652,4293.974121,4277.820313,4280.384766,4335.000000,4398.205078,4300.641113,4287.820313,4474.102539,4505.641113,4350.769043,4401.794922,0.000000,1.000000,22.000000,,,,0.000000,2.000000,2.000000,0.000000,4.000000,2.000000,2.000000,0.000000,0.000000,4.000000,4.000000,4.000000,4.000000,4.000000,4.000000,0.000000,,,,,,,,,,,,,,,,,,,,,,,,,,,,
1732157926.042802,1732157926.044012,36.000000,0.000000,4290.897461,4265.000000,4311.922852,4286.922852,4292.307617,4279.743652,4335.000000,4399.743652,4293.589844,4280.000000,4471.794922,4503.461426,4345.384766,4397.179688,0.000000,1.000000,22.000000,,,,0.000000,2.000000,2.000000,0.000000,4.000000,2.000000,2.000000,0.000000,0.000000,4.000000,4.000000,4.000000,4.000000,4.000000,4.000000,0.000000,,,,,,,,,,,,,,,,,9.000000,0.000000,0.501161,0.463318,-0.559631,0.470093,0.975217,-0.059578,-0.047857,-35.812763,44.582840,31.529636
1732157926.050611,1732157926.051820,37.000000,0.000000,4292.051270,4269.358887,4312.948730,4288.077148,4284.615234,4281.666504,4335.000000,4401.025879,4293.333496,4282.307617,4472.307617,4503.077148,4345.897461,4400.128418,0.000000,1.000000,22.000000,,,,0.000000,2.000000,2.000000,0.000000,4.000000,2.000000,2.000000,0.000000,0.000000,4.000000,4.000000,4.000000,4.000000,4.000000,4.000000,0.000000,,,,,,,,,,,,,,,,,,,,,,,,,,,,
1732157926.058419,1732157926.059429,38.000000,0.000000,4297.179688,4277.436035,4310.512695,4296.410156,4267.692383,4283.589844,4335.000000,4399.743652,4298.974121,4291.666504,4476.538574,4505.897461,4352.692383,4404.358887,0.000000,1.000000,22.000000,,,,0.000000,2.000000,2.000000,0.000000,4.000000,2.000000,2.000000,0.000000,0.000000,4.000000,4.000000,4.000000,4.000000,4.000000,4.000000,0.000000,,,,,,,,,,,,,,,,,,,,,,,,,,,,
1732157926.066227,1732157926.067237,39.000000,0.000000,4297.051270,4277.307617,4310.641113,4296.153809,4266.922852,4284.102539,4335.000000,4399.487305,4298.589844,4292.436035,4476.922852,4508.205078,4350.512695,4400.641113,0.000000,1.000000,22.000000,,,,0.000000,2.000000,2.000000,0.000000,4.000000,2.000000,2.000000,0.000000,0.000000,4.000000,4.000000,4.000000,4.000000,4.000000,4.000000,0.000000,,,,,,,,,,,,,,,,,,,,,,,,,,,,
1732157926.074035,1732157926.075145,40.000000,0.000000,4295.512695,4275.128418,4313.974121,4293.205078,4280.256348,4282.692383,4335.000000,4401.153809,4295.128418,4283.077148,4472.948730,4507.820313,4343.077148,4398.205078,0.000000,1.000000,22.000000,,,,0.000000,2.000000,2.000000,0.000000,4.000000,2.000000,2.000000,0.000000,0.000000,4.000000,4.000000,4.000000,4.000000,4.000000,4.000000,0.000000,,,,,,,,,,,,,,,,,10.000000,0.000000,0.501116,0.463440,-0.559570,0.470093,0.977170,-0.049811,-0.051276,-35.793335,44.863770,31.605673
1732157926.081844,1732157926.082953,41.000000,0.000000,4296.538574,4277.563965,4312.948730,4294.871582,4292.692383,4279.615234,4335.000000,4400.256348,4294.358887,4277.179688,4471.153809,4505.641113,4341.922852,4398.077148,0.000000,1.000000,22.000000,,,,0.000000,2.000000,2.000000,0.000000,4.000000,2.000000,2.000000,0.000000,0.000000,4.000000,4.000000,4.000000,4.000000,4.000000,4.000000,0.000000,,,,,,,,,,,,,,,,,,,,,,,,,,,,
1732157926.089652,1732157926.090961,42.000000,0.000000,4296.025879,4275.897461,4308.974121,4295.641113,4290.897461,4278.846191,4335.000000,4398.333496,4293.974121,4280.128418,4472.436035,4505.000000,4344.615234,4396.282227,0.000000,1.000000,22.000000,,,,0.000000,2.000000,2.000000,0.000000,4.000000,2.000000,2.000000,0.000000,0.000000,4.000000,4.000000,4.000000,4.000000,4.000000,4.000000,0.000000,,,,,,,,,,,,,,,,,,,,,,,,,,,,
1732157926.097460,1732157926.098769,43.000000,0.000000,4296.666504,4275.512695,4310.000000,4300.512695,4279.487305,4281.025879,4335.000000,4399.230957,4293.974121,4282.179688,4474.102539,4505.641113,4343.717773,4397.436035,0.000000,1.000000,22.000000,,,,0.000000,2.000000,2.000000,0.000000,4.000000,2.000000,2.000000,0.000000,0.000000,4.000000,4.000000,4.000000,4.000000,4.000000,4.000000,0.000000,,,,,,,,,,,,,,,,,,,,,,,,,,,,
1732157926.105268,1732157926.106677,44.000000,0.000000,4298.205078,4281.922852,4311.538574,4304.743652,4273.461426,4283.333496,4335.000000,4400.512695,4293.461426,4280.641113,4474.871582,4505.000000,4341.666504,4399.102539,0.000000,1.000000,22.000000,,,,0.000000,2.000000,2.000000,0.000000,4.000000,2.000000,2.000000,0.000000,0.000000,4.000000,4.000000,4.000000,4.000000,4.000000,4.000000,0.000000,,,,,,,,,,,,,,,,,11.000000,0.000000,0.501025,0.463562,-0.559448,0.470215,0.968868,-0.075204,-0.047369,-35.694271,45.001320,31.628929
1732157926.113077,1732157926.114486,45.000000,0.000000,4297.179688,4278.205078,4310.384766,4297.820313,4277.179688,4281.922852,4335.000000,4399.743652,4294.487305,4279.102539,4474.871582,4507.051270,4346.153809,4398.974121,0.000000,1.000000,22.000000,,,,0.000000,2.000000,2.000000,0.000000,4.000000,2.000000,2.000000,0.000000,0.000000,4.000000,4.000000,4.000000,4.000000,4.000000,4.000000,0.000000,,,,,,,,,,,,,,,,,,,,,,,,,,,,
1732157926.120885,1732157926.122494,46.000000,0.000000,4295.256348,4268.333496,4311.153809,4292.692383,4287.692383,4279.871582,4335.000000,4399.487305,4296.282227,4282.307617,4475.256348,4510.000000,4351.538574,4401.153809,0.000000,1.000000,22.000000,,,,0.000000,2.000000,2.000000,0.000000,4.000000,2.000000,2.000000,0.000000,0.000000,4.000000,4.000000,4.000000,4.000000,4.000000,4.000000,0.000000,,,,,,,,,,,,,,,,,,,,,,,,,,,,
1732157926.128693,1732157926.130302,47.000000,0.000000,4294.743652,4267.948730,4310.769043,4296.666504,4292.820313,4279.358887,4335.000000,4399.615234,4295.256348,4285.512695,4474.871582,4507.692383,4350.641113,4401.922852,0.000000,1.000000,22.000000,,,,0.000000,2.000000,2.000000,0.000000,4.000000,2.000000,2.000000,0.000000,0.000000,4.000000,4.000000,4.000000,4.000000,4.000000,4.000000,0.000000,,,,,,,,,,,,,,,,,,,,,,,,,,,,
1732157926.136501,1732157926.138210,48.000000,0.000000,4294.358887,4270.128418,4309.358887,4297.948730,4275.769043,4280.512695,4335.000000,4399.487305,4295.256348,4283.974121,4474.871582,4510.128418,4349.230957,4400.000000,0.000000,1.000000,22.000000,,,,0.000000,2.000000,2.000000,0.000000,4.000000,2.000000,2.000000,0.000000,0.000000,4.000000,4.000000,4.000000,4.000000,4.000000,4.000000,0.000000,,,,,,,,,,,,,,,,,12.000000,0.000000,0.500968,0.463562,-0.559448,0.470276,0.968868,-0.075204,-0.047369,-35.879025,44.969402,31.541098
1732157926.144310,1732157926.146018,49.000000,0.000000,4293.717773,4271.153809,4309.871582,4293.717773,4264.615234,4285.000000,4335.000000,4399.358887,4298.205078,4285.512695,4476.282227,4515.128418,4348.974121,4402.436035,0.000000,1.000000,22.000000,,,,0.000000,2.000000,2.000000,0.000000,4.000000,2.000000,2.000000,0.000000,0.000000,4.000000,4.000000,4.000000,4.000000,4.000000,4.000000,0.000000,,,,,,,,,,,,,,,,,,,,,,,,,,,,
1732157926.152118,1732157926.154026,50.000000,0.000000,4295.128418,4276.538574,4311.410156,4295.897461,4278.974121,4286.410156,4335.000000,4397.948730,4298.077148,4289.358887,4477.179688,4511.538574,4350.512695,4406.153809,0.000000,1.000000,22.000000,,,,0.000000,2.000000,2.000000,0.000000,4.000000,2.000000,2.000000,0.000000,0.000000,4.000000,4.000000,4.000000,4.000000,4.000000,4.000000,0.000000,,,,,,,,,,,,,,,,,,,,,,,,,,,,
1732157926.159926,1732157926.161834,51.000000,0.000000,4296.025879,4276.794922,4311.282227,4297.820313,4282.563965,4282.820313,4335.000000,4396.794922,4295.641113,4286.794922,4475.769043,4507.692383,4351.025879,4404.615234,0.000000,1.000000,22.000000,,,,0.000000,2.000000,2.000000,0.000000,4.000000,2.000000,2.000000,0.000000,0.000000,4.000000,4.000000,4.000000,4.000000,4.000000,4.000000,0.000000,,,,,,,,,,,,,,,,,,,,,,,,,,,,
1732157926.167734,1732157926.169742,52.000000,0.000000,4292.179688,4268.974121,4311.794922,4289.743652,4285.897461,4278.846191,4335.000000,4399.615234,4294.358887,4279.615234,4472.307617,4507.436035,4344.487305,4399.871582,0.000000,1.000000,22.000000,,,,0.000000,2.000000,2.000000,0.000000,4.000000,2.000000,2.000000,0.000000,0.000000,4.000000,4.000000,4.000000,4.000000,4.000000,4.000000,0.000000,,,,,,,,,,,,,,,,,13.000000,0.000000,0.500956,0.463501,-0.559509,0.470276,0.979612,-0.061531,-0.060554,-35.975342,44.960217,31.536623
1732157926.175542,1732157926.177551,53.000000,0.000000,4289.743652,4272.307617,4311.410156,4286.666504,4294.358887,4278.589844,4335.000000,4401.282227,4292.820313,4280.256348,4471.410156,4505.384766,4343.077148,4398.717773,0.000000,1.000000,22.000000,,,,0.000000,2.000000,2.000000,0.000000,4.000000,2.000000,2.000000,0.000000,0.000000,4.000000,4.000000,4.000000,4.000000,4.000000,4.000000,0.000000,,,,,,,,,,,,,,,,,,,,,,,,,,,,
1732157926.183351,1732157926.185559,54.000000,0.000000,4292.179688,4278.461426,4310.769043,4293.461426,4273.333496,4280.641113,4335.000000,4399.871582,4295.256348,4289.743652,4476.282227,4507.051270,4349.615234,4400.256348,0.000000,1.000000,22.000000,,,,0.000000,2.000000,2.000000,0.000000,4.000000,2.000000,2.000000,0.000000,0.000000,4.000000,4.000000,4.000000,4.000000,4.000000,4.000000,0.000000,,,,,,,,,,,,,,,,,,,,,,,,,,,,
1732157926.191159,1732157926.193367,55.000000,0.000000,4290.641113,4272.948730,4312.179688,4294.230957,4258.717773,4281.794922,4335.000000,4399.487305,4300.256348,4297.692383,4477.051270,4510.384766,4349.743652,4398.333496,0.000000,1.000000,22.000000,,,,0.000000,2.000000,2.000000,0.000000,4.000000,2.000000,2.000000,0.000000,0.000000,4.000000,4.000000,4.000000,4.000000,4.000000,4.000000,0.000000,,,,,,,,,,,,,,,,,,,,,,,,,,,,
1732157926.198967,1732157926.201275,56.000000,0.000000,4287.820313,4270.512695,4312.307617,4291.794922,4279.102539,4281.282227,4335.000000,4400.256348,4297.563965,4293.333496,4473.717773,4506.410156,4345.384766,4394.743652,0.000000,1.000000,22.000000,,,,0.000000,2.000000,2.000000,0.000000,4.000000,2.000000,2.000000,0.000000,0.000000,4.000000,4.000000,4.000000,4.000000,4.000000,4.000000,0.000000,,,,,,,,,,,,,,,,,14.000000,0.000000,0.500796,0.463562,-0.559448,0.470459,0.982053,-0.068856,-0.053717,-35.885029,45.017773,31.472998
1732157926.206776,1732157926.209083,57.000000,0.000000,4292.563965,4275.256348,4312.436035,4294.871582,4282.179688,4280.000000,4335.000000,4400.897461,4293.589844,4282.820313,4473.717773,4504.102539,4345.384766,4396.922852,0.000000,1.000000,22.000000,,,,0.000000,2.000000,2.000000,0.000000,4.000000,2.000000,2.000000,0.000000,0.000000,4.000000,4.000000,4.000000,4.000000,4.000000,4.000000,0.000000,,,,,,,,,,,,,,,,,,,,,,,,,,,,
1732157926.214584,1732157926.216791,58.000000,0.000000,4290.256348,4278.846191,4311.282227,4295.897461,4272.692383,4280.769043,4335.000000,4399.487305,4295.641113,4283.717773,4473.717773,4505.000000,4343.846191,4399.487305,0.000000,1.000000,22.000000,,,,0.000000,2.000000,2.000000,0.000000,4.000000,2.000000,2.000000,0.000000,0.000000,4.000000,4.000000,4.000000,4.000000,4.000000,4.000000,0.000000,,,,,,,,,,,,,,,,,,,,,,,,,,,,
1732157926.222392,1732157926.224600,59.000000,0.000000,4281.922852,4277.563965,4311.666504,4293.333496,4293.077148,4280.897461,4335.000000,4397.948730,4295.897461,4284.358887,4471.538574,4504.358887,4341.922852,4398.077148,0.000000,1.000000,22.000000,,,,0.000000,2.000000,2.000000,0.000000,4.000000,2.000000,2.000000,0.000000,0.000000,4.000000,4.000000,4.000000,4.000000,4.000000,4.000000,0.000000,,,,,,,,,,,,,,,,,,,,,,,,,,,,
1732157926.230200,1732157926.232508,60.000000,0.000000,4286.922852,4278.205078,4312.563965,4295.000000,4299.487305,4278.846191,4335.000000,4399.102539,4293.846191,4280.384766,4472.948730,4506.666504,4347.307617,4404.358887,0.000000,1.000000,22.000000,,,,0.000000,2.000000,2.000000,0.000000,4.000000,2.000000,2.000000,0.000000,0.000000,4.000000,4.000000,4.000000,4.000000,4.000000,4.000000,0.000000,,,,,,,,,,,,,,,,,15.000000,0.000000,0.500738,0.463562,-0.559448,0.470520,0.982053,-0.068856,-0.053717,-35.978539,45.176064,31.441462
1732157926.238009,1732157926.240316,61.000000,0.000000,4297.051270,4280.384766,4310.769043,4297.563965,4270.512695,4278.717773,4335.000000,4399.743652,4294.743652,4283.077148,4474.743652,4508.333496,4351.922852,4413.461426,0.000000,1.000000,22.000000,,,,0.000000,2.000000,2.000000,0.000000,4.000000,2.000000,2.000000,0.000000,0.000000,4.000000,4.000000,4.000000,4.000000,4.000000,4.000000,0.000000,,,,,,,,,,,,,,,,,,,,,,,,,,,,
1732157926.245817,1732157926.248224,62.000000,0.000000,4296.922852,4280.897461,4309.487305,4297.307617,4264.615234,4281.282227,4335.000000,4398.717773,4294.358887,4284.487305,4473.717773,4508.717773,4347.692383,4411.538574,0.000000,1.000000,22.000000,,,,0.000000,2.000000,2.000000,0.000000,4.000000,2.000000,2.000000,0.000000,0.000000,4.000000,4.000000,4.000000,4.000000,4.000000,4.000000,0.000000,,,,,,,,,,,,,,,,,,,,,,,,,,,,
1732157926.253625,1732157926.256032,63.000000,0.000000,4292.948730,4281.153809,4310.641113,4296.025879,4281.922852,4281.922852,4335.000000,4400.512695,4292.948730,4280.256348,4474.871582,4514.743652,4343.077148,4406.794922,0.000000,1.000000,22.000000,,,,0.000000,2.000000,2.000000,0.000000,4.000000,2.000000,2.000000,0.000000,0.000000,4.000000,4.000000,4.000000,4.000000,4.000000,4.000000,0.000000,,,,,,,,,,,,,,,,,,,,,,,,,,,,
1732157926.261433,1732157926.263741,64.000000,0.000000,4293.077148,4279.743652,4310.000000,4296.794922,4279.358887,4281.666504,4335.000000,4400.769043,4295.512695,4279.615234,4476.922852,4517.179688,4345.641113,4412.179688,0.000000,1.000000,22.000000,,,,0.000000,2.000000,2.000000,0.000000,4.000000,2.000000,2.000000,0.000000,0.000000,4.000000,4.000000,4.000000,4.000000,4.000000,4.000000,0.000000,,,,,,,,,,,,,,,,,16.000000,0.000000,0.500669,0.463501,-0.559509,0.470581,0.986449,-0.059578,-0.063484,-36.204285,45.269279,31.389250
1732157926.269241,1732157926.271549,65.000000,0.000000,4295.256348,4277.820313,4310.641113,4296.153809,4282.436035,4282.179688,4335.000000,4397.179688,4296.794922,4281.922852,4474.743652,4510.128418,4347.436035,4416.153809,1599.000000,1.000000,22.000000,,,,0.000000,2.000000,2.000000,0.000000,4.000000,2.000000,2.000000,0.000000,0.000000,4.000000,4.000000,4.000000,4.000000,4.000000,4.000000,0.000000,,,,,,,,,,,,,,,,,,,,,,,,,,,,
1732157926.277050,1732157926.279157,66.000000,0.000000,4294.358887,4276.410156,4311.538574,4291.538574,4295.641113,4280.512695,4335.000000,4397.692383,4297.307617,4285.641113,4472.820313,4507.436035,4345.384766,4411.794922,1366.000000,1.000000,22.000000,,,,0.000000,2.000000,2.000000,0.000000,4.000000,2.000000,2.000000,0.000000,0.000000,4.000000,4.000000,4.000000,4.000000,4.000000,4.000000,0.000000,,,,,,,,,,,,,,,,,,,,,,,,,,,,
1732157926.284858,1732157926.286965,67.000000,0.000000,4287.051270,4273.077148,4309.871582,4290.256348,4277.820313,4282.179688,4335.000000,4399.487305,4301.025879,4291.538574,4475.128418,4511.666504,4346.410156,4411.025879,1417.000000,1.000000,22.000000,,,,0.000000,2.000000,2.000000,0.000000,4.000000,2.000000,2.000000,0.000000,0.000000,4.000000,4.000000,4.000000,4.000000,4.000000,4.000000,0.000000,,,,,,,,,,,,,,,,,,,,,,,,,,,,
1732157926.292666,1732157926.294674,68.000000,0.000000,4280.641113,4267.563965,4312.820313,4292.820313,4256.922852,4292.179688,4335.000000,4398.205078,4304.102539,4292.051270,4476.153809,4510.128418,4345.769043,4409.743652,1422.000000,1.000000,22.000000,,,,0.000000,2.000000,2.000000,0.000000,4.000000,2.000000,2.000000,0.000000,0.000000,4.000000,4.000000,4.000000,4.000000,4.000000,4.000000,0.000000,,,,,,,,,,,,,,,,,17.000000,0.000000,0.500270,0.463928,-0.559204,0.470947,0.975217,-0.059089,-0.055183,-36.193802,45.193115,31.170294
1732157926.300475,1732157926.302482,69.000000,0.000000,4281.666504,4263.974121,4316.538574,4287.948730,4263.333496,4297.820313,4335.000000,4399.230957,4304.615234,4289.871582,4472.179688,4504.743652,4338.974121,4401.282227,1212.000000,1.000000,22.000000,,,,0.000000,2.000000,2.000000,0.000000,4.000000,2.000000,2.000000,0.000000,0.000000,4.000000,4.000000,4.000000,4.000000,4.000000,4.000000,0.000000,,,,,,,,,,,,,,,,,,,,,,,,,,,,
1732157926.308283,1732157926.310090,70.000000,0.000000,4282.948730,4266.794922,4314.102539,4282.179688,4273.461426,4295.000000,4335.000000,4401.410156,4302.307617,4287.436035,4470.641113,4504.743652,4336.410156,4395.769043,0.000000,1.000000,22.000000,,,,0.000000,2.000000,2.000000,0.000000,4.000000,2.000000,2.000000,0.000000,0.000000,4.000000,4.000000,4.000000,4.000000,4.000000,4.000000,0.000000,,,,,,,,,,,,,,,,,,,,,,,,,,,,
1732157926.316091,1732157926.317899,71.000000,0.000000,4281.282227,4270.769043,4311.794922,4284.871582,4272.563965,4295.128418,4335.000000,4400.769043,4296.666504,4282.436035,4474.358887,4510.384766,4340.384766,4400.000000,0.000000,1.000000,22.000000,,,,0.000000,2.000000,2.000000,0.000000,4.000000,2.000000,2.000000,0.000000,0.000000,4.000000,4.000000,4.000000,4.000000,4.000000,4.000000,0.000000,,,,,,,,,,,,,,,,,,,,,,,,,,,,
1732157926.323899,1732157926.325607,72.000000,0.000000,4280.512695,4270.897461,4313.461426,4287.820313,4275.128418,4296.538574,4335.000000,4399.487305,4291.666504,4279.871582,4474.487305,4507.948730,4341.025879,4404.358887,1533.000000,1.000000,22.000000,,,,0.000000,2.000000,2.000000,0.000000,4.000000,2.000000,2.000000,0.000000,0.000000,4.000000,4.000000,4.000000,4.000000,4.000000,4.000000,0.000000,,,,,,,,,,,,,,,,,18.000000,0.000000,0.500282,0.463989,-0.559143,0.470947,0.980100,-0.060554,-0.051764,-36.141979,45.033089,31.164604
1732157926.331708,1732157926.333415,73.000000,0.000000,4281.538574,4267.436035,4314.487305,4289.871582,4291.410156,4294.743652,4335.000000,4399.615234,4291.922852,4281.282227,4471.282227,4496.410156,4340.641113,4400.769043,1685.000000,1.000000,22.000000,,,,0.000000,2.000000,2.000000,0.000000,4.000000,2.000000,2.000000,0.000000,0.000000,4.000000,4.000000,4.000000,4.000000,4.000000,4.000000,0.000000,,,,,,,,,,,,,,,,,,,,,,,,,,,,
1732157926.339516,1732157926.341023,74.000000,0.000000,4281.666504,4273.077148,4312.436035,4296.922852,4292.307617,4295.641113,4335.000000,4399.230957,4295.256348,4281.282227,4473.846191,4496.922852,4343.717773,4397.051270,1546.000000,1.000000,22.000000,,,,0.000000,2.000000,2.000000,0.000000,4.000000,2.000000,2.000000,0.000000,0.000000,4.000000,4.000000,4.000000,4.000000,4.000000,4.000000,0.000000,,,,,,,,,,,,,,,,,,,,,,,,,,,,
1732157926.347324,1732157926.348832,75.000000,0.000000,4281.794922,4278.974121,4311.410156,4300.256348,4267.179688,4297.051270,4335.000000,4398.077148,4295.512695,4280.641113,4475.512695,4502.948730,4342.436035,4397.692383,1566.000000,1.000000,22.000000,,,,0.000000,2.000000,2.000000,0.000000,4.000000,2.000000,2.000000,0.000000,0.000000,4.000000,4.000000,4.000000,4.000000,4.000000,4.000000,0.000000,,,,,,,,,,,,,,,,,,,,,,,,,,,,
1732157926.355132,1732157926.356740,76.000000,0.000000,4281.153809,4271.153809,4313.589844,4294.487305,4257.820313,4297.436035,4335.000000,4399.230957,4292.948730,4280.641113,4469.487305,4494.230957,4336.666504,4397.563965,1701.000000,1.000000,22.000000,,,,0.000000,2.000000,2.000000,0.000000,4.000000,2.000000,2.000000,0.000000,0.000000,4.000000,4.000000,4.000000,4.000000,4.000000,4.000000,0.000000,,,,,,,,,,,,,,,,,19.000000,0.000000,0.500293,0.464050,-0.559082,0.470947,0.968380,-0.077646,-0.048346,-35.956673,45.185135,31.196663
1732157926.362940,1732157926.364548,77.000000,0.000000,4279.615234,4271.410156,4312.948730,4292.051270,4276.153809,4298.974121,4335.000000,4401.410156,4294.743652,4281.025879,4469.743652,4489.230957,4338.974121,4395.641113,1606.000000,1.000000,22.000000,,,,0.000000,2.000000,2.000000,0.000000,4.000000,2.000000,2.000000,0.000000,0.000000,4.000000,4.000000,4.000000,4.000000,4.000000,4.000000,0.000000,,,,,,,,,,,,,,,,,,,,,,,,,,,,
1732157926.370749,1732157926.372556,78.000000,0.000000,4281.538574,4277.307617,4310.128418,4296.410156,4285.512695,4300.000000,4335.000000,4400.512695,4298.717773,4282.307617,4475.128418,4498.205078,4342.179688,4395.000000,1546.000000,1.000000,22.000000,,,,0.000000,2.000000,2.000000,0.000000,4.000000,2.000000,2.000000,0.000000,0.000000,4.000000,4.000000,4.000000,4.000000,4.000000,4.000000,0.000000,1.000000,0.000000,2.000000,2.000000,0.000000,1.000000,1.000000,1.000000,0.000000,0.000000,1.000000,4.000000,1.000000,4.000000,4.000000,4.000000,,,,,,,,,,,,
1732157926.378557,1732157926.380364,79.000000,0.000000,4277.948730,4270.128418,4311.666504,4293.846191,4282.051270,4301.794922,4335.000000,4397.948730,4296.922852,4279.230957,4468.205078,4498.846191,4334.871582,4394.743652,1566.000000,1.000000,22.000000,,,,0.000000,2.000000,2.000000,0.000000,4.000000,2.000000,2.000000,0.000000,0.000000,4.000000,4.000000,4.000000,4.000000,4.000000,4.000000,0.000000,,,,,,,,,,,,,,,,,,,,,,,,,,,,
1732157926.386365,1732157926.388073,80.000000,0.000000,4269.230957,4262.307617,4313.077148,4285.769043,4278.461426,4308.205078,4335.000000,4398.974121,4295.384766,4277.051270,4462.563965,4494.487305,4330.897461,4394.615234,1701.000000,1.000000,22.000000,,,,0.000000,2.000000,2.000000,0.000000,4.000000,2.000000,2.000000,0.000000,0.000000,4.000000,4.000000,4.000000,4.000000,4.000000,4.000000,0.000000,,,,,,,,,,,,,,,,,20.000000,0.000000,0.500236,0.464050,-0.559082,0.471008,0.983030,-0.075693,-0.054694,-35.883236,45.213295,31.249296
1732157926.394174,1732157926.395881,81.000000,0.000000,4272.436035,4266.666504,4310.897461,4285.256348,4285.897461,4309.102539,4335.000000,4399.871582,4297.692383,4279.743652,4470.769043,4496.410156,4337.948730,4397.051270,1606.000000,1.000000,22.000000,,,,0.000000,2.000000,2.000000,0.000000,4.000000,2.000000,2.000000,0.000000,0.000000,4.000000,4.000000,4.000000,4.000000,4.000000,4.000000,0.000000,,,,,,,,,,,,,,,,,,,,,,,,,,,,
1732157926.401982,1732157926.403889,82.000000,0.000000,4283.077148,4272.948730,4312.051270,4292.948730,4296.410156,4299.615234,4335.000000,4399.615234,4296.794922,4281.922852,4476.794922,4499.871582,4342.948730,4401.282227,1546.000000,1.000000,22.000000,,,,0.000000,2.000000,2.000000,0.000000,4.000000,2.000000,2.000000,0.000000,0.000000,4.000000,4.000000,4.000000,4.000000,4.000000,4.000000,0.000000,,,,,,,,,,,,,,,,,,,,,,,,,,,,
1732157926.409790,1732157926.411697,83.000000,0.000000,4284.743652,4277.179688,4312.948730,4298.589844,4279.871582,4297.179688,4335.000000,4400.897461,4293.333496,4282.307617,4474.743652,4505.128418,4342.692383,4405.128418,1566.000000,1.000000,22.000000,,,,0.000000,2.000000,2.000000,0.000000,4.000000,2.000000,2.000000,0.000000,0.000000,4.000000,4.000000,4.000000,4.000000,4.000000,4.000000,0.000000,,,,,,,,,,,,,,,,,,,,,,,,,,,,
1732157926.417598,1732157926.419405,84.000000,0.000000,4279.743652,4281.153809,4312.051270,4298.077148,4259.871582,4301.153809,4335.000000,4401.025879,4292.436035,4280.384766,4473.461426,4508.333496,4342.436035,4404.230957,1701.000000,1.000000,22.000000,,,,0.000000,2.000000,2.000000,0.000000,4.000000,2.000000,2.000000,0.000000,0.000000,4.000000,4.000000,4.000000,4.000000,4.000000,4.000000,0.000000,,,,,,,,,,,,,,,,,21.000000,0.000000,0.500327,0.463928,-0.559204,0.470886,0.976682,-0.055183,-0.060066,-35.823753,45.327766,31.513597
1732157926.425407,1732157926.427213,85.000000,0.000000,4283.205078,4278.077148,4311.794922,4296.410156,4263.589844,4299.102539,4335.000000,4399.743652,4293.077148,4278.205078,4473.846191,4506.794922,4342.051270,4401.282227,1606.000000,1.000000,22.000000,,,,0.000000,2.000000,2.000000,0.000000,4.000000,2.000000,2.000000,0.000000,0.000000,4.000000,4.000000,4.000000,4.000000,4.000000,4.000000,0.000000,,,,,,,,,,,,,,,,,,,,,,,,,,,,
1732157926.433215,1732157926.435221,86.000000,0.000000,4291.282227,4276.922852,4311.922852,4297.436035,4267.179688,4296.153809,4335.000000,4399.871582,4296.153809,4283.333496,4475.512695,4507.051270,4343.461426,4404.230957,1546.000000,1.000000,22.000000,,,,0.000000,2.000000,2.000000,0.000000,4.000000,2.000000,2.000000,0.000000,0.000000,4.000000,4.000000,4.000000,4.000000,4.000000,4.000000,0.000000,,,,,,,,,,,,,,,,,,,,,,,,,,,,
1732157926.441023,1732157926.443030,87.000000,0.000000,4291.794922,4280.769043,4313.461426,4297.692383,4276.282227,4296.153809,4335.000000,4400.641113,4298.846191,4287.820313,4474.615234,4509.230957,4343.461426,4407.692383,1566.000000,1.000000,22.000000,,,,0.000000,2.000000,2.000000,0.000000,4.000000,2.000000,2.000000,0.000000,0.000000,4.000000,4.000000,4.000000,4.000000,4.000000,4.000000,0.000000,,,,,,,,,,,,,,,,,,,,,,,,,,,,
1732157926.448831,1732157926.450938,88.000000,0.000000,4288.461426,4277.820313,4313.846191,4295.641113,4289.230957,4297.692383,4335.000000,4400.897461,4297.436035,4284.102539,4471.282227,4506.922852,4341.794922,4403.461426,1701.000000,1.000000,22.000000,,,,0.000000,2.000000,2.000000,0.000000,4.000000,2.000000,2.000000,0.000000,0.000000,4.000000,4.000000,4.000000,4.000000,4.000000,4.000000,0.000000,,,,,,,,,,,,,,,,,22.000000,0.000000,0.500271,0.463989,-0.559204,0.470886,0.960078,-0.066414,-0.063973,-35.828907,45.377159,31.429346
1732157926.456639,1732157926.458746,89.000000,0.000000,4287.179688,4270.512695,4312.307617,4294.230957,4274.358887,4295.897461,4335.000000,4401.538574,4295.512695,4281.025879,4472.820313,4505.641113,4341.282227,4397.820313,1606.000000,1.000000,22.000000,,,,0.000000,2.000000,2.000000,0.000000,4.000000,2.000000,2.000000,0.000000,0.000000,4.000000,4.000000,4.000000,4.000000,4.000000,4.000000,0.000000,,,,,,,,,,,,,,,,,,,,,,,,,,,,
1732157926.464448,1732157926.466754,90.000000,0.000000,4285.000000,4270.512695,4312.307617,4295.769043,4256.153809,4296.153809,4335.000000,4400.512695,4294.871582,4280.897461,4471.410156,4506.666504,4341.153809,4396.922852,1546.000000,1.000000,22.000000,,,,0.000000,2.000000,2.000000,0.000000,4.000000,2.000000,2.000000,0.000000,0.000000,4.000000,4.000000,4.000000,4.000000,4.000000,4.000000,0.000000,,,,,,,,,,,,,,,,,,,,,,,,,,,,
1732157926.472256,1732157926.474562,91.000000,0.000000,4281.538574,4276.922852,4313.717773,4294.487305,4265.641113,4302.436035,4335.000000,4398.974121,4292.436035,4278.205078,4466.025879,4504.487305,4339.615234,4397.563965,1566.000000,1.000000,22.000000,,,,0.000000,2.000000,2.000000,0.000000,4.000000,2.000000,2.000000,0.000000,0.000000,4.000000,4.000000,4.000000,4.000000,4.000000,4.000000,0.000000,,,,,,,,,,,,,,,,,,,,,,,,,,,,
1732157926.480064,1732157926.482470,92.000000,0.000000,4282.692383,4277.948730,4313.846191,4292.948730,4276.282227,4305.256348,4335.000000,4398.974121,4290.384766,4278.333496,4468.333496,4501.025879,4340.897461,4397.179688,1701.000000,1.000000,22.000000,,,,0.000000,2.000000,2.000000,0.000000,4.000000,2.000000,2.000000,0.000000,0.000000,4.000000,4.000000,4.000000,4.000000,4.000000,4.000000,0.000000,,,,,,,,,,,,,,,,,23.000000,0.000000,0.500467,0.464172,-0.559082,0.470642,0.978635,-0.054206,-0.055671,-35.829750,45.020500,31.474438
1732157926.487872,1732157926.490279,93.000000,0.000000,4282.436035,4271.538574,4314.230957,4293.717773,4275.256348,4298.846191,4335.000000,4399.487305,4293.077148,4282.436035,4474.487305,4499.615234,4342.820313,4397.692383,1606.000000,1.000000,22.000000,,,,0.000000,2.000000,2.000000,0.000000,4.000000,2.000000,2.000000,0.000000,0.000000,4.000000,4.000000,4.000000,4.000000,4.000000,4.000000,0.000000,,,,,,,,,,,,,,,,,,,,,,,,,,,,
1732157926.495681,1732157926.498287,94.000000,0.000000,4279.487305,4269.743652,4312.948730,4293.974121,4276.538574,4299.358887,4335.000000,4399.358887,4295.000000,4281.025879,4474.743652,4498.205078,4338.461426,4397.820313,1546.000000,1.000000,22.000000,,,,0.000000,2.000000,2.000000,0.000000,4.000000,2.000000,2.000000,0.000000,0.000000,4.000000,4.000000,4.000000,4.000000,4.000000,4.000000,0.000000,,,,,,,,,,,,,,,,,,,,,,,,,,,,
1732157926.503489,1732157926.506095,95.000000,0.000000,4280.641113,4277.179688,4312.307617,4293.846191,4280.512695,4305.256348,4335.000000,4401.282227,4293.333496,4278.974121,4468.717773,4497.692383,4334.487305,4397.948730,1566.000000,1.000000,22.000000,,,,0.000000,2.000000,2.000000,0.000000,4.000000,2.000000,2.000000,0.000000,0.000000,4.000000,4.000000,4.000000,4.000000,4.000000,4.000000,0.000000,,,,,,,,,,,,,,,,,,,,,,,,,,,,
1732157926.511297,1732157926.514003,96.000000,0.000000,4282.179688,4279.871582,4313.846191,4293.974121,4276.282227,4300.384766,4335.000000,4403.717773,4294.102539,4281.538574,4466.282227,4497.436035,4336.794922,4397.820313,1701.000000,1.000000,22.000000,,,,0.000000,2.000000,2.000000,0.000000,4.000000,2.000000,2.000000,0.000000,0.000000,4.000000,4.000000,4.000000,4.000000,4.000000,4.000000,0.000000,,,,,,,,,,,,,,,,,24.000000,0.000000,0.500398,0.464417,-0.558838,0.470764,0.976682,-0.065438,-0.052741,-35.692097,44.819939,31.364294
1732157926.519106,1732157926.521811,97.000000,0.000000,4281.282227,4272.563965,4313.461426,4292.436035,4277.692383,4296.282227,4335.000000,4400.512695,4295.512695,4281.538574,4470.128418,4498.077148,4335.769043,4396.153809,1606.000000,1.000000,22.000000,,,,0.000000,2.000000,2.000000,0.000000,4.000000,2.000000,2.000000,0.000000,0.000000,4.000000,4.000000,4.000000,4.000000,4.000000,4.000000,0.000000,,,,,,,,,,,,,,,,,,,,,,,,,,,,
1732157926.526914,1732157926.529819,98.000000,0.000000,4280.000000,4272.307617,4311.282227,4291.153809,4293.077148,4301.794922,4335.000000,4396.794922,4293.205078,4278.846191,4473.589844,4502.307617,4333.974121,4395.384766,1546.000000,1.000000,22.000000,,,,0.000000,2.000000,2.000000,0.000000,4.000000,2.000000,2.000000,0.000000,0.000000,4.000000,4.000000,4.000000,4.000000,4.000000,4.000000,0.000000,,,,,,,,,,,,,,,,,,,,,,,,,,,,
1732157926.534722,1732157926.537627,99.000000,0.000000,4281.025879,4280.641113,4311.153809,4293.077148,4288.205078,4305.512695,4335.000000,4400.897461,4294.871582,4284.230957,4472.436035,4507.051270,4338.333496,4396.410156,1566.000000,1.000000,22.000000,,,,0.000000,2.000000,2.000000,0.000000,4.000000,2.000000,2.000000,0.000000,0.000000,4.000000,4.000000,4.000000,4.000000,4.000000,4.000000,0.000000,,,,,,,,,,,,,,,,,,,,,,,,,,,,
1732157926.542530,1732157926.545535,100.000000,0.000000,4283.717773,4280.256348,4311.282227,4295.384766,4262.948730,4303.461426,4335.000000,4404.615234,4298.717773,4291.666504,4473.077148,4508.846191,4339.230957,4395.384766,1701.000000,1.000000,22.000000,,,,0.000000,2.000000,2.000000,0.000000,4.000000,2.000000,2.000000,0.000000,0.000000,4.000000,4.000000,4.000000,4.000000,4.000000,4.000000,0.000000,,,,,,,,,,,,,,,,,25.000000,0.000000,0.500387,0.464355,-0.558899,0.470764,0.977658,-0.061043,-0.062019,-35.772266,44.554150,31.350079
1732157926.550338,1732157926.553344,101.000000,0.000000,4284.871582,4275.897461,4311.025879,4293.974121,4263.333496,4299.230957,4335.000000,4399.615234,4295.512695,4290.641113,4475.512695,4509.230957,4338.589844,4397.179688,1606.000000,1.000000,22.000000,,,,0.000000,2.000000,2.000000,0.000000,4.000000,2.000000,2.000000,0.000000,0.000000,4.000000,4.000000,4.000000,4.000000,4.000000,4.000000,0.000000,,,,,,,,,,,,,,,,,,,,,,,,,,,,
1732157926.558147,1732157926.561352,102.000000,0.000000,4288.205078,4279.615234,4311.538574,4292.820313,4281.794922,4297.179688,4335.000000,4396.282227,4292.820313,4289.102539,4473.717773,4510.256348,4345.897461,4402.820313,1546.000000,1.000000,22.000000,,,,0.000000,2.000000,2.000000,0.000000,4.000000,2.000000,2.000000,0.000000,0.000000,4.000000,4.000000,4.000000,4.000000,4.000000,4.000000,0.000000,,,,,,,,,,,,,,,,,,,,,,,,,,,,
1732157926.565955,1732157926.569160,103.000000,0.000000,4294.871582,4281.410156,4311.666504,4295.512695,4278.974121,4297.563965,4335.000000,4399.102539,4291.666504,4290.000000,4472.820313,4507.179688,4348.974121,4405.897461,1566.000000,1.000000,22.000000,,,,0.000000,2.000000,2.000000,0.000000,4.000000,2.000000,2.000000,0.000000,0.000000,4.000000,4.000000,4.000000,4.000000,4.000000,4.000000,0.000000,,,,,,,,,,,,,,,,,,,,,,,,,,,,
1732157926.573763,1732157926.577068,104.000000,0.000000,4295.897461,4270.256348,4313.333496,4296.025879,4279.487305,4296.282227,4335.000000,4399.487305,4283.077148,4284.487305,4471.666504,4505.641113,4343.333496,4406.282227,1701.000000,1.000000,22.000000,,,,0.000000,2.000000,2.000000,0.000000,4.000000,2.000000,2.000000,0.000000,0.000000,4.000000,4.000000,4.000000,4.000000,4.000000,4.000000,0.000000,,,,,,,,,,,,,,,,,26.000000,0.000000,0.500387,0.464355,-0.558899,0.470764,0.971798,-0.059089,-0.064949,-35.783867,44.765526,31.315229
1732157926.581571,1732157926.584876,105.000000,0.000000,4292.820313,4262.563965,4313.717773,4295.256348,4290.384766,4294.871582,4335.000000,4399.615234,4278.077148,4278.846191,4470.384766,4506.666504,4345.000000,4410.512695,1606.000000,1.000000,22.000000,,,,0.000000,2.000000,2.000000,0.000000,4.000000,2.000000,2.000000,0.000000,0.000000,4.000000,4.000000,4.000000,4.000000,4.000000,4.000000,0.000000,,,,,,,,,,,,,,,,,,,,,,,,,,,,
1732157926.589380,1732157926.592485,106.000000,0.000000,4293.205078,4265.384766,4313.974121,4296.922852,4277.692383,4298.333496,4335.000000,4401.282227,4286.666504,4285.384766,4472.692383,4508.205078,4351.153809,4414.102539,1546.000000,1.000000,22.000000,,,,0.000000,2.000000,2.000000,0.000000,4.000000,2.000000,2.000000,0.000000,0.000000,4.000000,4.000000,4.000000,4.000000,4.000000,4.000000,0.000000,,,,,,,,,,,,,,,,,,,,,,,,,,,,
1732157926.597188,1732157926.600293,107.000000,0.000000,4295.000000,4265.641113,4313.589844,4298.077148,4261.538574,4299.230957,4335.000000,4400.769043,4295.641113,4294.871582,4474.487305,4509.615234,4350.769043,4412.820313,1566.000000,1.000000,22.000000,,,,0.000000,2.000000,2.000000,0.000000,4.000000,2.000000,2.000000,0.000000,0.000000,4.000000,4.000000,4.000000,4.000000,4.000000,4.000000,0.000000,,,,,,,,,,,,,,,,,,,,,,,,,,,,
1732157926.604996,1732157926.608001,108.000000,0.000000,4294.102539,4263.974121,4310.384766,4297.692383,4265.384766,4299.487305,4335.000000,4400.641113,4296.538574,4297.436035,4475.000000,4509.102539,4349.871582,4411.410156,1701.000000,1.000000,22.000000,,,,0.000000,2.000000,2.000000,0.000000,4.000000,2.000000,2.000000,0.000000,0.000000,4.000000,4.000000,4.000000,4.000000,4.000000,4.000000,0.000000,,,,,,,,,,,,,,,,,27.000000,0.000000,0.500089,0.464661,-0.558655,0.471069,0.988402,-0.053717,-0.063484,-35.629932,44.605076,31.218670
1732157926.612805,1732157926.615809,109.000000,0.000000,4290.384766,4265.384766,4309.358887,4297.307617,4273.077148,4304.358887,4335.000000,4401.538574,4296.025879,4297.051270,4475.384766,4506.538574,4350.897461,4406.666504,1606.000000,1.000000,22.000000,,,,0.000000,2.000000,2.000000,0.000000,4.000000,2.000000,2.000000,0.000000,0.000000,4.000000,4.000000,4.000000,4.000000,4.000000,4.000000,0.000000,,,,,,,,,,,,,,,,,,,,,,,,,,,,
1732157926.620613,1732157926.623418,110.000000,0.000000,4287.179688,4263.846191,4313.461426,4295.512695,4286.153809,4303.717773,4335.000000,4400.000000,4296.922852,4296.922852,4475.128418,4506.282227,4350.897461,4401.410156,1546.000000,1.000000,22.000000,,,,0.000000,2.000000,2.000000,0.000000,4.000000,2.000000,2.000000,0.000000,0.000000,4.000000,4.000000,4.000000,4.000000,4.000000,4.000000,0.000000,,,,,,,,,,,,,,,,,,,,,,,,,,,,
1732157926.628421,1732157926.631226,111.000000,0.000000,4287.051270,4261.538574,4312.436035,4293.333496,4297.051270,4300.641113,4335.000000,4398.846191,4297.820313,4296.794922,4474.487305,4507.307617,4350.128418,4403.333496,1566.000000,1.000000,22.000000,,,,0.000000,2.000000,2.000000,0.000000,4.000000,2.000000,2.000000,0.000000,0.000000,4.000000,4.000000,4.000000,4.000000,4.000000,4.000000,0.000000,,,,,,,,,,,,,,,,,,,,,,,,,,,,
1732157926.636229,1732157926.638934,112.000000,0.000000,4288.461426,4264.358887,4309.358887,4294.743652,4278.077148,4303.205078,4335.000000,4401.025879,4297.563965,4297.179688,4476.538574,4506.410156,4350.641113,4403.461426,1701.000000,1.000000,22.000000,,,,0.000000,2.000000,2.000000,0.000000,4.000000,2.000000,2.000000,0.000000,0.000000,4.000000,4.000000,4.000000,4.000000,4.000000,4.000000,0.000000,,,,,,,,,,,,,,,,,28.000000,0.000000,0.500055,0.464844,-0.558533,0.471069,0.978635,-0.061043,-0.057136,-35.571911,44.708447,31.323790
1732157926.644037,1732157926.646742,113.000000,0.000000,4289.871582,4265.384766,4312.820313,4299.102539,4256.922852,4301.922852,4335.000000,4400.256348,4296.282227,4297.948730,4477.436035,4505.897461,4352.179688,4401.538574,1606.000000,1.000000,22.000000,,,,0.000000,2.000000,2.000000,0.000000,4.000000,2.000000,2.000000,0.000000,0.000000,4.000000,4.000000,4.000000,4.000000,4.000000,4.000000,0.000000,,,,,,,,,,,,,,,,,,,,,,,,,,,,
1732157926.651846,1732157926.654351,114.000000,0.000000,4289.615234,4264.615234,4314.102539,4300.256348,4270.128418,4295.641113,4335.000000,4398.077148,4295.128418,4294.487305,4474.358887,4507.051270,4351.410156,4406.922852,1546.000000,1.000000,22.000000,,,,0.000000,2.000000,2.000000,0.000000,4.000000,2.000000,2.000000,0.000000,0.000000,4.000000,4.000000,4.000000,4.000000,4.000000,4.000000,0.000000,,,,,,,,,,,,,,,,,,,,,,,,,,,,
1732157926.659654,1732157926.662159,115.000000,0.000000,4287.820313,4265.256348,4312.563965,4297.051270,4280.897461,4299.871582,4335.000000,4399.743652,4293.846191,4290.769043,4473.974121,4506.794922,4349.743652,4409.743652,1566.000000,1.000000,22.000000,,,,0.000000,2.000000,2.000000,0.000000,4.000000,2.000000,2.000000,0.000000,0.000000,4.000000,4.000000,4.000000,4.000000,4.000000,4.000000,0.000000,,,,,,,,,,,,,,,,,,,,,,,,,,,,
1732157926.667462,1732157926.669867,116.000000,0.000000,4289.102539,4265.769043,4314.487305,4296.153809,4273.846191,4304.230957,4335.000000,4399.487305,4294.871582,4291.922852,4476.538574,4505.000000,4351.025879,4407.820313,1701.000000,1.000000,22.000000,,,,0.000000,2.000000,2.000000,0.000000,4.000000,2.000000,2.000000,0.000000,0.000000,4.000000,4.000000,4.000000,4.000000,4.000000,4.000000,0.000000,,,,,,,,,,,,,,,,,29.000000,0.000000,0.499998,0.464905,-0.558533,0.471069,0.981077,-0.062508,-0.054206,-35.689915,44.625507,31.212269
1732157926.675270,1732157926.677676,117.000000,0.000000,4293.333496,4266.282227,4312.692383,4299.358887,4288.205078,4298.077148,4335.000000,4397.563965,4297.179688,4293.974121,4475.769043,4506.410156,4351.410156,4410.384766,1606.000000,1.000000,22.000000,,,,0.000000,2.000000,2.000000,0.000000,4.000000,2.000000,2.000000,0.000000,0.000000,4.000000,4.000000,4.000000,4.000000,4.000000,4.000000,0.000000,,,,,,,,,,,,,,,,,,,,,,,,,,,,
1732157926.683079,1732157926.685684,118.000000,0.000000,4294.102539,4266.282227,4310.000000,4298.846191,4302.051270,4295.897461,4335.000000,4399.487305,4297.436035,4293.974121,4473.974121,4507.307617,4349.871582,4409.615234,1546.000000,1.000000,22.000000,,,,0.000000,2.000000,2.000000,0.000000,4.000000,2.000000,2.000000,0.000000,0.000000,4.000000,4.000000,4.000000,4.000000,4.000000,4.000000,0.000000,,,,,,,,,,,,,,,,,,,,,,,,,,,,
1732157926.690887,1732157926.693492,119.000000,0.000000,4291.794922,4265.000000,4311.666504,4295.641113,4276.794922,4297.563965,4335.000000,4401.794922,4298.077148,4294.615234,4475.512695,4506.666504,4350.769043,4402.179688,1566.000000,1.000000,22.000000,,,,0.000000,2.000000,2.000000,0.000000,4.000000,2.000000,2.000000,0.000000,0.000000,4.000000,4.000000,4.000000,4.000000,4.000000,4.000000,0.000000,,,,,,,,,,,,,,,,,,,,,,,,,,,,
1732157926.698695,1732157926.701400,120.000000,0.000000,4287.948730,4263.717773,4310.897461,4294.487305,4257.563965,4296.538574,4335.000000,4400.641113,4298.333496,4296.538574,4476.282227,4506.025879,4349.358887,4401.538574,1701.000000,1.000000,22.000000,,,,0.000000,2.000000,2.000000,0.000000,4.000000,2.000000,2.000000,0.000000,0.000000,4.000000,4.000000,4.000000,4.000000,4.000000,4.000000,0.000000,,,,,,,,,,,,,,,,,30.000000,0.000000,0.499952,0.464905,-0.558472,0.471191,0.979123,-0.059578,-0.066414,-35.933830,44.526661,31.286938
1732157926.706504,1732157926.709208,121.000000,0.000000,4282.820313,4263.077148,4308.974121,4293.717773,4272.692383,4298.333496,4335.000000,4399.230957,4295.512695,4292.820313,4474.358887,4504.487305,4344.102539,4401.922852,1606.000000,1.000000,22.000000,,,,0.000000,2.000000,2.000000,0.000000,4.000000,2.000000,2.000000,0.000000,0.000000,4.000000,4.000000,4.000000,4.000000,4.000000,4.000000,0.000000,,,,,,,,,,,,,,,,,,,,,,,,,,,,
1732157926.714312,1732157926.716816,122.000000,0.000000,4281.922852,4263.205078,4311.666504,4290.128418,4285.384766,4300.128418,4335.000000,4399.743652,4297.563965,4288.974121,4474.358887,4504.230957,4342.948730,4397.179688,1546.000000,1.000000,22.000000,,,,0.000000,2.000000,2.000000,0.000000,4.000000,2.000000,2.000000,0.000000,0.000000,4.000000,4.000000,4.000000,4.000000,4.000000,4.000000,0.000000,,,,,,,,,,,,,,,,,,,,,,,,,,,,
1732157926.722120,1732157926.724625,123.000000,0.000000,4283.077148,4264.358887,4313.717773,4286.025879,4277.563965,4296.025879,4335.000000,4401.025879,4304.615234,4294.102539,4475.256348,4507.179688,4344.358887,4397.948730,1566.000000,1.000000,22.000000,,,,0.000000,2.000000,2.000000,0.000000,4.000000,2.000000,2.000000,0.000000,0.000000,4.000000,4.000000,4.000000,4.000000,4.000000,4.000000,0.000000,,,,,,,,,,,,,,,,,,,,,,,,,,,,
1732157926.729928,1732157926.732333,124.000000,0.000000,4280.000000,4264.615234,4312.179688,4288.846191,4271.794922,4297.051270,4335.000000,4400.128418,4301.922852,4295.512695,4473.333496,4508.717773,4344.743652,4404.230957,1701.000000,1.000000,22.000000,,,,0.000000,2.000000,2.000000,0.000000,4.000000,2.000000,2.000000,0.000000,0.000000,4.000000,4.000000,4.000000,4.000000,4.000000,4.000000,0.000000,,,,,,,,,,,,,,,,,31.000000,0.000000,0.499998,0.464844,-0.558533,0.471130,0.964962,-0.067391,-0.052252,-35.828072,44.613262,31.325754
1732157926.737736,1732157926.740141,125.000000,0.000000,4282.820313,4263.077148,4311.922852,4294.615234,4286.153809,4300.769043,4335.000000,4399.230957,4293.461426,4284.615234,4472.563965,4507.307617,4346.538574,4406.666504,1606.000000,1.000000,22.000000,,,,0.000000,2.000000,2.000000,0.000000,4.000000,2.000000,2.000000,0.000000,0.000000,4.000000,4.000000,4.000000,4.000000,4.000000,4.000000,0.000000,,,,,,,,,,,,,,,,,,,,,,,,,,,,
1732157926.745545,1732157926.747750,126.000000,0.000000,4291.410156,4262.820313,4311.282227,4295.769043,4300.000000,4297.563965,4335.000000,4400.128418,4293.974121,4277.948730,4475.512695,4507.051270,4347.307617,4406.922852,1546.000000,1.000000,22.000000,,,,0.000000,2.000000,2.000000,0.000000,4.000000,2.000000,2.000000,0.000000,0.000000,4.000000,4.000000,4.000000,4.000000,4.000000,4.000000,0.000000,,,,,,,,,,,,,,,,,,,,,,,,,,,,
1732157926.753353,1732157926.755558,127.000000,0.000000,4290.256348,4264.871582,4311.922852,4296.282227,4279.871582,4296.153809,4335.000000,4400.769043,4296.922852,4285.384766,4476.282227,4508.205078,4345.128418,4408.077148,22.000000,1.000000,22.000000,,,,0.000000,2.000000,2.000000,0.000000,4.000000,2.000000,2.000000,0.000000,0.000000,4.000000,4.000000,4.000000,4.000000,4.000000,4.000000,0.000000,,,,,,,,,,,,,,,,,,,,,,,,,,,,
1732157926.761161,1732157926.763266,0.000000,0.000000,4281.153809,4266.282227,4312.307617,4298.077148,4258.461426,4298.717773,4335.000000,4398.974121,4295.256348,4292.307617,4473.589844,4508.333496,4343.461426,4407.179688,0.000000,1.000000,22.000000,,,,0.000000,2.000000,2.000000,0.000000,4.000000,2.000000,2.000000,0.000000,0.000000,4.000000,4.000000,4.000000,4.000000,4.000000,4.000000,0.000000,,,,,,,,,,,,,,,,,0.000000,0.000000,0.500089,0.464661,-0.558655,0.471069,0.971798,-0.058113,-0.041021,-35.792404,44.766743,31.523861
1732157926.768969,1732157926.771074,1.000000,0.000000,4279.358887,4265.641113,4311.538574,4296.410156,4282.179688,4297.307617,4335.000000,4398.717773,4294.230957,4286.794922,4472.051270,4506.538574,4342.051270,4403.717773,1599.000000,1.000000,22.000000,,,,0.000000,2.000000,2.000000,0.000000,4.000000,2.000000,2.000000,0.000000,0.000000,4.000000,4.000000,4.000000,4.000000,4.000000,4.000000,0.000000,,,,,,,,,,,,,,,,,,,,,,,,,,,,
1732157926.776778,1732157926.779082,2.000000,0.000000,4286.025879,4266.794922,4311.922852,4294.102539,4295.897461,4294.871582,4335.000000,4400.000000,4294.230957,4282.179688,4473.077148,4503.589844,4345.384766,4402.948730,1366.000000,1.000000,22.000000,,,,0.000000,2.000000,2.000000,0.000000,4.000000,2.000000,2.000000,0.000000,0.000000,4.000000,4.000000,4.000000,4.000000,4.000000,4.000000,0.000000,,,,,,,,,,,,,,,,,,,,,,,,,,,,
1732157926.784586,1732157926.786891,3.000000,0.000000,4288.333496,4269.358887,4313.333496,4298.205078,4268.461426,4296.410156,4335.000000,4400.384766,4294.871582,4288.717773,4474.230957,4504.487305,4350.641113,4404.230957,1421.000000,1.000000,22.000000,,,,0.000000,2.000000,2.000000,0.000000,4.000000,2.000000,2.000000,0.000000,0.000000,4.000000,4.000000,4.000000,4.000000,4.000000,4.000000,0.000000,,,,,,,,,,,,,,,,,,,,,,,,,,,,
1732157926.792394,1732157926.794799,4.000000,0.000000,4287.692383,4267.948730,4311.410156,4299.102539,4259.230957,4296.666504,4335.000000,4399.871582,4301.282227,4295.000000,4473.717773,4507.307617,4349.615234,4405.000000,1426.000000,1.000000,22.000000,,,,0.000000,2.000000,2.000000,0.000000,4.000000,2.000000,2.000000,0.000000,0.000000,4.000000,4.000000,4.000000,4.000000,4.000000,4.000000,0.000000,,,,,,,,,,,,,,,,,1.000000,0.000000,0.500272,0.464355,-0.558899,0.470886,0.971798,-0.058113,-0.041021,-35.705181,44.937729,31.930994
1732157926.800202,1732157926.802607,5.000000,0.000000,4288.589844,4265.128418,4309.743652,4295.897461,4273.846191,4294.871582,4335.000000,4398.974121,4303.589844,4292.948730,4473.589844,4505.128418,4348.205078,4403.974121,1212.000000,1.000000,22.000000,,,,0.000000,2.000000,2.000000,0.000000,4.000000,2.000000,2.000000,0.000000,0.000000,4.000000,4.000000,4.000000,4.000000,4.000000,4.000000,0.000000,,,,,,,,,,,,,,,,,,,,,,,,,,,,
1732157926.808011,1732157926.810615,6.000000,0.000000,4290.897461,4266.025879,4310.769043,4295.641113,4275.769043,4296.153809,4335.000000,4399.358887,4297.436035,4293.717773,4475.641113,4504.230957,4353.589844,4403.461426,0.000000,1.000000,22.000000,,,,0.000000,2.000000,2.000000,0.000000,4.000000,2.000000,2.000000,0.000000,0.000000,4.000000,4.000000,4.000000,4.000000,4.000000,4.000000,0.000000,,,,,,,,,,,,,,,,,,,,,,,,,,,,
1732157926.815819,1732157926.818423,7.000000,0.000000,4288.589844,4267.307617,4310.128418,4296.153809,4281.025879,4297.307617,4334.743652,4399.615234,4296.025879,4293.846191,4476.282227,4508.205078,4353.077148,4403.461426,0.000000,1.000000,22.000000,,,,0.000000,2.000000,2.000000,0.000000,4.000000,2.000000,2.000000,0.000000,0.000000,4.000000,4.000000,4.000000,4.000000,4.000000,4.000000,0.000000,,,,,,,,,,,,,,,,,,,,,,,,,,,,
1732157926.823627,1732157926.826331,8.000000,0.000000,4283.205078,4266.025879,4310.128418,4294.871582,4291.922852,4294.358887,4334.743652,4400.769043,4299.871582,4283.846191,4472.692383,4503.205078,4344.871582,4402.563965,1534.000000,1.000000,22.000000,,,,0.000000,2.000000,2.000000,0.000000,4.000000,2.000000,2.000000,0.000000,0.000000,4.000000,4.000000,4.000000,4.000000,4.000000,4.000000,0.000000,,,,,,,,,,,,,,,,,2.000000,0.000000,0.500134,0.464233,-0.559021,0.471008,0.978147,-0.072763,-0.048346,-35.764530,44.774559,31.729105
1732157926.831435,1732157926.834139,9.000000,0.000000,4287.307617,4264.230957,4311.282227,4295.256348,4278.461426,4293.974121,4335.769043,4401.153809,4296.282227,4278.589844,4470.256348,4497.563965,4346.153809,4401.922852,1685.000000,1.000000,22.000000,,,,0.000000,2.000000,2.000000,0.000000,4.000000,2.000000,2.000000,0.000000,0.000000,4.000000,4.000000,4.000000,4.000000,4.000000,4.000000,0.000000,,,,,,,,,,,,,,,,,,,,,,,,,,,,
1732157926.839244,1732157926.841748,10.000000,0.000000,4295.512695,4266.153809,4309.871582,4300.128418,4258.333496,4298.077148,4334.230957,4398.974121,4294.358887,4286.666504,4472.179688,4504.871582,4352.948730,4403.333496,1546.000000,1.000000,22.000000,,,,0.000000,2.000000,2.000000,0.000000,4.000000,2.000000,2.000000,0.000000,0.000000,4.000000,4.000000,4.000000,4.000000,4.000000,4.000000,0.000000,,,,,,,,,,,,,,,,,,,,,,,,,,,,
1732157926.847052,1732157926.849556,11.000000,0.000000,4296.282227,4271.538574,4308.589844,4302.051270,4268.333496,4297.692383,4334.358887,4399.487305,4302.948730,4294.743652,4476.153809,4510.897461,4351.025879,4404.871582,1566.000000,1.000000,22.000000,,,,0.000000,2.000000,2.000000,0.000000,4.000000,2.000000,2.000000,0.000000,0.000000,4.000000,4.000000,4.000000,4.000000,4.000000,4.000000,0.000000,,,,,,,,,,,,,,,,,,,,,,,,,,,,
1732157926.854860,1732157926.857464,12.000000,0.000000,4292.179688,4272.179688,4312.307617,4301.410156,4284.230957,4295.384766,4339.358887,4401.666504,4303.846191,4289.871582,4477.436035,4507.179688,4349.871582,4406.922852,1701.000000,1.000000,22.000000,,,,0.000000,2.000000,2.000000,0.000000,4.000000,2.000000,2.000000,0.000000,0.000000,4.000000,4.000000,4.000000,4.000000,4.000000,4.000000,0.000000,,,,,,,,,,,,,,,,,3.000000,0.000000,0.500008,0.464233,-0.559082,0.471069,0.976682,-0.058113,-0.063973,-35.687603,44.710728,31.433908
1732157926.862668,1732157926.865272,13.000000,0.000000,4292.051270,4266.153809,4314.102539,4299.230957,4282.051270,4296.538574,4338.717773,4400.512695,4294.358887,4278.717773,4474.230957,4505.384766,4350.128418,4407.051270,1606.000000,1.000000,22.000000,,,,0.000000,2.000000,2.000000,0.000000,4.000000,2.000000,2.000000,0.000000,0.000000,4.000000,4.000000,4.000000,4.000000,4.000000,4.000000,0.000000,,,,,,,,,,,,,,,,,,,,,,,,,,,,
1732157926.870477,1732157926.873280,14.000000,0.000000,4294.487305,4264.871582,4312.820313,4297.692383,4274.871582,4296.153809,4333.717773,4399.487305,4291.794922,4281.025879,4471.794922,4507.692383,4347.307617,4403.974121,1546.000000,1.000000,22.000000,,,,0.000000,2.000000,2.000000,0.000000,4.000000,2.000000,2.000000,0.000000,0.000000,4.000000,4.000000,4.000000,4.000000,4.000000,4.000000,0.000000,1.000000,0.000000,2.000000,2.000000,0.000000,1.000000,1.000000,2.000000,0.000000,0.000000,1.000000,4.000000,1.000000,4.000000,1.000000,4.000000,,,,,,,,,,,,
1732157926.878285,1732157926.881089,15.000000,0.000000,4293.205078,4268.846191,4311.666504,4300.000000,4280.769043,4291.282227,4334.871582,4400.128418,4295.000000,4288.717773,4473.846191,4508.589844,4345.769043,4399.743652,1566.000000,1.000000,22.000000,,,,0.000000,2.000000,2.000000,0.000000,4.000000,2.000000,2.000000,0.000000,0.000000,4.000000,4.000000,4.000000,4.000000,4.000000,4.000000,0.000000,,,,,,,,,,,,,,,,,,,,,,,,,,,,
1732157926.886093,1732157926.888997,16.000000,0.000000,4292.948730,4267.307617,4311.794922,4297.948730,4289.743652,4286.410156,4337.307617,4399.871582,4292.948730,4284.871582,4474.615234,4506.538574,4345.128418,4399.743652,0.000000,1.000000,22.000000,,,,0.000000,2.000000,2.000000,0.000000,4.000000,2.000000,2.000000,0.000000,0.000000,4.000000,4.000000,4.000000,4.000000,4.000000,4.000000,0.000000,,,,,,,,,,,,,,,,,4.000000,0.000000,0.499847,0.464294,-0.559021,0.471252,0.971798,-0.078135,-0.058113,-35.688625,44.552357,31.451466
1732157926.893901,1732157926.896805,17.000000,0.000000,4294.615234,4266.410156,4310.897461,4295.641113,4277.692383,4289.871582,4335.128418,4400.128418,4294.871582,4284.743652,4475.000000,4504.743652,4346.282227,4407.563965,0.000000,1.000000,22.000000,,,,0.000000,2.000000,2.000000,0.000000,4.000000,2.000000,2.000000,0.000000,0.000000,4.000000,4.000000,4.000000,4.000000,4.000000,4.000000,0.000000,,,,,,,,,,,,,,,,,,,,,,,,,,,,
1732157926.901710,1732157926.904813,18.000000,0.000000,4291.538574,4269.358887,4311.282227,4299.102539,4258.205078,4297.692383,4334.615234,4400.512695,4301.538574,4296.410156,4478.717773,4507.436035,4349.230957,4411.538574,0.000000,1.000000,22.000000,,,,0.000000,2.000000,2.000000,0.000000,4.000000,2.000000,2.000000,0.000000,0.000000,4.000000,4.000000,4.000000,4.000000,4.000000,4.000000,0.000000,,,,,,,,,,,,,,,,,,,,,,,,,,,,
1732157926.909518,1732157926.912621,19.000000,0.000000,4286.922852,4268.077148,4313.205078,4299.230957,4265.384766,4297.307617,4335.769043,4399.615234,4300.128418,4296.153809,4478.077148,4506.153809,4348.333496,4406.794922,0.000000,1.000000,22.000000,,,,0.000000,2.000000,2.000000,0.000000,4.000000,2.000000,2.000000,0.000000,0.000000,4.000000,4.000000,4.000000,4.000000,4.000000,4.000000,0.000000,,,,,,,,,,,,,,,,,,,,,,,,,,,,
1732157926.917326,1732157926.920529,20.000000,0.000000,4289.230957,4265.769043,4312.948730,4295.128418,4279.487305,4292.692383,4335.769043,4400.512695,4295.128418,4286.794922,4470.641113,4499.487305,4344.102539,4405.897461,0.000000,1.000000,22.000000,,,,0.000000,2.000000,2.000000,0.000000,4.000000,2.000000,2.000000,0.000000,0.000000,4.000000,4.000000,4.000000,4.000000,4.000000,4.000000,0.000000,,,,,,,,,,,,,,,,,5.000000,0.000000,0.499893,0.464233,-0.559082,0.471191,0.981565,-0.059578,-0.051764,-35.526119,44.447407,31.334021
1732157926.925134,1732157926.928337,21.000000,0.000000,4293.974121,4266.922852,4310.897461,4297.051270,4275.769043,4295.384766,4336.794922,4402.307617,4295.512695,4288.974121,4469.743652,4502.179688,4344.358887,4407.948730,0.000000,1.000000,22.000000,,,,0.000000,2.000000,2.000000,0.000000,4.000000,2.000000,2.000000,0.000000,0.000000,4.000000,4.000000,4.000000,4.000000,4.000000,4.000000,0.000000,,,,,,,,,,,,,,,,,,,,,,,,,,,,
1732157926.932943,1732157926.936345,22.000000,0.000000,4291.794922,4267.563965,4310.256348,4300.512695,4285.641113,4297.692383,4336.666504,4401.282227,4298.461426,4294.743652,4476.153809,4508.717773,4347.948730,4402.948730,0.000000,1.000000,22.000000,,,,0.000000,2.000000,2.000000,0.000000,4.000000,2.000000,2.000000,0.000000,0.000000,4.000000,4.000000,4.000000,4.000000,4.000000,4.000000,0.000000,,,,,,,,,,,,,,,,,,,,,,,,,,,,
1732157926.940751,1732157926.944154,23.000000,0.000000,4292.820313,4272.692383,4312.307617,4298.205078,4298.461426,4293.589844,4337.692383,4399.230957,4298.077148,4294.743652,4478.205078,4504.358887,4350.000000,4402.563965,0.000000,1.000000,22.000000,,,,0.000000,2.000000,2.000000,0.000000,4.000000,2.000000,2.000000,0.000000,0.000000,4.000000,4.000000,4.000000,4.000000,4.000000,4.000000,0.000000,,,,,,,,,,,,,,,,,,,,,,,,,,,,
1732157926.948559,1732157926.951862,24.000000,0.000000,4294.743652,4277.051270,4314.743652,4299.102539,4278.077148,4292.820313,4341.282227,4398.974121,4297.948730,4294.871582,4476.794922,4498.205078,4350.897461,4405.384766,0.000000,1.000000,22.000000,,,,0.000000,2.000000,2.000000,0.000000,4.000000,2.000000,2.000000,0.000000,0.000000,4.000000,4.000000,4.000000,4.000000,4.000000,4.000000,0.000000,,,,,,,,,,,,,,,,,6.000000,0.000000,0.499961,0.463928,-0.559326,0.471130,0.975217,-0.072763,-0.046392,-35.711155,44.469067,31.387222
1732157926.956367,1732157926.959670,25.000000,0.000000,4287.563965,4272.948730,4316.410156,4299.102539,4262.820313,4293.589844,4341.794922,4400.128418,4298.974121,4295.256348,4478.333496,4501.025879,4349.358887,4399.871582,0.000000,1.000000,22.000000,,,,0.000000,2.000000,2.000000,0.000000,4.000000,2.000000,2.000000,0.000000,0.000000,4.000000,4.000000,4.000000,4.000000,4.000000,4.000000,0.000000,,,,,,,,,,,,,,,,,,,,,,,,,,,,
1732157926.964176,1732157926.967279,26.000000,0.000000,4282.820313,4268.461426,4314.615234,4295.512695,4270.897461,4290.000000,4337.179688,4401.153809,4297.179688,4295.128418,4479.358887,4505.256348,4350.128418,4396.538574,0.000000,1.000000,22.000000,,,,0.000000,2.000000,2.000000,0.000000,4.000000,2.000000,2.000000,0.000000,0.000000,4.000000,4.000000,4.000000,4.000000,4.000000,4.000000,0.000000,,,,,,,,,,,,,,,,,,,,,,,,,,,,
1732157926.971984,1732157926.975087,27.000000,0.000000,4285.384766,4270.769043,4312.307617,4297.820313,4279.487305,4286.794922,4333.717773,4401.282227,4296.410156,4293.461426,4476.410156,4504.871582,4349.615234,4401.922852,0.000000,1.000000,22.000000,,,,0.000000,2.000000,2.000000,0.000000,4.000000,2.000000,2.000000,0.000000,0.000000,4.000000,4.000000,4.000000,4.000000,4.000000,4.000000,0.000000,,,,,,,,,,,,,,,,,,,,,,,,,,,,
1732157926.979792,1732157926.982795,28.000000,0.000000,4287.179688,4273.205078,4312.692383,4301.794922,4290.384766,4288.205078,4335.000000,4400.128418,4292.307617,4288.589844,4474.871582,4501.666504,4348.589844,4406.025879,0.000000,1.000000,22.000000,,,,0.000000,2.000000,2.000000,0.000000,4.000000,2.000000,2.000000,0.000000,0.000000,4.000000,4.000000,4.000000,4.000000,4.000000,4.000000,0.000000,,,,,,,,,,,,,,,,,7.000000,0.000000,0.500121,0.463806,-0.559387,0.471008,0.972775,-0.063973,-0.053717,-35.927704,44.311611,31.635317
1732157926.987600,1732157926.990603,29.000000,0.000000,4289.102539,4272.179688,4312.692383,4300.128418,4292.692383,4291.282227,4336.282227,4399.871582,4285.000000,4282.307617,4475.256348,4501.666504,4350.641113,4404.871582,0.000000,1.000000,22.000000,,,,0.000000,2.000000,2.000000,0.000000,4.000000,2.000000,2.000000,0.000000,0.000000,4.000000,4.000000,4.000000,4.000000,4.000000,4.000000,0.000000,,,,,,,,,,,,,,,,,,,,,,,,,,,,
1732157926.995409,1732157926.998212,30.000000,0.000000,4293.205078,4273.077148,4310.512695,4302.692383,4272.692383,4295.384766,4335.000000,4400.384766,4287.051270,4284.230957,4475.384766,4505.128418,4351.025879,4402.948730,0.000000,1.000000,22.000000,,,,0.000000,2.000000,2.000000,0.000000,4.000000,2.000000,2.000000,0.000000,0.000000,4.000000,4.000000,4.000000,4.000000,4.000000,4.000000,0.000000,,,,,,,,,,,,,,,,,,,,,,,,,,,,
1732157927.003217,1732157927.006020,31.000000,0.000000,4295.512695,4274.871582,4309.102539,4305.897461,4263.461426,4293.077148,4334.358887,4400.769043,4296.282227,4295.769043,4477.179688,4506.666504,4352.179688,4405.128418,0.000000,1.000000,22.000000,,,,0.000000,2.000000,2.000000,0.000000,4.000000,2.000000,2.000000,0.000000,0.000000,4.000000,4.000000,4.000000,4.000000,4.000000,4.000000,0.000000,,,,,,,,,,,,,,,,,,,,,,,,,,,,
1732157927.011025,1732157927.013728,32.000000,0.000000,4294.358887,4274.487305,4309.871582,4297.436035,4278.333496,4284.358887,4335.128418,4400.769043,4296.794922,4296.282227,4476.538574,4505.256348,4352.563965,4406.153809,0.000000,1.000000,22.000000,,,,0.000000,2.000000,2.000000,0.000000,4.000000,2.000000,2.000000,0.000000,0.000000,4.000000,4.000000,4.000000,4.000000,4.000000,4.000000,0.000000,,,,,,,,,,,,,,,,,8.000000,0.000000,0.500121,0.463806,-0.559387,0.471008,0.973263,-0.059578,-0.057624,-36.133106,44.154072,31.836273
1732157927.018833,1732157927.021536,33.000000,0.000000,4290.000000,4271.153809,4311.153809,4292.307617,4279.743652,4280.641113,4335.000000,4401.025879,4290.000000,4284.487305,4472.563965,4506.025879,4348.077148,4400.641113,0.000000,1.000000,22.000000,,,,0.000000,2.000000,2.000000,0.000000,4.000000,2.000000,2.000000,0.000000,0.000000,4.000000,4.000000,4.000000,4.000000,4.000000,4.000000,0.000000,,,,,,,,,,,,,,,,,,,,,,,,,,,,
1732157927.026642,1732157927.029145,34.000000,0.000000,4282.179688,4266.282227,4312.051270,4295.512695,4271.794922,4284.358887,4334.871582,4401.153809,4290.897461,4283.077148,4471.794922,4502.820313,4346.666504,4397.179688,0.000000,1.000000,22.000000,,,,0.000000,2.000000,2.000000,0.000000,4.000000,2.000000,2.000000,0.000000,0.000000,4.000000,4.000000,4.000000,4.000000,4.000000,4.000000,0.000000,,,,,,,,,,,,,,,,,,,,,,,,,,,,
1732157927.034450,1732157927.036953,35.000000,0.000000,4279.743652,4266.282227,4312.820313,4292.692383,4284.743652,4284.102539,4335.000000,4401.153809,4294.743652,4287.051270,4472.948730,4497.051270,4347.820313,4399.358887,0.000000,1.000000,22.000000,,,,0.000000,2.000000,2.000000,0.000000,4.000000,2.000000,2.000000,0.000000,0.000000,4.000000,4.000000,4.000000,4.000000,4.000000,4.000000,0.000000,,,,,,,,,,,,,,,,,,,,,,,,,,,,
1732157927.042258,1732157927.044661,36.000000,0.000000,4284.358887,4267.436035,4311.282227,4291.538574,4292.307617,4278.461426,4335.000000,4401.666504,4294.102539,4285.384766,4472.948730,4501.410156,4345.769043,4399.487305,0.000000,1.000000,22.000000,,,,0.000000,2.000000,2.000000,0.000000,4.000000,2.000000,2.000000,0.000000,0.000000,4.000000,4.000000,4.000000,4.000000,4.000000,4.000000,0.000000,,,,,,,,,,,,,,,,,9.000000,0.000000,0.500257,0.463562,-0.559570,0.470886,0.982053,-0.068368,-0.044439,-36.034481,44.319798,31.717382
1732157927.050066,1732157927.052470,37.000000,0.000000,4286.282227,4267.692383,4309.102539,4297.692383,4274.358887,4280.769043,4335.000000,4401.922852,4294.358887,4289.871582,4475.641113,4508.974121,4346.794922,4400.641113,0.000000,1.000000,22.000000,,,,0.000000,2.000000,2.000000,0.000000,4.000000,2.000000,2.000000,0.000000,0.000000,4.000000,4.000000,4.000000,4.000000,4.000000,4.000000,0.000000,,,,,,,,,,,,,,,,,,,,,,,,,,,,
1732157927.057875,1732157927.060078,38.000000,0.000000,4285.128418,4267.051270,4311.666504,4298.333496,4261.794922,4289.230957,4335.000000,4401.922852,4297.307617,4297.307617,4478.461426,4509.615234,4351.538574,4404.743652,0.000000,1.000000,22.000000,,,,0.000000,2.000000,2.000000,0.000000,4.000000,2.000000,2.000000,0.000000,0.000000,4.000000,4.000000,4.000000,4.000000,4.000000,4.000000,0.000000,,,,,,,,,,,,,,,,,,,,,,,,,,,,
1732157927.065683,1732157927.067886,39.000000,0.000000,4285.384766,4269.358887,4314.358887,4295.641113,4274.487305,4295.512695,4335.000000,4400.512695,4298.461426,4294.615234,4475.897461,4507.051270,4350.769043,4401.666504,0.000000,1.000000,22.000000,,,,0.000000,2.000000,2.000000,0.000000,4.000000,2.000000,2.000000,0.000000,0.000000,4.000000,4.000000,4.000000,4.000000,4.000000,4.000000,0.000000,,,,,,,,,,,,,,,,,,,,,,,,,,,,
1732157927.073491,1732157927.075594,40.000000,0.000000,4289.871582,4272.692383,4311.538574,4297.051270,4284.743652,4297.563965,4335.000000,4399.358887,4294.871582,4292.051270,4474.487305,4504.743652,4349.487305,4397.051270,0.000000,1.000000,22.000000,,,,0.000000,2.000000,2.000000,0.000000,4.000000,2.000000,2.000000,0.000000,0.000000,4.000000,4.000000,4.000000,4.000000,4.000000,4.000000,0.000000,,,,,,,,,,,,,,,,,10.000000,0.000000,0.500245,0.463440,-0.559631,0.470947,0.972775,-0.077158,-0.060554,-35.841263,44.394035,31.552746
1732157927.081299,1732157927.083403,41.000000,0.000000,4293.717773,4277.820313,4312.692383,4300.256348,4282.307617,4294.871582,4335.000000,4400.384766,4295.000000,4295.641113,4475.512695,4505.512695,4349.871582,4399.615234,0.000000,1.000000,22.000000,,,,0.000000,2.000000,2.000000,0.000000,4.000000,2.000000,2.000000,0.000000,0.000000,4.000000,4.000000,4.000000,4.000000,4.000000,4.000000,0.000000,,,,,,,,,,,,,,,,,,,,,,,,,,,,
1732157927.089108,1732157927.091011,42.000000,0.000000,4288.846191,4276.922852,4317.307617,4302.563965,4277.436035,4293.846191,4335.000000,4400.641113,4296.922852,4293.077148,4473.205078,4506.282227,4345.384766,4401.025879,0.000000,1.000000,22.000000,,,,0.000000,2.000000,2.000000,0.000000,4.000000,2.000000,2.000000,0.000000,0.000000,4.000000,4.000000,4.000000,4.000000,4.000000,4.000000,0.000000,,,,,,,,,,,,,,,,,,,,,,,,,,,,
1732157927.096916,1732157927.098819,43.000000,0.000000,4281.538574,4267.692383,4314.487305,4296.922852,4281.153809,4293.846191,4335.000000,4398.461426,4295.384766,4290.641113,4472.436035,4499.230957,4341.282227,4397.692383,0.000000,1.000000,22.000000,,,,0.000000,2.000000,2.000000,0.000000,4.000000,2.000000,2.000000,0.000000,0.000000,4.000000,4.000000,4.000000,4.000000,4.000000,4.000000,0.000000,,,,,,,,,,,,,,,,,,,,,,,,,,,,
1732157927.104724,1732157927.106727,44.000000,0.000000,4280.000000,4264.102539,4312.436035,4286.538574,4296.410156,4290.128418,4335.000000,4398.589844,4298.461426,4293.589844,4473.974121,4496.922852,4341.666504,4395.641113,0.000000,1.000000,22.000000,,,,0.000000,2.000000,2.000000,0.000000,4.000000,2.000000,2.000000,0.000000,0.000000,4.000000,4.000000,4.000000,4.000000,4.000000,4.000000,0.000000,,,,,,,,,,,,,,,,,11.000000,0.000000,0.500166,0.463440,-0.559753,0.470886,0.969845,-0.068368,-0.065438,-35.811424,44.335835,31.579391
1732157927.112532,1732157927.114536,45.000000,0.000000,4283.846191,4268.717773,4314.871582,4288.461426,4287.820313,4286.794922,4335.000000,4400.384766,4303.333496,4295.897461,4473.974121,4506.025879,4344.871582,4398.205078,0.000000,1.000000,22.000000,,,,0.000000,2.000000,2.000000,0.000000,4.000000,2.000000,2.000000,0.000000,0.000000,4.000000,4.000000,4.000000,4.000000,4.000000,4.000000,0.000000,,,,,,,,,,,,,,,,,,,,,,,,,,,,
1732157927.120341,1732157927.122544,46.000000,0.000000,4286.794922,4272.563965,4314.102539,4297.436035,4260.000000,4287.948730,4335.000000,4397.948730,4300.512695,4296.025879,4475.512695,4508.205078,4348.717773,4402.307617,0.000000,1.000000,22.000000,,,,0.000000,2.000000,2.000000,0.000000,4.000000,2.000000,2.000000,0.000000,0.000000,4.000000,4.000000,4.000000,4.000000,4.000000,4.000000,0.000000,,,,,,,,,,,,,,,,,,,,,,,,,,,,
1732157927.128149,1732157927.130352,47.000000,0.000000,4289.871582,4276.282227,4310.000000,4299.230957,4263.717773,4287.179688,4335.000000,4395.769043,4293.461426,4296.025879,4477.948730,4506.025879,4351.153809,4401.282227,0.000000,1.000000,22.000000,,,,0.000000,2.000000,2.000000,0.000000,4.000000,2.000000,2.000000,0.000000,0.000000,4.000000,4.000000,4.000000,4.000000,4.000000,4.000000,0.000000,,,,,,,,,,,,,,,,,,,,,,,,,,,,
1732157927.135957,1732157927.138060,48.000000,0.000000,4290.897461,4278.205078,4310.641113,4297.820313,4284.230957,4281.410156,4335.000000,4398.974121,4292.948730,4296.410156,4476.666504,4508.846191,4349.871582,4397.436035,0.000000,1.000000,22.000000,,,,0.000000,2.000000,2.000000,0.000000,4.000000,2.000000,2.000000,0.000000,0.000000,4.000000,4.000000,4.000000,4.000000,4.000000,4.000000,0.000000,,,,,,,,,,,,,,,,,12.000000,0.000000,0.500166,0.463440,-0.559753,0.470886,0.969845,-0.068368,-0.065438,-35.802254,44.303696,31.660973
1732157927.143765,1732157927.145868,49.000000,0.000000,4288.589844,4278.589844,4312.436035,4298.077148,4276.794922,4283.077148,4335.000000,4400.384766,4296.794922,4296.538574,4473.461426,4504.102539,4344.358887,4398.077148,0.000000,1.000000,22.000000,,,,0.000000,2.000000,2.000000,0.000000,4.000000,2.000000,2.000000,0.000000,0.000000,4.000000,4.000000,4.000000,4.000000,4.000000,4.000000,0.000000,,,,,,,,,,,,,,,,,,,,,,,,,,,,
1732157927.151574,1732157927.153477,50.000000,0.000000,4286.538574,4276.666504,4312.307617,4297.307617,4275.000000,4287.307617,4335.000000,4398.589844,4295.769043,4290.769043,4468.717773,4497.563965,4341.410156,4398.333496,0.000000,1.000000,22.000000,,,,0.000000,2.000000,2.000000,0.000000,4.000000,2.000000,2.000000,0.000000,0.000000,4.000000,4.000000,4.000000,4.000000,4.000000,4.000000,0.000000,,,,,,,,,,,,,,,,,,,,,,,,,,,,
1732157927.159382,1732157927.161285,51.000000,0.000000,4282.436035,4270.769043,4311.666504,4295.384766,4296.153809,4283.974121,4335.000000,4399.615234,4290.512695,4284.358887,4466.666504,4497.051270,4341.666504,4395.897461,0.000000,1.000000,22.000000,,,,0.000000,2.000000,2.000000,0.000000,4.000000,2.000000,2.000000,0.000000,0.000000,4.000000,4.000000,4.000000,4.000000,4.000000,4.000000,0.000000,,,,,,,,,,,,,,,,,,,,,,,,,,,,
1732157927.167190,1732157927.168993,52.000000,0.000000,4282.307617,4270.384766,4310.769043,4297.051270,4288.589844,4282.948730,4335.000000,4399.615234,4291.922852,4290.512695,4471.922852,4496.666504,4342.179688,4396.922852,0.000000,1.000000,22.000000,,,,0.000000,2.000000,2.000000,0.000000,4.000000,2.000000,2.000000,0.000000,0.000000,4.000000,4.000000,4.000000,4.000000,4.000000,4.000000,0.000000,,,,,,,,,,,,,,,,,13.000000,0.000000,0.500006,0.463562,-0.559692,0.471008,0.973263,-0.051276,-0.046392,-35.586491,44.277660,31.535389
1732157927.174998,1732157927.176801,53.000000,0.000000,4285.641113,4278.974121,4310.128418,4298.077148,4261.025879,4287.948730,4335.000000,4398.717773,4300.769043,4298.974121,4476.282227,4498.846191,4346.025879,4399.615234,0.000000,1.000000,22.000000,,,,0.000000,2.000000,2.000000,0.000000,4.000000,2.000000,2.000000,0.000000,0.000000,4.000000,4.000000,4.000000,4.000000,4.000000,4.000000,0.000000,,,,,,,,,,,,,,,,,,,,,,,,,,,,
1732157927.182807,1732157927.184410,54.000000,0.000000,4286.666504,4278.461426,4309.871582,4296.794922,4261.794922,4289.358887,4335.000000,4399.358887,4301.922852,4296.025879,4475.512695,4503.974121,4350.641113,4398.717773,0.000000,1.000000,22.000000,,,,0.000000,2.000000,2.000000,0.000000,4.000000,2.000000,2.000000,0.000000,0.000000,4.000000,4.000000,4.000000,4.000000,4.000000,4.000000,0.000000,,,,,,,,,,,,,,,,,,,,,,,,,,,,
1732157927.190615,1732157927.192218,55.000000,0.000000,4285.384766,4270.256348,4311.025879,4295.384766,4279.615234,4281.666504,4335.000000,4398.846191,4295.256348,4292.820313,4476.666504,4504.615234,4350.000000,4398.333496,0.000000,1.000000,22.000000,,,,0.000000,2.000000,2.000000,0.000000,4.000000,2.000000,2.000000,0.000000,0.000000,4.000000,4.000000,4.000000,4.000000,4.000000,4.000000,0.000000,,,,,,,,,,,,,,,,,,,,,,,,,,,,
1732157927.198423,1732157927.200126,56.000000,0.000000,4287.051270,4273.205078,4310.897461,4296.922852,4275.384766,4280.000000,4335.000000,4399.102539,4296.153809,4297.820313,4478.589844,4506.410156,4350.128418,4399.230957,0.000000,1.000000,22.000000,,,,0.000000,2.000000,2.000000,0.000000,4.000000,2.000000,2.000000,0.000000,0.000000,4.000000,4.000000,4.000000,4.000000,4.000000,4.000000,0.000000,,,,,,,,,,,,,,,,,14.000000,0.000000,0.500098,0.463501,-0.559814,0.470825,0.975217,-0.065926,-0.066903,-35.478394,44.373238,31.533665
1732157927.206231,1732157927.207934,57.000000,0.000000,4290.128418,4276.282227,4310.128418,4296.666504,4272.051270,4283.589844,4335.000000,4401.666504,4299.743652,4298.974121,4477.563965,4506.794922,4350.384766,4396.666504,0.000000,1.000000,22.000000,,,,0.000000,2.000000,2.000000,0.000000,4.000000,2.000000,2.000000,0.000000,0.000000,4.000000,4.000000,4.000000,4.000000,4.000000,4.000000,0.000000,,,,,,,,,,,,,,,,,,,,,,,,,,,,
1732157927.214040,1732157927.215942,58.000000,0.000000,4287.051270,4273.974121,4310.769043,4292.948730,4292.307617,4280.000000,4335.000000,4400.384766,4294.358887,4292.563965,4472.051270,4497.948730,4344.102539,4392.051270,0.000000,1.000000,22.000000,,,,0.000000,2.000000,2.000000,0.000000,4.000000,2.000000,2.000000,0.000000,0.000000,4.000000,4.000000,4.000000,4.000000,4.000000,4.000000,0.000000,,,,,,,,,,,,,,,,,,,,,,,,,,,,
1732157927.221848,1732157927.223751,59.000000,0.000000,4283.077148,4276.282227,4311.410156,4295.512695,4294.230957,4279.871582,4335.000000,4398.077148,4293.077148,4290.128418,4464.487305,4494.102539,4341.410156,4388.846191,0.000000,1.000000,22.000000,,,,0.000000,2.000000,2.000000,0.000000,4.000000,2.000000,2.000000,0.000000,0.000000,4.000000,4.000000,4.000000,4.000000,4.000000,4.000000,0.000000,,,,,,,,,,,,,,,,,,,,,,,,,,,,
1732157927.229656,1732157927.231659,60.000000,0.000000,4284.871582,4280.512695,4312.051270,4302.051270,4266.922852,4288.333496,4335.000000,4399.871582,4300.897461,4291.282227,4461.794922,4496.666504,4341.153809,4385.000000,0.000000,1.000000,22.000000,,,,0.000000,2.000000,2.000000,0.000000,4.000000,2.000000,2.000000,0.000000,0.000000,4.000000,4.000000,4.000000,4.000000,4.000000,4.000000,0.000000,,,,,,,,,,,,,,,,,15.000000,0.000000,0.500064,0.463623,-0.559692,0.470886,0.975217,-0.065926,-0.066903,-35.539165,44.392323,31.487268
1732157927.237464,1732157927.239467,61.000000,0.000000,4289.358887,4280.128418,4313.717773,4302.948730,4261.282227,4296.153809,4335.000000,4400.897461,4296.922852,4286.794922,4461.025879,4496.153809,4335.769043,4387.436035,0.000000,1.000000,22.000000,,,,0.000000,2.000000,2.000000,0.000000,4.000000,2.000000,2.000000,0.000000,0.000000,4.000000,4.000000,4.000000,4.000000,4.000000,4.000000,0.000000,,,,,,,,,,,,,,,,,,,,,,,,,,,,
1732157927.245273,1732157927.247075,62.000000,0.000000,4288.205078,4278.205078,4312.307617,4301.153809,4293.333496,4292.051270,4335.000000,4398.333496,4286.153809,4283.717773,4459.743652,4495.641113,4334.743652,4394.102539,0.000000,1.000000,22.000000,,,,0.000000,2.000000,2.000000,0.000000,4.000000,2.000000,2.000000,0.000000,0.000000,4.000000,4.000000,4.000000,4.000000,4.000000,4.000000,0.000000,,,,,,,,,,,,,,,,,,,,,,,,,,,,
1732157927.253081,1732157927.254884,63.000000,0.000000,4286.282227,4279.230957,4311.282227,4300.512695,4297.436035,4284.230957,4335.000000,4397.307617,4291.153809,4291.794922,4465.641113,4498.974121,4340.128418,4393.077148,0.000000,1.000000,22.000000,,,,0.000000,2.000000,2.000000,0.000000,4.000000,2.000000,2.000000,0.000000,0.000000,4.000000,4.000000,4.000000,4.000000,4.000000,4.000000,0.000000,,,,,,,,,,,,,,,,,,,,,,,,,,,,
1732157927.260889,1732157927.262792,64.000000,0.000000,4285.897461,4276.666504,4312.563965,4297.948730,4265.128418,4287.179688,4335.000000,4398.846191,4299.102539,4297.436035,4472.820313,4498.077148,4341.538574,4390.128418,0.000000,1.000000,22.000000,,,,0.000000,2.000000,2.000000,0.000000,4.000000,2.000000,2.000000,0.000000,0.000000,4.000000,4.000000,4.000000,4.000000,4.000000,4.000000,0.000000,,,,,,,,,,,,,,,,,16.000000,0.000000,0.499902,0.463562,-0.559631,0.471191,0.993774,-0.078623,-0.048346,-35.560055,44.457779,31.303020
1732157927.268697,1732157927.270600,65.000000,0.000000,4284.358887,4275.769043,4313.333496,4296.794922,4259.102539,4290.897461,4335.000000,4398.846191,4295.128418,4295.384766,4472.436035,4497.820313,4340.128418,4395.256348,1601.000000,1.000000,22.000000,,,,0.000000,2.000000,2.000000,0.000000,4.000000,2.000000,2.000000,0.000000,0.000000,4.000000,4.000000,4.000000,4.000000,4.000000,4.000000,0.000000,,,,,,,,,,,,,,,,,,,,,,,,,,,,
1732157927.276506,1732157927.278608,66.000000,0.000000,4284.102539,4276.794922,4312.179688,4297.436035,4280.641113,4284.615234,4335.000000,4397.563965,4293.461426,4299.487305,4471.025879,4502.179688,4340.384766,4398.205078,1366.000000,1.000000,22.000000,,,,0.000000,2.000000,2.000000,0.000000,4.000000,2.000000,2.000000,0.000000,0.000000,4.000000,4.000000,4.000000,4.000000,4.000000,4.000000,0.000000,,,,,,,,,,,,,,,,,,,,,,,,,,,,
1732157927.284314,1732157927.286416,67.000000,0.000000,4283.846191,4271.153809,4311.794922,4293.846191,4279.230957,4279.487305,4335.000000,4398.333496,4296.666504,4305.128418,4472.051270,4502.820313,4341.282227,4395.769043,1421.000000,1.000000,22.000000,,,,0.000000,2.000000,2.000000,0.000000,4.000000,2.000000,2.000000,0.000000,0.000000,4.000000,4.000000,4.000000,4.000000,4.000000,4.000000,0.000000,,,,,,,,,,,,,,,,,,,,,,,,,,,,
1732157927.292122,1732157927.294324,68.000000,0.000000,4285.384766,4266.538574,4311.922852,4292.563965,4271.282227,4282.179688,4335.000000,4400.897461,4295.769043,4301.410156,4471.538574,4503.717773,4342.563965,4396.794922,1426.000000,1.000000,22.000000,,,,0.000000,2.000000,2.000000,0.000000,4.000000,2.000000,2.000000,0.000000,0.000000,4.000000,4.000000,4.000000,4.000000,4.000000,4.000000,0.000000,,,,,,,,,,,,,,,,,17.000000,0.000000,0.499959,0.463562,-0.559631,0.471130,0.964962,-0.062019,-0.033696,-35.593647,44.477470,31.287113
1732157927.299930,1732157927.302132,69.000000,0.000000,4287.051270,4269.358887,4310.384766,4295.512695,4293.974121,4281.153809,4335.000000,4399.871582,4294.230957,4296.666504,4470.769043,4508.077148,4343.717773,4399.487305,1212.000000,1.000000,22.000000,,,,0.000000,2.000000,2.000000,0.000000,4.000000,2.000000,2.000000,0.000000,0.000000,4.000000,4.000000,4.000000,4.000000,4.000000,4.000000,0.000000,,,,,,,,,,,,,,,,,,,,,,,,,,,,
1732157927.307739,1732157927.310140,70.000000,0.000000,4284.102539,4270.641113,4309.743652,4294.871582,4294.743652,4282.692383,4335.000000,4397.307617,4294.615234,4298.461426,4471.538574,4505.128418,4344.487305,4399.358887,0.000000,1.000000,22.000000,,,,0.000000,2.000000,2.000000,0.000000,4.000000,2.000000,2.000000,0.000000,0.000000,4.000000,4.000000,4.000000,4.000000,4.000000,4.000000,0.000000,,,,,,,,,,,,,,,,,,,,,,,,,,,,
1732157927.315547,1732157927.317949,71.000000,0.000000,4279.615234,4267.436035,4310.641113,4294.615234,4265.897461,4292.179688,4335.000000,4398.461426,4294.487305,4297.563965,4471.025879,4493.461426,4342.820313,4397.307617,0.000000,1.000000,22.000000,,,,0.000000,2.000000,2.000000,0.000000,4.000000,2.000000,2.000000,0.000000,0.000000,4.000000,4.000000,4.000000,4.000000,4.000000,4.000000,0.000000,,,,,,,,,,,,,,,,,,,,,,,,,,,,
1732157927.323355,1732157927.325857,72.000000,0.000000,4282.179688,4270.256348,4310.769043,4296.410156,4267.051270,4292.179688,4335.000000,4400.769043,4297.179688,4294.102539,4470.512695,4495.512695,4341.025879,4397.692383,1533.000000,1.000000,22.000000,,,,0.000000,2.000000,2.000000,0.000000,4.000000,2.000000,2.000000,0.000000,0.000000,4.000000,4.000000,4.000000,4.000000,4.000000,4.000000,0.000000,,,,,,,,,,,,,,,,,18.000000,0.000000,0.500062,0.463440,-0.559692,0.471069,0.978147,-0.056159,-0.059089,-35.322521,44.355083,31.454229
1732157927.331163,1732157927.333665,73.000000,0.000000,4285.897461,4272.948730,4310.128418,4296.794922,4281.282227,4288.077148,4335.000000,4401.410156,4299.358887,4298.461426,4473.077148,4508.205078,4344.102539,4399.743652,1685.000000,1.000000,22.000000,,,,0.000000,2.000000,2.000000,0.000000,4.000000,2.000000,2.000000,0.000000,0.000000,4.000000,4.000000,4.000000,4.000000,4.000000,4.000000,0.000000,,,,,,,,,,,,,,,,,,,,,,,,,,,,
1732157927.338972,1732157927.341673,74.000000,0.000000,4283.077148,4270.641113,4313.846191,4295.256348,4283.717773,4287.307617,4335.000000,4399.871582,4296.025879,4300.384766,4475.512695,4503.846191,4345.897461,4399.615234,1546.000000,1.000000,22.000000,,,,0.000000,2.000000,2.000000,0.000000,4.000000,2.000000,2.000000,0.000000,0.000000,4.000000,4.000000,4.000000,4.000000,4.000000,4.000000,0.000000,,,,,,,,,,,,,,,,,,,,,,,,,,,,
1732157927.346780,1732157927.349481,75.000000,0.000000,4283.205078,4268.846191,4315.000000,4294.230957,4288.974121,4283.077148,4335.000000,4398.974121,4297.692383,4296.538574,4473.717773,4492.692383,4341.794922,4399.230957,1566.000000,1.000000,22.000000,,,,0.000000,2.000000,2.000000,0.000000,4.000000,2.000000,2.000000,0.000000,0.000000,4.000000,4.000000,4.000000,4.000000,4.000000,4.000000,0.000000,,,,,,,,,,,,,,,,,,,,,,,,,,,,
1732157927.354588,1732157927.357189,76.000000,0.000000,4287.692383,4267.179688,4310.641113,4294.743652,4282.436035,4279.871582,4335.000000,4399.615234,4302.563965,4296.794922,4473.205078,4496.794922,4342.179688,4397.692383,1701.000000,1.000000,22.000000,,,,0.000000,2.000000,2.000000,0.000000,4.000000,2.000000,2.000000,0.000000,0.000000,4.000000,4.000000,4.000000,4.000000,4.000000,4.000000,0.000000,,,,,,,,,,,,,,,,,19.000000,0.000000,0.499993,0.463440,-0.559753,0.471069,0.982053,-0.061043,-0.061531,-35.609573,44.160950,31.431259
1732157927.362396,1732157927.364998,77.000000,0.000000,4290.256348,4271.282227,4310.384766,4296.410156,4263.205078,4283.333496,4335.000000,4399.102539,4298.717773,4299.487305,4476.922852,4502.307617,4349.230957,4401.025879,1609.000000,1.000000,22.000000,,,,0.000000,2.000000,2.000000,0.000000,4.000000,2.000000,2.000000,0.000000,0.000000,4.000000,4.000000,4.000000,4.000000,4.000000,4.000000,0.000000,,,,,,,,,,,,,,,,,,,,,,,,,,,,
1732157927.370205,1732157927.373006,78.000000,0.000000,4287.563965,4276.666504,4313.077148,4296.538574,4267.179688,4283.589844,4335.000000,4400.384766,4294.102539,4297.563965,4477.179688,4498.077148,4348.333496,4409.487305,1546.000000,1.000000,22.000000,,,,0.000000,2.000000,2.000000,0.000000,4.000000,2.000000,2.000000,0.000000,0.000000,4.000000,4.000000,4.000000,4.000000,4.000000,4.000000,0.000000,1.000000,0.000000,2.000000,2.000000,0.000000,1.000000,1.000000,2.000000,0.000000,0.000000,1.000000,4.000000,1.000000,4.000000,1.000000,4.000000,,,,,,,,,,,,
1732157927.378013,1732157927.380814,79.000000,0.000000,4288.589844,4276.025879,4310.897461,4298.077148,4277.948730,4280.512695,4335.000000,4401.794922,4296.025879,4296.538574,4474.358887,4495.384766,4342.820313,4409.358887,1566.000000,1.000000,22.000000,,,,0.000000,2.000000,2.000000,0.000000,4.000000,2.000000,2.000000,0.000000,0.000000,4.000000,4.000000,4.000000,4.000000,4.000000,4.000000,0.000000,,,,,,,,,,,,,,,,,,,,,,,,,,,,
1732157927.385821,1732157927.388722,80.000000,0.000000,4292.948730,4275.897461,4310.769043,4300.897461,4274.615234,4281.794922,4335.000000,4401.538574,4295.769043,4296.922852,4472.820313,4497.051270,4341.666504,4398.717773,1701.000000,1.000000,22.000000,,,,0.000000,2.000000,2.000000,0.000000,4.000000,2.000000,2.000000,0.000000,0.000000,4.000000,4.000000,4.000000,4.000000,4.000000,4.000000,0.000000,,,,,,,,,,,,,,,,,20.000000,0.000000,0.499856,0.463379,-0.559875,0.471130,0.972287,-0.080088,-0.045416,-35.677090,44.413704,31.464319
1732157927.393629,1732157927.396530,81.000000,0.000000,4293.333496,4278.077148,4313.589844,4301.410156,4278.974121,4282.436035,4335.000000,4401.282227,4292.692383,4293.461426,4471.410156,4496.282227,4341.666504,4395.256348,1609.000000,1.000000,22.000000,,,,0.000000,2.000000,2.000000,0.000000,4.000000,2.000000,2.000000,0.000000,0.000000,4.000000,4.000000,4.000000,4.000000,4.000000,4.000000,0.000000,,,,,,,,,,,,,,,,,,,,,,,,,,,,
1732157927.401438,1732157927.404139,82.000000,0.000000,4294.102539,4279.230957,4313.461426,4300.897461,4279.230957,4282.307617,4335.000000,4400.256348,4293.205078,4291.922852,4472.436035,4500.256348,4341.538574,4403.589844,1546.000000,1.000000,22.000000,,,,0.000000,2.000000,2.000000,0.000000,4.000000,2.000000,2.000000,0.000000,0.000000,4.000000,4.000000,4.000000,4.000000,4.000000,4.000000,0.000000,,,,,,,,,,,,,,,,,,,,,,,,,,,,
1732157927.409246,1732157927.411947,83.000000,0.000000,4296.025879,4278.077148,4312.179688,4303.205078,4277.307617,4282.820313,4335.000000,4397.820313,4294.871582,4292.179688,4476.922852,4508.846191,4342.307617,4410.256348,1566.000000,1.000000,22.000000,,,,0.000000,2.000000,2.000000,0.000000,4.000000,2.000000,2.000000,0.000000,0.000000,4.000000,4.000000,4.000000,4.000000,4.000000,4.000000,0.000000,,,,,,,,,,,,,,,,,,,,,,,,,,,,
1732157927.417054,1732157927.419655,84.000000,0.000000,4295.769043,4276.282227,4311.025879,4302.307617,4293.205078,4279.615234,4335.000000,4398.717773,4295.641113,4292.436035,4479.743652,4508.461426,4341.794922,4411.538574,1701.000000,1.000000,22.000000,,,,0.000000,2.000000,2.000000,0.000000,4.000000,2.000000,2.000000,0.000000,0.000000,4.000000,4.000000,4.000000,4.000000,4.000000,4.000000,0.000000,,,,,,,,,,,,,,,,,21.000000,0.000000,0.499958,0.463257,-0.559937,0.471069,0.980100,-0.045416,-0.051276,-35.628441,44.471767,31.466099
1732157927.424862,1732157927.427463,85.000000,0.000000,4292.948730,4274.615234,4309.230957,4297.051270,4293.846191,4278.846191,4335.000000,4401.922852,4297.563965,4294.487305,4480.000000,4505.384766,4340.641113,4410.128418,1609.000000,1.000000,22.000000,,,,0.000000,2.000000,2.000000,0.000000,4.000000,2.000000,2.000000,0.000000,0.000000,4.000000,4.000000,4.000000,4.000000,4.000000,4.000000,0.000000,,,,,,,,,,,,,,,,,,,,,,,,,,,,
1732157927.432670,1732157927.435072,86.000000,0.000000,4293.077148,4277.179688,4310.384766,4294.615234,4268.333496,4284.358887,4335.000000,4401.025879,4298.589844,4295.512695,4477.563965,4507.307617,4342.179688,4410.256348,1546.000000,1.000000,22.000000,,,,0.000000,2.000000,2.000000,0.000000,4.000000,2.000000,2.000000,0.000000,0.000000,4.000000,4.000000,4.000000,4.000000,4.000000,4.000000,0.000000,,,,,,,,,,,,,,,,,,,,,,,,,,,,
1732157927.440479,1732157927.442880,87.000000,0.000000,4295.641113,4278.205078,4312.051270,4298.589844,4260.641113,4285.769043,4335.000000,4400.128418,4296.153809,4294.487305,4479.487305,4510.384766,4342.436035,4413.333496,1566.000000,1.000000,22.000000,,,,0.000000,2.000000,2.000000,0.000000,4.000000,2.000000,2.000000,0.000000,0.000000,4.000000,4.000000,4.000000,4.000000,4.000000,4.000000,0.000000,,,,,,,,,,,,,,,,,,,,,,,,,,,,
1732157927.448287,1732157927.450588,88.000000,0.000000,4296.025879,4277.563965,4310.769043,4303.077148,4270.769043,4281.922852,4335.000000,4400.384766,4295.128418,4295.512695,4485.512695,4506.922852,4345.384766,4415.256348,1701.000000,1.000000,22.000000,,,,0.000000,2.000000,2.000000,0.000000,4.000000,2.000000,2.000000,0.000000,0.000000,4.000000,4.000000,4.000000,4.000000,4.000000,4.000000,0.000000,,,,,,,,,,,,,,,,,22.000000,0.000000,0.499901,0.463318,-0.559937,0.471069,0.973263,-0.061043,-0.062019,-35.724037,44.508797,31.590874
1732157927.456095,1732157927.458396,89.000000,0.000000,4293.077148,4281.922852,4312.820313,4301.025879,4270.641113,4279.871582,4335.000000,4399.358887,4298.461426,4298.077148,4483.461426,4505.384766,4349.230957,4412.436035,1609.000000,1.000000,22.000000,,,,0.000000,2.000000,2.000000,0.000000,4.000000,2.000000,2.000000,0.000000,0.000000,4.000000,4.000000,4.000000,4.000000,4.000000,4.000000,0.000000,,,,,,,,,,,,,,,,,,,,,,,,,,,,
1732157927.463904,1732157927.466005,90.000000,0.000000,4290.384766,4279.487305,4315.128418,4295.000000,4280.512695,4277.820313,4335.000000,4398.846191,4297.820313,4295.384766,4475.769043,4507.563965,4344.615234,4407.820313,1546.000000,1.000000,22.000000,,,,0.000000,2.000000,2.000000,0.000000,4.000000,2.000000,2.000000,0.000000,0.000000,4.000000,4.000000,4.000000,4.000000,4.000000,4.000000,0.000000,,,,,,,,,,,,,,,,,,,,,,,,,,,,
1732157927.471712,1732157927.473813,91.000000,0.000000,4293.846191,4268.589844,4313.974121,4294.358887,4288.974121,4276.025879,4335.000000,4398.717773,4295.256348,4295.128418,4475.128418,4507.692383,4340.256348,4410.512695,1566.000000,1.000000,22.000000,,,,0.000000,2.000000,2.000000,0.000000,4.000000,2.000000,2.000000,0.000000,0.000000,4.000000,4.000000,4.000000,4.000000,4.000000,4.000000,0.000000,,,,,,,,,,,,,,,,,,,,,,,,,,,,
1732157927.479520,1732157927.481521,92.000000,0.000000,4297.948730,4269.615234,4313.461426,4300.000000,4267.948730,4279.871582,4335.000000,4399.487305,4302.051270,4300.384766,4478.974121,4508.846191,4346.794922,4416.538574,1701.000000,1.000000,22.000000,,,,0.000000,2.000000,2.000000,0.000000,4.000000,2.000000,2.000000,0.000000,0.000000,4.000000,4.000000,4.000000,4.000000,4.000000,4.000000,0.000000,,,,,,,,,,,,,,,,,23.000000,0.000000,0.500107,0.463135,-0.560059,0.470886,0.976193,-0.055671,-0.050787,-35.718136,44.510460,31.561941
1732157927.487328,1732157927.489330,93.000000,0.000000,4297.563965,4282.307617,4313.461426,4305.384766,4256.666504,4282.692383,4335.000000,4400.641113,4306.282227,4301.922852,4478.846191,4514.358887,4351.666504,4416.666504,1609.000000,1.000000,22.000000,,,,0.000000,2.000000,2.000000,0.000000,4.000000,2.000000,2.000000,0.000000,0.000000,4.000000,4.000000,4.000000,4.000000,4.000000,4.000000,0.000000,,,,,,,,,,,,,,,,,,,,,,,,,,,,
1732157927.495137,1732157927.496938,94.000000,0.000000,4296.794922,4282.563965,4310.256348,4308.589844,4272.051270,4281.922852,4335.000000,4400.000000,4299.102539,4296.410156,4478.205078,4515.769043,4345.384766,4413.717773,1546.000000,1.000000,22.000000,,,,0.000000,2.000000,2.000000,0.000000,4.000000,2.000000,2.000000,0.000000,0.000000,4.000000,4.000000,4.000000,4.000000,4.000000,4.000000,0.000000,,,,,,,,,,,,,,,,,,,,,,,,,,,,
1732157927.502945,1732157927.504746,95.000000,0.000000,4296.282227,4270.512695,4310.769043,4304.615234,4280.128418,4283.717773,4335.000000,4400.000000,4294.487305,4287.820313,4477.692383,4510.128418,4340.769043,4412.436035,1566.000000,1.000000,22.000000,,,,0.000000,2.000000,2.000000,0.000000,4.000000,2.000000,2.000000,0.000000,0.000000,4.000000,4.000000,4.000000,4.000000,4.000000,4.000000,0.000000,,,,,,,,,,,,,,,,,,,,,,,,,,,,
1732157927.510753,1732157927.512455,96.000000,0.000000,4293.205078,4270.384766,4311.794922,4296.153809,4280.000000,4284.487305,4335.000000,4403.205078,4295.128418,4288.205078,4476.410156,4506.282227,4342.436035,4408.589844,1701.000000,1.000000,22.000000,,,,0.000000,2.000000,2.000000,0.000000,4.000000,2.000000,2.000000,0.000000,0.000000,4.000000,4.000000,4.000000,4.000000,4.000000,4.000000,0.000000,,,,,,,,,,,,,,,,,24.000000,0.000000,0.499959,0.463318,-0.559937,0.471008,0.984495,-0.064949,-0.061043,-35.898357,44.501804,31.348505
1732157927.518561,1732157927.520263,97.000000,0.000000,4293.205078,4279.871582,4309.871582,4299.358887,4277.436035,4283.589844,4335.000000,4403.205078,4296.666504,4295.000000,4477.563965,4506.025879,4344.358887,4405.641113,1609.000000,1.000000,22.000000,,,,0.000000,2.000000,2.000000,0.000000,4.000000,2.000000,2.000000,0.000000,0.000000,4.000000,4.000000,4.000000,4.000000,4.000000,4.000000,0.000000,,,,,,,,,,,,,,,,,,,,,,,,,,,,
1732157927.526369,1732157927.528271,98.000000,0.000000,4297.948730,4280.384766,4310.897461,4308.589844,4277.692383,4283.846191,4335.000000,4399.358887,4299.615234,4295.256348,4480.128418,4505.256348,4343.589844,4406.410156,1546.000000,1.000000,22.000000,,,,0.000000,2.000000,2.000000,0.000000,4.000000,2.000000,2.000000,0.000000,0.000000,4.000000,4.000000,4.000000,4.000000,4.000000,4.000000,0.000000,,,,,,,,,,,,,,,,,,,,,,,,,,,,
1732157927.534178,1732157927.536079,99.000000,0.000000,4297.436035,4275.769043,4312.563965,4304.230957,4293.974121,4282.820313,4335.000000,4399.487305,4299.487305,4290.641113,4477.051270,4506.666504,4341.410156,4405.256348,1566.000000,1.000000,22.000000,,,,0.000000,2.000000,2.000000,0.000000,4.000000,2.000000,2.000000,0.000000,0.000000,4.000000,4.000000,4.000000,4.000000,4.000000,4.000000,0.000000,,,,,,,,,,,,,,,,,,,,,,,,,,,,
1732157927.541986,1732157927.543987,100.000000,0.000000,4294.615234,4276.666504,4311.153809,4299.102539,4291.922852,4281.025879,4335.000000,4401.410156,4299.743652,4291.922852,4475.897461,4510.384766,4345.897461,4406.538574,1701.000000,1.000000,22.000000,,,,0.000000,2.000000,2.000000,0.000000,4.000000,2.000000,2.000000,0.000000,0.000000,4.000000,4.000000,4.000000,4.000000,4.000000,4.000000,0.000000,,,,,,,,,,,,,,,,,25.000000,0.000000,0.499913,0.463379,-0.559875,0.471069,0.984495,-0.061531,-0.058601,-35.569336,44.374794,31.282290
1732157927.549794,1732157927.551795,101.000000,0.000000,4295.256348,4279.615234,4311.153809,4302.563965,4266.282227,4282.179688,4335.000000,4399.615234,4303.077148,4297.179688,4484.615234,4510.641113,4351.282227,4413.205078,1609.000000,1.000000,22.000000,,,,0.000000,2.000000,2.000000,0.000000,4.000000,2.000000,2.000000,0.000000,0.000000,4.000000,4.000000,4.000000,4.000000,4.000000,4.000000,0.000000,,,,,,,,,,,,,,,,,,,,,,,,,,,,
1732157927.557603,1732157927.559803,102.000000,0.000000,4295.512695,4278.077148,4313.717773,4302.820313,4262.307617,4282.436035,4335.000000,4398.205078,4301.666504,4295.641113,4483.333496,4508.717773,4346.666504,4413.974121,1546.000000,1.000000,22.000000,,,,0.000000,2.000000,2.000000,0.000000,4.000000,2.000000,2.000000,0.000000,0.000000,4.000000,4.000000,4.000000,4.000000,4.000000,4.000000,0.000000,,,,,,,,,,,,,,,,,,,,,,,,,,,,
1732157927.565411,1732157927.567612,103.000000,0.000000,4295.128418,4278.205078,4312.563965,4302.436035,4272.179688,4280.512695,4335.000000,4400.256348,4295.769043,4292.307617,4474.615234,4507.436035,4343.846191,4411.282227,1566.000000,1.000000,22.000000,,,,0.000000,2.000000,2.000000,0.000000,4.000000,2.000000,2.000000,0.000000,0.000000,4.000000,4.000000,4.000000,4.000000,4.000000,4.000000,0.000000,,,,,,,,,,,,,,,,,,,,,,,,,,,,
1732157927.573219,1732157927.575320,104.000000,0.000000,4295.128418,4278.589844,4312.051270,4303.333496,4283.589844,4281.153809,4335.000000,4401.538574,4296.282227,4292.563965,4478.717773,4508.205078,4350.384766,4411.410156,1701.000000,1.000000,22.000000,,,,0.000000,2.000000,2.000000,0.000000,4.000000,2.000000,2.000000,0.000000,0.000000,4.000000,4.000000,4.000000,4.000000,4.000000,4.000000,0.000000,,,,,,,,,,,,,,,,,26.000000,0.000000,0.499844,0.463318,-0.559937,0.471130,0.977658,-0.063484,-0.050787,-35.652828,44.353584,31.543653
1732157927.581027,1732157927.583128,105.000000,0.000000,4291.538574,4278.589844,4313.846191,4301.666504,4296.794922,4285.641113,4335.000000,4401.025879,4304.487305,4295.512695,4483.717773,4507.563965,4353.333496,4408.589844,1609.000000,1.000000,22.000000,,,,0.000000,2.000000,2.000000,0.000000,4.000000,2.000000,2.000000,0.000000,0.000000,4.000000,4.000000,4.000000,4.000000,4.000000,4.000000,0.000000,,,,,,,,,,,,,,,,,,,,,,,,,,,,
1732157927.588836,1732157927.590736,106.000000,0.000000,4290.384766,4278.205078,4312.692383,4298.205078,4281.922852,4290.000000,4335.000000,4400.512695,4309.743652,4295.641113,4478.846191,4504.743652,4349.615234,4406.282227,1546.000000,1.000000,22.000000,,,,0.000000,2.000000,2.000000,0.000000,4.000000,2.000000,2.000000,0.000000,0.000000,4.000000,4.000000,4.000000,4.000000,4.000000,4.000000,0.000000,,,,,,,,,,,,,,,,,,,,,,,,,,,,
1732157927.596644,1732157927.598545,107.000000,0.000000,4290.769043,4276.538574,4310.384766,4297.051270,4256.538574,4288.205078,4335.000000,4399.871582,4309.358887,4294.871582,4481.794922,4505.000000,4349.487305,4410.512695,1566.000000,1.000000,22.000000,,,,0.000000,2.000000,2.000000,0.000000,4.000000,2.000000,2.000000,0.000000,0.000000,4.000000,4.000000,4.000000,4.000000,4.000000,4.000000,0.000000,,,,,,,,,,,,,,,,,,,,,,,,,,,,
1732157927.604452,1732157927.606453,108.000000,0.000000,4286.282227,4276.282227,4310.384766,4296.025879,4270.641113,4287.051270,4335.000000,4400.128418,4308.846191,4297.948730,4490.000000,4508.077148,4350.000000,4411.538574,1701.000000,1.000000,22.000000,,,,0.000000,2.000000,2.000000,0.000000,4.000000,2.000000,2.000000,0.000000,0.000000,4.000000,4.000000,4.000000,4.000000,4.000000,4.000000,0.000000,,,,,,,,,,,,,,,,,27.000000,0.000000,0.500014,0.462952,-0.560242,0.470947,0.973263,-0.070321,-0.065438,-35.703793,44.469738,31.688694
1732157927.612260,1732157927.614261,109.000000,0.000000,4285.512695,4278.333496,4311.538574,4297.820313,4286.922852,4291.025879,4334.871582,4399.743652,4310.128418,4299.358887,4488.333496,4507.948730,4350.384766,4410.000000,1609.000000,1.000000,22.000000,,,,0.000000,2.000000,2.000000,0.000000,4.000000,2.000000,2.000000,0.000000,0.000000,4.000000,4.000000,4.000000,4.000000,4.000000,4.000000,0.000000,,,,,,,,,,,,,,,,,,,,,,,,,,,,
1732157927.620068,1732157927.622269,110.000000,0.000000,4290.384766,4279.230957,4313.974121,4302.436035,4276.025879,4289.615234,4334.871582,4400.256348,4308.717773,4296.794922,4480.256348,4506.410156,4348.333496,4411.538574,1546.000000,1.000000,22.000000,,,,0.000000,2.000000,2.000000,0.000000,4.000000,2.000000,2.000000,0.000000,0.000000,4.000000,4.000000,4.000000,4.000000,4.000000,4.000000,0.000000,,,,,,,,,,,,,,,,,,,,,,,,,,,,
1732157927.627877,1732157927.630077,111.000000,0.000000,4291.922852,4279.358887,4316.282227,4305.641113,4286.025879,4283.205078,4335.128418,4400.897461,4307.692383,4295.384766,4475.000000,4505.897461,4342.436035,4411.282227,1566.000000,1.000000,22.000000,,,,0.000000,2.000000,2.000000,0.000000,4.000000,2.000000,2.000000,0.000000,0.000000,4.000000,4.000000,4.000000,4.000000,4.000000,4.000000,0.000000,,,,,,,,,,,,,,,,,,,,,,,,,,,,
1732157927.635685,1732157927.637985,112.000000,0.000000,4292.436035,4280.512695,4316.153809,4308.461426,4302.051270,4283.846191,4334.871582,4400.256348,4309.487305,4297.051270,4482.436035,4506.410156,4344.743652,4410.897461,1701.000000,1.000000,22.000000,,,,0.000000,2.000000,2.000000,0.000000,4.000000,2.000000,2.000000,0.000000,0.000000,4.000000,4.000000,4.000000,4.000000,4.000000,4.000000,0.000000,,,,,,,,,,,,,,,,,28.000000,0.000000,0.500002,0.462891,-0.560303,0.470947,0.977170,-0.073251,-0.060066,-35.743404,44.545486,31.782841
1732157927.643493,1732157927.645793,113.000000,0.000000,4296.282227,4279.743652,4312.692383,4307.948730,4282.307617,4287.820313,4334.743652,4399.487305,4310.000000,4296.153809,4489.102539,4507.307617,4350.897461,4413.333496,1609.000000,1.000000,22.000000,,,,0.000000,2.000000,2.000000,0.000000,4.000000,2.000000,2.000000,0.000000,0.000000,4.000000,4.000000,4.000000,4.000000,4.000000,4.000000,0.000000,,,,,,,,,,,,,,,,,,,,,,,,,,,,
1732157927.651302,1732157927.653402,114.000000,0.000000,4295.769043,4278.974121,4310.769043,4305.384766,4264.615234,4288.846191,4335.769043,4399.871582,4310.384766,4295.000000,4482.563965,4507.692383,4350.641113,4413.717773,1546.000000,1.000000,22.000000,,,,0.000000,2.000000,2.000000,0.000000,4.000000,2.000000,2.000000,0.000000,0.000000,4.000000,4.000000,4.000000,4.000000,4.000000,4.000000,0.000000,,,,,,,,,,,,,,,,,,,,,,,,,,,,
1732157927.659110,1732157927.661210,115.000000,0.000000,4294.230957,4280.769043,4312.692383,4308.333496,4275.512695,4292.436035,4336.410156,4399.102539,4305.641113,4294.102539,4476.794922,4507.563965,4349.102539,4413.717773,1566.000000,1.000000,22.000000,,,,0.000000,2.000000,2.000000,0.000000,4.000000,2.000000,2.000000,0.000000,0.000000,4.000000,4.000000,4.000000,4.000000,4.000000,4.000000,0.000000,,,,,,,,,,,,,,,,,,,,,,,,,,,,
1732157927.666918,1732157927.669118,116.000000,0.000000,4296.153809,4277.820313,4314.102539,4309.487305,4285.641113,4289.102539,4335.512695,4399.102539,4297.692383,4286.025879,4476.410156,4506.794922,4345.641113,4413.077148,1701.000000,1.000000,22.000000,,,,0.000000,2.000000,2.000000,0.000000,4.000000,2.000000,2.000000,0.000000,0.000000,4.000000,4.000000,4.000000,4.000000,4.000000,4.000000,0.000000,,,,,,,,,,,,,,,,,29.000000,0.000000,0.499956,0.462952,-0.560242,0.471008,0.977170,-0.073251,-0.060066,-35.887157,44.410179,31.539103
1732157927.674726,1732157927.676926,117.000000,0.000000,4292.307617,4273.205078,4312.051270,4303.589844,4280.000000,4282.563965,4334.487305,4401.410156,4296.666504,4281.538574,4474.871582,4504.487305,4342.179688,4410.641113,1609.000000,1.000000,22.000000,,,,0.000000,2.000000,2.000000,0.000000,4.000000,2.000000,2.000000,0.000000,0.000000,4.000000,4.000000,4.000000,4.000000,4.000000,4.000000,0.000000,,,,,,,,,,,,,,,,,,,,,,,,,,,,
1732157927.682535,1732157927.684934,118.000000,0.000000,4287.563965,4276.410156,4310.512695,4299.871582,4274.615234,4285.769043,4335.000000,4401.025879,4302.051270,4290.256348,4474.743652,4508.461426,4344.487305,4410.512695,1546.000000,1.000000,22.000000,,,,0.000000,2.000000,2.000000,0.000000,4.000000,2.000000,2.000000,0.000000,0.000000,4.000000,4.000000,4.000000,4.000000,4.000000,4.000000,0.000000,,,,,,,,,,,,,,,,,,,,,,,,,,,,
1732157927.690343,1732157927.692743,119.000000,0.000000,4290.128418,4276.538574,4312.307617,4299.487305,4286.410156,4286.153809,4335.256348,4399.102539,4306.794922,4295.769043,4478.717773,4512.692383,4345.641113,4413.589844,1566.000000,1.000000,22.000000,,,,0.000000,2.000000,2.000000,0.000000,4.000000,2.000000,2.000000,0.000000,0.000000,4.000000,4.000000,4.000000,4.000000,4.000000,4.000000,0.000000,,,,,,,,,,,,,,,,,,,,,,,,,,,,
1732157927.698151,1732157927.700651,120.000000,0.000000,4293.846191,4271.025879,4313.077148,4297.563965,4299.743652,4279.615234,4335.512695,4399.102539,4309.230957,4293.333496,4482.307617,4510.384766,4343.589844,4413.717773,1701.000000,1.000000,22.000000,,,,0.000000,2.000000,2.000000,0.000000,4.000000,2.000000,2.000000,0.000000,0.000000,4.000000,4.000000,4.000000,4.000000,4.000000,4.000000,0.000000,,,,,,,,,,,,,,,,,30.000000,0.000000,0.500059,0.462891,-0.560303,0.470886,0.983518,-0.055183,-0.051764,-35.805264,44.472244,31.558338
1732157927.705959,1732157927.708459,121.000000,0.000000,4294.743652,4273.461426,4312.948730,4300.641113,4280.256348,4278.846191,4336.282227,4399.487305,4310.384766,4296.025879,4487.307617,4511.794922,4348.846191,4412.307617,1609.000000,1.000000,22.000000,,,,0.000000,2.000000,2.000000,0.000000,4.000000,2.000000,2.000000,0.000000,0.000000,4.000000,4.000000,4.000000,4.000000,4.000000,4.000000,0.000000,,,,,,,,,,,,,,,,,,,,,,,,,,,,
1732157927.713767,1732157927.716467,122.000000,0.000000,4296.282227,4279.230957,4312.307617,4307.563965,4254.615234,4283.589844,4336.153809,4400.000000,4313.589844,4299.230957,4491.282227,4515.641113,4353.846191,4412.692383,1546.000000,1.000000,22.000000,,,,0.000000,2.000000,2.000000,0.000000,4.000000,2.000000,2.000000,0.000000,0.000000,4.000000,4.000000,4.000000,4.000000,4.000000,4.000000,0.000000,,,,,,,,,,,,,,,,,,,,,,,,,,,,
1732157927.721576,1732157927.724275,123.000000,0.000000,4296.025879,4279.230957,4311.666504,4307.820313,4275.641113,4283.205078,4335.128418,4400.641113,4310.000000,4293.974121,4483.974121,4508.717773,4350.897461,4412.307617,1566.000000,1.000000,22.000000,,,,0.000000,2.000000,2.000000,0.000000,4.000000,2.000000,2.000000,0.000000,0.000000,4.000000,4.000000,4.000000,4.000000,4.000000,4.000000,0.000000,,,,,,,,,,,,,,,,,,,,,,,,,,,,
1732157927.729384,1732157927.731983,124.000000,0.000000,4293.846191,4278.333496,4312.179688,4306.153809,4295.897461,4282.820313,4334.487305,4399.615234,4296.666504,4288.205078,4476.794922,4502.436035,4348.717773,4413.717773,1701.000000,1.000000,22.000000,,,,0.000000,2.000000,2.000000,0.000000,4.000000,2.000000,2.000000,0.000000,0.000000,4.000000,4.000000,4.000000,4.000000,4.000000,4.000000,0.000000,,,,,,,,,,,,,,,,,31.000000,0.000000,0.500014,0.462952,-0.560242,0.470947,0.978635,-0.075204,-0.061531,-35.813931,44.684185,31.543921
1732157927.737192,1732157927.739792,125.000000,0.000000,4294.230957,4279.615234,4313.333496,4306.922852,4274.102539,4285.897461,4335.641113,4400.384766,4293.717773,4286.538574,4481.794922,4510.512695,4351.282227,4411.794922,1609.000000,1.000000,22.000000,,,,0.000000,2.000000,2.000000,0.000000,4.000000,2.000000,2.000000,0.000000,0.000000,4.000000,4.000000,4.000000,4.000000,4.000000,4.000000,0.000000,,,,,,,,,,,,,,,,,,,,,,,,,,,,
1732157927.745000,1732157927.747400,126.000000,0.000000,4294.615234,4280.769043,4312.436035,4309.487305,4264.230957,4293.205078,4336.410156,4402.692383,4301.666504,4288.589844,4484.358887,4514.102539,4352.179688,4405.897461,1546.000000,1.000000,22.000000,,,,0.000000,2.000000,2.000000,0.000000,4.000000,2.000000,2.000000,0.000000,0.000000,4.000000,4.000000,4.000000,4.000000,4.000000,4.000000,0.000000,,,,,,,,,,,,,,,,,,,,,,,,,,,,
1732157927.752809,1732157927.755208,127.000000,0.000000,4293.333496,4280.769043,4310.769043,4308.461426,4278.589844,4293.846191,4334.615234,4402.436035,4304.358887,4292.820313,4476.025879,4511.538574,4346.666504,4406.153809,22.000000,1.000000,22.000000,,,,0.000000,2.000000,2.000000,0.000000,4.000000,2.000000,2.000000,0.000000,0.000000,4.000000,4.000000,4.000000,4.000000,4.000000,4.000000,0.000000,,,,,,,,,,,,,,,,,,,,,,,,,,,,
1732157927.760617,1732157927.762917,0.000000,0.000000,4292.692383,4278.846191,4309.743652,4299.487305,4280.897461,4282.692383,4333.461426,4401.153809,4305.769043,4295.769043,4477.820313,4512.692383,4343.717773,4410.384766,0.000000,1.000000,22.000000,,,,0.000000,2.000000,2.000000,0.000000,4.000000,2.000000,2.000000,0.000000,0.000000,4.000000,4.000000,4.000000,4.000000,4.000000,4.000000,0.000000,,,,,,,,,,,,,,,,,0.000000,0.000000,0.499957,0.463013,-0.560242,0.470947,0.965938,-0.071298,-0.059578,-35.705952,44.665855,31.488909
1732157927.768425,1732157927.770725,1.000000,0.000000,4291.282227,4278.205078,4311.794922,4293.461426,4276.666504,4278.077148,4335.128418,4401.282227,4310.512695,4295.256348,4490.897461,4511.025879,4350.000000,4407.563965,1604.000000,1.000000,22.000000,,,,0.000000,2.000000,2.000000,0.000000,4.000000,2.000000,2.000000,0.000000,0.000000,4.000000,4.000000,4.000000,4.000000,4.000000,4.000000,0.000000,,,,,,,,,,,,,,,,,,,,,,,,,,,,
1732157927.776234,1732157927.778333,2.000000,0.000000,4292.179688,4279.743652,4312.820313,4299.615234,4274.743652,4282.051270,4336.410156,4401.666504,4310.256348,4293.205078,4488.974121,4507.820313,4352.692383,4402.820313,1366.000000,1.000000,22.000000,,,,0.000000,2.000000,2.000000,0.000000,4.000000,2.000000,2.000000,0.000000,0.000000,4.000000,4.000000,4.000000,4.000000,4.000000,4.000000,0.000000,,,,,,,,,,,,,,,,,,,,,,,,,,,,
1732157927.784042,1732157927.786141,3.000000,0.000000,4296.153809,4281.666504,4311.282227,4305.128418,4277.692383,4281.153809,4335.000000,4400.897461,4310.128418,4292.436035,4477.436035,4508.333496,4348.717773,4405.641113,1426.000000,1.000000,22.000000,,,,0.000000,2.000000,2.000000,0.000000,4.000000,2.000000,2.000000,0.000000,0.000000,4.000000,4.000000,4.000000,4.000000,4.000000,4.000000,0.000000,,,,,,,,,,,,,,,,,,,,,,,,,,,,
1732157927.791850,1732157927.793850,4.000000,0.000000,4296.538574,4282.563965,4311.282227,4299.871582,4294.487305,4278.205078,4334.615234,4399.230957,4310.769043,4295.000000,4476.538574,4509.358887,4349.102539,4409.743652,1427.000000,1.000000,22.000000,,,,0.000000,2.000000,2.000000,0.000000,4.000000,2.000000,2.000000,0.000000,0.000000,4.000000,4.000000,4.000000,4.000000,4.000000,4.000000,0.000000,,,,,,,,,,,,,,,,,1.000000,0.000000,0.499889,0.463013,-0.560303,0.470947,0.981565,-0.060066,-0.059089,-35.730152,44.792675,31.364349
1732157927.799658,1732157927.801658,5.000000,0.000000,4294.230957,4279.871582,4311.538574,4296.282227,4293.333496,4280.128418,4335.128418,4398.333496,4303.333496,4294.487305,4480.641113,4507.948730,4350.384766,4407.948730,1212.000000,1.000000,22.000000,,,,0.000000,2.000000,2.000000,0.000000,4.000000,2.000000,2.000000,0.000000,0.000000,4.000000,4.000000,4.000000,4.000000,4.000000,4.000000,0.000000,,,,,,,,,,,,,,,,,,,,,,,,,,,,
1732157927.807466,1732157927.809266,6.000000,0.000000,4290.512695,4276.922852,4310.512695,4300.769043,4269.615234,4283.717773,4335.000000,4401.153809,4295.512695,4284.230957,4476.282227,4508.589844,4339.871582,4400.384766,0.000000,1.000000,22.000000,,,,0.000000,2.000000,2.000000,0.000000,4.000000,2.000000,2.000000,0.000000,0.000000,4.000000,4.000000,4.000000,4.000000,4.000000,4.000000,0.000000,,,,,,,,,,,,,,,,,,,,,,,,,,,,
1732157927.815275,1732157927.817075,7.000000,0.000000,4288.205078,4278.846191,4311.153809,4305.128418,4267.179688,4286.025879,4334.871582,4401.922852,4296.025879,4276.922852,4469.871582,4506.410156,4328.974121,4394.358887,0.000000,1.000000,22.000000,,,,0.000000,2.000000,2.000000,0.000000,4.000000,2.000000,2.000000,0.000000,0.000000,4.000000,4.000000,4.000000,4.000000,4.000000,4.000000,0.000000,,,,,,,,,,,,,,,,,,,,,,,,,,,,
1732157927.823083,1732157927.824783,8.000000,0.000000,4287.563965,4281.410156,4313.846191,4305.897461,4278.589844,4285.256348,4335.000000,4399.230957,4298.589844,4279.871582,4471.666504,4504.230957,4332.563965,4396.794922,1523.000000,1.000000,22.000000,,,,0.000000,2.000000,2.000000,0.000000,4.000000,2.000000,2.000000,0.000000,0.000000,4.000000,4.000000,4.000000,4.000000,4.000000,4.000000,0.000000,,,,,,,,,,,,,,,,,2.000000,0.000000,0.499637,0.463196,-0.560120,0.471252,0.979123,-0.077646,-0.052741,-35.786423,44.760403,31.358458
1732157927.830891,1732157927.832591,9.000000,0.000000,4286.153809,4280.256348,4314.102539,4304.487305,4290.256348,4281.410156,4335.000000,4398.589844,4294.615234,4280.641113,4474.487305,4505.641113,4340.128418,4398.589844,1685.000000,1.000000,22.000000,,,,0.000000,2.000000,2.000000,0.000000,4.000000,2.000000,2.000000,0.000000,0.000000,4.000000,4.000000,4.000000,4.000000,4.000000,4.000000,0.000000,,,,,,,,,,,,,,,,,,,,,,,,,,,,
1732157927.838699,1732157927.840200,10.000000,0.000000,4286.666504,4280.769043,4312.563965,4303.589844,4297.563965,4278.589844,4335.000000,4400.769043,4294.230957,4282.307617,4475.128418,4506.025879,4343.205078,4400.384766,1546.000000,1.000000,22.000000,,,,0.000000,2.000000,2.000000,0.000000,4.000000,2.000000,2.000000,0.000000,0.000000,4.000000,4.000000,4.000000,4.000000,4.000000,4.000000,0.000000,,,,,,,,,,,,,,,,,,,,,,,,,,,,
1732157927.846508,1732157927.848008,11.000000,0.000000,4291.922852,4283.589844,4311.410156,4302.692383,4278.461426,4278.589844,4335.000000,4402.307617,4302.307617,4292.948730,4478.461426,4507.563965,4346.153809,4406.794922,1566.000000,1.000000,22.000000,,,,0.000000,2.000000,2.000000,0.000000,4.000000,2.000000,2.000000,0.000000,0.000000,4.000000,4.000000,4.000000,4.000000,4.000000,4.000000,0.000000,,,,,,,,,,,,,,,,,,,,,,,,,,,,
1732157927.854316,1732157927.855716,12.000000,0.000000,4294.743652,4284.615234,4311.153809,4305.512695,4257.948730,4280.769043,4335.000000,4399.102539,4302.307617,4296.538574,4478.717773,4506.666504,4345.000000,4411.922852,1701.000000,1.000000,22.000000,,,,0.000000,2.000000,2.000000,0.000000,4.000000,2.000000,2.000000,0.000000,0.000000,4.000000,4.000000,4.000000,4.000000,4.000000,4.000000,0.000000,,,,,,,,,,,,,,,,,3.000000,0.000000,0.499580,0.463257,-0.560120,0.471252,0.976682,-0.063484,-0.064949,-35.855335,44.684258,31.253683
1732157927.862124,1732157927.863524,13.000000,0.000000,4293.333496,4282.436035,4310.897461,4308.974121,4272.179688,4281.025879,4335.000000,4396.922852,4298.846191,4291.666504,4476.538574,4506.153809,4342.692383,4412.563965,1604.000000,1.000000,22.000000,,,,0.000000,2.000000,2.000000,0.000000,4.000000,2.000000,2.000000,0.000000,0.000000,4.000000,4.000000,4.000000,4.000000,4.000000,4.000000,0.000000,,,,,,,,,,,,,,,,,,,,,,,,,,,,
1732157927.869933,1732157927.871133,14.000000,0.000000,4293.589844,4281.282227,4312.820313,4304.230957,4285.897461,4278.333496,4335.000000,4399.487305,4301.922852,4295.128418,4481.282227,4513.333496,4349.871582,4413.205078,1546.000000,1.000000,22.000000,,,,0.000000,2.000000,2.000000,0.000000,4.000000,2.000000,2.000000,0.000000,0.000000,4.000000,4.000000,4.000000,4.000000,4.000000,4.000000,0.000000,1.000000,0.000000,2.000000,2.000000,0.000000,1.000000,1.000000,2.000000,0.000000,0.000000,1.000000,4.000000,1.000000,1.000000,1.000000,3.000000,,,,,,,,,,,,
1732157927.877741,1732157927.878941,15.000000,0.000000,4294.487305,4281.025879,4314.102539,4300.769043,4276.794922,4278.077148,4335.000000,4400.000000,4300.897461,4299.230957,4484.871582,4515.769043,4353.333496,4413.333496,1566.000000,1.000000,22.000000,,,,0.000000,2.000000,2.000000,0.000000,4.000000,2.000000,2.000000,0.000000,0.000000,4.000000,4.000000,4.000000,4.000000,4.000000,4.000000,0.000000,,,,,,,,,,,,,,,,,,,,,,,,,,,,
1732157927.885549,1732157927.886649,16.000000,0.000000,4295.256348,4281.666504,4312.948730,4308.077148,4273.077148,4279.743652,4335.000000,4398.333496,4293.974121,4289.487305,4479.743652,4511.922852,4345.128418,4412.692383,0.000000,1.000000,22.000000,,,,0.000000,2.000000,2.000000,0.000000,4.000000,2.000000,2.000000,0.000000,0.000000,4.000000,4.000000,4.000000,4.000000,4.000000,4.000000,0.000000,,,,,,,,,,,,,,,,,4.000000,0.000000,0.499580,0.463257,-0.560120,0.471252,0.973263,-0.059089,-0.059578,-35.851158,44.757584,31.198816
1732157927.893357,1732157927.894457,17.000000,0.000000,4297.179688,4284.102539,4312.307617,4311.794922,4290.128418,4280.000000,4335.000000,4399.230957,4294.743652,4280.512695,4476.153809,4511.794922,4342.051270,4411.666504,0.000000,1.000000,22.000000,,,,0.000000,2.000000,2.000000,0.000000,4.000000,2.000000,2.000000,0.000000,0.000000,4.000000,4.000000,4.000000,4.000000,4.000000,4.000000,0.000000,,,,,,,,,,,,,,,,,,,,,,,,,,,,
1732157927.901165,1732157927.902066,18.000000,0.000000,4297.820313,4284.871582,4313.717773,4307.051270,4302.307617,4279.871582,4335.000000,4400.897461,4298.461426,4284.230957,4477.692383,4510.897461,4345.000000,4410.384766,0.000000,1.000000,22.000000,,,,0.000000,2.000000,2.000000,0.000000,4.000000,2.000000,2.000000,0.000000,0.000000,4.000000,4.000000,4.000000,4.000000,4.000000,4.000000,0.000000,,,,,,,,,,,,,,,,,,,,,,,,,,,,
1732157927.908974,1732157927.909874,19.000000,0.000000,4296.922852,4283.333496,4313.974121,4305.384766,4281.666504,4278.333496,4335.000000,4400.769043,4297.436035,4292.692383,4478.589844,4506.538574,4343.974121,4410.641113,0.000000,1.000000,22.000000,,,,0.000000,2.000000,2.000000,0.000000,4.000000,2.000000,2.000000,0.000000,0.000000,4.000000,4.000000,4.000000,4.000000,4.000000,4.000000,0.000000,,,,,,,,,,,,,,,,,,,,,,,,,,,,
1732157927.916782,1732157927.917582,20.000000,0.000000,4296.025879,4281.025879,4311.410156,4303.205078,4255.641113,4278.846191,4334.871582,4402.563965,4298.461426,4295.641113,4477.948730,4506.922852,4341.794922,4408.461426,0.000000,1.000000,22.000000,,,,0.000000,2.000000,2.000000,0.000000,4.000000,2.000000,2.000000,0.000000,0.000000,4.000000,4.000000,4.000000,4.000000,4.000000,4.000000,0.000000,,,,,,,,,,,,,,,,,5.000000,0.000000,0.499479,0.463440,-0.560059,0.471252,0.981077,-0.063484,-0.054694,-35.724438,44.988644,31.271042
1732157927.924590,1732157927.925391,21.000000,0.000000,4296.538574,4282.692383,4312.179688,4300.128418,4266.025879,4281.282227,4335.000000,4403.077148,4299.487305,4288.077148,4478.077148,4508.846191,4342.948730,4401.538574,0.000000,1.000000,22.000000,,,,0.000000,2.000000,2.000000,0.000000,4.000000,2.000000,2.000000,0.000000,0.000000,4.000000,4.000000,4.000000,4.000000,4.000000,4.000000,0.000000,,,,,,,,,,,,,,,,,,,,,,,,,,,,
1732157927.932398,1732157927.933399,22.000000,0.000000,4297.179688,4286.153809,4314.102539,4303.461426,4294.230957,4280.000000,4335.000000,4403.846191,4296.153809,4279.615234,4478.461426,4507.307617,4344.102539,4398.333496,0.000000,1.000000,22.000000,,,,0.000000,2.000000,2.000000,0.000000,4.000000,2.000000,2.000000,0.000000,0.000000,4.000000,4.000000,4.000000,4.000000,4.000000,4.000000,0.000000,,,,,,,,,,,,,,,,,,,,,,,,,,,,
1732157927.940207,1732157927.941207,23.000000,0.000000,4296.666504,4284.871582,4313.717773,4303.333496,4293.077148,4277.948730,4334.615234,4405.384766,4296.025879,4284.102539,4477.948730,4506.922852,4343.205078,4398.461426,0.000000,1.000000,22.000000,,,,0.000000,2.000000,2.000000,0.000000,4.000000,2.000000,2.000000,0.000000,0.000000,4.000000,4.000000,4.000000,4.000000,4.000000,4.000000,0.000000,,,,,,,,,,,,,,,,,,,,,,,,,,,,
1732157927.948015,1732157927.949115,24.000000,0.000000,4293.461426,4280.384766,4312.307617,4301.538574,4268.461426,4280.512695,4335.128418,4402.179688,4301.538574,4293.717773,4475.641113,4505.384766,4342.436035,4396.153809,0.000000,1.000000,22.000000,,,,0.000000,2.000000,2.000000,0.000000,4.000000,2.000000,2.000000,0.000000,0.000000,4.000000,4.000000,4.000000,4.000000,4.000000,4.000000,0.000000,,,,,,,,,,,,,,,,,6.000000,0.000000,0.499329,0.463562,-0.559937,0.471436,0.984495,-0.076181,-0.051276,-35.815128,45.119133,31.349545
1732157927.955823,1732157927.956923,25.000000,0.000000,4293.333496,4280.128418,4312.820313,4305.128418,4260.641113,4282.563965,4336.153809,4398.974121,4303.717773,4296.410156,4474.102539,4505.512695,4342.179688,4394.487305,0.000000,1.000000,22.000000,,,,0.000000,2.000000,2.000000,0.000000,4.000000,2.000000,2.000000,0.000000,0.000000,4.000000,4.000000,4.000000,4.000000,4.000000,4.000000,0.000000,,,,,,,,,,,,,,,,,,,,,,,,,,,,
1732157927.963632,1732157927.964531,26.000000,0.000000,4295.384766,4286.666504,4315.256348,4306.666504,4278.205078,4280.769043,4335.769043,4400.512695,4297.307617,4295.000000,4473.333496,4507.179688,4340.897461,4395.512695,0.000000,1.000000,22.000000,,,,0.000000,2.000000,2.000000,0.000000,4.000000,2.000000,2.000000,0.000000,0.000000,4.000000,4.000000,4.000000,4.000000,4.000000,4.000000,0.000000,,,,,,,,,,,,,,,,,,,,,,,,,,,,
1732157927.971440,1732157927.972340,27.000000,0.000000,4295.000000,4289.230957,4314.102539,4304.871582,4286.794922,4281.794922,4335.512695,4401.153809,4293.846191,4289.743652,4472.692383,4505.641113,4341.025879,4396.025879,0.000000,1.000000,22.000000,,,,0.000000,2.000000,2.000000,0.000000,4.000000,2.000000,2.000000,0.000000,0.000000,4.000000,4.000000,4.000000,4.000000,4.000000,4.000000,0.000000,,,,,,,,,,,,,,,,,,,,,,,,,,,,
1732157927.979248,1732157927.980248,28.000000,0.000000,4292.948730,4283.205078,4309.743652,4304.487305,4281.538574,4283.333496,4336.538574,4401.282227,4298.461426,4280.897461,4470.000000,4505.897461,4342.051270,4395.128418,0.000000,1.000000,22.000000,,,,0.000000,2.000000,2.000000,0.000000,4.000000,2.000000,2.000000,0.000000,0.000000,4.000000,4.000000,4.000000,4.000000,4.000000,4.000000,0.000000,,,,,,,,,,,,,,,,,7.000000,0.000000,0.499283,0.463562,-0.559875,0.471558,0.984495,-0.076181,-0.051276,-35.755253,45.349831,31.346464
1732157927.987056,1732157927.988056,29.000000,0.000000,4292.179688,4279.615234,4309.743652,4302.436035,4296.922852,4281.666504,4336.025879,4404.230957,4299.871582,4280.256348,4464.487305,4505.256348,4339.487305,4393.846191,0.000000,1.000000,22.000000,,,,0.000000,2.000000,2.000000,0.000000,4.000000,2.000000,2.000000,0.000000,0.000000,4.000000,4.000000,4.000000,4.000000,4.000000,4.000000,0.000000,,,,,,,,,,,,,,,,,,,,,,,,,,,,
1732157927.994864,1732157927.996064,30.000000,0.000000,4293.974121,4284.871582,4313.333496,4300.897461,4305.641113,4281.025879,4334.743652,4402.692383,4294.230957,4282.436035,4459.487305,4497.948730,4338.333496,4396.666504,0.000000,1.000000,22.000000,,,,0.000000,2.000000,2.000000,0.000000,4.000000,2.000000,2.000000,0.000000,0.000000,4.000000,4.000000,4.000000,4.000000,4.000000,4.000000,0.000000,,,,,,,,,,,,,,,,,,,,,,,,,,,,
1732157928.002673,1732157928.003872,31.000000,0.000000,4294.487305,4286.410156,4313.846191,4304.230957,4286.794922,4282.948730,4334.743652,4399.871582,4292.820313,4280.897461,4460.897461,4496.025879,4340.897461,4398.717773,0.000000,1.000000,22.000000,,,,0.000000,2.000000,2.000000,0.000000,4.000000,2.000000,2.000000,0.000000,0.000000,4.000000,4.000000,4.000000,4.000000,4.000000,4.000000,0.000000,,,,,,,,,,,,,,,,,,,,,,,,,,,,
1732157928.010481,1732157928.011780,32.000000,0.000000,4292.179688,4281.282227,4311.025879,4304.871582,4272.307617,4283.974121,4334.743652,4402.307617,4301.410156,4286.922852,4468.205078,4503.846191,4346.410156,4397.051270,0.000000,1.000000,22.000000,,,,0.000000,2.000000,2.000000,0.000000,4.000000,2.000000,2.000000,0.000000,0.000000,4.000000,4.000000,4.000000,4.000000,4.000000,4.000000,0.000000,,,,,,,,,,,,,,,,,8.000000,0.000000,0.499168,0.463623,-0.559875,0.471619,0.973263,-0.062019,-0.061531,-35.733421,45.110031,31.245636
1732157928.018289,1732157928.019589,33.000000,0.000000,4291.922852,4279.487305,4312.179688,4300.512695,4277.948730,4282.179688,4335.000000,4403.333496,4310.000000,4297.563965,4473.461426,4506.538574,4349.102539,4401.025879,0.000000,1.000000,22.000000,,,,0.000000,2.000000,2.000000,0.000000,4.000000,2.000000,2.000000,0.000000,0.000000,4.000000,4.000000,4.000000,4.000000,4.000000,4.000000,0.000000,,,,,,,,,,,,,,,,,,,,,,,,,,,,
1732157928.026097,1732157928.027597,34.000000,0.000000,4295.256348,4281.025879,4313.974121,4298.077148,4283.846191,4279.743652,4336.282227,4401.538574,4309.230957,4298.846191,4472.692383,4505.128418,4345.256348,4405.769043,0.000000,1.000000,22.000000,,,,0.000000,2.000000,2.000000,0.000000,4.000000,2.000000,2.000000,0.000000,0.000000,4.000000,4.000000,4.000000,4.000000,4.000000,4.000000,0.000000,,,,,,,,,,,,,,,,,,,,,,,,,,,,
1732157928.033906,1732157928.035405,35.000000,0.000000,4295.128418,4281.922852,4312.436035,4300.769043,4279.230957,4279.871582,4336.410156,4400.256348,4303.974121,4291.282227,4471.922852,4508.077148,4341.025879,4404.102539,0.000000,1.000000,22.000000,,,,0.000000,2.000000,2.000000,0.000000,4.000000,2.000000,2.000000,0.000000,0.000000,4.000000,4.000000,4.000000,4.000000,4.000000,4.000000,0.000000,,,,,,,,,,,,,,,,,,,,,,,,,,,,
1732157928.041714,1732157928.043313,36.000000,0.000000,4291.410156,4280.512695,4311.666504,4303.461426,4288.846191,4281.794922,4335.641113,4399.743652,4297.563965,4283.077148,4472.820313,4506.153809,4341.153809,4402.948730,0.000000,1.000000,22.000000,,,,0.000000,2.000000,2.000000,0.000000,4.000000,2.000000,2.000000,0.000000,0.000000,4.000000,4.000000,4.000000,4.000000,4.000000,4.000000,0.000000,,,,,,,,,,,,,,,,,9.000000,0.000000,0.499134,0.463745,-0.559753,0.471680,0.980588,-0.066903,-0.060554,-35.732407,44.949123,31.230631
1732157928.049522,1732157928.051121,37.000000,0.000000,4291.666504,4278.846191,4312.820313,4301.025879,4303.589844,4281.282227,4335.769043,4400.641113,4293.205078,4278.205078,4471.538574,4504.230957,4342.051270,4406.025879,0.000000,1.000000,22.000000,,,,0.000000,2.000000,2.000000,0.000000,4.000000,2.000000,2.000000,0.000000,0.000000,4.000000,4.000000,4.000000,4.000000,4.000000,4.000000,0.000000,,,,,,,,,,,,,,,,,,,,,,,,,,,,
1732157928.057330,1732157928.059129,38.000000,0.000000,4293.846191,4279.230957,4312.051270,4298.846191,4291.538574,4280.256348,4335.641113,4402.948730,4292.820313,4282.820313,4470.128418,4507.051270,4341.282227,4407.051270,0.000000,1.000000,22.000000,,,,0.000000,2.000000,2.000000,0.000000,4.000000,2.000000,2.000000,0.000000,0.000000,4.000000,4.000000,4.000000,4.000000,4.000000,4.000000,0.000000,,,,,,,,,,,,,,,,,,,,,,,,,,,,
1732157928.065139,1732157928.066937,39.000000,0.000000,4293.589844,4281.794922,4308.846191,4302.563965,4271.922852,4281.538574,4334.615234,4401.794922,4295.256348,4290.512695,4471.410156,4502.436035,4341.538574,4408.846191,0.000000,1.000000,22.000000,,,,0.000000,2.000000,2.000000,0.000000,4.000000,2.000000,2.000000,0.000000,0.000000,4.000000,4.000000,4.000000,4.000000,4.000000,4.000000,0.000000,,,,,,,,,,,,,,,,,,,,,,,,,,,,
1732157928.072947,1732157928.074845,40.000000,0.000000,4293.717773,4282.436035,4309.871582,4302.820313,4273.846191,4283.205078,4334.743652,4401.282227,4296.410156,4288.717773,4474.102539,4499.487305,4344.358887,4412.436035,0.000000,1.000000,22.000000,,,,0.000000,2.000000,2.000000,0.000000,4.000000,2.000000,2.000000,0.000000,0.000000,4.000000,4.000000,4.000000,4.000000,4.000000,4.000000,0.000000,,,,,,,,,,,,,,,,,10.000000,0.000000,0.499122,0.463684,-0.559814,0.471680,0.980588,-0.066903,-0.060554,-35.839916,44.763790,31.268478
1732157928.080755,1732157928.082654,41.000000,0.000000,4294.230957,4280.384766,4311.282227,4296.410156,4281.666504,4285.000000,4336.153809,4402.692383,4298.205078,4287.307617,4475.384766,4505.641113,4345.384766,4411.538574,0.000000,1.000000,22.000000,,,,0.000000,2.000000,2.000000,0.000000,4.000000,2.000000,2.000000,0.000000,0.000000,4.000000,4.000000,4.000000,4.000000,4.000000,4.000000,0.000000,,,,,,,,,,,,,,,,,,,,,,,,,,,,
1732157928.088563,1732157928.090662,42.000000,0.000000,4292.692383,4278.974121,4310.128418,4296.025879,4281.410156,4284.871582,4336.538574,4401.666504,4305.512695,4293.846191,4475.512695,4509.358887,4345.000000,4410.384766,0.000000,1.000000,22.000000,,,,0.000000,2.000000,2.000000,0.000000,4.000000,2.000000,2.000000,0.000000,0.000000,4.000000,4.000000,4.000000,4.000000,4.000000,4.000000,0.000000,,,,,,,,,,,,,,,,,,,,,,,,,,,,
1732157928.096372,1732157928.098470,43.000000,0.000000,4294.102539,4280.641113,4312.563965,4301.410156,4278.333496,4282.051270,4335.384766,4400.512695,4310.641113,4299.487305,4482.051270,4509.102539,4348.333496,4413.205078,0.000000,1.000000,22.000000,,,,0.000000,2.000000,2.000000,0.000000,4.000000,2.000000,2.000000,0.000000,0.000000,4.000000,4.000000,4.000000,4.000000,4.000000,4.000000,0.000000,,,,,,,,,,,,,,,,,,,,,,,,,,,,
1732157928.104180,1732157928.106378,44.000000,0.000000,4297.820313,4282.179688,4313.205078,4302.051270,4280.128418,4281.282227,4334.743652,4401.922852,4311.922852,4297.820313,4487.051270,4509.487305,4349.230957,4414.102539,0.000000,1.000000,22.000000,,,,0.000000,2.000000,2.000000,0.000000,4.000000,2.000000,2.000000,0.000000,0.000000,4.000000,4.000000,4.000000,4.000000,4.000000,4.000000,0.000000,,,,,,,,,,,,,,,,,11.000000,0.000000,0.499373,0.463379,-0.559998,0.471497,0.975705,-0.056648,-0.055671,-35.743664,44.713669,31.185801
1732157928.111988,1732157928.114186,45.000000,0.000000,4296.153809,4280.256348,4309.615234,4300.128418,4294.615234,4279.871582,4334.871582,4402.692383,4313.461426,4295.641113,4481.794922,4507.179688,4345.512695,4409.743652,0.000000,1.000000,22.000000,,,,0.000000,2.000000,2.000000,0.000000,4.000000,2.000000,2.000000,0.000000,0.000000,4.000000,4.000000,4.000000,4.000000,4.000000,4.000000,0.000000,,,,,,,,,,,,,,,,,,,,,,,,,,,,
1732157928.119796,1732157928.121894,46.000000,0.000000,4293.205078,4279.102539,4313.205078,4300.000000,4294.871582,4277.307617,4334.743652,4401.025879,4306.538574,4294.358887,4475.897461,4505.128418,4345.384766,4404.743652,0.000000,1.000000,22.000000,,,,0.000000,2.000000,2.000000,0.000000,4.000000,2.000000,2.000000,0.000000,0.000000,4.000000,4.000000,4.000000,4.000000,4.000000,4.000000,0.000000,,,,,,,,,,,,,,,,,,,,,,,,,,,,
1732157928.127605,1732157928.129703,47.000000,0.000000,4295.512695,4280.769043,4315.641113,4301.666504,4272.436035,4282.563965,4335.512695,4399.871582,4299.230957,4291.025879,4477.307617,4508.205078,4348.333496,4403.077148,0.000000,1.000000,22.000000,,,,0.000000,2.000000,2.000000,0.000000,4.000000,2.000000,2.000000,0.000000,0.000000,4.000000,4.000000,4.000000,4.000000,4.000000,4.000000,0.000000,,,,,,,,,,,,,,,,,,,,,,,,,,,,
1732157928.135413,1732157928.137411,48.000000,0.000000,4297.179688,4282.307617,4311.666504,4306.153809,4269.487305,4287.051270,4336.538574,4400.384766,4302.307617,4292.436035,4478.846191,4508.333496,4347.179688,4406.794922,0.000000,1.000000,22.000000,,,,0.000000,2.000000,2.000000,0.000000,4.000000,2.000000,2.000000,0.000000,0.000000,4.000000,4.000000,4.000000,4.000000,4.000000,4.000000,0.000000,,,,,,,,,,,,,,,,,12.000000,0.000000,0.499293,0.463318,-0.560120,0.471497,0.986937,-0.073739,-0.066903,-35.842369,44.734741,31.297165
1732157928.143221,1732157928.145219,49.000000,0.000000,4295.256348,4283.461426,4311.282227,4309.487305,4285.641113,4283.717773,4336.025879,4400.641113,4301.410156,4293.589844,4475.641113,4501.794922,4344.102539,4409.743652,0.000000,1.000000,22.000000,,,,0.000000,2.000000,2.000000,0.000000,4.000000,2.000000,2.000000,0.000000,0.000000,4.000000,4.000000,4.000000,4.000000,4.000000,4.000000,0.000000,,,,,,,,,,,,,,,,,,,,,,,,,,,,
1732157928.151029,1732157928.152828,50.000000,0.000000,4294.230957,4282.563965,4312.948730,4307.051270,4279.358887,4282.692383,4334.615234,4400.384766,4295.769043,4286.666504,4472.820313,4498.846191,4340.384766,4404.230957,0.000000,1.000000,22.000000,,,,0.000000,2.000000,2.000000,0.000000,4.000000,2.000000,2.000000,0.000000,0.000000,4.000000,4.000000,4.000000,4.000000,4.000000,4.000000,0.000000,,,,,,,,,,,,,,,,,,,,,,,,,,,,
1732157928.158838,1732157928.160636,51.000000,0.000000,4293.846191,4280.000000,4310.641113,4303.077148,4274.615234,4283.461426,4334.487305,4400.512695,4298.077148,4283.333496,4473.717773,4504.230957,4342.051270,4401.538574,0.000000,1.000000,22.000000,,,,0.000000,2.000000,2.000000,0.000000,4.000000,2.000000,2.000000,0.000000,0.000000,4.000000,4.000000,4.000000,4.000000,4.000000,4.000000,0.000000,,,,,,,,,,,,,,,,,,,,,,,,,,,,
1732157928.166646,1732157928.168344,52.000000,0.000000,4294.102539,4279.102539,4311.794922,4299.230957,4291.794922,4278.974121,4335.769043,4399.615234,4304.358887,4292.179688,4475.897461,4507.692383,4349.102539,4407.820313,0.000000,1.000000,22.000000,,,,0.000000,2.000000,2.000000,0.000000,4.000000,2.000000,2.000000,0.000000,0.000000,4.000000,4.000000,4.000000,4.000000,4.000000,4.000000,0.000000,,,,,,,,,,,,,,,,,13.000000,0.000000,0.499453,0.463196,-0.560181,0.471375,0.970333,-0.061531,-0.057624,-35.867317,44.555138,31.379038
1732157928.174454,1732157928.176152,53.000000,0.000000,4295.512695,4280.384766,4314.487305,4298.333496,4284.230957,4276.410156,4336.666504,4399.615234,4307.692383,4298.333496,4475.897461,4506.922852,4349.487305,4414.487305,0.000000,1.000000,22.000000,,,,0.000000,2.000000,2.000000,0.000000,4.000000,2.000000,2.000000,0.000000,0.000000,4.000000,4.000000,4.000000,4.000000,4.000000,4.000000,0.000000,,,,,,,,,,,,,,,,,,,,,,,,,,,,
1732157928.182262,1732157928.183761,54.000000,0.000000,4297.179688,4280.128418,4311.282227,4300.128418,4261.666504,4278.717773,4335.641113,4400.256348,4304.102539,4293.461426,4476.794922,4508.077148,4348.846191,4414.358887,0.000000,1.000000,22.000000,,,,0.000000,2.000000,2.000000,0.000000,4.000000,2.000000,2.000000,0.000000,0.000000,4.000000,4.000000,4.000000,4.000000,4.000000,4.000000,0.000000,,,,,,,,,,,,,,,,,,,,,,,,,,,,
1732157928.190071,1732157928.191569,55.000000,0.000000,4296.538574,4278.461426,4311.025879,4300.256348,4264.487305,4279.871582,4334.487305,4400.256348,4298.461426,4292.436035,4477.307617,4507.948730,4350.897461,4412.051270,0.000000,1.000000,22.000000,,,,0.000000,2.000000,2.000000,0.000000,4.000000,2.000000,2.000000,0.000000,0.000000,4.000000,4.000000,4.000000,4.000000,4.000000,4.000000,0.000000,,,,,,,,,,,,,,,,,,,,,,,,,,,,
1732157928.197879,1732157928.199277,56.000000,0.000000,4294.615234,4279.358887,4313.205078,4301.538574,4277.179688,4281.922852,4334.743652,4401.025879,4305.000000,4298.077148,4474.743652,4507.051270,4350.256348,4411.794922,0.000000,1.000000,22.000000,,,,0.000000,2.000000,2.000000,0.000000,4.000000,2.000000,2.000000,0.000000,0.000000,4.000000,4.000000,4.000000,4.000000,4.000000,4.000000,0.000000,,,,,,,,,,,,,,,,,14.000000,0.000000,0.499396,0.463257,-0.560181,0.471375,0.970333,-0.062508,-0.067879,-35.765862,44.544662,31.338686
1732157928.205687,1732157928.207085,57.000000,0.000000,4294.358887,4279.871582,4311.666504,4303.846191,4289.358887,4281.153809,4334.871582,4403.077148,4307.307617,4291.025879,4473.205078,4507.692383,4346.666504,4409.743652,0.000000,1.000000,22.000000,,,,0.000000,2.000000,2.000000,0.000000,4.000000,2.000000,2.000000,0.000000,0.000000,4.000000,4.000000,4.000000,4.000000,4.000000,4.000000,0.000000,,,,,,,,,,,,,,,,,,,,,,,,,,,,
1732157928.213495,1732157928.214694,58.000000,0.000000,4295.897461,4280.384766,4309.871582,4307.436035,4296.410156,4278.077148,4334.743652,4401.666504,4296.282227,4280.000000,4473.974121,4507.436035,4347.051270,4404.358887,0.000000,1.000000,22.000000,,,,0.000000,2.000000,2.000000,0.000000,4.000000,2.000000,2.000000,0.000000,0.000000,4.000000,4.000000,4.000000,4.000000,4.000000,4.000000,0.000000,,,,,,,,,,,,,,,,,,,,,,,,,,,,
1732157928.221304,1732157928.222502,59.000000,0.000000,4297.436035,4280.897461,4312.692383,4305.512695,4282.563965,4280.512695,4334.871582,4399.358887,4301.922852,4284.615234,4472.051270,4505.769043,4348.589844,4404.871582,0.000000,1.000000,22.000000,,,,0.000000,2.000000,2.000000,0.000000,4.000000,2.000000,2.000000,0.000000,0.000000,4.000000,4.000000,4.000000,4.000000,4.000000,4.000000,0.000000,,,,,,,,,,,,,,,,,,,,,,,,,,,,
1732157928.229112,1732157928.230210,60.000000,0.000000,4298.205078,4279.743652,4314.487305,4301.666504,4266.410156,4283.461426,4334.487305,4400.256348,4314.743652,4296.666504,4475.769043,4508.974121,4350.000000,4413.205078,0.000000,1.000000,22.000000,,,,0.000000,2.000000,2.000000,0.000000,4.000000,2.000000,2.000000,0.000000,0.000000,4.000000,4.000000,4.000000,4.000000,4.000000,4.000000,0.000000,,,,,,,,,,,,,,,,,15.000000,0.000000,0.499511,0.463196,-0.560181,0.471313,0.994750,-0.062508,-0.062508,-35.905346,44.631176,31.432669
1732157928.236920,1732157928.238019,61.000000,0.000000,4299.102539,4280.641113,4311.922852,4300.641113,4269.871582,4281.153809,4335.128418,4399.615234,4304.615234,4297.179688,4485.000000,4517.179688,4352.820313,4414.102539,0.000000,1.000000,22.000000,,,,0.000000,2.000000,2.000000,0.000000,4.000000,2.000000,2.000000,0.000000,0.000000,4.000000,4.000000,4.000000,4.000000,4.000000,4.000000,0.000000,,,,,,,,,,,,,,,,,,,,,,,,,,,,
1732157928.244728,1732157928.246027,62.000000,0.000000,4297.436035,4282.051270,4309.615234,4297.692383,4280.512695,4277.820313,4336.025879,4397.948730,4295.384766,4292.436035,4482.820313,4516.922852,4351.794922,4409.615234,0.000000,1.000000,22.000000,,,,0.000000,2.000000,2.000000,0.000000,4.000000,2.000000,2.000000,0.000000,0.000000,4.000000,4.000000,4.000000,4.000000,4.000000,4.000000,0.000000,,,,,,,,,,,,,,,,,,,,,,,,,,,,
1732157928.252537,1732157928.253835,63.000000,0.000000,4295.000000,4279.743652,4312.307617,4294.358887,4285.256348,4277.563965,4335.641113,4399.230957,4303.589844,4292.820313,4473.205078,4511.025879,4349.743652,4410.512695,0.000000,1.000000,22.000000,,,,0.000000,2.000000,2.000000,0.000000,4.000000,2.000000,2.000000,0.000000,0.000000,4.000000,4.000000,4.000000,4.000000,4.000000,4.000000,0.000000,,,,,,,,,,,,,,,,,,,,,,,,,,,,
1732157928.260345,1732157928.261543,64.000000,0.000000,4295.769043,4278.077148,4314.615234,4298.589844,4276.410156,4278.461426,4335.641113,4400.897461,4306.922852,4295.641113,4474.743652,4510.897461,4350.384766,4411.410156,0.000000,1.000000,22.000000,,,,0.000000,2.000000,2.000000,0.000000,4.000000,2.000000,2.000000,0.000000,0.000000,4.000000,4.000000,4.000000,4.000000,4.000000,4.000000,0.000000,,,,,,,,,,,,,,,,,16.000000,0.000000,0.499487,0.463074,-0.560303,0.471313,0.976193,-0.074716,-0.065438,-35.973331,44.671253,31.300463
1732157928.268153,1732157928.269351,65.000000,0.000000,4297.179688,4279.743652,4313.717773,4301.794922,4257.436035,4279.871582,4336.410156,4400.769043,4298.717773,4296.922852,4481.025879,4517.436035,4351.410156,4410.256348,1599.000000,1.000000,22.000000,,,,0.000000,2.000000,2.000000,0.000000,4.000000,2.000000,2.000000,0.000000,0.000000,4.000000,4.000000,4.000000,4.000000,4.000000,4.000000,0.000000,,,,,,,,,,,,,,,,,,,,,,,,,,,,
1732157928.275961,1732157928.277359,66.000000,0.000000,4296.922852,4279.871582,4313.717773,4295.256348,4262.820313,4280.512695,4336.282227,4400.769043,4297.307617,4294.102539,4478.717773,4516.538574,4349.615234,4411.025879,1366.000000,1.000000,22.000000,,,,0.000000,2.000000,2.000000,0.000000,4.000000,2.000000,2.000000,0.000000,0.000000,4.000000,4.000000,4.000000,4.000000,4.000000,4.000000,0.000000,,,,,,,,,,,,,,,,,,,,,,,,,,,,
1732157928.283769,1732157928.285168,67.000000,0.000000,4297.820313,4278.846191,4313.461426,4297.692383,4287.692383,4278.974121,4335.512695,4401.794922,4302.563965,4292.307617,4476.153809,4511.666504,4348.846191,4412.436035,1426.000000,1.000000,22.000000,,,,0.000000,2.000000,2.000000,0.000000,4.000000,2.000000,2.000000,0.000000,0.000000,4.000000,4.000000,4.000000,4.000000,4.000000,4.000000,0.000000,,,,,,,,,,,,,,,,,,,,,,,,,,,,
1732157928.291578,1732157928.292876,68.000000,0.000000,4298.717773,4280.512695,4313.717773,4306.666504,4286.538574,4278.717773,4335.512695,4401.794922,4301.410156,4294.487305,4482.436035,4515.641113,4351.666504,4412.692383,1427.000000,1.000000,22.000000,,,,0.000000,2.000000,2.000000,0.000000,4.000000,2.000000,2.000000,0.000000,0.000000,4.000000,4.000000,4.000000,4.000000,4.000000,4.000000,0.000000,,,,,,,,,,,,,,,,,17.000000,0.000000,0.499373,0.463135,-0.560303,0.471375,0.973263,-0.066903,-0.069344,-35.935066,44.593716,31.391708
1732157928.299386,1732157928.300684,69.000000,0.000000,4297.692383,4281.666504,4314.102539,4304.871582,4266.666504,4281.666504,4336.025879,4403.205078,4300.256348,4295.769043,4489.102539,4522.179688,4351.794922,4413.974121,1212.000000,1.000000,22.000000,,,,0.000000,2.000000,2.000000,0.000000,4.000000,2.000000,2.000000,0.000000,0.000000,4.000000,4.000000,4.000000,4.000000,4.000000,4.000000,0.000000,,,,,,,,,,,,,,,,,,,,,,,,,,,,
1732157928.307194,1732157928.308292,70.000000,0.000000,4300.769043,4282.179688,4313.846191,4302.436035,4260.512695,4284.102539,4335.897461,4403.974121,4304.871582,4297.179688,4489.358887,4523.205078,4353.589844,4416.538574,0.000000,1.000000,22.000000,,,,0.000000,2.000000,2.000000,0.000000,4.000000,2.000000,2.000000,0.000000,0.000000,4.000000,4.000000,4.000000,4.000000,4.000000,4.000000,0.000000,,,,,,,,,,,,,,,,,,,,,,,,,,,,
1732157928.315003,1732157928.316101,71.000000,0.000000,4302.051270,4282.179688,4313.461426,4305.384766,4276.025879,4281.282227,4334.871582,4401.410156,4303.205078,4295.128418,4485.256348,4518.846191,4356.794922,4415.512695,0.000000,1.000000,22.000000,,,,0.000000,2.000000,2.000000,0.000000,4.000000,2.000000,2.000000,0.000000,0.000000,4.000000,4.000000,4.000000,4.000000,4.000000,4.000000,0.000000,,,,,,,,,,,,,,,,,,,,,,,,,,,,
1732157928.322811,1732157928.323809,72.000000,0.000000,4298.589844,4283.205078,4315.512695,4304.102539,4280.641113,4277.820313,4335.128418,4401.153809,4294.358887,4290.512695,4485.641113,4520.769043,4352.820313,4413.461426,1526.000000,1.000000,22.000000,,,,0.000000,2.000000,2.000000,0.000000,4.000000,2.000000,2.000000,0.000000,0.000000,4.000000,4.000000,4.000000,4.000000,4.000000,4.000000,0.000000,,,,,,,,,,,,,,,,,18.000000,0.000000,0.499315,0.463135,-0.560303,0.471436,0.979612,-0.068368,-0.048834,-36.042404,44.607574,31.317284
1732157928.330619,1732157928.331617,73.000000,0.000000,4299.743652,4281.666504,4316.922852,4301.794922,4267.820313,4277.820313,4336.410156,4403.333496,4294.615234,4293.205078,4487.820313,4524.358887,4348.846191,4414.871582,1686.000000,1.000000,22.000000,,,,0.000000,2.000000,2.000000,0.000000,4.000000,2.000000,2.000000,0.000000,0.000000,4.000000,4.000000,4.000000,4.000000,4.000000,4.000000,0.000000,,,,,,,,,,,,,,,,,,,,,,,,,,,,
1732157928.338427,1732157928.339625,74.000000,0.000000,4301.153809,4281.282227,4312.948730,4304.358887,4283.717773,4275.512695,4336.025879,4402.051270,4297.692383,4291.794922,4481.794922,4522.307617,4351.153809,4413.846191,1546.000000,1.000000,22.000000,,,,0.000000,2.000000,2.000000,0.000000,4.000000,2.000000,2.000000,0.000000,0.000000,4.000000,4.000000,4.000000,4.000000,4.000000,4.000000,0.000000,,,,,,,,,,,,,,,,,,,,,,,,,,,,
1732157928.346236,1732157928.347433,75.000000,0.000000,4297.948730,4287.563965,4311.666504,4307.179688,4299.743652,4274.102539,4334.743652,4400.641113,4295.384766,4282.051270,4475.512695,4520.769043,4351.538574,4410.641113,1566.000000,1.000000,22.000000,,,,0.000000,2.000000,2.000000,0.000000,4.000000,2.000000,2.000000,0.000000,0.000000,4.000000,4.000000,4.000000,4.000000,4.000000,4.000000,0.000000,,,,,,,,,,,,,,,,,,,,,,,,,,,,
1732157928.354044,1732157928.355341,76.000000,0.000000,4296.794922,4289.230957,4317.179688,4308.205078,4275.384766,4279.102539,4334.871582,4401.922852,4296.025879,4286.794922,4481.794922,4522.307617,4349.358887,4413.077148,1701.000000,1.000000,22.000000,,,,0.000000,2.000000,2.000000,0.000000,4.000000,2.000000,2.000000,0.000000,0.000000,4.000000,4.000000,4.000000,4.000000,4.000000,4.000000,0.000000,,,,,,,,,,,,,,,,,19.000000,0.000000,0.499587,0.462646,-0.560669,0.471191,0.974240,-0.074716,-0.058113,-36.324345,44.648804,31.603666
1732157928.361852,1732157928.363150,77.000000,0.000000,4298.461426,4285.000000,4317.179688,4306.794922,4266.282227,4280.000000,4335.256348,4401.025879,4297.307617,4296.794922,4487.563965,4523.717773,4350.641113,4416.410156,1606.000000,1.000000,22.000000,,,,0.000000,2.000000,2.000000,0.000000,4.000000,2.000000,2.000000,0.000000,0.000000,4.000000,4.000000,4.000000,4.000000,4.000000,4.000000,0.000000,,,,,,,,,,,,,,,,,,,,,,,,,,,,
1732157928.369660,1732157928.371158,78.000000,0.000000,4296.922852,4284.230957,4311.025879,4303.846191,4285.641113,4275.256348,4334.743652,4400.256348,4297.179688,4288.461426,4481.794922,4523.205078,4351.666504,4414.743652,1546.000000,1.000000,22.000000,,,,0.000000,2.000000,2.000000,0.000000,4.000000,2.000000,2.000000,0.000000,0.000000,4.000000,4.000000,4.000000,4.000000,4.000000,4.000000,0.000000,1.000000,0.000000,1.000000,1.000000,0.000000,1.000000,1.000000,2.000000,0.000000,0.000000,4.000000,3.000000,4.000000,4.000000,1.000000,4.000000,,,,,,,,,,,,
1732157928.377468,1732157928.378966,79.000000,0.000000,4295.000000,4285.641113,4309.743652,4303.717773,4274.743652,4276.922852,4335.128418,4401.410156,4297.051270,4280.897461,4480.384766,4523.205078,4350.000000,4413.974121,1566.000000,1.000000,22.000000,,,,0.000000,2.000000,2.000000,0.000000,4.000000,2.000000,2.000000,0.000000,0.000000,4.000000,4.000000,4.000000,4.000000,4.000000,4.000000,0.000000,,,,,,,,,,,,,,,,,,,,,,,,,,,,
1732157928.385277,1732157928.386874,80.000000,0.000000,4297.179688,4282.692383,4313.846191,4305.512695,4254.358887,4281.025879,4336.025879,4400.512695,4298.077148,4287.948730,4487.179688,4521.794922,4352.051270,4415.769043,1701.000000,1.000000,22.000000,,,,0.000000,2.000000,2.000000,0.000000,4.000000,2.000000,2.000000,0.000000,0.000000,4.000000,4.000000,4.000000,4.000000,4.000000,4.000000,0.000000,,,,,,,,,,,,,,,,,20.000000,0.000000,0.499529,0.462646,-0.560669,0.471252,0.971310,-0.061531,-0.047857,-36.441055,44.485531,31.505636
1732157928.393085,1732157928.394682,81.000000,0.000000,4298.846191,4284.230957,4314.358887,4309.102539,4270.769043,4280.128418,4336.538574,4399.230957,4301.538574,4292.820313,4483.461426,4522.307617,4352.563965,4415.897461,1606.000000,1.000000,22.000000,,,,0.000000,2.000000,2.000000,0.000000,4.000000,2.000000,2.000000,0.000000,0.000000,4.000000,4.000000,4.000000,4.000000,4.000000,4.000000,0.000000,,,,,,,,,,,,,,,,,,,,,,,,,,,,
1732157928.400893,1732157928.402690,82.000000,0.000000,4297.179688,4286.410156,4312.563965,4308.589844,4284.871582,4280.000000,4336.666504,4401.025879,4303.846191,4290.641113,4477.948730,4525.897461,4349.487305,4414.871582,1546.000000,1.000000,22.000000,,,,0.000000,2.000000,2.000000,0.000000,4.000000,2.000000,2.000000,0.000000,0.000000,4.000000,4.000000,4.000000,4.000000,4.000000,4.000000,0.000000,,,,,,,,,,,,,,,,,,,,,,,,,,,,
1732157928.408702,1732157928.410498,83.000000,0.000000,4296.153809,4283.461426,4313.846191,4301.794922,4281.282227,4281.025879,4336.538574,4402.820313,4299.871582,4290.000000,4485.512695,4519.743652,4353.077148,4413.974121,1566.000000,1.000000,22.000000,,,,0.000000,2.000000,2.000000,0.000000,4.000000,2.000000,2.000000,0.000000,0.000000,4.000000,4.000000,4.000000,4.000000,4.000000,4.000000,0.000000,,,,,,,,,,,,,,,,,,,,,,,,,,,,
1732157928.416510,1732157928.418407,84.000000,0.000000,4297.563965,4284.102539,4314.871582,4302.436035,4278.846191,4280.512695,4336.410156,4401.922852,4296.282227,4289.487305,4487.179688,4512.692383,4356.410156,4413.461426,1701.000000,1.000000,22.000000,,,,0.000000,2.000000,2.000000,0.000000,4.000000,2.000000,2.000000,0.000000,0.000000,4.000000,4.000000,4.000000,4.000000,4.000000,4.000000,0.000000,,,,,,,,,,,,,,,,,21.000000,0.000000,0.499382,0.462830,-0.560547,0.471375,0.987914,-0.069833,-0.055671,-36.230587,44.709946,31.377899
1732157928.424318,1732157928.426215,85.000000,0.000000,4296.153809,4284.102539,4312.051270,4308.077148,4280.384766,4280.128418,4336.282227,4401.794922,4297.692383,4284.230957,4475.641113,4511.794922,4349.358887,4412.051270,1606.000000,1.000000,22.000000,,,,0.000000,2.000000,2.000000,0.000000,4.000000,2.000000,2.000000,0.000000,0.000000,4.000000,4.000000,4.000000,4.000000,4.000000,4.000000,0.000000,,,,,,,,,,,,,,,,,,,,,,,,,,,,
1732157928.432126,1732157928.434223,86.000000,0.000000,4294.871582,4282.051270,4312.051270,4304.102539,4297.307617,4277.820313,4336.538574,4401.922852,4297.051270,4277.051270,4469.743652,4509.871582,4343.333496,4411.153809,1546.000000,1.000000,22.000000,,,,0.000000,2.000000,2.000000,0.000000,4.000000,2.000000,2.000000,0.000000,0.000000,4.000000,4.000000,4.000000,4.000000,4.000000,4.000000,0.000000,,,,,,,,,,,,,,,,,,,,,,,,,,,,
1732157928.439935,1732157928.442031,87.000000,0.000000,4297.307617,4282.179688,4317.436035,4299.230957,4290.769043,4275.512695,4336.794922,4401.025879,4295.256348,4281.025879,4475.512695,4509.358887,4349.358887,4413.077148,1566.000000,1.000000,22.000000,,,,0.000000,2.000000,2.000000,0.000000,4.000000,2.000000,2.000000,0.000000,0.000000,4.000000,4.000000,4.000000,4.000000,4.000000,4.000000,0.000000,,,,,,,,,,,,,,,,,,,,,,,,,,,,
1732157928.447743,1732157928.449939,88.000000,0.000000,4297.051270,4283.333496,4316.794922,4301.410156,4262.179688,4277.436035,4336.153809,4400.256348,4296.666504,4292.179688,4479.358887,4514.230957,4355.384766,4414.615234,1701.000000,1.000000,22.000000,,,,0.000000,2.000000,2.000000,0.000000,4.000000,2.000000,2.000000,0.000000,0.000000,4.000000,4.000000,4.000000,4.000000,4.000000,4.000000,0.000000,,,,,,,,,,,,,,,,,22.000000,0.000000,0.499188,0.463074,-0.560364,0.471558,0.970333,-0.059089,-0.049322,-36.135109,44.675056,31.237764
1732157928.455551,1732157928.457747,89.000000,0.000000,4293.846191,4281.025879,4310.641113,4298.205078,4267.563965,4279.615234,4334.743652,4400.897461,4296.025879,4290.128418,4476.538574,4511.794922,4351.794922,4413.974121,1606.000000,1.000000,22.000000,,,,0.000000,2.000000,2.000000,0.000000,4.000000,2.000000,2.000000,0.000000,0.000000,4.000000,4.000000,4.000000,4.000000,4.000000,4.000000,0.000000,,,,,,,,,,,,,,,,,,,,,,,,,,,,
1732157928.463359,1732157928.465755,90.000000,0.000000,4294.487305,4279.230957,4310.384766,4297.051270,4281.153809,4278.333496,4334.358887,4402.051270,4295.000000,4280.000000,4475.256348,4508.974121,4347.563965,4415.128418,1546.000000,1.000000,22.000000,,,,0.000000,2.000000,2.000000,0.000000,4.000000,2.000000,2.000000,0.000000,0.000000,4.000000,4.000000,4.000000,4.000000,4.000000,4.000000,0.000000,,,,,,,,,,,,,,,,,,,,,,,,,,,,
1732157928.471167,1732157928.473563,91.000000,0.000000,4297.307617,4282.692383,4314.743652,4303.205078,4266.666504,4278.846191,4335.128418,4402.692383,4296.410156,4280.000000,4476.666504,4516.794922,4348.333496,4416.153809,1566.000000,1.000000,22.000000,,,,0.000000,2.000000,2.000000,0.000000,4.000000,2.000000,2.000000,0.000000,0.000000,4.000000,4.000000,4.000000,4.000000,4.000000,4.000000,0.000000,,,,,,,,,,,,,,,,,,,,,,,,,,,,
1732157928.478976,1732157928.481472,92.000000,0.000000,4298.077148,4286.538574,4315.897461,4304.102539,4258.846191,4277.948730,4334.358887,4401.153809,4298.461426,4287.692383,4479.102539,4517.948730,4352.179688,4419.230957,1701.000000,1.000000,22.000000,,,,0.000000,2.000000,2.000000,0.000000,4.000000,2.000000,2.000000,0.000000,0.000000,4.000000,4.000000,4.000000,4.000000,4.000000,4.000000,0.000000,,,,,,,,,,,,,,,,,23.000000,0.000000,0.499074,0.463135,-0.560364,0.471619,0.969357,-0.065926,-0.053229,-35.907772,44.680130,31.390923
1732157928.486784,1732157928.489280,93.000000,0.000000,4298.077148,4286.025879,4314.230957,4300.897461,4264.102539,4271.794922,4333.589844,4400.128418,4297.051270,4287.563965,4478.333496,4514.743652,4351.922852,4422.307617,1606.000000,1.000000,22.000000,,,,0.000000,2.000000,2.000000,0.000000,4.000000,2.000000,2.000000,0.000000,0.000000,4.000000,4.000000,4.000000,4.000000,4.000000,4.000000,0.000000,,,,,,,,,,,,,,,,,,,,,,,,,,,,
1732157928.494592,1732157928.497288,94.000000,0.000000,4298.717773,4281.282227,4311.410156,4298.461426,4271.153809,4267.436035,4335.256348,4401.025879,4293.333496,4280.256348,4477.051270,4518.077148,4344.615234,4422.692383,1546.000000,1.000000,22.000000,,,,0.000000,2.000000,2.000000,0.000000,4.000000,2.000000,2.000000,0.000000,0.000000,4.000000,4.000000,4.000000,4.000000,4.000000,4.000000,0.000000,,,,,,,,,,,,,,,,,,,,,,,,,,,,
1732157928.502401,1732157928.505096,95.000000,0.000000,4298.077148,4279.871582,4312.179688,4297.307617,4284.615234,4270.897461,4336.410156,4400.897461,4292.563965,4278.333496,4477.820313,4520.769043,4341.025879,4422.563965,1566.000000,1.000000,22.000000,,,,0.000000,2.000000,2.000000,0.000000,4.000000,2.000000,2.000000,0.000000,0.000000,4.000000,4.000000,4.000000,4.000000,4.000000,4.000000,0.000000,,,,,,,,,,,,,,,,,,,,,,,,,,,,
1732157928.510209,1732157928.512804,96.000000,0.000000,4295.641113,4282.436035,4313.589844,4296.538574,4279.487305,4277.820313,4335.256348,4400.384766,4293.333496,4281.153809,4478.461426,4517.179688,4346.025879,4421.794922,1701.000000,1.000000,22.000000,,,,0.000000,2.000000,2.000000,0.000000,4.000000,2.000000,2.000000,0.000000,0.000000,4.000000,4.000000,4.000000,4.000000,4.000000,4.000000,0.000000,,,,,,,,,,,,,,,,,24.000000,0.000000,0.499165,0.463013,-0.560486,0.471497,0.966427,-0.075693,-0.060554,-35.996960,44.690907,31.496647
1732157928.518017,1732157928.520613,97.000000,0.000000,4292.820313,4281.282227,4311.922852,4296.410156,4257.820313,4280.512695,4334.487305,4401.666504,4295.128418,4281.282227,4477.692383,4516.025879,4348.077148,4417.820313,1606.000000,1.000000,22.000000,,,,0.000000,2.000000,2.000000,0.000000,4.000000,2.000000,2.000000,0.000000,0.000000,4.000000,4.000000,4.000000,4.000000,4.000000,4.000000,0.000000,,,,,,,,,,,,,,,,,,,,,,,,,,,,
1732157928.525825,1732157928.528221,98.000000,0.000000,4292.436035,4279.358887,4310.512695,4295.769043,4257.948730,4282.051270,4335.000000,4402.307617,4298.205078,4280.897461,4477.563965,4516.666504,4344.743652,4414.871582,1546.000000,1.000000,22.000000,,,,0.000000,2.000000,2.000000,0.000000,4.000000,2.000000,2.000000,0.000000,0.000000,4.000000,4.000000,4.000000,4.000000,4.000000,4.000000,0.000000,,,,,,,,,,,,,,,,,,,,,,,,,,,,
1732157928.533634,1732157928.536029,99.000000,0.000000,4296.538574,4280.384766,4312.179688,4295.384766,4280.256348,4278.333496,4334.871582,4401.410156,4297.179688,4280.128418,4477.179688,4511.666504,4346.794922,4415.128418,1566.000000,1.000000,22.000000,,,,0.000000,2.000000,2.000000,0.000000,4.000000,2.000000,2.000000,0.000000,0.000000,4.000000,4.000000,4.000000,4.000000,4.000000,4.000000,0.000000,,,,,,,,,,,,,,,,,,,,,,,,,,,,
1732157928.541442,1732157928.543737,100.000000,0.000000,4298.333496,4281.025879,4315.128418,4296.282227,4291.794922,4273.846191,4334.743652,4400.769043,4294.871582,4280.128418,4475.384766,4508.077148,4351.025879,4414.487305,1701.000000,1.000000,22.000000,,,,0.000000,2.000000,2.000000,0.000000,4.000000,2.000000,2.000000,0.000000,0.000000,4.000000,4.000000,4.000000,4.000000,4.000000,4.000000,0.000000,,,,,,,,,,,,,,,,,25.000000,0.000000,0.499153,0.462952,-0.560547,0.471497,0.974240,-0.073739,-0.058601,-35.947540,44.711300,31.465618
1732157928.549250,1732157928.551546,101.000000,0.000000,4295.256348,4283.461426,4315.769043,4299.615234,4270.384766,4272.948730,4334.871582,4401.922852,4297.820313,4285.000000,4478.717773,4512.436035,4350.769043,4416.282227,1606.000000,1.000000,22.000000,,,,0.000000,2.000000,2.000000,0.000000,4.000000,2.000000,2.000000,0.000000,0.000000,4.000000,4.000000,4.000000,4.000000,4.000000,4.000000,0.000000,,,,,,,,,,,,,,,,,,,,,,,,,,,,
1732157928.557058,1732157928.559154,102.000000,0.000000,4297.948730,4289.615234,4316.282227,4305.384766,4255.128418,4272.436035,4334.871582,4402.179688,4300.384766,4285.384766,4485.641113,4516.794922,4351.153809,4419.743652,1546.000000,1.000000,22.000000,,,,0.000000,2.000000,2.000000,0.000000,4.000000,2.000000,2.000000,0.000000,0.000000,4.000000,4.000000,4.000000,4.000000,4.000000,4.000000,0.000000,,,,,,,,,,,,,,,,,,,,,,,,,,,,
1732157928.564866,1732157928.566962,103.000000,0.000000,4304.102539,4290.641113,4317.307617,4306.410156,4280.256348,4271.282227,4334.871582,4400.000000,4291.922852,4278.333496,4482.436035,4513.717773,4352.563965,4417.051270,1566.000000,1.000000,22.000000,,,,0.000000,2.000000,2.000000,0.000000,4.000000,2.000000,2.000000,0.000000,0.000000,4.000000,4.000000,4.000000,4.000000,4.000000,4.000000,0.000000,,,,,,,,,,,,,,,,,,,,,,,,,,,,
1732157928.572675,1732157928.574870,104.000000,0.000000,4301.666504,4288.077148,4317.051270,4303.974121,4289.487305,4270.769043,4334.871582,4400.128418,4284.615234,4276.794922,4481.153809,4509.615234,4351.025879,4413.077148,1701.000000,1.000000,22.000000,,,,0.000000,2.000000,2.000000,0.000000,4.000000,2.000000,2.000000,0.000000,0.000000,4.000000,4.000000,4.000000,4.000000,4.000000,4.000000,0.000000,,,,,,,,,,,,,,,,,26.000000,0.000000,0.499050,0.463013,-0.560486,0.471619,0.979123,-0.067391,-0.068368,-35.895840,44.991154,31.473818
1732157928.580483,1732157928.582679,105.000000,0.000000,4296.538574,4290.641113,4315.769043,4303.589844,4262.179688,4275.256348,4334.871582,4401.666504,4288.717773,4281.153809,4485.897461,4511.538574,4349.871582,4413.846191,1606.000000,1.000000,22.000000,,,,0.000000,2.000000,2.000000,0.000000,4.000000,2.000000,2.000000,0.000000,0.000000,4.000000,4.000000,4.000000,4.000000,4.000000,4.000000,0.000000,,,,,,,,,,,,,,,,,,,,,,,,,,,,
1732157928.588291,1732157928.590687,106.000000,0.000000,4297.948730,4288.717773,4315.384766,4302.179688,4260.897461,4277.948730,4334.871582,4399.743652,4295.384766,4280.384766,4482.436035,4513.589844,4349.871582,4416.153809,1546.000000,1.000000,22.000000,,,,0.000000,2.000000,2.000000,0.000000,4.000000,2.000000,2.000000,0.000000,0.000000,4.000000,4.000000,4.000000,4.000000,4.000000,4.000000,0.000000,,,,,,,,,,,,,,,,,,,,,,,,,,,,
1732157928.596100,1732157928.598495,107.000000,0.000000,4298.717773,4281.153809,4314.487305,4299.102539,4275.641113,4278.589844,4334.871582,4398.589844,4300.384766,4284.102539,4479.102539,4511.410156,4349.230957,4415.128418,1566.000000,1.000000,22.000000,,,,0.000000,2.000000,2.000000,0.000000,4.000000,2.000000,2.000000,0.000000,0.000000,4.000000,4.000000,4.000000,4.000000,4.000000,4.000000,0.000000,,,,,,,,,,,,,,,,,,,,,,,,,,,,
1732157928.603908,1732157928.606203,108.000000,0.000000,4296.025879,4282.820313,4316.538574,4297.179688,4277.436035,4279.487305,4334.871582,4401.794922,4302.820313,4293.205078,4485.641113,4511.794922,4350.641113,4413.846191,1701.000000,1.000000,22.000000,,,,0.000000,2.000000,2.000000,0.000000,4.000000,2.000000,2.000000,0.000000,0.000000,4.000000,4.000000,4.000000,4.000000,4.000000,4.000000,0.000000,,,,,,,,,,,,,,,,,27.000000,0.000000,0.499107,0.463013,-0.560486,0.471558,0.973752,-0.064949,-0.049322,-35.753963,45.101166,31.480459
1732157928.611716,1732157928.614011,109.000000,0.000000,4295.641113,4288.461426,4317.179688,4297.436035,4287.948730,4277.948730,4334.871582,4401.794922,4298.461426,4290.000000,4488.077148,4514.871582,4351.153809,4413.077148,1606.000000,1.000000,22.000000,,,,0.000000,2.000000,2.000000,0.000000,4.000000,2.000000,2.000000,0.000000,0.000000,4.000000,4.000000,4.000000,4.000000,4.000000,4.000000,0.000000,,,,,,,,,,,,,,,,,,,,,,,,,,,,
1732157928.619524,1732157928.621620,110.000000,0.000000,4298.077148,4289.102539,4314.871582,4299.615234,4288.717773,4276.794922,4334.871582,4401.282227,4292.820313,4280.000000,4485.384766,4518.717773,4350.384766,4413.846191,1546.000000,1.000000,22.000000,,,,0.000000,2.000000,2.000000,0.000000,4.000000,2.000000,2.000000,0.000000,0.000000,4.000000,4.000000,4.000000,4.000000,4.000000,4.000000,0.000000,,,,,,,,,,,,,,,,,,,,,,,,,,,,
1732157928.627333,1732157928.629428,111.000000,0.000000,4299.487305,4291.025879,4314.615234,4302.563965,4266.538574,4278.846191,4334.871582,4401.282227,4296.666504,4278.589844,4487.563965,4519.487305,4351.153809,4415.000000,1566.000000,1.000000,22.000000,,,,0.000000,2.000000,2.000000,0.000000,4.000000,2.000000,2.000000,0.000000,0.000000,4.000000,4.000000,4.000000,4.000000,4.000000,4.000000,0.000000,,,,,,,,,,,,,,,,,,,,,,,,,,,,
1732157928.635141,1732157928.637136,112.000000,0.000000,4297.307617,4290.000000,4315.256348,4302.307617,4256.666504,4281.666504,4334.871582,4399.615234,4301.410156,4287.179688,4486.025879,4516.538574,4352.436035,4413.077148,1701.000000,1.000000,22.000000,,,,0.000000,2.000000,2.000000,0.000000,4.000000,2.000000,2.000000,0.000000,0.000000,4.000000,4.000000,4.000000,4.000000,4.000000,4.000000,0.000000,,,,,,,,,,,,,,,,,28.000000,0.000000,0.499107,0.463013,-0.560486,0.471558,0.973752,-0.064949,-0.049322,-35.927376,44.986946,31.515839
1732157928.642949,1732157928.644944,113.000000,0.000000,4295.000000,4287.179688,4313.974121,4300.000000,4276.410156,4279.102539,4334.871582,4401.794922,4298.205078,4292.948730,4484.871582,4514.358887,4351.025879,4410.769043,1606.000000,1.000000,22.000000,,,,0.000000,2.000000,2.000000,0.000000,4.000000,2.000000,2.000000,0.000000,0.000000,4.000000,4.000000,4.000000,4.000000,4.000000,4.000000,0.000000,,,,,,,,,,,,,,,,,,,,,,,,,,,,
1732157928.650757,1732157928.652553,114.000000,0.000000,4296.666504,4291.538574,4312.563965,4305.000000,4298.846191,4278.589844,4334.871582,4402.563965,4296.153809,4286.666504,4485.512695,4516.025879,4348.717773,4411.153809,1546.000000,1.000000,22.000000,,,,0.000000,2.000000,2.000000,0.000000,4.000000,2.000000,2.000000,0.000000,0.000000,4.000000,4.000000,4.000000,4.000000,4.000000,4.000000,0.000000,,,,,,,,,,,,,,,,,,,,,,,,,,,,
1732157928.658565,1732157928.660361,115.000000,0.000000,4298.974121,4298.077148,4314.615234,4313.974121,4290.641113,4281.410156,4334.871582,4398.717773,4296.794922,4281.666504,4484.358887,4518.333496,4350.769043,4412.948730,1566.000000,1.000000,22.000000,,,,0.000000,2.000000,2.000000,0.000000,4.000000,2.000000,2.000000,0.000000,0.000000,4.000000,4.000000,4.000000,4.000000,4.000000,4.000000,0.000000,,,,,,,,,,,,,,,,,,,,,,,,,,,,
1732157928.666374,1732157928.668269,116.000000,0.000000,4297.436035,4295.512695,4314.743652,4312.436035,4273.589844,4281.794922,4334.871582,4398.974121,4297.820313,4287.179688,4482.692383,4513.461426,4351.410156,4411.794922,1701.000000,1.000000,22.000000,,,,0.000000,2.000000,2.000000,0.000000,4.000000,2.000000,2.000000,0.000000,0.000000,4.000000,4.000000,4.000000,4.000000,4.000000,4.000000,0.000000,,,,,,,,,,,,,,,,,29.000000,0.000000,0.499311,0.462524,-0.560913,0.471313,0.967403,-0.069833,-0.047369,-35.776176,45.077759,31.682829
1732157928.674182,1732157928.676077,117.000000,0.000000,4293.717773,4285.256348,4313.333496,4300.641113,4287.948730,4282.051270,4334.871582,4403.077148,4298.717773,4287.820313,4477.307617,4508.077148,4343.846191,4404.230957,1606.000000,1.000000,22.000000,,,,0.000000,2.000000,2.000000,0.000000,4.000000,2.000000,2.000000,0.000000,0.000000,4.000000,4.000000,4.000000,4.000000,4.000000,4.000000,0.000000,,,,,,,,,,,,,,,,,,,,,,,,,,,,
1732157928.681990,1732157928.683686,118.000000,0.000000,4292.820313,4281.538574,4313.846191,4298.974121,4300.512695,4284.230957,4334.871582,4401.794922,4297.436035,4277.692383,4473.717773,4504.230957,4341.282227,4398.717773,1546.000000,1.000000,22.000000,,,,0.000000,2.000000,2.000000,0.000000,4.000000,2.000000,2.000000,0.000000,0.000000,4.000000,4.000000,4.000000,4.000000,4.000000,4.000000,0.000000,,,,,,,,,,,,,,,,,,,,,,,,,,,,
1732157928.689798,1732157928.691494,119.000000,0.000000,4295.384766,4284.615234,4314.871582,4306.794922,4273.846191,4284.743652,4334.871582,4400.769043,4300.000000,4280.769043,4477.051270,4505.769043,4348.333496,4405.512695,1566.000000,1.000000,22.000000,,,,0.000000,2.000000,2.000000,0.000000,4.000000,2.000000,2.000000,0.000000,0.000000,4.000000,4.000000,4.000000,4.000000,4.000000,4.000000,0.000000,,,,,,,,,,,,,,,,,,,,,,,,,,,,
1732157928.697607,1732157928.699402,120.000000,0.000000,4296.666504,4285.512695,4315.000000,4305.641113,4262.179688,4282.692383,4334.871582,4402.948730,4307.051270,4290.256348,4479.358887,4509.743652,4353.077148,4415.128418,1701.000000,1.000000,22.000000,,,,0.000000,2.000000,2.000000,0.000000,4.000000,2.000000,2.000000,0.000000,0.000000,4.000000,4.000000,4.000000,4.000000,4.000000,4.000000,0.000000,,,,,,,,,,,,,,,,,30.000000,0.000000,0.499639,0.462036,-0.561279,0.471008,0.977170,-0.077646,-0.045904,-35.617035,44.997986,31.826426
1732157928.705415,1732157928.707210,121.000000,0.000000,4294.871582,4280.897461,4314.871582,4298.846191,4283.974121,4281.282227,4334.871582,4401.410156,4304.102539,4286.794922,4477.692383,4510.641113,4351.025879,4412.051270,1606.000000,1.000000,22.000000,,,,0.000000,2.000000,2.000000,0.000000,4.000000,2.000000,2.000000,0.000000,0.000000,4.000000,4.000000,4.000000,4.000000,4.000000,4.000000,0.000000,,,,,,,,,,,,,,,,,,,,,,,,,,,,
1732157928.713223,1732157928.715218,122.000000,0.000000,4293.205078,4279.487305,4315.897461,4298.846191,4282.820313,4281.538574,4334.871582,4399.615234,4295.769043,4285.384766,4479.230957,4508.333496,4348.717773,4405.641113,1546.000000,1.000000,22.000000,,,,0.000000,2.000000,2.000000,0.000000,4.000000,2.000000,2.000000,0.000000,0.000000,4.000000,4.000000,4.000000,4.000000,4.000000,4.000000,0.000000,,,,,,,,,,,,,,,,,,,,,,,,,,,,
1732157928.721032,1732157928.723027,123.000000,0.000000,4292.563965,4282.436035,4315.384766,4299.102539,4275.512695,4281.153809,4334.743652,4400.641113,4294.102539,4292.179688,4476.282227,4505.256348,4349.102539,4403.461426,1566.000000,1.000000,22.000000,,,,0.000000,2.000000,2.000000,0.000000,4.000000,2.000000,2.000000,0.000000,0.000000,4.000000,4.000000,4.000000,4.000000,4.000000,4.000000,0.000000,,,,,,,,,,,,,,,,,,,,,,,,,,,,
1732157928.728840,1732157928.730935,124.000000,0.000000,4292.820313,4281.666504,4315.769043,4294.487305,4294.358887,4281.153809,4334.743652,4401.410156,4295.512695,4295.256348,4475.384766,4504.871582,4349.487305,4403.077148,1701.000000,1.000000,22.000000,,,,0.000000,2.000000,2.000000,0.000000,4.000000,2.000000,2.000000,0.000000,0.000000,4.000000,4.000000,4.000000,4.000000,4.000000,4.000000,0.000000,,,,,,,,,,,,,,,,,31.000000,0.000000,0.499548,0.462158,-0.561157,0.471130,0.962031,-0.069833,-0.053717,-35.739799,45.010033,31.641071
1732157928.736648,1732157928.738743,125.000000,0.000000,4294.487305,4281.922852,4317.179688,4296.025879,4298.589844,4282.436035,4334.871582,4400.641113,4304.230957,4295.769043,4484.487305,4506.666504,4351.153809,4408.333496,1606.000000,1.000000,22.000000,,,,0.000000,2.000000,2.000000,0.000000,4.000000,2.000000,2.000000,0.000000,0.000000,4.000000,4.000000,4.000000,4.000000,4.000000,4.000000,0.000000,,,,,,,,,,,,,,,,,,,,,,,,,,,,
1732157928.744456,1732157928.746751,126.000000,0.000000,4296.282227,4283.717773,4314.487305,4302.051270,4277.436035,4281.922852,4334.615234,4400.384766,4313.205078,4298.077148,4489.358887,4508.717773,4351.282227,4414.487305,1546.000000,1.000000,22.000000,,,,0.000000,2.000000,2.000000,0.000000,4.000000,2.000000,2.000000,0.000000,0.000000,4.000000,4.000000,4.000000,4.000000,4.000000,4.000000,0.000000,,,,,,,,,,,,,,,,,,,,,,,,,,,,
1732157928.752264,1732157928.754559,127.000000,0.000000,4296.538574,4284.615234,4315.641113,4304.230957,4269.615234,4282.307617,4334.871582,4401.922852,4307.692383,4297.179688,4487.436035,4507.436035,4350.384766,4412.436035,22.000000,1.000000,22.000000,,,,0.000000,2.000000,2.000000,0.000000,4.000000,2.000000,2.000000,0.000000,0.000000,4.000000,4.000000,4.000000,4.000000,4.000000,4.000000,0.000000,,,,,,,,,,,,,,,,,,,,,,,,,,,,
1732157928.760073,1732157928.762467,0.000000,0.000000,4295.256348,4285.897461,4319.871582,4305.384766,4285.512695,4284.102539,4336.025879,4401.922852,4303.846191,4295.512695,4487.692383,4506.922852,4353.846191,4408.717773,0.000000,1.000000,22.000000,,,,0.000000,2.000000,2.000000,0.000000,4.000000,2.000000,2.000000,0.000000,0.000000,4.000000,4.000000,4.000000,4.000000,4.000000,4.000000,0.000000,,,,,,,,,,,,,,,,,0.000000,0.000000,0.499548,0.462158,-0.561157,0.471130,0.977658,-0.062996,-0.065926,-35.884235,45.103127,31.835934
1732157928.767881,1732157928.770275,1.000000,0.000000,4293.077148,4290.256348,4316.025879,4308.846191,4304.871582,4283.205078,4336.794922,4401.538574,4310.000000,4295.769043,4489.615234,4508.205078,4356.666504,4411.922852,1598.000000,1.000000,22.000000,,,,0.000000,2.000000,2.000000,0.000000,4.000000,2.000000,2.000000,0.000000,0.000000,4.000000,4.000000,4.000000,4.000000,4.000000,4.000000,0.000000,,,,,,,,,,,,,,,,,,,,,,,,,,,,
1732157928.775689,1732157928.778283,2.000000,0.000000,4296.025879,4292.820313,4310.641113,4310.384766,4301.410156,4280.256348,4336.794922,4401.538574,4308.846191,4291.922852,4488.461426,4507.436035,4355.128418,4414.230957,1366.000000,1.000000,22.000000,,,,0.000000,2.000000,2.000000,0.000000,4.000000,2.000000,2.000000,0.000000,0.000000,4.000000,4.000000,4.000000,4.000000,4.000000,4.000000,0.000000,,,,,,,,,,,,,,,,,,,,,,,,,,,,
1732157928.783497,1732157928.786092,3.000000,0.000000,4302.179688,4292.820313,4315.512695,4308.077148,4274.487305,4279.487305,4336.666504,4400.641113,4307.051270,4296.282227,4488.717773,4511.153809,4355.512695,4416.410156,1422.000000,1.000000,22.000000,,,,0.000000,2.000000,2.000000,0.000000,4.000000,2.000000,2.000000,0.000000,0.000000,4.000000,4.000000,4.000000,4.000000,4.000000,4.000000,0.000000,,,,,,,,,,,,,,,,,,,,,,,,,,,,
1732157928.791306,1732157928.794000,4.000000,0.000000,4303.974121,4293.205078,4319.615234,4308.333496,4262.948730,4280.256348,4336.538574,4399.871582,4312.692383,4305.384766,4490.000000,4521.410156,4360.128418,4423.974121,1427.000000,1.000000,22.000000,,,,0.000000,2.000000,2.000000,0.000000,4.000000,2.000000,2.000000,0.000000,0.000000,4.000000,4.000000,4.000000,4.000000,4.000000,4.000000,0.000000,,,,,,,,,,,,,,,,,1.000000,0.000000,0.499672,0.461914,-0.561401,0.470947,0.973752,-0.065438,-0.057136,-36.064564,45.053532,31.790440
1732157928.799114,1732157928.801808,5.000000,0.000000,4302.692383,4287.051270,4315.256348,4308.589844,4280.256348,4280.897461,4336.794922,4399.487305,4311.794922,4301.666504,4489.102539,4523.461426,4358.589844,4426.794922,1209.000000,1.000000,22.000000,,,,0.000000,2.000000,2.000000,0.000000,4.000000,2.000000,2.000000,0.000000,0.000000,4.000000,4.000000,4.000000,4.000000,4.000000,4.000000,0.000000,,,,,,,,,,,,,,,,,,,,,,,,,,,,
1732157928.806922,1732157928.809816,6.000000,0.000000,4304.743652,4280.256348,4314.358887,4303.333496,4284.487305,4283.461426,4336.666504,4400.000000,4307.307617,4293.717773,4489.487305,4520.000000,4354.871582,4426.153809,0.000000,1.000000,22.000000,,,,0.000000,2.000000,2.000000,0.000000,4.000000,2.000000,2.000000,0.000000,0.000000,4.000000,4.000000,4.000000,4.000000,4.000000,4.000000,0.000000,,,,,,,,,,,,,,,,,,,,,,,,,,,,
1732157928.814731,1732157928.817624,7.000000,0.000000,4304.871582,4281.922852,4316.666504,4299.102539,4276.538574,4284.230957,4334.871582,4401.666504,4308.717773,4294.615234,4489.358887,4523.333496,4356.282227,4427.179688,0.000000,1.000000,22.000000,,,,0.000000,2.000000,2.000000,0.000000,4.000000,2.000000,2.000000,0.000000,0.000000,4.000000,4.000000,4.000000,4.000000,4.000000,4.000000,0.000000,,,,,,,,,,,,,,,,,,,,,,,,,,,,
1732157928.822539,1732157928.825532,8.000000,0.000000,4299.102539,4284.358887,4317.051270,4299.102539,4294.230957,4281.282227,4333.589844,4401.538574,4308.846191,4295.512695,4487.692383,4518.846191,4356.538574,4426.153809,1534.000000,1.000000,22.000000,,,,0.000000,2.000000,2.000000,0.000000,4.000000,2.000000,2.000000,0.000000,0.000000,4.000000,4.000000,4.000000,4.000000,4.000000,4.000000,0.000000,,,,,,,,,,,,,,,,,2.000000,0.000000,0.499660,0.461853,-0.561462,0.470947,0.980588,-0.083995,-0.046392,-36.047298,44.930027,31.831923
1732157928.830347,1732157928.833340,9.000000,0.000000,4298.205078,4282.563965,4315.384766,4300.897461,4302.307617,4279.615234,4334.871582,4400.128418,4308.974121,4293.717773,4489.743652,4510.897461,4356.922852,4425.000000,1686.000000,1.000000,22.000000,,,,0.000000,2.000000,2.000000,0.000000,4.000000,2.000000,2.000000,0.000000,0.000000,4.000000,4.000000,4.000000,4.000000,4.000000,4.000000,0.000000,,,,,,,,,,,,,,,,,,,,,,,,,,,,
1732157928.838155,1732157928.841348,10.000000,0.000000,4304.871582,4282.307617,4314.487305,4301.282227,4275.384766,4282.563965,4336.282227,4400.256348,4310.641113,4296.025879,4492.820313,4516.794922,4359.487305,4427.051270,1544.000000,1.000000,22.000000,,,,0.000000,2.000000,2.000000,0.000000,4.000000,2.000000,2.000000,0.000000,0.000000,4.000000,4.000000,4.000000,4.000000,4.000000,4.000000,0.000000,,,,,,,,,,,,,,,,,,,,,,,,,,,,
1732157928.845963,1732157928.849157,11.000000,0.000000,4304.102539,4285.384766,4315.128418,4301.025879,4264.871582,4286.153809,4336.025879,4400.000000,4312.820313,4298.077148,4491.025879,4522.436035,4356.410156,4421.282227,1566.000000,1.000000,22.000000,,,,0.000000,2.000000,2.000000,0.000000,4.000000,2.000000,2.000000,0.000000,0.000000,4.000000,4.000000,4.000000,4.000000,4.000000,4.000000,0.000000,,,,,,,,,,,,,,,,,,,,,,,,,,,,
1732157928.853772,1732157928.857065,12.000000,0.000000,4297.692383,4286.922852,4315.641113,4303.205078,4284.487305,4285.000000,4335.512695,4399.102539,4313.205078,4296.922852,4488.846191,4516.153809,4353.461426,4414.358887,1701.000000,1.000000,22.000000,,,,0.000000,2.000000,2.000000,0.000000,4.000000,2.000000,2.000000,0.000000,0.000000,4.000000,4.000000,4.000000,4.000000,4.000000,4.000000,0.000000,,,,,,,,,,,,,,,,,3.000000,0.000000,0.499660,0.461853,-0.561462,0.470947,0.984007,-0.066903,-0.048834,-36.003311,44.694988,31.805525
1732157928.861580,1732157928.864873,13.000000,0.000000,4298.974121,4292.179688,4313.846191,4307.563965,4284.615234,4280.769043,4335.641113,4399.743652,4311.025879,4296.282227,4491.538574,4512.051270,4361.410156,4422.820313,1608.000000,1.000000,22.000000,,,,0.000000,2.000000,2.000000,0.000000,4.000000,2.000000,2.000000,0.000000,0.000000,4.000000,4.000000,4.000000,4.000000,4.000000,4.000000,0.000000,,,,,,,,,,,,,,,,,,,,,,,,,,,,
1732157928.869388,1732157928.872881,14.000000,0.000000,4303.461426,4295.128418,4315.641113,4307.051270,4275.512695,4280.128418,4335.769043,4400.769043,4308.461426,4296.538574,4493.846191,4518.205078,4366.282227,4430.256348,1544.000000,1.000000,22.000000,,,,0.000000,2.000000,2.000000,0.000000,4.000000,2.000000,2.000000,0.000000,0.000000,4.000000,4.000000,4.000000,4.000000,4.000000,4.000000,0.000000,1.000000,0.000000,0.000000,1.000000,0.000000,1.000000,1.000000,1.000000,0.000000,0.000000,4.000000,3.000000,4.000000,4.000000,1.000000,4.000000,,,,,,,,,,,,
1732157928.877196,1732157928.880689,15.000000,0.000000,4304.102539,4286.794922,4317.820313,4298.717773,4294.615234,4281.410156,4335.641113,4400.128418,4306.410156,4296.025879,4491.794922,4517.948730,4358.846191,4425.769043,1566.000000,1.000000,22.000000,,,,0.000000,2.000000,2.000000,0.000000,4.000000,2.000000,2.000000,0.000000,0.000000,4.000000,4.000000,4.000000,4.000000,4.000000,4.000000,0.000000,,,,,,,,,,,,,,,,,,,,,,,,,,,,
1732157928.885005,1732157928.888597,16.000000,0.000000,4302.051270,4279.230957,4315.128418,4296.153809,4299.230957,4279.230957,4335.641113,4399.743652,4305.769043,4293.846191,4490.512695,4513.974121,4353.974121,4426.153809,0.000000,1.000000,22.000000,,,,0.000000,2.000000,2.000000,0.000000,4.000000,2.000000,2.000000,0.000000,0.000000,4.000000,4.000000,4.000000,4.000000,4.000000,4.000000,0.000000,,,,,,,,,,,,,,,,,4.000000,0.000000,0.499946,0.461731,-0.561462,0.470764,0.963985,-0.060066,-0.059089,-36.112682,44.541275,31.750809
1732157928.892813,1732157928.896406,17.000000,0.000000,4298.333496,4284.102539,4314.358887,4301.666504,4273.974121,4282.307617,4335.769043,4401.794922,4309.743652,4295.128418,4491.666504,4518.077148,4357.692383,4429.358887,0.000000,1.000000,22.000000,,,,0.000000,2.000000,2.000000,0.000000,4.000000,2.000000,2.000000,0.000000,0.000000,4.000000,4.000000,4.000000,4.000000,4.000000,4.000000,0.000000,,,,,,,,,,,,,,,,,,,,,,,,,,,,
1732157928.900621,1732157928.904214,18.000000,0.000000,4295.128418,4288.974121,4314.358887,4303.333496,4265.641113,4288.077148,4335.641113,4402.563965,4312.051270,4297.179688,4492.179688,4523.461426,4357.307617,4419.871582,0.000000,1.000000,22.000000,,,,0.000000,2.000000,2.000000,0.000000,4.000000,2.000000,2.000000,0.000000,0.000000,4.000000,4.000000,4.000000,4.000000,4.000000,4.000000,0.000000,,,,,,,,,,,,,,,,,,,,,,,,,,,,
1732157928.908430,1732157928.912022,19.000000,0.000000,4293.717773,4284.743652,4312.692383,4301.282227,4289.615234,4285.641113,4335.384766,4400.769043,4307.563965,4296.025879,4489.487305,4514.743652,4351.538574,4410.256348,0.000000,1.000000,22.000000,,,,0.000000,2.000000,2.000000,0.000000,4.000000,2.000000,2.000000,0.000000,0.000000,4.000000,4.000000,4.000000,4.000000,4.000000,4.000000,0.000000,,,,,,,,,,,,,,,,,,,,,,,,,,,,
1732157928.916238,1732157928.919730,20.000000,0.000000,4293.333496,4280.384766,4315.000000,4301.025879,4302.820313,4281.153809,4336.025879,4401.282227,4304.230957,4292.179688,4486.922852,4510.641113,4350.000000,4411.282227,0.000000,1.000000,22.000000,,,,0.000000,2.000000,2.000000,0.000000,4.000000,2.000000,2.000000,0.000000,0.000000,4.000000,4.000000,4.000000,4.000000,4.000000,4.000000,0.000000,,,,,,,,,,,,,,,,,5.000000,0.000000,0.500002,0.461670,-0.561462,0.470764,0.978635,-0.068368,-0.052741,-36.119606,44.245098,31.699821
1732157928.924046,1732157928.927538,21.000000,0.000000,4295.512695,4282.820313,4317.820313,4303.846191,4279.743652,4281.410156,4335.641113,4402.179688,4302.948730,4288.589844,4487.436035,4518.461426,4351.025879,4412.948730,0.000000,1.000000,22.000000,,,,0.000000,2.000000,2.000000,0.000000,4.000000,2.000000,2.000000,0.000000,0.000000,4.000000,4.000000,4.000000,4.000000,4.000000,4.000000,0.000000,,,,,,,,,,,,,,,,,,,,,,,,,,,,
1732157928.931854,1732157928.935147,22.000000,0.000000,4297.820313,4287.179688,4315.512695,4306.153809,4264.358887,4282.051270,4333.846191,4401.025879,4305.641113,4289.871582,4488.974121,4514.487305,4351.282227,4412.179688,0.000000,1.000000,22.000000,,,,0.000000,2.000000,2.000000,0.000000,4.000000,2.000000,2.000000,0.000000,0.000000,4.000000,4.000000,4.000000,4.000000,4.000000,4.000000,0.000000,,,,,,,,,,,,,,,,,,,,,,,,,,,,
1732157928.939662,1732157928.942955,23.000000,0.000000,4296.153809,4288.333496,4314.487305,4305.384766,4277.563965,4282.436035,4334.102539,4402.051270,4310.769043,4291.410156,4488.846191,4511.922852,4351.025879,4414.102539,0.000000,1.000000,22.000000,,,,0.000000,2.000000,2.000000,0.000000,4.000000,2.000000,2.000000,0.000000,0.000000,4.000000,4.000000,4.000000,4.000000,4.000000,4.000000,0.000000,,,,,,,,,,,,,,,,,,,,,,,,,,,,
1732157928.947471,1732157928.950863,24.000000,0.000000,4298.333496,4288.974121,4316.538574,4306.794922,4288.589844,4281.794922,4335.897461,4403.205078,4301.666504,4283.717773,4487.692383,4520.897461,4351.282227,4416.666504,0.000000,1.000000,22.000000,,,,0.000000,2.000000,2.000000,0.000000,4.000000,2.000000,2.000000,0.000000,0.000000,4.000000,4.000000,4.000000,4.000000,4.000000,4.000000,0.000000,,,,,,,,,,,,,,,,,6.000000,0.000000,0.499944,0.461670,-0.561462,0.470825,0.975217,-0.067391,-0.063484,-36.081882,44.261864,31.615189
1732157928.955279,1732157928.958671,25.000000,0.000000,4301.025879,4288.333496,4316.666504,4306.153809,4277.692383,4277.051270,4334.871582,4402.179688,4293.846191,4279.487305,4488.333496,4525.512695,4350.769043,4416.666504,0.000000,1.000000,22.000000,,,,0.000000,2.000000,2.000000,0.000000,4.000000,2.000000,2.000000,0.000000,0.000000,4.000000,4.000000,4.000000,4.000000,4.000000,4.000000,0.000000,,,,,,,,,,,,,,,,,,,,,,,,,,,,
1732157928.963087,1732157928.966280,26.000000,0.000000,4297.051270,4281.025879,4316.025879,4302.051270,4276.282227,4274.487305,4333.461426,4402.692383,4306.025879,4289.230957,4489.102539,4522.436035,4350.897461,4416.153809,0.000000,1.000000,22.000000,,,,0.000000,2.000000,2.000000,0.000000,4.000000,2.000000,2.000000,0.000000,0.000000,4.000000,4.000000,4.000000,4.000000,4.000000,4.000000,0.000000,,,,,,,,,,,,,,,,,,,,,,,,,,,,
1732157928.970895,1732157928.974088,27.000000,0.000000,4293.846191,4280.128418,4317.307617,4300.897461,4296.410156,4279.230957,4333.461426,4402.179688,4308.717773,4291.666504,4487.948730,4519.487305,4352.051270,4415.897461,0.000000,1.000000,22.000000,,,,0.000000,2.000000,2.000000,0.000000,4.000000,2.000000,2.000000,0.000000,0.000000,4.000000,4.000000,4.000000,4.000000,4.000000,4.000000,0.000000,,,,,,,,,,,,,,,,,,,,,,,,,,,,
1732157928.978704,1732157928.981796,28.000000,0.000000,4296.794922,4288.717773,4317.436035,4305.897461,4300.512695,4284.871582,4333.077148,4401.538574,4297.820313,4288.333496,4487.820313,4520.384766,4351.410156,4415.769043,0.000000,1.000000,22.000000,,,,0.000000,2.000000,2.000000,0.000000,4.000000,2.000000,2.000000,0.000000,0.000000,4.000000,4.000000,4.000000,4.000000,4.000000,4.000000,0.000000,,,,,,,,,,,,,,,,,7.000000,0.000000,0.499944,0.461670,-0.561462,0.470825,0.975217,-0.067391,-0.063484,-36.111324,44.380444,31.606636
1732157928.986512,1732157928.989605,29.000000,0.000000,4299.102539,4290.000000,4317.948730,4310.641113,4282.948730,4286.025879,4335.128418,4404.230957,4298.589844,4292.307617,4487.820313,4520.769043,4351.410156,4416.410156,0.000000,1.000000,22.000000,,,,0.000000,2.000000,2.000000,0.000000,4.000000,2.000000,2.000000,0.000000,0.000000,4.000000,4.000000,4.000000,4.000000,4.000000,4.000000,0.000000,,,,,,,,,,,,,,,,,,,,,,,,,,,,
1732157928.994320,1732157928.997213,30.000000,0.000000,4297.820313,4286.794922,4315.641113,4311.282227,4274.230957,4286.794922,4337.051270,4404.487305,4301.922852,4289.871582,4487.179688,4518.846191,4351.410156,4414.871582,0.000000,1.000000,22.000000,,,,0.000000,2.000000,2.000000,0.000000,4.000000,2.000000,2.000000,0.000000,0.000000,4.000000,4.000000,4.000000,4.000000,4.000000,4.000000,0.000000,,,,,,,,,,,,,,,,,,,,,,,,,,,,
1732157929.002128,1732157929.005021,31.000000,0.000000,4296.922852,4285.641113,4313.205078,4311.282227,4285.512695,4287.307617,4335.128418,4401.666504,4297.820313,4280.897461,4488.077148,4517.051270,4351.410156,4412.692383,0.000000,1.000000,22.000000,,,,0.000000,2.000000,2.000000,0.000000,4.000000,2.000000,2.000000,0.000000,0.000000,4.000000,4.000000,4.000000,4.000000,4.000000,4.000000,0.000000,,,,,,,,,,,,,,,,,,,,,,,,,,,,
1732157929.009937,1732157929.012729,32.000000,0.000000,4298.205078,4283.974121,4314.871582,4310.128418,4299.743652,4282.948730,4334.487305,4401.410156,4295.384766,4280.512695,4485.384766,4516.410156,4351.794922,4412.820313,0.000000,1.000000,22.000000,,,,0.000000,2.000000,2.000000,0.000000,4.000000,2.000000,2.000000,0.000000,0.000000,4.000000,4.000000,4.000000,4.000000,4.000000,4.000000,0.000000,,,,,,,,,,,,,,,,,8.000000,0.000000,0.500227,0.461304,-0.561768,0.470520,0.975217,-0.066903,-0.057624,-36.111839,44.631493,31.624708
1732157929.017745,1732157929.020538,33.000000,0.000000,4297.307617,4284.743652,4317.307617,4310.769043,4293.461426,4278.717773,4335.897461,4400.897461,4296.666504,4286.538574,4482.051270,4513.333496,4350.897461,4412.436035,0.000000,1.000000,22.000000,,,,0.000000,2.000000,2.000000,0.000000,4.000000,2.000000,2.000000,0.000000,0.000000,4.000000,4.000000,4.000000,4.000000,4.000000,4.000000,0.000000,,,,,,,,,,,,,,,,,,,,,,,,,,,,
1732157929.025553,1732157929.028546,34.000000,0.000000,4295.769043,4283.846191,4317.692383,4310.256348,4273.205078,4279.102539,4335.384766,4400.000000,4303.589844,4291.025879,4486.025879,4516.666504,4352.051270,4412.436035,0.000000,1.000000,22.000000,,,,0.000000,2.000000,2.000000,0.000000,4.000000,2.000000,2.000000,0.000000,0.000000,4.000000,4.000000,4.000000,4.000000,4.000000,4.000000,0.000000,,,,,,,,,,,,,,,,,,,,,,,,,,,,
1732157929.033361,1732157929.036354,35.000000,0.000000,4301.538574,4281.666504,4316.282227,4307.692383,4263.589844,4278.205078,4335.384766,4401.410156,4311.025879,4295.128418,4492.307617,4524.743652,4355.256348,4420.641113,0.000000,1.000000,22.000000,,,,0.000000,2.000000,2.000000,0.000000,4.000000,2.000000,2.000000,0.000000,0.000000,4.000000,4.000000,4.000000,4.000000,4.000000,4.000000,0.000000,,,,,,,,,,,,,,,,,,,,,,,,,,,,
1732157929.041170,1732157929.044262,36.000000,0.000000,4304.871582,4281.025879,4315.384766,4307.820313,4274.871582,4276.153809,4335.641113,4403.077148,4310.641113,4297.179688,4492.051270,4523.461426,4357.307617,4425.128418,0.000000,1.000000,22.000000,,,,0.000000,2.000000,2.000000,0.000000,4.000000,2.000000,2.000000,0.000000,0.000000,4.000000,4.000000,4.000000,4.000000,4.000000,4.000000,0.000000,,,,,,,,,,,,,,,,,9.000000,0.000000,0.500182,0.461365,-0.561707,0.470581,0.975217,-0.064461,-0.053229,-36.040588,44.596508,31.569347
1732157929.048978,1732157929.052070,37.000000,0.000000,4299.230957,4282.307617,4312.948730,4306.922852,4291.410156,4277.436035,4334.102539,4403.077148,4313.077148,4298.333496,4489.358887,4520.000000,4355.769043,4417.948730,0.000000,1.000000,22.000000,,,,0.000000,2.000000,2.000000,0.000000,4.000000,2.000000,2.000000,0.000000,0.000000,4.000000,4.000000,4.000000,4.000000,4.000000,4.000000,0.000000,,,,,,,,,,,,,,,,,,,,,,,,,,,,
1732157929.056786,1732157929.060078,38.000000,0.000000,4296.153809,4282.436035,4310.897461,4307.820313,4292.436035,4278.589844,4334.871582,4402.307617,4309.615234,4296.153809,4488.717773,4523.077148,4353.589844,4414.871582,0.000000,1.000000,22.000000,,,,0.000000,2.000000,2.000000,0.000000,4.000000,2.000000,2.000000,0.000000,0.000000,4.000000,4.000000,4.000000,4.000000,4.000000,4.000000,0.000000,,,,,,,,,,,,,,,,,,,,,,,,,,,,
1732157929.064594,1732157929.067886,39.000000,0.000000,4297.563965,4282.051270,4313.333496,4308.717773,4283.077148,4279.487305,4336.153809,4402.436035,4296.153809,4290.769043,4488.205078,4523.589844,4353.846191,4417.563965,0.000000,1.000000,22.000000,,,,0.000000,2.000000,2.000000,0.000000,4.000000,2.000000,2.000000,0.000000,0.000000,4.000000,4.000000,4.000000,4.000000,4.000000,4.000000,0.000000,,,,,,,,,,,,,,,,,,,,,,,,,,,,
1732157929.072403,1732157929.075795,40.000000,0.000000,4295.000000,4281.025879,4316.666504,4306.922852,4273.205078,4282.436035,4335.769043,4403.077148,4297.692383,4292.820313,4488.846191,4524.102539,4352.692383,4415.897461,0.000000,1.000000,22.000000,,,,0.000000,2.000000,2.000000,0.000000,4.000000,2.000000,2.000000,0.000000,0.000000,4.000000,4.000000,4.000000,4.000000,4.000000,4.000000,0.000000,,,,,,,,,,,,,,,,,10.000000,0.000000,0.500182,0.461365,-0.561707,0.470581,0.975217,-0.064461,-0.053229,-36.001209,44.483173,31.492838
1732157929.080211,1732157929.083603,41.000000,0.000000,4295.000000,4282.692383,4316.025879,4306.025879,4276.794922,4287.051270,4335.897461,4400.897461,4310.897461,4296.538574,4490.000000,4525.256348,4350.769043,4413.077148,0.000000,1.000000,22.000000,,,,0.000000,2.000000,2.000000,0.000000,4.000000,2.000000,2.000000,0.000000,0.000000,4.000000,4.000000,4.000000,4.000000,4.000000,4.000000,0.000000,,,,,,,,,,,,,,,,,,,,,,,,,,,,
1732157929.088019,1732157929.091211,42.000000,0.000000,4298.205078,4287.179688,4315.897461,4303.589844,4292.307617,4285.384766,4334.871582,4401.922852,4311.538574,4291.666504,4488.846191,4522.307617,4350.256348,4411.538574,0.000000,1.000000,22.000000,,,,0.000000,2.000000,2.000000,0.000000,4.000000,2.000000,2.000000,0.000000,0.000000,4.000000,4.000000,4.000000,4.000000,4.000000,4.000000,0.000000,,,,,,,,,,,,,,,,,,,,,,,,,,,,
1732157929.095827,1732157929.099019,43.000000,0.000000,4296.794922,4287.307617,4315.897461,4303.717773,4293.333496,4281.922852,4333.461426,4406.666504,4307.948730,4290.769043,4485.897461,4519.743652,4350.512695,4409.615234,0.000000,1.000000,22.000000,,,,0.000000,2.000000,2.000000,0.000000,4.000000,2.000000,2.000000,0.000000,0.000000,4.000000,4.000000,4.000000,4.000000,4.000000,4.000000,0.000000,,,,,,,,,,,,,,,,,,,,,,,,,,,,
1732157929.103636,1732157929.106728,44.000000,0.000000,4295.897461,4287.563965,4315.000000,4309.871582,4276.794922,4285.000000,4334.743652,4406.153809,4311.025879,4297.179688,4487.563965,4522.436035,4351.410156,4410.512695,0.000000,1.000000,22.000000,,,,0.000000,2.000000,2.000000,0.000000,4.000000,2.000000,2.000000,0.000000,0.000000,4.000000,4.000000,4.000000,4.000000,4.000000,4.000000,0.000000,,,,,,,,,,,,,,,,,11.000000,0.000000,0.500227,0.461304,-0.561768,0.470520,0.975217,-0.069833,-0.051276,-36.052647,44.624702,31.525866
1732157929.111444,1732157929.114536,45.000000,0.000000,4296.794922,4290.128418,4316.025879,4312.948730,4268.717773,4285.256348,4334.358887,4401.025879,4310.384766,4295.384766,4490.769043,4520.000000,4351.538574,4412.563965,0.000000,1.000000,22.000000,,,,0.000000,2.000000,2.000000,0.000000,4.000000,2.000000,2.000000,0.000000,0.000000,4.000000,4.000000,4.000000,4.000000,4.000000,4.000000,0.000000,,,,,,,,,,,,,,,,,,,,,,,,,,,,
1732157929.119252,1732157929.122544,46.000000,0.000000,4295.000000,4288.717773,4318.846191,4308.974121,4283.333496,4280.000000,4332.692383,4400.128418,4307.563965,4290.128418,4483.974121,4510.000000,4348.717773,4411.025879,0.000000,1.000000,22.000000,,,,0.000000,2.000000,2.000000,0.000000,4.000000,2.000000,2.000000,0.000000,0.000000,4.000000,4.000000,4.000000,4.000000,4.000000,4.000000,0.000000,,,,,,,,,,,,,,,,,,,,,,,,,,,,
1732157929.127060,1732157929.130352,47.000000,0.000000,4293.717773,4289.487305,4316.153809,4308.974121,4284.743652,4283.333496,4334.102539,4400.897461,4310.256348,4294.230957,4480.256348,4505.769043,4348.077148,4410.128418,0.000000,1.000000,22.000000,,,,0.000000,2.000000,2.000000,0.000000,4.000000,2.000000,2.000000,0.000000,0.000000,4.000000,4.000000,4.000000,4.000000,4.000000,4.000000,0.000000,,,,,,,,,,,,,,,,,,,,,,,,,,,,
1732157929.134869,1732157929.138260,48.000000,0.000000,4295.641113,4293.077148,4313.589844,4311.410156,4277.307617,4289.358887,4335.128418,4400.512695,4312.692383,4297.692383,4487.179688,4510.769043,4352.820313,4410.897461,0.000000,1.000000,22.000000,,,,0.000000,2.000000,2.000000,0.000000,4.000000,2.000000,2.000000,0.000000,0.000000,4.000000,4.000000,4.000000,4.000000,4.000000,4.000000,0.000000,,,,,,,,,,,,,,,,,12.000000,0.000000,0.500091,0.461487,-0.561584,0.470703,0.986449,-0.074716,-0.046392,-35.960979,44.872677,31.502617
1732157929.142677,1732157929.146068,49.000000,0.000000,4297.563965,4293.077148,4314.615234,4309.358887,4297.051270,4282.820313,4333.589844,4401.666504,4312.820313,4295.256348,4489.871582,4511.794922,4351.922852,4411.538574,0.000000,1.000000,22.000000,,,,0.000000,2.000000,2.000000,0.000000,4.000000,2.000000,2.000000,0.000000,0.000000,4.000000,4.000000,4.000000,4.000000,4.000000,4.000000,0.000000,,,,,,,,,,,,,,,,,,,,,,,,,,,,
1732157929.150485,1732157929.154076,50.000000,0.000000,4298.333496,4291.025879,4315.897461,4309.615234,4306.282227,4279.743652,4333.974121,4401.282227,4310.769043,4294.871582,4486.025879,4512.563965,4349.487305,4414.358887,0.000000,1.000000,22.000000,,,,0.000000,2.000000,2.000000,0.000000,4.000000,2.000000,2.000000,0.000000,0.000000,4.000000,4.000000,4.000000,4.000000,4.000000,4.000000,0.000000,,,,,,,,,,,,,,,,,,,,,,,,,,,,
1732157929.158293,1732157929.161885,51.000000,0.000000,4298.461426,4294.358887,4317.179688,4312.307617,4282.820313,4288.077148,4336.025879,4401.538574,4305.256348,4296.410156,4487.820313,4516.410156,4353.077148,4416.922852,0.000000,1.000000,22.000000,,,,0.000000,2.000000,2.000000,0.000000,4.000000,2.000000,2.000000,0.000000,0.000000,4.000000,4.000000,4.000000,4.000000,4.000000,4.000000,0.000000,,,,,,,,,,,,,,,,,,,,,,,,,,,,
1732157929.166102,1732157929.169793,52.000000,0.000000,4297.692383,4295.769043,4315.256348,4312.307617,4269.743652,4290.641113,4336.666504,4404.358887,4296.666504,4293.333496,4488.846191,4515.000000,4351.282227,4415.384766,0.000000,1.000000,22.000000,,,,0.000000,2.000000,2.000000,0.000000,4.000000,2.000000,2.000000,0.000000,0.000000,4.000000,4.000000,4.000000,4.000000,4.000000,4.000000,0.000000,,,,,,,,,,,,,,,,,13.000000,0.000000,0.499932,0.461609,-0.561523,0.470825,0.971310,-0.079600,-0.058601,-36.221725,44.738533,31.248787
1732157929.173910,1732157929.177601,53.000000,0.000000,4296.922852,4286.794922,4311.538574,4306.153809,4280.641113,4282.307617,4336.410156,4403.205078,4295.256348,4290.000000,4480.512695,4509.743652,4347.820313,4415.000000,0.000000,1.000000,22.000000,,,,0.000000,2.000000,2.000000,0.000000,4.000000,2.000000,2.000000,0.000000,0.000000,4.000000,4.000000,4.000000,4.000000,4.000000,4.000000,0.000000,,,,,,,,,,,,,,,,,,,,,,,,,,,,
1732157929.181718,1732157929.185609,54.000000,0.000000,4296.538574,4280.769043,4311.666504,4301.025879,4277.692383,4277.820313,4336.282227,4400.897461,4304.230957,4291.794922,4476.922852,4516.282227,4349.871582,4421.282227,0.000000,1.000000,22.000000,,,,0.000000,2.000000,2.000000,0.000000,4.000000,2.000000,2.000000,0.000000,0.000000,4.000000,4.000000,4.000000,4.000000,4.000000,4.000000,0.000000,,,,,,,,,,,,,,,,,,,,,,,,,,,,
1732157929.189526,1732157929.193417,55.000000,0.000000,4296.410156,4284.230957,4314.487305,4303.717773,4277.436035,4280.128418,4337.051270,4403.461426,4304.615234,4288.846191,4480.897461,4522.307617,4346.794922,4422.692383,0.000000,1.000000,22.000000,,,,0.000000,2.000000,2.000000,0.000000,4.000000,2.000000,2.000000,0.000000,0.000000,4.000000,4.000000,4.000000,4.000000,4.000000,4.000000,0.000000,,,,,,,,,,,,,,,,,,,,,,,,,,,,
1732157929.197335,1732157929.201325,56.000000,0.000000,4297.307617,4289.487305,4314.743652,4305.897461,4295.128418,4278.717773,4336.153809,4403.974121,4295.769043,4280.641113,4480.512695,4513.846191,4343.846191,4416.922852,0.000000,1.000000,22.000000,,,,0.000000,2.000000,2.000000,0.000000,4.000000,2.000000,2.000000,0.000000,0.000000,4.000000,4.000000,4.000000,4.000000,4.000000,4.000000,0.000000,,,,,,,,,,,,,,,,,14.000000,0.000000,0.499953,0.461426,-0.561707,0.470764,0.980100,-0.080088,-0.060554,-36.052929,45.009880,31.328184
1732157929.205143,1732157929.209133,57.000000,0.000000,4299.230957,4286.794922,4316.282227,4305.512695,4284.615234,4277.179688,4333.717773,4399.615234,4294.871582,4279.102539,4476.794922,4508.205078,4348.461426,4414.230957,0.000000,1.000000,22.000000,,,,0.000000,2.000000,2.000000,0.000000,4.000000,2.000000,2.000000,0.000000,0.000000,4.000000,4.000000,4.000000,4.000000,4.000000,4.000000,0.000000,,,,,,,,,,,,,,,,,,,,,,,,,,,,
1732157929.212951,1732157929.217141,58.000000,0.000000,4290.384766,4280.512695,4316.153809,4303.846191,4262.051270,4282.051270,4333.589844,4399.871582,4299.102539,4281.794922,4475.384766,4509.615234,4347.051270,4410.256348,0.000000,1.000000,22.000000,,,,0.000000,2.000000,2.000000,0.000000,4.000000,2.000000,2.000000,0.000000,0.000000,4.000000,4.000000,4.000000,4.000000,4.000000,4.000000,0.000000,,,,,,,,,,,,,,,,,,,,,,,,,,,,
1732157929.220760,1732157929.224950,59.000000,0.000000,4280.897461,4279.615234,4310.897461,4299.487305,4263.974121,4283.846191,4335.000000,4401.538574,4300.384766,4280.769043,4475.000000,4506.410156,4337.820313,4403.461426,0.000000,1.000000,22.000000,,,,0.000000,2.000000,2.000000,0.000000,4.000000,2.000000,2.000000,0.000000,0.000000,4.000000,4.000000,4.000000,4.000000,4.000000,4.000000,0.000000,,,,,,,,,,,,,,,,,,,,,,,,,,,,
1732157929.228568,1732157929.232658,60.000000,0.000000,4286.922852,4281.153809,4310.256348,4295.769043,4279.102539,4281.282227,4334.871582,4399.487305,4301.666504,4279.102539,4475.128418,4504.358887,4334.743652,4402.692383,0.000000,1.000000,22.000000,,,,0.000000,2.000000,2.000000,0.000000,4.000000,2.000000,2.000000,0.000000,0.000000,4.000000,4.000000,4.000000,4.000000,4.000000,4.000000,0.000000,,,,,,,,,,,,,,,,,15.000000,0.000000,0.500144,0.461121,-0.561890,0.470642,0.978147,-0.066414,-0.058113,-36.034542,45.044670,31.565828
1732157929.236376,1732157929.240466,61.000000,0.000000,4290.256348,4281.025879,4316.794922,4294.871582,4290.641113,4282.820313,4333.974121,4399.871582,4306.282227,4280.512695,4474.230957,4506.153809,4336.153809,4403.333496,0.000000,1.000000,22.000000,,,,0.000000,2.000000,2.000000,0.000000,4.000000,2.000000,2.000000,0.000000,0.000000,4.000000,4.000000,4.000000,4.000000,4.000000,4.000000,0.000000,,,,,,,,,,,,,,,,,,,,,,,,,,,,
1732157929.244184,1732157929.248474,62.000000,0.000000,4281.410156,4281.410156,4318.717773,4295.512695,4282.563965,4283.974121,4334.358887,4402.051270,4311.025879,4286.538574,4478.077148,4505.128418,4343.974121,4402.563965,0.000000,1.000000,22.000000,,,,0.000000,2.000000,2.000000,0.000000,4.000000,2.000000,2.000000,0.000000,0.000000,4.000000,4.000000,4.000000,4.000000,4.000000,4.000000,0.000000,,,,,,,,,,,,,,,,,,,,,,,,,,,,
1732157929.251992,1732157929.256282,63.000000,0.000000,4279.615234,4281.410156,4315.128418,4298.461426,4258.974121,4281.153809,4334.487305,4402.051270,4310.897461,4296.538574,4487.948730,4508.333496,4350.769043,4408.461426,0.000000,1.000000,22.000000,,,,0.000000,2.000000,2.000000,0.000000,4.000000,2.000000,2.000000,0.000000,0.000000,4.000000,4.000000,4.000000,4.000000,4.000000,4.000000,0.000000,,,,,,,,,,,,,,,,,,,,,,,,,,,,
1732157929.259801,1732157929.263991,64.000000,0.000000,4284.102539,4279.102539,4313.974121,4298.333496,4263.846191,4280.769043,4334.358887,4400.256348,4300.641113,4294.358887,4489.230957,4513.974121,4345.512695,4414.487305,0.000000,1.000000,22.000000,,,,0.000000,2.000000,2.000000,0.000000,4.000000,2.000000,2.000000,0.000000,0.000000,4.000000,4.000000,4.000000,4.000000,4.000000,4.000000,0.000000,,,,,,,,,,,,,,,,,16.000000,0.000000,0.500222,0.460938,-0.562073,0.470520,0.988402,-0.072763,-0.056159,-36.171310,44.979515,31.543322
1732157929.267609,1732157929.271799,65.000000,0.000000,4282.948730,4279.487305,4314.871582,4295.128418,4289.102539,4278.974121,4334.358887,4402.051270,4292.563965,4281.794922,4484.487305,4511.794922,4344.230957,4411.410156,1598.000000,1.000000,22.000000,,,,0.000000,2.000000,2.000000,0.000000,4.000000,2.000000,2.000000,0.000000,0.000000,4.000000,4.000000,4.000000,4.000000,4.000000,4.000000,0.000000,,,,,,,,,,,,,,,,,,,,,,,,,,,,
1732157929.275417,1732157929.279807,66.000000,0.000000,4285.128418,4280.769043,4314.743652,4295.128418,4279.358887,4274.871582,4334.358887,4404.871582,4297.692383,4283.333496,4487.051270,4509.358887,4350.384766,4411.025879,1366.000000,1.000000,22.000000,,,,0.000000,2.000000,2.000000,0.000000,4.000000,2.000000,2.000000,0.000000,0.000000,4.000000,4.000000,4.000000,4.000000,4.000000,4.000000,0.000000,,,,,,,,,,,,,,,,,,,,,,,,,,,,
1732157929.283225,1732157929.287615,67.000000,0.000000,4291.538574,4281.666504,4311.922852,4297.820313,4255.769043,4276.794922,4334.358887,4405.769043,4303.205078,4295.641113,4491.282227,4515.000000,4352.563965,4416.025879,1422.000000,1.000000,22.000000,,,,0.000000,2.000000,2.000000,0.000000,4.000000,2.000000,2.000000,0.000000,0.000000,4.000000,4.000000,4.000000,4.000000,4.000000,4.000000,0.000000,,,,,,,,,,,,,,,,,,,,,,,,,,,,
1732157929.291034,1732157929.295323,68.000000,0.000000,4290.128418,4282.820313,4311.153809,4298.077148,4256.538574,4280.512695,4334.358887,4406.410156,4301.666504,4293.846191,4491.025879,4517.692383,4351.666504,4418.333496,1434.000000,1.000000,22.000000,,,,0.000000,2.000000,2.000000,0.000000,4.000000,2.000000,2.000000,0.000000,0.000000,4.000000,4.000000,4.000000,4.000000,4.000000,4.000000,0.000000,,,,,,,,,,,,,,,,,17.000000,0.000000,0.500119,0.460999,-0.562012,0.470642,0.969845,-0.074228,-0.057624,-36.237095,44.851742,31.555090
1732157929.298842,1732157929.303132,69.000000,0.000000,4286.025879,4280.128418,4315.384766,4294.743652,4278.461426,4278.974121,4334.358887,4405.384766,4293.846191,4280.384766,4489.743652,4512.436035,4350.512695,4416.410156,1205.000000,1.000000,22.000000,,,,0.000000,2.000000,2.000000,0.000000,4.000000,2.000000,2.000000,0.000000,0.000000,4.000000,4.000000,4.000000,4.000000,4.000000,4.000000,0.000000,,,,,,,,,,,,,,,,,,,,,,,,,,,,
1732157929.306650,1732157929.310740,70.000000,0.000000,4289.615234,4278.461426,4317.051270,4294.871582,4285.641113,4279.102539,4334.358887,4402.307617,4294.102539,4281.410156,4487.051270,4509.358887,4347.692383,4414.615234,0.000000,1.000000,22.000000,,,,0.000000,2.000000,2.000000,0.000000,4.000000,2.000000,2.000000,0.000000,0.000000,4.000000,4.000000,4.000000,4.000000,4.000000,4.000000,0.000000,,,,,,,,,,,,,,,,,,,,,,,,,,,,
1732157929.314458,1732157929.318548,71.000000,0.000000,4295.384766,4283.974121,4314.230957,4299.358887,4263.589844,4280.897461,4334.358887,4400.128418,4304.871582,4295.000000,4486.538574,4514.615234,4348.589844,4416.538574,0.000000,1.000000,22.000000,,,,0.000000,2.000000,2.000000,0.000000,4.000000,2.000000,2.000000,0.000000,0.000000,4.000000,4.000000,4.000000,4.000000,4.000000,4.000000,0.000000,,,,,,,,,,,,,,,,,,,,,,,,,,,,
1732157929.322267,1732157929.326257,72.000000,0.000000,4295.256348,4285.384766,4314.615234,4300.256348,4264.743652,4277.948730,4334.358887,4400.641113,4305.512695,4296.922852,4489.743652,4517.436035,4351.153809,4418.333496,1536.000000,1.000000,22.000000,,,,0.000000,2.000000,2.000000,0.000000,4.000000,2.000000,2.000000,0.000000,0.000000,4.000000,4.000000,4.000000,4.000000,4.000000,4.000000,0.000000,,,,,,,,,,,,,,,,,18.000000,0.000000,0.500290,0.460938,-0.562012,0.470520,0.979612,-0.062508,-0.056648,-36.063713,44.691578,31.316290
1732157929.330075,1732157929.334065,73.000000,0.000000,4294.230957,4282.051270,4317.820313,4301.282227,4286.922852,4277.820313,4334.358887,4401.666504,4298.846191,4291.538574,4488.717773,4514.871582,4349.230957,4416.410156,1686.000000,1.000000,22.000000,,,,0.000000,2.000000,2.000000,0.000000,4.000000,2.000000,2.000000,0.000000,0.000000,4.000000,4.000000,4.000000,4.000000,4.000000,4.000000,0.000000,,,,,,,,,,,,,,,,,,,,,,,,,,,,
1732157929.337883,1732157929.341673,74.000000,0.000000,4295.000000,4282.051270,4317.948730,4302.948730,4275.256348,4281.410156,4334.358887,4401.794922,4304.358887,4293.589844,4487.307617,4515.384766,4347.948730,4413.461426,1544.000000,1.000000,22.000000,,,,0.000000,2.000000,2.000000,0.000000,4.000000,2.000000,2.000000,0.000000,0.000000,4.000000,4.000000,4.000000,4.000000,4.000000,4.000000,0.000000,,,,,,,,,,,,,,,,,,,,,,,,,,,,
1732157929.345691,1732157929.349481,75.000000,0.000000,4293.846191,4281.794922,4314.487305,4298.846191,4255.256348,4280.769043,4334.358887,4401.410156,4312.948730,4298.589844,4487.563965,4513.461426,4349.102539,4414.743652,1566.000000,1.000000,22.000000,,,,0.000000,2.000000,2.000000,0.000000,4.000000,2.000000,2.000000,0.000000,0.000000,4.000000,4.000000,4.000000,4.000000,4.000000,4.000000,0.000000,,,,,,,,,,,,,,,,,,,,,,,,,,,,
1732157929.353500,1732157929.357190,76.000000,0.000000,4294.102539,4280.384766,4314.871582,4295.384766,4270.769043,4278.846191,4334.358887,4402.820313,4310.769043,4298.077148,4488.461426,4514.358887,4351.538574,4417.179688,1701.000000,1.000000,22.000000,,,,0.000000,2.000000,2.000000,0.000000,4.000000,2.000000,2.000000,0.000000,0.000000,4.000000,4.000000,4.000000,4.000000,4.000000,4.000000,0.000000,,,,,,,,,,,,,,,,,19.000000,0.000000,0.499927,0.461243,-0.561829,0.470825,0.976193,-0.072763,-0.060554,-36.106609,44.501842,31.254528
1732157929.361308,1732157929.364998,77.000000,0.000000,4295.128418,4282.307617,4317.436035,4298.589844,4277.820313,4281.025879,4334.358887,4402.051270,4310.384766,4295.128418,4490.256348,4520.000000,4352.692383,4417.820313,1609.000000,1.000000,22.000000,,,,0.000000,2.000000,2.000000,0.000000,4.000000,2.000000,2.000000,0.000000,0.000000,4.000000,4.000000,4.000000,4.000000,4.000000,4.000000,0.000000,,,,,,,,,,,,,,,,,,,,,,,,,,,,
1732157929.369116,1732157929.373006,78.000000,0.000000,4292.307617,4281.794922,4317.179688,4299.358887,4273.717773,4282.436035,4334.358887,4400.512695,4311.410156,4293.461426,4490.128418,4514.743652,4350.897461,4416.153809,1544.000000,1.000000,22.000000,,,,0.000000,2.000000,2.000000,0.000000,4.000000,2.000000,2.000000,0.000000,0.000000,4.000000,4.000000,4.000000,4.000000,4.000000,4.000000,0.000000,1.000000,0.000000,1.000000,1.000000,0.000000,1.000000,2.000000,0.000000,0.000000,0.000000,4.000000,4.000000,4.000000,4.000000,1.000000,4.000000,,,,,,,,,,,,
1732157929.376924,1732157929.380814,79.000000,0.000000,4291.282227,4279.487305,4313.846191,4294.358887,4294.102539,4280.769043,4334.358887,4403.589844,4305.641113,4293.717773,4488.077148,4505.641113,4348.717773,4412.820313,1566.000000,1.000000,22.000000,,,,0.000000,2.000000,2.000000,0.000000,4.000000,2.000000,2.000000,0.000000,0.000000,4.000000,4.000000,4.000000,4.000000,4.000000,4.000000,0.000000,,,,,,,,,,,,,,,,,,,,,,,,,,,,
1732157929.384733,1732157929.388722,80.000000,0.000000,4292.820313,4285.384766,4312.436035,4295.897461,4295.384766,4279.230957,4334.358887,4403.589844,4298.974121,4292.307617,4489.487305,4508.461426,4350.000000,4416.025879,1701.000000,1.000000,22.000000,,,,0.000000,2.000000,2.000000,0.000000,4.000000,2.000000,2.000000,0.000000,0.000000,4.000000,4.000000,4.000000,4.000000,4.000000,4.000000,0.000000,,,,,,,,,,,,,,,,,20.000000,0.000000,0.499825,0.461304,-0.561768,0.470947,0.984007,-0.079111,-0.063973,-35.833019,44.596493,31.427834
1732157929.392541,1732157929.396530,81.000000,0.000000,4294.743652,4290.384766,4313.461426,4302.436035,4263.077148,4279.871582,4334.358887,4401.666504,4296.666504,4290.256348,4489.871582,4514.358887,4353.077148,4420.256348,1609.000000,1.000000,22.000000,,,,0.000000,2.000000,2.000000,0.000000,4.000000,2.000000,2.000000,0.000000,0.000000,4.000000,4.000000,4.000000,4.000000,4.000000,4.000000,0.000000,,,,,,,,,,,,,,,,,,,,,,,,,,,,
1732157929.400349,1732157929.404139,82.000000,0.000000,4293.461426,4285.384766,4312.948730,4302.179688,4262.179688,4281.922852,4334.487305,4403.461426,4298.205078,4291.794922,4483.077148,4509.871582,4348.846191,4415.000000,1544.000000,1.000000,22.000000,,,,0.000000,2.000000,2.000000,0.000000,4.000000,2.000000,2.000000,0.000000,0.000000,4.000000,4.000000,4.000000,4.000000,4.000000,4.000000,0.000000,,,,,,,,,,,,,,,,,,,,,,,,,,,,
1732157929.408157,1732157929.411947,83.000000,0.000000,4285.512695,4279.743652,4313.589844,4296.794922,4296.410156,4282.051270,4334.358887,4404.487305,4303.461426,4294.102539,4476.153809,4508.333496,4342.692383,4408.461426,1566.000000,1.000000,22.000000,,,,0.000000,2.000000,2.000000,0.000000,4.000000,2.000000,2.000000,0.000000,0.000000,4.000000,4.000000,4.000000,4.000000,4.000000,4.000000,0.000000,,,,,,,,,,,,,,,,,,,,,,,,,,,,
1732157929.415966,1732157929.419655,84.000000,0.000000,4279.230957,4279.358887,4314.230957,4295.897461,4290.769043,4281.025879,4334.358887,4401.538574,4306.794922,4294.487305,4476.538574,4510.128418,4344.230957,4410.384766,1701.000000,1.000000,22.000000,,,,0.000000,2.000000,2.000000,0.000000,4.000000,2.000000,2.000000,0.000000,0.000000,4.000000,4.000000,4.000000,4.000000,4.000000,4.000000,0.000000,,,,,,,,,,,,,,,,,21.000000,0.000000,0.499653,0.461365,-0.561768,0.471069,0.984984,-0.075693,-0.051276,-35.946411,44.769825,31.306545
1732157929.423774,1732157929.427464,85.000000,0.000000,4283.974121,4279.743652,4313.974121,4297.948730,4260.128418,4282.051270,4334.871582,4401.666504,4305.000000,4295.256348,4479.358887,4511.410156,4346.153809,4412.307617,1609.000000,1.000000,22.000000,,,,0.000000,2.000000,2.000000,0.000000,4.000000,2.000000,2.000000,0.000000,0.000000,4.000000,4.000000,4.000000,4.000000,4.000000,4.000000,0.000000,,,,,,,,,,,,,,,,,,,,,,,,,,,,
1732157929.431582,1732157929.435072,86.000000,0.000000,4287.692383,4280.000000,4313.974121,4299.230957,4268.077148,4282.179688,4335.000000,4402.563965,4304.615234,4296.153809,4479.358887,4509.358887,4342.692383,4409.358887,1544.000000,1.000000,22.000000,,,,0.000000,2.000000,2.000000,0.000000,4.000000,2.000000,2.000000,0.000000,0.000000,4.000000,4.000000,4.000000,4.000000,4.000000,4.000000,0.000000,,,,,,,,,,,,,,,,,,,,,,,,,,,,
1732157929.439390,1732157929.442880,87.000000,0.000000,4283.846191,4281.410156,4315.769043,4301.025879,4282.820313,4281.410156,4334.743652,4402.051270,4306.666504,4296.025879,4477.948730,4506.410156,4342.692383,4409.358887,1566.000000,1.000000,22.000000,,,,0.000000,2.000000,2.000000,0.000000,4.000000,2.000000,2.000000,0.000000,0.000000,4.000000,4.000000,4.000000,4.000000,4.000000,4.000000,0.000000,,,,,,,,,,,,,,,,,,,,,,,,,,,,
1732157929.447199,1732157929.450788,88.000000,0.000000,4280.641113,4280.512695,4313.846191,4297.051270,4284.871582,4281.025879,4334.615234,4402.436035,4302.051270,4294.230957,4476.153809,4506.538574,4343.333496,4409.871582,1701.000000,1.000000,22.000000,,,,0.000000,2.000000,2.000000,0.000000,4.000000,2.000000,2.000000,0.000000,0.000000,4.000000,4.000000,4.000000,4.000000,4.000000,4.000000,0.000000,,,,,,,,,,,,,,,,,22.000000,0.000000,0.499708,0.461243,-0.561768,0.471130,0.975217,-0.062508,-0.059578,-35.904926,44.876892,31.324968
1732157929.455007,1732157929.458597,89.000000,0.000000,4282.179688,4277.820313,4309.358887,4294.358887,4292.307617,4280.769043,4334.743652,4401.153809,4296.666504,4290.256348,4475.000000,4503.974121,4341.538574,4408.077148,1609.000000,1.000000,22.000000,,,,0.000000,2.000000,2.000000,0.000000,4.000000,2.000000,2.000000,0.000000,0.000000,4.000000,4.000000,4.000000,4.000000,4.000000,4.000000,0.000000,,,,,,,,,,,,,,,,,,,,,,,,,,,,
1732157929.462815,1732157929.466605,90.000000,0.000000,4284.743652,4280.000000,4311.410156,4299.230957,4288.717773,4283.205078,4334.871582,4402.051270,4302.436035,4293.333496,4477.051270,4500.769043,4345.897461,4403.461426,1544.000000,1.000000,22.000000,,,,0.000000,2.000000,2.000000,0.000000,4.000000,2.000000,2.000000,0.000000,0.000000,4.000000,4.000000,4.000000,4.000000,4.000000,4.000000,0.000000,,,,,,,,,,,,,,,,,,,,,,,,,,,,
1732157929.470623,1732157929.474413,91.000000,0.000000,4288.461426,4282.948730,4317.051270,4301.410156,4272.051270,4286.410156,4334.743652,4405.128418,4310.641113,4300.769043,4476.922852,4503.077148,4349.743652,4402.820313,1566.000000,1.000000,22.000000,,,,0.000000,2.000000,2.000000,0.000000,4.000000,2.000000,2.000000,0.000000,0.000000,4.000000,4.000000,4.000000,4.000000,4.000000,4.000000,0.000000,,,,,,,,,,,,,,,,,,,,,,,,,,,,
1732157929.478432,1732157929.482321,92.000000,0.000000,4290.128418,4281.538574,4317.563965,4299.358887,4270.384766,4283.846191,4334.615234,4404.487305,4309.615234,4300.641113,4478.846191,4506.794922,4348.077148,4408.461426,1701.000000,1.000000,22.000000,,,,0.000000,2.000000,2.000000,0.000000,4.000000,2.000000,2.000000,0.000000,0.000000,4.000000,4.000000,4.000000,4.000000,4.000000,4.000000,0.000000,,,,,,,,,,,,,,,,,23.000000,0.000000,0.499799,0.461121,-0.561890,0.471008,0.977170,-0.069833,-0.058601,-35.812992,44.896950,31.444891
1732157929.486240,1732157929.490129,93.000000,0.000000,4285.384766,4279.230957,4315.512695,4297.051270,4286.410156,4280.256348,4335.897461,4402.820313,4309.743652,4295.769043,4482.179688,4505.512695,4349.230957,4410.897461,1609.000000,1.000000,22.000000,,,,0.000000,2.000000,2.000000,0.000000,4.000000,2.000000,2.000000,0.000000,0.000000,4.000000,4.000000,4.000000,4.000000,4.000000,4.000000,0.000000,,,,,,,,,,,,,,,,,,,,,,,,,,,,
1732157929.494048,1732157929.497737,94.000000,0.000000,4284.230957,4280.256348,4314.743652,4299.102539,4294.743652,4281.025879,4336.922852,4402.307617,4310.128418,4296.025879,4482.563965,4505.256348,4353.077148,4410.641113,1544.000000,1.000000,22.000000,,,,0.000000,2.000000,2.000000,0.000000,4.000000,2.000000,2.000000,0.000000,0.000000,4.000000,4.000000,4.000000,4.000000,4.000000,4.000000,0.000000,,,,,,,,,,,,,,,,,,,,,,,,,,,,
1732157929.501856,1732157929.505546,95.000000,0.000000,4292.692383,4281.153809,4313.589844,4303.846191,4279.615234,4281.794922,4335.769043,4402.692383,4310.641113,4299.615234,4485.128418,4508.974121,4352.436035,4414.871582,1566.000000,1.000000,22.000000,,,,0.000000,2.000000,2.000000,0.000000,4.000000,2.000000,2.000000,0.000000,0.000000,4.000000,4.000000,4.000000,4.000000,4.000000,4.000000,0.000000,,,,,,,,,,,,,,,,,,,,,,,,,,,,
1732157929.509665,1732157929.513254,96.000000,0.000000,4295.769043,4280.641113,4311.922852,4301.666504,4262.563965,4280.256348,4334.230957,4400.897461,4311.794922,4299.487305,4489.358887,4510.384766,4350.897461,4417.307617,1701.000000,1.000000,22.000000,,,,0.000000,2.000000,2.000000,0.000000,4.000000,2.000000,2.000000,0.000000,0.000000,4.000000,4.000000,4.000000,4.000000,4.000000,4.000000,0.000000,,,,,,,,,,,,,,,,,24.000000,0.000000,0.499844,0.461060,-0.561951,0.470947,0.977658,-0.081065,-0.057136,-35.690189,44.694862,31.518696
1732157929.517473,1732157929.521062,97.000000,0.000000,4292.563965,4281.153809,4314.743652,4297.179688,4268.589844,4279.230957,4335.384766,4400.128418,4303.846191,4296.410156,4491.025879,4508.077148,4352.307617,4414.615234,1609.000000,1.000000,22.000000,,,,0.000000,2.000000,2.000000,0.000000,4.000000,2.000000,2.000000,0.000000,0.000000,4.000000,4.000000,4.000000,4.000000,4.000000,4.000000,0.000000,,,,,,,,,,,,,,,,,,,,,,,,,,,,
1732157929.525281,1732157929.529070,98.000000,0.000000,4295.256348,4282.051270,4318.077148,4298.589844,4286.666504,4282.051270,4336.153809,4401.922852,4296.794922,4293.589844,4487.307617,4507.948730,4351.025879,4413.846191,1544.000000,1.000000,22.000000,,,,0.000000,2.000000,2.000000,0.000000,4.000000,2.000000,2.000000,0.000000,0.000000,4.000000,4.000000,4.000000,4.000000,4.000000,4.000000,0.000000,,,,,,,,,,,,,,,,,,,,,,,,,,,,
1732157929.533089,1732157929.536878,99.000000,0.000000,4292.948730,4280.512695,4314.743652,4297.307617,4294.743652,4281.153809,4334.615234,4401.538574,4302.563965,4292.436035,4480.769043,4509.102539,4349.487305,4413.589844,1566.000000,1.000000,22.000000,,,,0.000000,2.000000,2.000000,0.000000,4.000000,2.000000,2.000000,0.000000,0.000000,4.000000,4.000000,4.000000,4.000000,4.000000,4.000000,0.000000,,,,,,,,,,,,,,,,,,,,,,,,,,,,
1732157929.540897,1732157929.544787,100.000000,0.000000,4281.666504,4278.846191,4311.153809,4295.128418,4288.077148,4280.384766,4334.230957,4401.794922,4303.974121,4293.077148,4480.897461,4508.077148,4351.538574,4410.897461,1701.000000,1.000000,22.000000,,,,0.000000,2.000000,2.000000,0.000000,4.000000,2.000000,2.000000,0.000000,0.000000,4.000000,4.000000,4.000000,4.000000,4.000000,4.000000,0.000000,,,,,,,,,,,,,,,,,25.000000,0.000000,0.499550,0.461426,-0.561707,0.471191,0.983030,-0.061043,-0.050787,-35.754055,44.802837,31.295143
1732157929.548706,1732157929.552595,101.000000,0.000000,4282.307617,4278.717773,4314.102539,4299.871582,4274.871582,4288.333496,4335.897461,4404.102539,4295.256348,4293.333496,4488.333496,4508.589844,4352.948730,4410.641113,1609.000000,1.000000,22.000000,,,,0.000000,2.000000,2.000000,0.000000,4.000000,2.000000,2.000000,0.000000,0.000000,4.000000,4.000000,4.000000,4.000000,4.000000,4.000000,0.000000,,,,,,,,,,,,,,,,,,,,,,,,,,,,
1732157929.556514,1732157929.560603,102.000000,0.000000,4292.948730,4279.743652,4317.179688,4300.641113,4276.025879,4289.487305,4336.025879,4402.179688,4295.128418,4291.794922,4489.743652,4507.948730,4352.051270,4414.102539,1544.000000,1.000000,22.000000,,,,0.000000,2.000000,2.000000,0.000000,4.000000,2.000000,2.000000,0.000000,0.000000,4.000000,4.000000,4.000000,4.000000,4.000000,4.000000,0.000000,,,,,,,,,,,,,,,,,,,,,,,,,,,,
1732157929.564322,1732157929.568411,103.000000,0.000000,4296.410156,4280.641113,4313.589844,4298.846191,4280.769043,4280.897461,4334.743652,4399.358887,4308.974121,4294.102539,4486.282227,4510.256348,4354.487305,4416.794922,1566.000000,1.000000,22.000000,,,,0.000000,2.000000,2.000000,0.000000,4.000000,2.000000,2.000000,0.000000,0.000000,4.000000,4.000000,4.000000,4.000000,4.000000,4.000000,0.000000,,,,,,,,,,,,,,,,,,,,,,,,,,,,
1732157929.572131,1732157929.576319,104.000000,0.000000,4294.358887,4279.871582,4310.641113,4299.102539,4277.179688,4278.974121,4334.743652,4404.230957,4316.282227,4299.743652,4488.846191,4514.102539,4354.743652,4414.230957,1701.000000,1.000000,22.000000,,,,0.000000,2.000000,2.000000,0.000000,4.000000,2.000000,2.000000,0.000000,0.000000,4.000000,4.000000,4.000000,4.000000,4.000000,4.000000,0.000000,,,,,,,,,,,,,,,,,26.000000,0.000000,0.499664,0.461365,-0.561707,0.471130,0.969357,-0.064949,-0.064949,-35.639118,44.656967,31.314066
1732157929.579939,1732157929.584127,105.000000,0.000000,4294.487305,4278.077148,4311.794922,4296.538574,4290.384766,4281.025879,4334.871582,4407.051270,4305.512695,4295.897461,4488.589844,4511.153809,4349.230957,4410.128418,1609.000000,1.000000,22.000000,,,,0.000000,2.000000,2.000000,0.000000,4.000000,2.000000,2.000000,0.000000,0.000000,4.000000,4.000000,4.000000,4.000000,4.000000,4.000000,0.000000,,,,,,,,,,,,,,,,,,,,,,,,,,,,
1732157929.587747,1732157929.592135,106.000000,0.000000,4296.025879,4277.179688,4312.563965,4294.358887,4291.666504,4278.333496,4334.487305,4401.153809,4299.102539,4294.487305,4485.641113,4507.436035,4351.410156,4412.307617,1544.000000,1.000000,22.000000,,,,0.000000,2.000000,2.000000,0.000000,4.000000,2.000000,2.000000,0.000000,0.000000,4.000000,4.000000,4.000000,4.000000,4.000000,4.000000,0.000000,,,,,,,,,,,,,,,,,,,,,,,,,,,,
1732157929.595555,1732157929.599943,107.000000,0.000000,4297.820313,4278.846191,4310.256348,4296.025879,4268.589844,4278.846191,4334.743652,4399.358887,4310.897461,4303.717773,4488.974121,4510.128418,4359.230957,4415.641113,1566.000000,1.000000,22.000000,,,,0.000000,2.000000,2.000000,0.000000,4.000000,2.000000,2.000000,0.000000,0.000000,4.000000,4.000000,4.000000,4.000000,4.000000,4.000000,0.000000,,,,,,,,,,,,,,,,,,,,,,,,,,,,
1732157929.603364,1732157929.607652,108.000000,0.000000,4297.436035,4281.538574,4311.538574,4302.692383,4265.641113,4282.692383,4335.000000,4404.102539,4314.230957,4303.974121,4492.179688,4515.256348,4355.897461,4412.563965,1701.000000,1.000000,22.000000,,,,0.000000,2.000000,2.000000,0.000000,4.000000,2.000000,2.000000,0.000000,0.000000,4.000000,4.000000,4.000000,4.000000,4.000000,4.000000,0.000000,,,,,,,,,,,,,,,,,27.000000,0.000000,0.499641,0.461304,-0.561829,0.471069,0.978635,-0.072763,-0.056648,-35.832684,44.763809,31.367727
1732157929.611172,1732157929.615460,109.000000,0.000000,4294.871582,4281.282227,4315.384766,4308.846191,4278.974121,4283.461426,4334.615234,4405.000000,4304.102539,4294.743652,4488.589844,4514.102539,4347.692383,4410.000000,1609.000000,1.000000,22.000000,,,,0.000000,2.000000,2.000000,0.000000,4.000000,2.000000,2.000000,0.000000,0.000000,4.000000,4.000000,4.000000,4.000000,4.000000,4.000000,0.000000,,,,,,,,,,,,,,,,,,,,,,,,,,,,
1732157929.618980,1732157929.623468,110.000000,0.000000,4292.563965,4279.743652,4314.615234,4303.333496,4291.025879,4282.436035,4334.230957,4400.769043,4300.641113,4290.384766,4485.256348,4509.871582,4349.102539,4411.922852,1544.000000,1.000000,22.000000,,,,0.000000,2.000000,2.000000,0.000000,4.000000,2.000000,2.000000,0.000000,0.000000,4.000000,4.000000,4.000000,4.000000,4.000000,4.000000,0.000000,,,,,,,,,,,,,,,,,,,,,,,,,,,,
1732157929.626788,1732157929.631276,111.000000,0.000000,4292.563965,4278.589844,4310.897461,4298.333496,4294.487305,4281.922852,4335.128418,4399.102539,4298.589844,4291.025879,4488.333496,4507.307617,4352.307617,4413.589844,1566.000000,1.000000,22.000000,,,,0.000000,2.000000,2.000000,0.000000,4.000000,2.000000,2.000000,0.000000,0.000000,4.000000,4.000000,4.000000,4.000000,4.000000,4.000000,0.000000,,,,,,,,,,,,,,,,,,,,,,,,,,,,
1732157929.634596,1732157929.638984,112.000000,0.000000,4295.384766,4279.487305,4310.769043,4303.333496,4288.461426,4284.871582,4336.794922,4401.025879,4296.538574,4291.025879,4488.077148,4510.128418,4350.128418,4412.692383,1701.000000,1.000000,22.000000,,,,0.000000,2.000000,2.000000,0.000000,4.000000,2.000000,2.000000,0.000000,0.000000,4.000000,4.000000,4.000000,4.000000,4.000000,4.000000,0.000000,,,,,,,,,,,,,,,,,28.000000,0.000000,0.499710,0.461304,-0.561768,0.471069,0.969845,-0.049322,-0.057136,-35.769474,44.808685,31.456192
1732157929.642405,1732157929.646793,113.000000,0.000000,4295.897461,4279.615234,4312.563965,4304.102539,4280.769043,4284.615234,4336.666504,4401.666504,4305.512695,4292.436035,4482.692383,4512.948730,4348.846191,4412.307617,1609.000000,1.000000,22.000000,,,,0.000000,2.000000,2.000000,0.000000,4.000000,2.000000,2.000000,0.000000,0.000000,4.000000,4.000000,4.000000,4.000000,4.000000,4.000000,0.000000,,,,,,,,,,,,,,,,,,,,,,,,,,,,
1732157929.650213,1732157929.654401,114.000000,0.000000,4293.589844,4278.589844,4311.922852,4299.358887,4274.358887,4281.282227,4334.871582,4400.256348,4311.410156,4294.743652,4484.871582,4509.743652,4351.153809,4413.205078,1544.000000,1.000000,22.000000,,,,0.000000,2.000000,2.000000,0.000000,4.000000,2.000000,2.000000,0.000000,0.000000,4.000000,4.000000,4.000000,4.000000,4.000000,4.000000,0.000000,,,,,,,,,,,,,,,,,,,,,,,,,,,,
1732157929.658021,1732157929.662209,115.000000,0.000000,4292.692383,4279.102539,4311.025879,4301.282227,4270.384766,4281.410156,4335.000000,4400.769043,4310.769043,4294.230957,4491.153809,4509.102539,4351.922852,4414.102539,1566.000000,1.000000,22.000000,,,,0.000000,2.000000,2.000000,0.000000,4.000000,2.000000,2.000000,0.000000,0.000000,4.000000,4.000000,4.000000,4.000000,4.000000,4.000000,0.000000,,,,,,,,,,,,,,,,,,,,,,,,,,,,
1732157929.665830,1732157929.669918,116.000000,0.000000,4294.230957,4280.256348,4311.538574,4301.025879,4277.820313,4282.436035,4336.538574,4400.897461,4311.794922,4291.922852,4486.666504,4507.820313,4351.282227,4413.589844,1701.000000,1.000000,22.000000,,,,0.000000,2.000000,2.000000,0.000000,4.000000,2.000000,2.000000,0.000000,0.000000,4.000000,4.000000,4.000000,4.000000,4.000000,4.000000,0.000000,,,,,,,,,,,,,,,,,29.000000,0.000000,0.499697,0.461243,-0.561829,0.471069,0.965938,-0.059089,-0.058601,-35.828274,44.950035,31.462849
1732157929.673638,1732157929.677726,117.000000,0.000000,4296.282227,4280.512695,4311.410156,4297.820313,4281.794922,4282.563965,4336.153809,4400.384766,4306.025879,4292.051270,4481.794922,4506.282227,4355.897461,4412.692383,1609.000000,1.000000,22.000000,,,,0.000000,2.000000,2.000000,0.000000,4.000000,2.000000,2.000000,0.000000,0.000000,4.000000,4.000000,4.000000,4.000000,4.000000,4.000000,0.000000,,,,,,,,,,,,,,,,,,,,,,,,,,,,
1732157929.681446,1732157929.685334,118.000000,0.000000,4297.051270,4279.871582,4311.922852,4300.512695,4277.563965,4280.641113,4334.615234,4401.410156,4296.282227,4295.769043,4486.025879,4508.846191,4361.153809,4413.589844,1544.000000,1.000000,22.000000,,,,0.000000,2.000000,2.000000,0.000000,4.000000,2.000000,2.000000,0.000000,0.000000,4.000000,4.000000,4.000000,4.000000,4.000000,4.000000,0.000000,,,,,,,,,,,,,,,,,,,,,,,,,,,,
1732157929.689254,1732157929.693142,119.000000,0.000000,4295.384766,4279.487305,4313.205078,4299.102539,4296.410156,4282.692383,4334.487305,4401.666504,4295.384766,4295.769043,4488.589844,4509.743652,4359.743652,4413.461426,1566.000000,1.000000,22.000000,,,,0.000000,2.000000,2.000000,0.000000,4.000000,2.000000,2.000000,0.000000,0.000000,4.000000,4.000000,4.000000,4.000000,4.000000,4.000000,0.000000,,,,,,,,,,,,,,,,,,,,,,,,,,,,
1732157929.697063,1732157929.700851,120.000000,0.000000,4294.487305,4279.358887,4314.615234,4296.666504,4298.974121,4289.615234,4335.000000,4401.794922,4298.333496,4295.128418,4487.307617,4509.743652,4356.410156,4413.077148,1701.000000,1.000000,22.000000,,,,0.000000,2.000000,2.000000,0.000000,4.000000,2.000000,2.000000,0.000000,0.000000,4.000000,4.000000,4.000000,4.000000,4.000000,4.000000,0.000000,,,,,,,,,,,,,,,,,30.000000,0.000000,0.499855,0.461060,-0.561890,0.471008,0.973752,-0.067879,-0.051276,-35.844234,44.909527,31.388241
1732157929.704871,1732157929.708659,121.000000,0.000000,4297.051270,4281.025879,4314.871582,4303.461426,4269.358887,4289.871582,4334.871582,4402.820313,4295.256348,4297.948730,4487.820313,4514.358887,4358.717773,4416.153809,1609.000000,1.000000,22.000000,,,,0.000000,2.000000,2.000000,0.000000,4.000000,2.000000,2.000000,0.000000,0.000000,4.000000,4.000000,4.000000,4.000000,4.000000,4.000000,0.000000,,,,,,,,,,,,,,,,,,,,,,,,,,,,
1732157929.712679,1732157929.716267,122.000000,0.000000,4297.179688,4283.077148,4315.128418,4307.179688,4267.051270,4285.769043,4335.000000,4406.410156,4296.922852,4299.615234,4488.589844,4521.153809,4358.461426,4420.128418,1544.000000,1.000000,22.000000,,,,0.000000,2.000000,2.000000,0.000000,4.000000,2.000000,2.000000,0.000000,0.000000,4.000000,4.000000,4.000000,4.000000,4.000000,4.000000,0.000000,,,,,,,,,,,,,,,,,,,,,,,,,,,,
1732157929.720487,1732157929.724076,123.000000,0.000000,4295.128418,4282.051270,4313.333496,4303.717773,4279.358887,4286.282227,4335.128418,4408.846191,4304.230957,4298.589844,4488.333496,4522.820313,4353.589844,4423.974121,1566.000000,1.000000,22.000000,,,,0.000000,2.000000,2.000000,0.000000,4.000000,2.000000,2.000000,0.000000,0.000000,4.000000,4.000000,4.000000,4.000000,4.000000,4.000000,0.000000,,,,,,,,,,,,,,,,,,,,,,,,,,,,
1732157929.728295,1732157929.731784,124.000000,0.000000,4297.051270,4281.794922,4311.410156,4303.846191,4281.922852,4284.230957,4334.615234,4405.384766,4301.666504,4296.794922,4488.846191,4518.717773,4353.974121,4428.461426,1701.000000,1.000000,22.000000,,,,0.000000,2.000000,2.000000,0.000000,4.000000,2.000000,2.000000,0.000000,0.000000,4.000000,4.000000,4.000000,4.000000,4.000000,4.000000,0.000000,,,,,,,,,,,,,,,,,31.000000,0.000000,0.499912,0.460999,-0.561890,0.471008,0.976193,-0.066903,-0.051276,-35.652164,44.641720,31.441141
1732157929.736104,1732157929.739592,125.000000,0.000000,4298.077148,4283.205078,4314.743652,4304.358887,4295.641113,4280.641113,4334.871582,4404.230957,4294.102539,4294.743652,4488.461426,4515.769043,4355.000000,4428.846191,1609.000000,1.000000,22.000000,,,,0.000000,2.000000,2.000000,0.000000,4.000000,2.000000,2.000000,0.000000,0.000000,4.000000,4.000000,4.000000,4.000000,4.000000,4.000000,0.000000,,,,,,,,,,,,,,,,,,,,,,,,,,,,
1732157929.743912,1732157929.747201,126.000000,0.000000,4294.615234,4281.410156,4316.153809,4302.307617,4296.922852,4284.743652,4335.897461,4406.410156,4297.051270,4293.333496,4487.307617,4515.641113,4352.820313,4422.307617,1544.000000,1.000000,22.000000,,,,0.000000,2.000000,2.000000,0.000000,4.000000,2.000000,2.000000,0.000000,0.000000,4.000000,4.000000,4.000000,4.000000,4.000000,4.000000,0.000000,,,,,,,,,,,,,,,,,,,,,,,,,,,,
1732157929.751720,1732157929.755009,127.000000,0.000000,4294.358887,4279.743652,4313.974121,4305.128418,4264.615234,4286.282227,4335.897461,4406.922852,4302.820313,4295.128418,4488.077148,4518.974121,4355.000000,4418.974121,22.000000,1.000000,22.000000,,,,0.000000,2.000000,2.000000,0.000000,4.000000,2.000000,2.000000,0.000000,0.000000,4.000000,4.000000,4.000000,4.000000,4.000000,4.000000,0.000000,,,,,,,,,,,,,,,,,,,,,,,,,,,,
1732157929.759529,1732157929.762717,0.000000,0.000000,4298.333496,4283.077148,4313.974121,4307.436035,4263.077148,4281.538574,4335.000000,4405.512695,4298.717773,4295.897461,4488.205078,4516.666504,4357.563965,4419.743652,0.000000,1.000000,22.000000,,,,0.000000,2.000000,2.000000,0.000000,4.000000,2.000000,2.000000,0.000000,0.000000,4.000000,4.000000,4.000000,4.000000,4.000000,4.000000,0.000000,,,,,,,,,,,,,,,,,0.000000,0.000000,0.499831,0.460938,-0.562012,0.471008,0.976193,-0.073251,-0.055671,-35.769920,44.491459,31.330658
1732157929.767337,1732157929.770525,1.000000,0.000000,4297.820313,4284.615234,4314.358887,4305.128418,4296.922852,4279.871582,4334.871582,4403.974121,4292.179688,4290.256348,4488.205078,4514.358887,4351.922852,4418.589844,1598.000000,1.000000,22.000000,,,,0.000000,2.000000,2.000000,0.000000,4.000000,2.000000,2.000000,0.000000,0.000000,4.000000,4.000000,4.000000,4.000000,4.000000,4.000000,0.000000,,,,,,,,,,,,,,,,,,,,,,,,,,,,
1732157929.775145,1732157929.778134,2.000000,0.000000,4296.666504,4281.538574,4314.230957,4307.948730,4291.282227,4280.512695,4335.128418,4402.692383,4293.077148,4289.615234,4488.461426,4516.922852,4350.000000,4419.102539,1366.000000,1.000000,22.000000,,,,0.000000,2.000000,2.000000,0.000000,4.000000,2.000000,2.000000,0.000000,0.000000,4.000000,4.000000,4.000000,4.000000,4.000000,4.000000,0.000000,,,,,,,,,,,,,,,,,,,,,,,,,,,,
1732157929.782953,1732157929.785942,3.000000,0.000000,4302.563965,4281.153809,4314.743652,4309.615234,4269.487305,4281.538574,4335.000000,4402.820313,4297.436035,4296.282227,4487.820313,4516.153809,4354.358887,4420.384766,1422.000000,1.000000,22.000000,,,,0.000000,2.000000,2.000000,0.000000,4.000000,2.000000,2.000000,0.000000,0.000000,4.000000,4.000000,4.000000,4.000000,4.000000,4.000000,0.000000,,,,,,,,,,,,,,,,,,,,,,,,,,,,
1732157929.790762,1732157929.793850,4.000000,0.000000,4306.153809,4282.307617,4313.333496,4307.307617,4280.128418,4280.641113,4335.000000,4403.205078,4297.948730,4296.282227,4488.461426,4510.384766,4352.563965,4416.922852,1426.000000,1.000000,22.000000,,,,0.000000,2.000000,2.000000,0.000000,4.000000,2.000000,2.000000,0.000000,0.000000,4.000000,4.000000,4.000000,4.000000,4.000000,4.000000,0.000000,,,,,,,,,,,,,,,,,1.000000,0.000000,0.499739,0.460999,-0.561890,0.471191,0.974240,-0.076181,-0.041509,-35.721970,44.496414,31.281166
1732157929.798570,1732157929.801658,5.000000,0.000000,4300.128418,4281.922852,4312.692383,4307.692383,4283.077148,4280.512695,4335.000000,4401.410156,4295.384766,4292.692383,4488.077148,4512.692383,4350.256348,4415.512695,1209.000000,1.000000,22.000000,,,,0.000000,2.000000,2.000000,0.000000,4.000000,2.000000,2.000000,0.000000,0.000000,4.000000,4.000000,4.000000,4.000000,4.000000,4.000000,0.000000,,,,,,,,,,,,,,,,,,,,,,,,,,,,
1732157929.806378,1732157929.809267,6.000000,0.000000,4294.102539,4281.282227,4317.692383,4304.871582,4265.641113,4281.410156,4335.000000,4405.128418,4297.692383,4296.025879,4486.153809,4517.436035,4352.563965,4417.692383,0.000000,1.000000,22.000000,,,,0.000000,2.000000,2.000000,0.000000,4.000000,2.000000,2.000000,0.000000,0.000000,4.000000,4.000000,4.000000,4.000000,4.000000,4.000000,0.000000,,,,,,,,,,,,,,,,,,,,,,,,,,,,
1732157929.814186,1732157929.817075,7.000000,0.000000,4294.487305,4281.025879,4317.436035,4303.077148,4268.846191,4281.282227,4335.000000,4408.974121,4299.743652,4297.307617,4485.128418,4513.589844,4353.461426,4415.256348,0.000000,1.000000,22.000000,,,,0.000000,2.000000,2.000000,0.000000,4.000000,2.000000,2.000000,0.000000,0.000000,4.000000,4.000000,4.000000,4.000000,4.000000,4.000000,0.000000,,,,,,,,,,,,,,,,,,,,,,,,,,,,
1732157929.821994,1732157929.824783,8.000000,0.000000,4295.128418,4280.897461,4312.307617,4305.256348,4280.897461,4282.563965,4335.000000,4403.333496,4298.461426,4293.461426,4479.102539,4512.948730,4345.769043,4412.307617,1534.000000,1.000000,22.000000,,,,0.000000,2.000000,2.000000,0.000000,4.000000,2.000000,2.000000,0.000000,0.000000,4.000000,4.000000,4.000000,4.000000,4.000000,4.000000,0.000000,,,,,,,,,,,,,,,,,2.000000,0.000000,0.499738,0.460938,-0.561890,0.471252,0.974240,-0.076181,-0.041509,-35.869793,44.687096,31.449411
1732157929.829803,1732157929.832591,9.000000,0.000000,4293.717773,4280.384766,4309.871582,4301.282227,4286.025879,4282.820313,4335.000000,4400.512695,4299.358887,4293.077148,4474.743652,4513.589844,4340.897461,4413.717773,1686.000000,1.000000,22.000000,,,,0.000000,2.000000,2.000000,0.000000,4.000000,2.000000,2.000000,0.000000,0.000000,4.000000,4.000000,4.000000,4.000000,4.000000,4.000000,0.000000,,,,,,,,,,,,,,,,,,,,,,,,,,,,
1732157929.837611,1732157929.840599,10.000000,0.000000,4293.589844,4279.615234,4311.410156,4294.743652,4292.692383,4278.333496,4334.871582,4406.922852,4299.102539,4294.358887,4484.102539,4512.051270,4350.256348,4416.025879,1544.000000,1.000000,22.000000,,,,0.000000,2.000000,2.000000,0.000000,4.000000,2.000000,2.000000,0.000000,0.000000,4.000000,4.000000,4.000000,4.000000,4.000000,4.000000,0.000000,,,,,,,,,,,,,,,,,,,,,,,,,,,,
1732157929.845419,1732157929.848408,11.000000,0.000000,4295.897461,4280.641113,4313.717773,4298.333496,4278.974121,4276.282227,4335.384766,4408.974121,4297.307617,4294.615234,4493.077148,4520.128418,4359.358887,4420.897461,1566.000000,1.000000,22.000000,,,,0.000000,2.000000,2.000000,0.000000,4.000000,2.000000,2.000000,0.000000,0.000000,4.000000,4.000000,4.000000,4.000000,4.000000,4.000000,0.000000,,,,,,,,,,,,,,,,,,,,,,,,,,,,
1732157929.853228,1732157929.856116,12.000000,0.000000,4297.948730,4281.153809,4313.461426,4303.205078,4259.487305,4281.025879,4335.897461,4406.666504,4302.948730,4295.897461,4487.948730,4526.410156,4358.846191,4423.077148,1701.000000,1.000000,22.000000,,,,0.000000,2.000000,2.000000,0.000000,4.000000,2.000000,2.000000,0.000000,0.000000,4.000000,4.000000,4.000000,4.000000,4.000000,4.000000,0.000000,,,,,,,,,,,,,,,,,3.000000,0.000000,0.499738,0.460938,-0.561890,0.471252,0.970822,-0.083995,-0.060066,-36.042866,44.501549,31.449024
1732157929.861036,1732157929.863924,13.000000,0.000000,4297.179688,4279.871582,4310.641113,4303.077148,4272.179688,4282.948730,4335.897461,4408.333496,4308.589844,4297.820313,4486.025879,4518.205078,4358.461426,4420.256348,1608.000000,1.000000,22.000000,,,,0.000000,2.000000,2.000000,0.000000,4.000000,2.000000,2.000000,0.000000,0.000000,4.000000,4.000000,4.000000,4.000000,4.000000,4.000000,0.000000,,,,,,,,,,,,,,,,,,,,,,,,,,,,
1732157929.868844,1732157929.871932,14.000000,0.000000,4295.512695,4281.025879,4313.589844,4308.205078,4282.692383,4281.025879,4336.025879,4406.794922,4302.051270,4296.538574,4492.436035,4515.128418,4358.205078,4420.512695,1544.000000,1.000000,22.000000,,,,0.000000,2.000000,2.000000,0.000000,4.000000,2.000000,2.000000,0.000000,0.000000,4.000000,4.000000,4.000000,4.000000,4.000000,4.000000,0.000000,1.000000,0.000000,1.000000,0.000000,0.000000,1.000000,2.000000,0.000000,0.000000,0.000000,4.000000,4.000000,4.000000,4.000000,1.000000,4.000000,,,,,,,,,,,,
1732157929.876652,1732157929.879740,15.000000,0.000000,4297.307617,4282.820313,4318.333496,4307.948730,4278.589844,4280.384766,4336.538574,4402.307617,4293.333496,4286.025879,4485.256348,4515.128418,4350.512695,4419.615234,1566.000000,1.000000,22.000000,,,,0.000000,2.000000,2.000000,0.000000,4.000000,2.000000,2.000000,0.000000,0.000000,4.000000,4.000000,4.000000,4.000000,4.000000,4.000000,0.000000,,,,,,,,,,,,,,,,,,,,,,,,,,,,
1732157929.884461,1732157929.887648,16.000000,0.000000,4297.820313,4280.000000,4314.230957,4301.025879,4293.846191,4280.641113,4336.666504,4401.538574,4290.769043,4279.230957,4475.384766,4507.563965,4347.051270,4413.333496,0.000000,1.000000,22.000000,,,,0.000000,2.000000,2.000000,0.000000,4.000000,2.000000,2.000000,0.000000,0.000000,4.000000,4.000000,4.000000,4.000000,4.000000,4.000000,0.000000,,,,,,,,,,,,,,,,,4.000000,0.000000,0.499679,0.460876,-0.561890,0.471375,0.982053,-0.077158,-0.057136,-36.123055,44.617920,31.237041
1732157929.892269,1732157929.895457,17.000000,0.000000,4295.256348,4278.846191,4309.615234,4300.384766,4295.128418,4280.897461,4336.410156,4401.666504,4295.128418,4289.358887,4482.692383,4506.666504,4350.897461,4412.051270,0.000000,1.000000,22.000000,,,,0.000000,2.000000,2.000000,0.000000,4.000000,2.000000,2.000000,0.000000,0.000000,4.000000,4.000000,4.000000,4.000000,4.000000,4.000000,0.000000,,,,,,,,,,,,,,,,,,,,,,,,,,,,
1732157929.900077,1732157929.903465,18.000000,0.000000,4295.128418,4280.128418,4314.102539,4303.717773,4268.205078,4281.282227,4336.282227,4403.077148,4300.641113,4298.205078,4491.410156,4512.563965,4352.051270,4415.512695,0.000000,1.000000,22.000000,,,,0.000000,2.000000,2.000000,0.000000,4.000000,2.000000,2.000000,0.000000,0.000000,4.000000,4.000000,4.000000,4.000000,4.000000,4.000000,0.000000,,,,,,,,,,,,,,,,,,,,,,,,,,,,
1732157929.907885,1732157929.911273,19.000000,0.000000,4298.333496,4281.153809,4317.307617,4306.666504,4264.358887,4280.384766,4336.282227,4405.128418,4296.410156,4294.102539,4488.077148,4514.102539,4350.384766,4415.384766,0.000000,1.000000,22.000000,,,,0.000000,2.000000,2.000000,0.000000,4.000000,2.000000,2.000000,0.000000,0.000000,4.000000,4.000000,4.000000,4.000000,4.000000,4.000000,0.000000,,,,,,,,,,,,,,,,,,,,,,,,,,,,
1732157929.915693,1732157929.918981,20.000000,0.000000,4299.487305,4284.230957,4313.333496,4310.128418,4274.358887,4278.717773,4336.666504,4402.051270,4292.179688,4291.153809,4485.128418,4509.102539,4351.410156,4415.769043,0.000000,1.000000,22.000000,,,,0.000000,2.000000,2.000000,0.000000,4.000000,2.000000,2.000000,0.000000,0.000000,4.000000,4.000000,4.000000,4.000000,4.000000,4.000000,0.000000,,,,,,,,,,,,,,,,,5.000000,0.000000,0.499576,0.460938,-0.561829,0.471497,0.982053,-0.077158,-0.057136,-36.201340,44.783848,31.232004
1732157929.923502,1732157929.926789,21.000000,0.000000,4297.820313,4285.128418,4312.051270,4305.769043,4280.000000,4277.563965,4336.538574,4399.230957,4293.974121,4291.666504,4488.717773,4506.794922,4353.333496,4417.948730,0.000000,1.000000,22.000000,,,,0.000000,2.000000,2.000000,0.000000,4.000000,2.000000,2.000000,0.000000,0.000000,4.000000,4.000000,4.000000,4.000000,4.000000,4.000000,0.000000,,,,,,,,,,,,,,,,,,,,,,,,,,,,
1732157929.931310,1732157929.934797,22.000000,0.000000,4294.871582,4279.230957,4314.743652,4298.717773,4289.871582,4278.589844,4336.282227,4402.563965,4295.897461,4290.256348,4489.487305,4507.820313,4350.384766,4416.153809,0.000000,1.000000,22.000000,,,,0.000000,2.000000,2.000000,0.000000,4.000000,2.000000,2.000000,0.000000,0.000000,4.000000,4.000000,4.000000,4.000000,4.000000,4.000000,0.000000,,,,,,,,,,,,,,,,,,,,,,,,,,,,
1732157929.939118,1732157929.942606,23.000000,0.000000,4294.358887,4277.948730,4315.769043,4297.820313,4284.102539,4281.153809,4336.153809,4404.487305,4295.384766,4288.461426,4485.641113,4508.717773,4349.102539,4413.974121,0.000000,1.000000,22.000000,,,,0.000000,2.000000,2.000000,0.000000,4.000000,2.000000,2.000000,0.000000,0.000000,4.000000,4.000000,4.000000,4.000000,4.000000,4.000000,0.000000,,,,,,,,,,,,,,,,,,,,,,,,,,,,
1732157929.946926,1732157929.950514,24.000000,0.000000,4296.282227,4279.358887,4314.615234,4298.205078,4262.179688,4282.051270,4336.410156,4402.948730,4296.153809,4282.820313,4479.871582,4506.794922,4352.179688,4414.487305,0.000000,1.000000,22.000000,,,,0.000000,2.000000,2.000000,0.000000,4.000000,2.000000,2.000000,0.000000,0.000000,4.000000,4.000000,4.000000,4.000000,4.000000,4.000000,0.000000,,,,,,,,,,,,,,,,,6.000000,0.000000,0.499529,0.460938,-0.561768,0.471619,0.980100,-0.075693,-0.062508,-36.194752,44.539917,31.219589
1732157929.954735,1732157929.958322,25.000000,0.000000,4290.512695,4272.563965,4313.974121,4294.615234,4256.922852,4283.205078,4336.794922,4405.256348,4296.153809,4277.820313,4473.974121,4505.000000,4348.077148,4414.230957,0.000000,1.000000,22.000000,,,,0.000000,2.000000,2.000000,0.000000,4.000000,2.000000,2.000000,0.000000,0.000000,4.000000,4.000000,4.000000,4.000000,4.000000,4.000000,0.000000,,,,,,,,,,,,,,,,,,,,,,,,,,,,
1732157929.962543,1732157929.965930,26.000000,0.000000,4284.487305,4267.563965,4315.128418,4292.563965,4277.436035,4286.153809,4336.282227,4407.692383,4296.282227,4285.897461,4475.897461,4506.666504,4343.589844,4412.692383,0.000000,1.000000,22.000000,,,,0.000000,2.000000,2.000000,0.000000,4.000000,2.000000,2.000000,0.000000,0.000000,4.000000,4.000000,4.000000,4.000000,4.000000,4.000000,0.000000,,,,,,,,,,,,,,,,,,,,,,,,,,,,
1732157929.970351,1732157929.973738,27.000000,0.000000,4290.128418,4271.025879,4316.282227,4293.205078,4292.820313,4284.871582,4335.384766,4405.897461,4299.358887,4296.282227,4484.615234,4510.256348,4352.948730,4416.025879,0.000000,1.000000,22.000000,,,,0.000000,2.000000,2.000000,0.000000,4.000000,2.000000,2.000000,0.000000,0.000000,4.000000,4.000000,4.000000,4.000000,4.000000,4.000000,0.000000,,,,,,,,,,,,,,,,,,,,,,,,,,,,
1732157929.978160,1732157929.981447,28.000000,0.000000,4296.153809,4277.051270,4314.743652,4298.333496,4280.897461,4280.512695,4335.897461,4403.205078,4299.743652,4297.692383,4490.512695,4514.358887,4362.948730,4421.666504,0.000000,1.000000,22.000000,,,,0.000000,2.000000,2.000000,0.000000,4.000000,2.000000,2.000000,0.000000,0.000000,4.000000,4.000000,4.000000,4.000000,4.000000,4.000000,0.000000,,,,,,,,,,,,,,,,,7.000000,0.000000,0.499233,0.461182,-0.561523,0.471985,0.982542,-0.064461,-0.046881,-35.972752,44.624001,31.162868
1732157929.985968,1732157929.989255,29.000000,0.000000,4295.384766,4281.025879,4314.102539,4302.563965,4260.769043,4279.102539,4336.794922,4401.410156,4298.077148,4296.666504,4490.000000,4515.384766,4358.333496,4420.256348,0.000000,1.000000,22.000000,,,,0.000000,2.000000,2.000000,0.000000,4.000000,2.000000,2.000000,0.000000,0.000000,4.000000,4.000000,4.000000,4.000000,4.000000,4.000000,0.000000,,,,,,,,,,,,,,,,,,,,,,,,,,,,
1732157929.993776,1732157929.997263,30.000000,0.000000,4296.025879,4280.384766,4315.384766,4301.794922,4261.538574,4278.717773,4335.897461,4401.153809,4297.563965,4296.794922,4487.307617,4514.487305,4350.512695,4415.512695,0.000000,1.000000,22.000000,,,,0.000000,2.000000,2.000000,0.000000,4.000000,2.000000,2.000000,0.000000,0.000000,4.000000,4.000000,4.000000,4.000000,4.000000,4.000000,0.000000,,,,,,,,,,,,,,,,,,,,,,,,,,,,
1732157930.001584,1732157930.005071,31.000000,0.000000,4295.641113,4276.794922,4316.025879,4299.871582,4282.692383,4277.179688,4334.743652,4406.538574,4296.794922,4295.128418,4482.436035,4509.230957,4350.256348,4412.179688,0.000000,1.000000,22.000000,,,,0.000000,2.000000,2.000000,0.000000,4.000000,2.000000,2.000000,0.000000,0.000000,4.000000,4.000000,4.000000,4.000000,4.000000,4.000000,0.000000,,,,,,,,,,,,,,,,,,,,,,,,,,,,
1732157930.009392,1732157930.012780,32.000000,0.000000,4292.179688,4276.410156,4315.512695,4297.436035,4288.717773,4277.563965,4334.743652,4408.846191,4298.461426,4292.692383,4477.307617,4500.512695,4351.794922,4410.769043,0.000000,1.000000,22.000000,,,,0.000000,2.000000,2.000000,0.000000,4.000000,2.000000,2.000000,0.000000,0.000000,4.000000,4.000000,4.000000,4.000000,4.000000,4.000000,0.000000,,,,,,,,,,,,,,,,,8.000000,0.000000,0.499347,0.461121,-0.561523,0.471924,0.977658,-0.070321,-0.048834,-35.866261,44.648773,31.148590
1732157930.017201,1732157930.020588,33.000000,0.000000,4293.974121,4278.846191,4314.230957,4296.025879,4271.153809,4279.615234,4335.000000,4403.333496,4299.615234,4293.717773,4477.436035,4499.487305,4351.025879,4411.922852,0.000000,1.000000,22.000000,,,,0.000000,2.000000,2.000000,0.000000,4.000000,2.000000,2.000000,0.000000,0.000000,4.000000,4.000000,4.000000,4.000000,4.000000,4.000000,0.000000,,,,,,,,,,,,,,,,,,,,,,,,,,,,
1732157930.025009,1732157930.028196,34.000000,0.000000,4295.897461,4279.102539,4313.717773,4297.051270,4257.692383,4281.282227,4335.769043,4402.307617,4297.563965,4293.589844,4480.897461,4505.769043,4349.743652,4412.563965,0.000000,1.000000,22.000000,,,,0.000000,2.000000,2.000000,0.000000,4.000000,2.000000,2.000000,0.000000,0.000000,4.000000,4.000000,4.000000,4.000000,4.000000,4.000000,0.000000,,,,,,,,,,,,,,,,,,,,,,,,,,,,
1732157930.032817,1732157930.036004,35.000000,0.000000,4294.102539,4277.948730,4313.589844,4296.538574,4269.487305,4282.436035,4336.410156,4404.615234,4296.025879,4291.025879,4481.922852,4506.922852,4350.512695,4411.794922,0.000000,1.000000,22.000000,,,,0.000000,2.000000,2.000000,0.000000,4.000000,2.000000,2.000000,0.000000,0.000000,4.000000,4.000000,4.000000,4.000000,4.000000,4.000000,0.000000,,,,,,,,,,,,,,,,,,,,,,,,,,,,
1732157930.040625,1732157930.043713,36.000000,0.000000,4293.846191,4276.282227,4312.692383,4294.743652,4284.871582,4281.538574,4336.153809,4402.436035,4298.461426,4293.461426,4480.384766,4505.641113,4353.205078,4412.563965,0.000000,1.000000,22.000000,,,,0.000000,2.000000,2.000000,0.000000,4.000000,2.000000,2.000000,0.000000,0.000000,4.000000,4.000000,4.000000,4.000000,4.000000,4.000000,0.000000,,,,,,,,,,,,,,,,,9.000000,0.000000,0.499347,0.461121,-0.561523,0.471924,0.979612,-0.073251,-0.056648,-35.923340,44.683838,31.310358
1732157930.048434,1732157930.051521,37.000000,0.000000,4294.230957,4276.025879,4315.000000,4295.128418,4277.179688,4278.717773,4335.512695,4400.256348,4299.615234,4296.794922,4478.333496,4505.000000,4350.897461,4412.307617,0.000000,1.000000,22.000000,,,,0.000000,2.000000,2.000000,0.000000,4.000000,2.000000,2.000000,0.000000,0.000000,4.000000,4.000000,4.000000,4.000000,4.000000,4.000000,0.000000,,,,,,,,,,,,,,,,,,,,,,,,,,,,
1732157930.056242,1732157930.059129,38.000000,0.000000,4293.974121,4278.333496,4318.077148,4297.179688,4274.615234,4280.128418,4335.641113,4402.820313,4294.615234,4287.948730,4475.769043,4505.384766,4344.102539,4410.128418,0.000000,1.000000,22.000000,,,,0.000000,2.000000,2.000000,0.000000,4.000000,2.000000,2.000000,0.000000,0.000000,4.000000,4.000000,4.000000,4.000000,4.000000,4.000000,0.000000,,,,,,,,,,,,,,,,,,,,,,,,,,,,
1732157930.064050,1732157930.066937,39.000000,0.000000,4293.461426,4278.589844,4317.179688,4300.000000,4291.666504,4278.974121,4336.153809,4403.333496,4290.000000,4278.077148,4475.384766,4506.153809,4344.358887,4411.025879,0.000000,1.000000,22.000000,,,,0.000000,2.000000,2.000000,0.000000,4.000000,2.000000,2.000000,0.000000,0.000000,4.000000,4.000000,4.000000,4.000000,4.000000,4.000000,0.000000,,,,,,,,,,,,,,,,,,,,,,,,,,,,
1732157930.071859,1732157930.074646,40.000000,0.000000,4294.871582,4276.282227,4315.897461,4298.589844,4290.897461,4269.743652,4336.410156,4401.282227,4291.794922,4286.153809,4484.230957,4507.563965,4351.410156,4413.077148,0.000000,1.000000,22.000000,,,,0.000000,2.000000,2.000000,0.000000,4.000000,2.000000,2.000000,0.000000,0.000000,4.000000,4.000000,4.000000,4.000000,4.000000,4.000000,0.000000,,,,,,,,,,,,,,,,,10.000000,0.000000,0.499539,0.460876,-0.561707,0.471741,0.985472,-0.078623,-0.052741,-35.789570,44.698910,31.428057
1732157930.079667,1732157930.082454,41.000000,0.000000,4296.666504,4273.717773,4315.256348,4296.153809,4262.948730,4268.846191,4336.410156,4401.282227,4297.307617,4297.563965,4488.589844,4508.333496,4350.769043,4413.589844,0.000000,1.000000,22.000000,,,,0.000000,2.000000,2.000000,0.000000,4.000000,2.000000,2.000000,0.000000,0.000000,4.000000,4.000000,4.000000,4.000000,4.000000,4.000000,0.000000,,,,,,,,,,,,,,,,,,,,,,,,,,,,
1732157930.087475,1732157930.090062,42.000000,0.000000,4290.769043,4271.922852,4314.102539,4296.922852,4252.051270,4279.230957,4336.666504,4402.820313,4297.948730,4292.692383,4480.512695,4507.307617,4344.358887,4411.538574,0.000000,1.000000,22.000000,,,,0.000000,2.000000,2.000000,0.000000,4.000000,2.000000,2.000000,0.000000,0.000000,4.000000,4.000000,4.000000,4.000000,4.000000,4.000000,0.000000,,,,,,,,,,,,,,,,,,,,,,,,,,,,
1732157930.095283,1732157930.097871,43.000000,0.000000,4281.153809,4273.461426,4313.846191,4296.794922,4274.743652,4282.051270,4336.538574,4401.282227,4293.589844,4282.948730,4475.512695,4503.333496,4341.922852,4403.589844,0.000000,1.000000,22.000000,,,,0.000000,2.000000,2.000000,0.000000,4.000000,2.000000,2.000000,0.000000,0.000000,4.000000,4.000000,4.000000,4.000000,4.000000,4.000000,0.000000,,,,,,,,,,,,,,,,,,,,,,,,,,,,
1732157930.103091,1732157930.105579,44.000000,0.000000,4280.512695,4276.794922,4316.538574,4295.384766,4283.205078,4278.717773,4335.512695,4401.282227,4292.436035,4283.974121,4478.461426,4499.871582,4342.179688,4400.641113,0.000000,1.000000,22.000000,,,,0.000000,2.000000,2.000000,0.000000,4.000000,2.000000,2.000000,0.000000,0.000000,4.000000,4.000000,4.000000,4.000000,4.000000,4.000000,0.000000,,,,,,,,,,,,,,,,,11.000000,0.000000,0.499480,0.460815,-0.561707,0.471863,0.985960,-0.063973,-0.060554,-35.961220,44.649452,31.386726
1732157930.110900,1732157930.113387,45.000000,0.000000,4284.230957,4276.794922,4317.692383,4294.743652,4274.358887,4280.128418,4335.641113,4406.282227,4297.820313,4290.897461,4477.692383,4497.563965,4343.846191,4406.025879,0.000000,1.000000,22.000000,,,,0.000000,2.000000,2.000000,0.000000,4.000000,2.000000,2.000000,0.000000,0.000000,4.000000,4.000000,4.000000,4.000000,4.000000,4.000000,0.000000,,,,,,,,,,,,,,,,,,,,,,,,,,,,
1732157930.118708,1732157930.120996,46.000000,0.000000,4281.922852,4271.410156,4316.794922,4293.461426,4289.743652,4277.820313,4336.410156,4405.256348,4301.025879,4291.538574,4473.589844,4493.717773,4343.846191,4401.282227,0.000000,1.000000,22.000000,,,,0.000000,2.000000,2.000000,0.000000,4.000000,2.000000,2.000000,0.000000,0.000000,4.000000,4.000000,4.000000,4.000000,4.000000,4.000000,0.000000,,,,,,,,,,,,,,,,,,,,,,,,,,,,
1732157930.126516,1732157930.128804,47.000000,0.000000,4280.128418,4267.307617,4315.512695,4293.974121,4296.282227,4275.256348,4336.153809,4399.487305,4296.410156,4289.615234,4472.051270,4490.641113,4338.846191,4394.871582,0.000000,1.000000,22.000000,,,,0.000000,2.000000,2.000000,0.000000,4.000000,2.000000,2.000000,0.000000,0.000000,4.000000,4.000000,4.000000,4.000000,4.000000,4.000000,0.000000,,,,,,,,,,,,,,,,,,,,,,,,,,,,
1732157930.134324,1732157930.136512,48.000000,0.000000,4284.358887,4269.230957,4315.384766,4296.538574,4271.153809,4280.512695,4335.641113,4400.769043,4297.948730,4293.077148,4473.461426,4495.512695,4337.820313,4405.000000,0.000000,1.000000,22.000000,,,,0.000000,2.000000,2.000000,0.000000,4.000000,2.000000,2.000000,0.000000,0.000000,4.000000,4.000000,4.000000,4.000000,4.000000,4.000000,0.000000,,,,,,,,,,,,,,,,,12.000000,0.000000,0.499525,0.460754,-0.561768,0.471802,0.977170,-0.064461,-0.050299,-36.100254,44.729389,31.428247
1732157930.142133,1732157930.144320,49.000000,0.000000,4287.820313,4271.282227,4316.282227,4296.538574,4260.384766,4281.922852,4335.256348,4403.205078,4309.871582,4297.692383,4477.307617,4503.974121,4345.384766,4416.922852,0.000000,1.000000,22.000000,,,,0.000000,2.000000,2.000000,0.000000,4.000000,2.000000,2.000000,0.000000,0.000000,4.000000,4.000000,4.000000,4.000000,4.000000,4.000000,0.000000,,,,,,,,,,,,,,,,,,,,,,,,,,,,
1732157930.149941,1732157930.151929,50.000000,0.000000,4288.717773,4267.820313,4316.282227,4296.025879,4272.692383,4278.717773,4334.871582,4400.769043,4309.487305,4299.358887,4478.461426,4509.871582,4349.615234,4416.410156,0.000000,1.000000,22.000000,,,,0.000000,2.000000,2.000000,0.000000,4.000000,2.000000,2.000000,0.000000,0.000000,4.000000,4.000000,4.000000,4.000000,4.000000,4.000000,0.000000,,,,,,,,,,,,,,,,,,,,,,,,,,,,
1732157930.157749,1732157930.159737,51.000000,0.000000,4288.205078,4267.692383,4315.000000,4296.025879,4286.922852,4278.846191,4334.615234,4400.128418,4297.692383,4294.102539,4475.769043,4507.692383,4342.563965,4413.846191,0.000000,1.000000,22.000000,,,,0.000000,2.000000,2.000000,0.000000,4.000000,2.000000,2.000000,0.000000,0.000000,4.000000,4.000000,4.000000,4.000000,4.000000,4.000000,0.000000,,,,,,,,,,,,,,,,,,,,,,,,,,,,
1732157930.165558,1732157930.167445,52.000000,0.000000,4285.512695,4274.358887,4314.615234,4294.615234,4293.589844,4280.384766,4334.615234,4401.538574,4293.846191,4285.641113,4474.871582,4501.538574,4333.333496,4414.487305,0.000000,1.000000,22.000000,,,,0.000000,2.000000,2.000000,0.000000,4.000000,2.000000,2.000000,0.000000,0.000000,4.000000,4.000000,4.000000,4.000000,4.000000,4.000000,0.000000,,,,,,,,,,,,,,,,,13.000000,0.000000,0.499750,0.460388,-0.562073,0.471558,0.965450,-0.071298,-0.057136,-35.701206,44.749138,31.631880
1732157930.173366,1732157930.175253,53.000000,0.000000,4289.358887,4272.307617,4318.077148,4295.384766,4279.230957,4279.743652,4335.512695,4401.282227,4296.666504,4281.282227,4476.282227,4503.589844,4333.461426,4412.820313,0.000000,1.000000,22.000000,,,,0.000000,2.000000,2.000000,0.000000,4.000000,2.000000,2.000000,0.000000,0.000000,4.000000,4.000000,4.000000,4.000000,4.000000,4.000000,0.000000,,,,,,,,,,,,,,,,,,,,,,,,,,,,
1732157930.181174,1732157930.182862,54.000000,0.000000,4292.307617,4264.871582,4316.282227,4296.153809,4262.948730,4279.871582,4336.666504,4402.692383,4295.384766,4282.051270,4476.538574,4509.102539,4338.589844,4413.333496,0.000000,1.000000,22.000000,,,,0.000000,2.000000,2.000000,0.000000,4.000000,2.000000,2.000000,0.000000,0.000000,4.000000,4.000000,4.000000,4.000000,4.000000,4.000000,0.000000,,,,,,,,,,,,,,,,,,,,,,,,,,,,
1732157930.188982,1732157930.190670,55.000000,0.000000,4285.897461,4264.230957,4308.846191,4297.179688,4278.077148,4281.153809,4336.282227,4402.563965,4296.025879,4284.743652,4473.974121,4507.179688,4337.563965,4412.179688,0.000000,1.000000,22.000000,,,,0.000000,2.000000,2.000000,0.000000,4.000000,2.000000,2.000000,0.000000,0.000000,4.000000,4.000000,4.000000,4.000000,4.000000,4.000000,0.000000,,,,,,,,,,,,,,,,,,,,,,,,,,,,
1732157930.196790,1732157930.198578,56.000000,0.000000,4281.666504,4265.769043,4307.692383,4300.641113,4286.282227,4282.563965,4336.794922,4401.282227,4301.794922,4286.922852,4473.333496,4501.153809,4333.589844,4404.487305,0.000000,1.000000,22.000000,,,,0.000000,2.000000,2.000000,0.000000,4.000000,2.000000,2.000000,0.000000,0.000000,4.000000,4.000000,4.000000,4.000000,4.000000,4.000000,0.000000,,,,,,,,,,,,,,,,,14.000000,0.000000,0.499545,0.460510,-0.561951,0.471802,0.986449,-0.064461,-0.053717,-35.682976,44.921803,31.541822
1732157930.204599,1732157930.206386,57.000000,0.000000,4284.102539,4262.692383,4315.384766,4299.358887,4277.051270,4282.948730,4337.436035,4406.282227,4304.615234,4284.487305,4476.410156,4501.025879,4332.436035,4395.128418,0.000000,1.000000,22.000000,,,,0.000000,2.000000,2.000000,0.000000,4.000000,2.000000,2.000000,0.000000,0.000000,4.000000,4.000000,4.000000,4.000000,4.000000,4.000000,0.000000,,,,,,,,,,,,,,,,,,,,,,,,,,,,
1732157930.212407,1732157930.213995,58.000000,0.000000,4282.563965,4262.307617,4317.820313,4293.461426,4295.641113,4280.897461,4334.487305,4407.563965,4299.358887,4280.769043,4476.025879,4501.922852,4336.538574,4396.025879,0.000000,1.000000,22.000000,,,,0.000000,2.000000,2.000000,0.000000,4.000000,2.000000,2.000000,0.000000,0.000000,4.000000,4.000000,4.000000,4.000000,4.000000,4.000000,0.000000,,,,,,,,,,,,,,,,,,,,,,,,,,,,
1732157930.220215,1732157930.221803,59.000000,0.000000,4278.974121,4265.128418,4311.666504,4294.615234,4300.384766,4279.615234,4332.179688,4403.974121,4294.487305,4285.512695,4475.384766,4501.538574,4339.487305,4407.307617,0.000000,1.000000,22.000000,,,,0.000000,2.000000,2.000000,0.000000,4.000000,2.000000,2.000000,0.000000,0.000000,4.000000,4.000000,4.000000,4.000000,4.000000,4.000000,0.000000,,,,,,,,,,,,,,,,,,,,,,,,,,,,
1732157930.228023,1732157930.229511,60.000000,0.000000,4283.589844,4266.025879,4309.743652,4299.230957,4271.282227,4280.769043,4334.615234,4405.256348,4302.692383,4292.948730,4482.307617,4505.000000,4342.563965,4414.230957,0.000000,1.000000,22.000000,,,,0.000000,2.000000,2.000000,0.000000,4.000000,2.000000,2.000000,0.000000,0.000000,4.000000,4.000000,4.000000,4.000000,4.000000,4.000000,0.000000,,,,,,,,,,,,,,,,,15.000000,0.000000,0.499339,0.460632,-0.561829,0.472046,0.975705,-0.080576,-0.052741,-35.626545,44.831657,31.422211
1732157930.235832,1732157930.237320,61.000000,0.000000,4288.077148,4265.000000,4314.615234,4297.692383,4263.974121,4282.179688,4336.282227,4407.051270,4312.692383,4295.769043,4489.358887,4507.563965,4347.692383,4414.230957,0.000000,1.000000,22.000000,,,,0.000000,2.000000,2.000000,0.000000,4.000000,2.000000,2.000000,0.000000,0.000000,4.000000,4.000000,4.000000,4.000000,4.000000,4.000000,0.000000,,,,,,,,,,,,,,,,,,,,,,,,,,,,
1732157930.243640,1732157930.245328,62.000000,0.000000,4288.205078,4263.589844,4313.974121,4295.512695,4275.641113,4282.692383,4335.256348,4402.436035,4309.230957,4296.025879,4490.256348,4504.102539,4346.538574,4414.358887,0.000000,1.000000,22.000000,,,,0.000000,2.000000,2.000000,0.000000,4.000000,2.000000,2.000000,0.000000,0.000000,4.000000,4.000000,4.000000,4.000000,4.000000,4.000000,0.000000,,,,,,,,,,,,,,,,,,,,,,,,,,,,
1732157930.251448,1732157930.253136,63.000000,0.000000,4290.128418,4265.128418,4309.871582,4296.025879,4284.743652,4281.153809,4335.641113,4399.358887,4299.487305,4286.922852,4482.948730,4500.512695,4340.641113,4412.820313,0.000000,1.000000,22.000000,,,,0.000000,2.000000,2.000000,0.000000,4.000000,2.000000,2.000000,0.000000,0.000000,4.000000,4.000000,4.000000,4.000000,4.000000,4.000000,0.000000,,,,,,,,,,,,,,,,,,,,,,,,,,,,
1732157930.259256,1732157930.261044,64.000000,0.000000,4293.077148,4264.871582,4313.333496,4295.897461,4292.179688,4278.846191,4336.025879,4400.769043,4294.487305,4278.846191,4477.179688,4504.871582,4340.000000,4410.512695,0.000000,1.000000,22.000000,,,,0.000000,2.000000,2.000000,0.000000,4.000000,2.000000,2.000000,0.000000,0.000000,4.000000,4.000000,4.000000,4.000000,4.000000,4.000000,0.000000,,,,,,,,,,,,,,,,,16.000000,0.000000,0.499350,0.460632,-0.561768,0.472107,0.978147,-0.070321,-0.052741,-35.539169,45.021976,31.405323
1732157930.267065,1732157930.268852,65.000000,0.000000,4293.974121,4262.179688,4314.743652,4296.538574,4277.563965,4279.358887,4334.358887,4402.051270,4299.230957,4283.974121,4483.461426,4507.948730,4343.333496,4413.846191,1598.000000,1.000000,22.000000,,,,0.000000,2.000000,2.000000,0.000000,4.000000,2.000000,2.000000,0.000000,0.000000,4.000000,4.000000,4.000000,4.000000,4.000000,4.000000,0.000000,,,,,,,,,,,,,,,,,,,,,,,,,,,,
1732157930.274873,1732157930.276860,66.000000,0.000000,4292.179688,4262.179688,4311.538574,4296.025879,4259.358887,4280.384766,4334.230957,4403.333496,4304.358887,4287.307617,4490.384766,4506.538574,4342.436035,4416.153809,1366.000000,1.000000,22.000000,,,,0.000000,2.000000,2.000000,0.000000,4.000000,2.000000,2.000000,0.000000,0.000000,4.000000,4.000000,4.000000,4.000000,4.000000,4.000000,0.000000,,,,,,,,,,,,,,,,,,,,,,,,,,,,
1732157930.282681,1732157930.284668,67.000000,0.000000,4294.358887,4264.358887,4312.820313,4295.000000,4282.563965,4278.589844,4335.769043,4402.179688,4298.205078,4280.128418,4487.563965,4505.256348,4340.641113,4412.436035,1422.000000,1.000000,22.000000,,,,0.000000,2.000000,2.000000,0.000000,4.000000,2.000000,2.000000,0.000000,0.000000,4.000000,4.000000,4.000000,4.000000,4.000000,4.000000,0.000000,,,,,,,,,,,,,,,,,,,,,,,,,,,,
1732157930.290489,1732157930.292576,68.000000,0.000000,4296.282227,4266.153809,4315.512695,4299.743652,4296.153809,4278.333496,4336.410156,4401.025879,4291.922852,4281.666504,4485.256348,4506.538574,4342.307617,4412.307617,1421.000000,1.000000,22.000000,,,,0.000000,2.000000,2.000000,0.000000,4.000000,2.000000,2.000000,0.000000,0.000000,4.000000,4.000000,4.000000,4.000000,4.000000,4.000000,0.000000,,,,,,,,,,,,,,,,,17.000000,0.000000,0.499384,0.460571,-0.561890,0.471985,0.981565,-0.065926,-0.052252,-35.620060,44.732803,31.529980
1732157930.298298,1732157930.300385,69.000000,0.000000,4295.000000,4266.666504,4315.000000,4303.077148,4266.922852,4279.230957,4335.897461,4401.922852,4300.256348,4292.692383,4489.358887,4508.461426,4345.769043,4415.641113,1210.000000,1.000000,22.000000,,,,0.000000,2.000000,2.000000,0.000000,4.000000,2.000000,2.000000,0.000000,0.000000,4.000000,4.000000,4.000000,4.000000,4.000000,4.000000,0.000000,,,,,,,,,,,,,,,,,,,,,,,,,,,,
1732157930.306106,1732157930.308393,70.000000,0.000000,4295.128418,4267.051270,4312.820313,4302.692383,4258.589844,4277.692383,4336.025879,4404.615234,4303.846191,4295.769043,4489.871582,4510.769043,4349.871582,4416.025879,0.000000,1.000000,22.000000,,,,0.000000,2.000000,2.000000,0.000000,4.000000,2.000000,2.000000,0.000000,0.000000,4.000000,4.000000,4.000000,4.000000,4.000000,4.000000,0.000000,,,,,,,,,,,,,,,,,,,,,,,,,,,,
1732157930.313914,1732157930.316201,71.000000,0.000000,4295.769043,4266.153809,4311.410156,4302.948730,4279.487305,4276.794922,4336.153809,4407.436035,4297.948730,4293.461426,4488.077148,4510.769043,4348.717773,4416.922852,0.000000,1.000000,22.000000,,,,0.000000,2.000000,2.000000,0.000000,4.000000,2.000000,2.000000,0.000000,0.000000,4.000000,4.000000,4.000000,4.000000,4.000000,4.000000,0.000000,,,,,,,,,,,,,,,,,,,,,,,,,,,,
1732157930.321722,1732157930.324109,72.000000,0.000000,4294.871582,4264.743652,4314.358887,4301.538574,4280.256348,4279.358887,4336.025879,4405.512695,4298.846191,4289.615234,4488.717773,4507.948730,4345.256348,4420.641113,1523.000000,1.000000,22.000000,,,,0.000000,2.000000,2.000000,0.000000,4.000000,2.000000,2.000000,0.000000,0.000000,4.000000,4.000000,4.000000,4.000000,4.000000,4.000000,0.000000,,,,,,,,,,,,,,,,,18.000000,0.000000,0.499654,0.460144,-0.562256,0.471680,0.981565,-0.069833,-0.062996,-35.902248,44.631901,31.580950
1732157930.329531,1732157930.331917,73.000000,0.000000,4295.641113,4264.743652,4316.538574,4297.179688,4278.077148,4281.794922,4336.025879,4401.410156,4300.384766,4282.563965,4489.102539,4505.128418,4343.205078,4420.512695,1686.000000,1.000000,22.000000,,,,0.000000,2.000000,2.000000,0.000000,4.000000,2.000000,2.000000,0.000000,0.000000,4.000000,4.000000,4.000000,4.000000,4.000000,4.000000,0.000000,,,,,,,,,,,,,,,,,,,,,,,,,,,,
1732157930.337339,1732157930.339925,74.000000,0.000000,4296.025879,4265.128418,4314.871582,4297.563965,4296.794922,4281.410156,4336.025879,4400.000000,4295.769043,4279.615234,4488.589844,4504.102539,4342.820313,4417.820313,1544.000000,1.000000,22.000000,,,,0.000000,2.000000,2.000000,0.000000,4.000000,2.000000,2.000000,0.000000,0.000000,4.000000,4.000000,4.000000,4.000000,4.000000,4.000000,0.000000,,,,,,,,,,,,,,,,,,,,,,,,,,,,
1732157930.345147,1732157930.347733,75.000000,0.000000,4293.589844,4265.641113,4313.461426,4301.025879,4292.948730,4281.153809,4336.025879,4401.410156,4295.384766,4284.358887,4487.820313,4505.512695,4345.512695,4417.307617,1566.000000,1.000000,22.000000,,,,0.000000,2.000000,2.000000,0.000000,4.000000,2.000000,2.000000,0.000000,0.000000,4.000000,4.000000,4.000000,4.000000,4.000000,4.000000,0.000000,,,,,,,,,,,,,,,,,,,,,,,,,,,,
1732157930.352955,1732157930.355641,76.000000,0.000000,4292.820313,4263.846191,4313.461426,4299.743652,4268.205078,4281.922852,4336.025879,4402.179688,4300.128418,4286.794922,4487.948730,4507.051270,4345.512695,4418.333496,1701.000000,1.000000,22.000000,,,,0.000000,2.000000,2.000000,0.000000,4.000000,2.000000,2.000000,0.000000,0.000000,4.000000,4.000000,4.000000,4.000000,4.000000,4.000000,0.000000,,,,,,,,,,,,,,,,,19.000000,0.000000,0.499814,0.460083,-0.562317,0.471497,0.976682,-0.071786,-0.050299,-36.189156,44.736839,31.652235
1732157930.360764,1732157930.363450,77.000000,0.000000,4294.358887,4262.563965,4312.820313,4299.871582,4264.358887,4282.563965,4336.025879,4402.179688,4297.692383,4282.563965,4487.820313,4506.410156,4341.922852,4419.358887,1608.000000,1.000000,22.000000,,,,0.000000,2.000000,2.000000,0.000000,4.000000,2.000000,2.000000,0.000000,0.000000,4.000000,4.000000,4.000000,4.000000,4.000000,4.000000,0.000000,,,,,,,,,,,,,,,,,,,,,,,,,,,,
1732157930.368572,1732157930.371458,78.000000,0.000000,4293.077148,4263.846191,4312.948730,4300.512695,4276.666504,4282.307617,4336.025879,4404.615234,4296.666504,4281.538574,4487.692383,4506.922852,4341.538574,4419.230957,1544.000000,1.000000,22.000000,,,,0.000000,2.000000,2.000000,0.000000,4.000000,2.000000,2.000000,0.000000,0.000000,4.000000,4.000000,4.000000,4.000000,4.000000,4.000000,0.000000,1.000000,0.000000,2.000000,1.000000,0.000000,1.000000,1.000000,0.000000,0.000000,0.000000,4.000000,4.000000,4.000000,4.000000,3.000000,4.000000,,,,,,,,,,,,
1732157930.376380,1732157930.379266,79.000000,0.000000,4290.897461,4263.589844,4312.563965,4296.666504,4288.205078,4278.717773,4336.025879,4407.563965,4303.077148,4283.589844,4488.077148,4507.563965,4343.077148,4414.230957,1566.000000,1.000000,22.000000,,,,0.000000,2.000000,2.000000,0.000000,4.000000,2.000000,2.000000,0.000000,0.000000,4.000000,4.000000,4.000000,4.000000,4.000000,4.000000,0.000000,,,,,,,,,,,,,,,,,,,,,,,,,,,,
1732157930.384188,1732157930.386974,80.000000,0.000000,4293.717773,4261.922852,4314.871582,4297.436035,4287.948730,4275.897461,4336.025879,4402.179688,4303.077148,4281.025879,4488.077148,4509.487305,4341.153809,4416.410156,1701.000000,1.000000,22.000000,,,,0.000000,2.000000,2.000000,0.000000,4.000000,2.000000,2.000000,0.000000,0.000000,4.000000,4.000000,4.000000,4.000000,4.000000,4.000000,0.000000,,,,,,,,,,,,,,,,,20.000000,0.000000,0.499870,0.460022,-0.562317,0.471497,0.978635,-0.059089,-0.054206,-36.279881,44.830173,31.613312
1732157930.391997,1732157930.394782,81.000000,0.000000,4298.333496,4262.948730,4318.717773,4303.589844,4270.641113,4278.846191,4336.025879,4395.641113,4298.333496,4282.307617,4488.461426,4511.666504,4343.333496,4427.179688,1608.000000,1.000000,22.000000,,,,0.000000,2.000000,2.000000,0.000000,4.000000,2.000000,2.000000,0.000000,0.000000,4.000000,4.000000,4.000000,4.000000,4.000000,4.000000,0.000000,,,,,,,,,,,,,,,,,,,,,,,,,,,,
1732157930.399805,1732157930.402391,82.000000,0.000000,4298.846191,4265.512695,4315.128418,4306.025879,4258.333496,4282.948730,4336.025879,4400.000000,4302.179688,4290.384766,4490.769043,4515.000000,4348.846191,4428.205078,1544.000000,1.000000,22.000000,,,,0.000000,2.000000,2.000000,0.000000,4.000000,2.000000,2.000000,0.000000,0.000000,4.000000,4.000000,4.000000,4.000000,4.000000,4.000000,0.000000,,,,,,,,,,,,,,,,,,,,,,,,,,,,
1732157930.407613,1732157930.410199,83.000000,0.000000,4294.615234,4264.743652,4311.025879,4298.974121,4282.436035,4281.025879,4336.025879,4403.589844,4305.641113,4288.589844,4489.487305,4515.256348,4345.256348,4417.563965,1566.000000,1.000000,22.000000,,,,0.000000,2.000000,2.000000,0.000000,4.000000,2.000000,2.000000,0.000000,0.000000,4.000000,4.000000,4.000000,4.000000,4.000000,4.000000,0.000000,,,,,,,,,,,,,,,,,,,,,,,,,,,,
1732157930.415421,1732157930.417907,84.000000,0.000000,4290.897461,4264.230957,4312.692383,4292.948730,4299.615234,4278.205078,4336.025879,4401.538574,4296.538574,4279.487305,4485.512695,4509.102539,4340.256348,4411.922852,1701.000000,1.000000,22.000000,,,,0.000000,2.000000,2.000000,0.000000,4.000000,2.000000,2.000000,0.000000,0.000000,4.000000,4.000000,4.000000,4.000000,4.000000,4.000000,0.000000,,,,,,,,,,,,,,,,,21.000000,0.000000,0.499869,0.459961,-0.562317,0.471558,0.965450,-0.069344,-0.051764,-36.150036,44.905773,31.623449
1732157930.423230,1732157930.425715,85.000000,0.000000,4294.230957,4265.897461,4312.692383,4299.230957,4274.487305,4280.769043,4335.769043,4404.102539,4295.897461,4280.256348,4487.692383,4505.384766,4341.666504,4416.025879,1608.000000,1.000000,22.000000,,,,0.000000,2.000000,2.000000,0.000000,4.000000,2.000000,2.000000,0.000000,0.000000,4.000000,4.000000,4.000000,4.000000,4.000000,4.000000,0.000000,,,,,,,,,,,,,,,,,,,,,,,,,,,,
1732157930.431038,1732157930.433324,86.000000,0.000000,4299.743652,4265.641113,4312.948730,4308.205078,4260.128418,4282.307617,4335.897461,4405.000000,4304.230957,4283.205078,4486.282227,4508.461426,4340.897461,4417.179688,1544.000000,1.000000,22.000000,,,,0.000000,2.000000,2.000000,0.000000,4.000000,2.000000,2.000000,0.000000,0.000000,4.000000,4.000000,4.000000,4.000000,4.000000,4.000000,0.000000,,,,,,,,,,,,,,,,,,,,,,,,,,,,
1732157930.438846,1732157930.441132,87.000000,0.000000,4300.256348,4263.589844,4314.487305,4303.717773,4282.179688,4279.615234,4336.410156,4401.666504,4298.077148,4278.717773,4479.615234,4508.717773,4339.230957,4414.230957,1566.000000,1.000000,22.000000,,,,0.000000,2.000000,2.000000,0.000000,4.000000,2.000000,2.000000,0.000000,0.000000,4.000000,4.000000,4.000000,4.000000,4.000000,4.000000,0.000000,,,,,,,,,,,,,,,,,,,,,,,,,,,,
1732157930.446654,1732157930.448840,88.000000,0.000000,4295.897461,4263.589844,4315.128418,4297.051270,4287.692383,4278.589844,4335.769043,4401.410156,4292.563965,4278.461426,4482.692383,4507.179688,4341.025879,4416.666504,1701.000000,1.000000,22.000000,,,,0.000000,2.000000,2.000000,0.000000,4.000000,2.000000,2.000000,0.000000,0.000000,4.000000,4.000000,4.000000,4.000000,4.000000,4.000000,0.000000,,,,,,,,,,,,,,,,,22.000000,0.000000,0.499970,0.459839,-0.562378,0.471497,0.984007,-0.072763,-0.059578,-36.211529,44.967010,31.631660
1732157930.454463,1732157930.456649,89.000000,0.000000,4295.384766,4265.769043,4316.666504,4299.487305,4264.615234,4282.179688,4336.153809,4401.922852,4303.461426,4283.333496,4489.871582,4509.615234,4342.307617,4421.538574,1608.000000,1.000000,22.000000,,,,0.000000,2.000000,2.000000,0.000000,4.000000,2.000000,2.000000,0.000000,0.000000,4.000000,4.000000,4.000000,4.000000,4.000000,4.000000,0.000000,,,,,,,,,,,,,,,,,,,,,,,,,,,,
1732157930.462271,1732157930.464257,90.000000,0.000000,4301.410156,4266.282227,4315.512695,4302.948730,4262.051270,4283.205078,4339.230957,4400.128418,4306.538574,4283.077148,4488.461426,4509.487305,4345.000000,4420.897461,1544.000000,1.000000,22.000000,,,,0.000000,2.000000,2.000000,0.000000,4.000000,2.000000,2.000000,0.000000,0.000000,4.000000,4.000000,4.000000,4.000000,4.000000,4.000000,0.000000,,,,,,,,,,,,,,,,,,,,,,,,,,,,
1732157930.470079,1732157930.472065,91.000000,0.000000,4301.410156,4263.974121,4314.230957,4300.000000,4276.922852,4280.000000,4341.666504,4400.641113,4293.461426,4280.512695,4487.179688,4512.820313,4349.871582,4418.333496,1566.000000,1.000000,22.000000,,,,0.000000,2.000000,2.000000,0.000000,4.000000,2.000000,2.000000,0.000000,0.000000,4.000000,4.000000,4.000000,4.000000,4.000000,4.000000,0.000000,,,,,,,,,,,,,,,,,,,,,,,,,,,,
1732157930.477887,1732157930.479774,92.000000,0.000000,4294.743652,4261.794922,4314.102539,4295.256348,4276.538574,4278.846191,4338.333496,4400.641113,4292.436035,4281.025879,4489.358887,4519.102539,4349.487305,4417.948730,1701.000000,1.000000,22.000000,,,,0.000000,2.000000,2.000000,0.000000,4.000000,2.000000,2.000000,0.000000,0.000000,4.000000,4.000000,4.000000,4.000000,4.000000,4.000000,0.000000,,,,,,,,,,,,,,,,,23.000000,0.000000,0.499902,0.459839,-0.562439,0.471497,0.984007,-0.072763,-0.059578,-36.171341,44.909946,31.669977
1732157930.485696,1732157930.487582,93.000000,0.000000,4293.205078,4262.307617,4313.717773,4294.230957,4269.871582,4280.384766,4334.743652,4400.384766,4301.538574,4282.179688,4487.692383,4512.436035,4345.000000,4415.512695,1608.000000,1.000000,22.000000,,,,0.000000,2.000000,2.000000,0.000000,4.000000,2.000000,2.000000,0.000000,0.000000,4.000000,4.000000,4.000000,4.000000,4.000000,4.000000,0.000000,,,,,,,,,,,,,,,,,,,,,,,,,,,,
1732157930.493504,1732157930.495190,94.000000,0.000000,4295.641113,4262.436035,4312.948730,4295.256348,4282.051270,4280.897461,4336.025879,4401.666504,4299.230957,4280.000000,4487.563965,4503.461426,4342.692383,4413.717773,1544.000000,1.000000,22.000000,,,,0.000000,2.000000,2.000000,0.000000,4.000000,2.000000,2.000000,0.000000,0.000000,4.000000,4.000000,4.000000,4.000000,4.000000,4.000000,0.000000,,,,,,,,,,,,,,,,,,,,,,,,,,,,
1732157930.501312,1732157930.502998,95.000000,0.000000,4294.615234,4262.307617,4314.615234,4296.025879,4296.794922,4280.384766,4336.922852,4402.820313,4294.358887,4279.358887,4488.333496,4505.769043,4341.666504,4414.358887,1566.000000,1.000000,22.000000,,,,0.000000,2.000000,2.000000,0.000000,4.000000,2.000000,2.000000,0.000000,0.000000,4.000000,4.000000,4.000000,4.000000,4.000000,4.000000,0.000000,,,,,,,,,,,,,,,,,,,,,,,,,,,,
1732157930.509120,1732157930.510707,96.000000,0.000000,4293.846191,4263.717773,4316.282227,4298.589844,4279.487305,4281.282227,4335.641113,4402.436035,4297.436035,4281.538574,4486.282227,4509.230957,4345.769043,4415.897461,1701.000000,1.000000,22.000000,,,,0.000000,2.000000,2.000000,0.000000,4.000000,2.000000,2.000000,0.000000,0.000000,4.000000,4.000000,4.000000,4.000000,4.000000,4.000000,0.000000,,,,,,,,,,,,,,,,,24.000000,0.000000,0.500004,0.459778,-0.562500,0.471375,0.977170,-0.068368,-0.050299,-36.167118,44.847057,31.506016
1732157930.516929,1732157930.518515,97.000000,0.000000,4295.641113,4264.230957,4314.743652,4301.538574,4257.051270,4281.410156,4335.641113,4401.410156,4300.128418,4283.333496,4486.794922,4507.307617,4350.897461,4415.897461,1608.000000,1.000000,22.000000,,,,0.000000,2.000000,2.000000,0.000000,4.000000,2.000000,2.000000,0.000000,0.000000,4.000000,4.000000,4.000000,4.000000,4.000000,4.000000,0.000000,,,,,,,,,,,,,,,,,,,,,,,,,,,,
1732157930.524737,1732157930.526123,98.000000,0.000000,4295.256348,4263.846191,4313.589844,4300.769043,4266.153809,4282.179688,4335.769043,4401.666504,4297.692383,4283.589844,4488.205078,4504.743652,4347.948730,4413.589844,1544.000000,1.000000,22.000000,,,,0.000000,2.000000,2.000000,0.000000,4.000000,2.000000,2.000000,0.000000,0.000000,4.000000,4.000000,4.000000,4.000000,4.000000,4.000000,0.000000,,,,,,,,,,,,,,,,,,,,,,,,,,,,
1732157930.532545,1732157930.533932,99.000000,0.000000,4295.897461,4265.512695,4313.717773,4300.384766,4277.692383,4285.000000,4335.128418,4401.794922,4296.538574,4282.436035,4487.820313,4508.589844,4345.512695,4412.436035,1566.000000,1.000000,22.000000,,,,0.000000,2.000000,2.000000,0.000000,4.000000,2.000000,2.000000,0.000000,0.000000,4.000000,4.000000,4.000000,4.000000,4.000000,4.000000,0.000000,,,,,,,,,,,,,,,,,,,,,,,,,,,,
1732157930.540353,1732157930.541640,100.000000,0.000000,4295.641113,4266.153809,4315.641113,4297.820313,4275.769043,4283.333496,4334.871582,4400.641113,4298.589844,4282.051270,4487.820313,4512.692383,4351.025879,4413.846191,1701.000000,1.000000,22.000000,,,,0.000000,2.000000,2.000000,0.000000,4.000000,2.000000,2.000000,0.000000,0.000000,4.000000,4.000000,4.000000,4.000000,4.000000,4.000000,0.000000,,,,,,,,,,,,,,,,,25.000000,0.000000,0.499858,0.459961,-0.562378,0.471497,0.970822,-0.069344,-0.062019,-36.270367,44.681114,31.416538
1732157930.548162,1732157930.549448,101.000000,0.000000,4294.358887,4263.846191,4313.589844,4292.820313,4284.230957,4277.051270,4334.230957,4401.025879,4297.179688,4282.307617,4488.974121,4511.410156,4351.282227,4414.358887,1608.000000,1.000000,22.000000,,,,0.000000,2.000000,2.000000,0.000000,4.000000,2.000000,2.000000,0.000000,0.000000,4.000000,4.000000,4.000000,4.000000,4.000000,4.000000,0.000000,,,,,,,,,,,,,,,,,,,,,,,,,,,,
1732157930.555970,1732157930.557056,102.000000,0.000000,4295.128418,4264.615234,4310.769043,4294.871582,4281.025879,4277.179688,4336.282227,4403.461426,4296.666504,4281.666504,4489.102539,4513.205078,4343.333496,4413.974121,1544.000000,1.000000,22.000000,,,,0.000000,2.000000,2.000000,0.000000,4.000000,2.000000,2.000000,0.000000,0.000000,4.000000,4.000000,4.000000,4.000000,4.000000,4.000000,0.000000,,,,,,,,,,,,,,,,,,,,,,,,,,,,
1732157930.563778,1732157930.564865,103.000000,0.000000,4293.717773,4265.897461,4314.230957,4297.179688,4261.025879,4282.179688,4340.256348,4402.820313,4301.666504,4281.025879,4488.846191,4514.743652,4343.974121,4413.461426,1566.000000,1.000000,22.000000,,,,0.000000,2.000000,2.000000,0.000000,4.000000,2.000000,2.000000,0.000000,0.000000,4.000000,4.000000,4.000000,4.000000,4.000000,4.000000,0.000000,,,,,,,,,,,,,,,,,,,,,,,,,,,,
1732157930.571586,1732157930.572573,104.000000,0.000000,4290.384766,4264.487305,4316.538574,4293.589844,4262.948730,4281.794922,4339.871582,4401.153809,4302.179688,4282.563965,4489.102539,4509.102539,4351.538574,4412.436035,1701.000000,1.000000,22.000000,,,,0.000000,2.000000,2.000000,0.000000,4.000000,2.000000,2.000000,0.000000,0.000000,4.000000,4.000000,4.000000,4.000000,4.000000,4.000000,0.000000,,,,,,,,,,,,,,,,,26.000000,0.000000,0.500062,0.459778,-0.562500,0.471313,0.977170,-0.068856,-0.053229,-35.957329,44.820038,31.520731
1732157930.579395,1732157930.580381,105.000000,0.000000,4292.948730,4266.794922,4314.102539,4294.358887,4272.436035,4279.102539,4339.102539,4401.282227,4299.358887,4286.794922,4489.615234,4506.282227,4351.153809,4413.077148,1608.000000,1.000000,22.000000,,,,0.000000,2.000000,2.000000,0.000000,4.000000,2.000000,2.000000,0.000000,0.000000,4.000000,4.000000,4.000000,4.000000,4.000000,4.000000,0.000000,,,,,,,,,,,,,,,,,,,,,,,,,,,,
1732157930.587203,1732157930.587990,106.000000,0.000000,4294.358887,4270.641113,4315.384766,4298.333496,4275.769043,4281.410156,4339.230957,4400.256348,4303.717773,4287.179688,4490.128418,4508.589844,4346.025879,4412.948730,1544.000000,1.000000,22.000000,,,,0.000000,2.000000,2.000000,0.000000,4.000000,2.000000,2.000000,0.000000,0.000000,4.000000,4.000000,4.000000,4.000000,4.000000,4.000000,0.000000,,,,,,,,,,,,,,,,,,,,,,,,,,,,
1732157930.595011,1732157930.595798,107.000000,0.000000,4289.487305,4266.282227,4318.077148,4296.794922,4289.358887,4281.025879,4336.025879,4400.512695,4306.153809,4284.230957,4487.820313,4506.922852,4344.743652,4411.922852,1566.000000,1.000000,22.000000,,,,0.000000,2.000000,2.000000,0.000000,4.000000,2.000000,2.000000,0.000000,0.000000,4.000000,4.000000,4.000000,4.000000,4.000000,4.000000,0.000000,,,,,,,,,,,,,,,,,,,,,,,,,,,,
1732157930.602819,1732157930.603706,108.000000,0.000000,4288.974121,4262.436035,4315.641113,4295.000000,4287.820313,4278.333496,4334.230957,4401.922852,4297.563965,4280.769043,4484.358887,4504.871582,4346.025879,4412.820313,1701.000000,1.000000,22.000000,,,,0.000000,2.000000,2.000000,0.000000,4.000000,2.000000,2.000000,0.000000,0.000000,4.000000,4.000000,4.000000,4.000000,4.000000,4.000000,0.000000,,,,,,,,,,,,,,,,,27.000000,0.000000,0.500208,0.459595,-0.562622,0.471191,0.971798,-0.079600,-0.057624,-36.060436,44.790897,31.738459
1732157930.610628,1732157930.611514,109.000000,0.000000,4294.743652,4267.563965,4313.717773,4298.461426,4265.256348,4283.077148,4336.538574,4401.153809,4291.282227,4278.589844,4484.615234,4506.410156,4347.307617,4413.717773,1608.000000,1.000000,22.000000,,,,0.000000,2.000000,2.000000,0.000000,4.000000,2.000000,2.000000,0.000000,0.000000,4.000000,4.000000,4.000000,4.000000,4.000000,4.000000,0.000000,,,,,,,,,,,,,,,,,,,,,,,,,,,,
1732157930.618436,1732157930.619522,110.000000,0.000000,4295.769043,4272.820313,4317.307617,4300.128418,4261.153809,4285.128418,4336.794922,4400.512695,4294.615234,4278.589844,4484.871582,4506.282227,4348.974121,4412.436035,1544.000000,1.000000,22.000000,,,,0.000000,2.000000,2.000000,0.000000,4.000000,2.000000,2.000000,0.000000,0.000000,4.000000,4.000000,4.000000,4.000000,4.000000,4.000000,0.000000,,,,,,,,,,,,,,,,,,,,,,,,,,,,
1732157930.626244,1732157930.627330,111.000000,0.000000,4293.333496,4272.051270,4318.461426,4300.128418,4272.051270,4279.230957,4335.256348,4401.794922,4296.282227,4280.769043,4485.769043,4506.282227,4351.025879,4411.410156,1566.000000,1.000000,22.000000,,,,0.000000,2.000000,2.000000,0.000000,4.000000,2.000000,2.000000,0.000000,0.000000,4.000000,4.000000,4.000000,4.000000,4.000000,4.000000,0.000000,,,,,,,,,,,,,,,,,,,,,,,,,,,,
1732157930.634052,1732157930.635238,112.000000,0.000000,4293.461426,4270.384766,4313.333496,4299.487305,4278.205078,4278.846191,4335.128418,4402.692383,4295.641113,4282.948730,4487.692383,4507.307617,4348.205078,4412.948730,1701.000000,1.000000,22.000000,,,,0.000000,2.000000,2.000000,0.000000,4.000000,2.000000,2.000000,0.000000,0.000000,4.000000,4.000000,4.000000,4.000000,4.000000,4.000000,0.000000,,,,,,,,,,,,,,,,,28.000000,0.000000,0.500248,0.459290,-0.562988,0.471008,0.977170,-0.087901,-0.048834,-36.058952,44.702293,31.849817
1732157930.641861,1732157930.643047,113.000000,0.000000,4294.615234,4273.333496,4310.641113,4301.666504,4278.077148,4283.077148,4335.384766,4402.436035,4300.512695,4283.205078,4488.461426,4508.333496,4345.641113,4413.205078,1608.000000,1.000000,22.000000,,,,0.000000,2.000000,2.000000,0.000000,4.000000,2.000000,2.000000,0.000000,0.000000,4.000000,4.000000,4.000000,4.000000,4.000000,4.000000,0.000000,,,,,,,,,,,,,,,,,,,,,,,,,,,,
1732157930.649669,1732157930.650655,114.000000,0.000000,4295.384766,4278.974121,4316.282227,4304.487305,4277.563965,4282.436035,4336.153809,4402.307617,4302.051270,4282.692383,4488.717773,4505.256348,4349.230957,4412.436035,1544.000000,1.000000,22.000000,,,,0.000000,2.000000,2.000000,0.000000,4.000000,2.000000,2.000000,0.000000,0.000000,4.000000,4.000000,4.000000,4.000000,4.000000,4.000000,0.000000,,,,,,,,,,,,,,,,,,,,,,,,,,,,
1732157930.657477,1732157930.658463,115.000000,0.000000,4295.000000,4280.128418,4318.974121,4300.769043,4289.358887,4281.410156,4335.512695,4401.794922,4294.102539,4282.179688,4485.256348,4503.846191,4349.102539,4411.410156,1566.000000,1.000000,22.000000,,,,0.000000,2.000000,2.000000,0.000000,4.000000,2.000000,2.000000,0.000000,0.000000,4.000000,4.000000,4.000000,4.000000,4.000000,4.000000,0.000000,,,,,,,,,,,,,,,,,,,,,,,,,,,,
1732157930.665285,1732157930.666371,116.000000,0.000000,4293.974121,4277.307617,4315.512695,4299.102539,4295.769043,4280.641113,4333.846191,4401.153809,4292.820313,4281.153809,4478.589844,4505.000000,4342.307617,4412.692383,1701.000000,1.000000,22.000000,,,,0.000000,2.000000,2.000000,0.000000,4.000000,2.000000,2.000000,0.000000,0.000000,4.000000,4.000000,4.000000,4.000000,4.000000,4.000000,0.000000,,,,,,,,,,,,,,,,,29.000000,0.000000,0.500236,0.459229,-0.563049,0.471008,0.986937,-0.078623,-0.065438,-36.051086,44.753857,31.905020
1732157930.673094,1732157930.674180,117.000000,0.000000,4295.769043,4278.589844,4316.153809,4304.871582,4271.666504,4279.358887,4337.051270,4401.282227,4297.563965,4280.512695,4475.897461,4505.641113,4340.384766,4415.641113,1608.000000,1.000000,22.000000,,,,0.000000,2.000000,2.000000,0.000000,4.000000,2.000000,2.000000,0.000000,0.000000,4.000000,4.000000,4.000000,4.000000,4.000000,4.000000,0.000000,,,,,,,,,,,,,,,,,,,,,,,,,,,,
1732157930.680902,1732157930.682188,118.000000,0.000000,4291.153809,4280.512695,4318.205078,4303.077148,4255.641113,4285.512695,4342.051270,4402.051270,4293.461426,4277.307617,4476.025879,4504.743652,4342.436035,4410.641113,1544.000000,1.000000,22.000000,,,,0.000000,2.000000,2.000000,0.000000,4.000000,2.000000,2.000000,0.000000,0.000000,4.000000,4.000000,4.000000,4.000000,4.000000,4.000000,0.000000,,,,,,,,,,,,,,,,,,,,,,,,,,,,
1732157930.688710,1732157930.689996,119.000000,0.000000,4285.256348,4276.025879,4314.871582,4292.307617,4269.358887,4288.333496,4340.769043,4400.769043,4290.897461,4276.538574,4472.820313,4503.717773,4338.333496,4404.358887,1566.000000,1.000000,22.000000,,,,0.000000,2.000000,2.000000,0.000000,4.000000,2.000000,2.000000,0.000000,0.000000,4.000000,4.000000,4.000000,4.000000,4.000000,4.000000,0.000000,,,,,,,,,,,,,,,,,,,,,,,,,,,,
1732157930.696518,1732157930.697904,120.000000,0.000000,4287.307617,4278.589844,4312.948730,4293.077148,4272.692383,4281.666504,4335.897461,4400.256348,4298.077148,4284.102539,4477.692383,4504.743652,4341.538574,4409.615234,1701.000000,1.000000,22.000000,,,,0.000000,2.000000,2.000000,0.000000,4.000000,2.000000,2.000000,0.000000,0.000000,4.000000,4.000000,4.000000,4.000000,4.000000,4.000000,0.000000,,,,,,,,,,,,,,,,,30.000000,0.000000,0.500236,0.459229,-0.563049,0.471008,0.966915,-0.073251,-0.065926,-35.999714,44.795624,31.724731
1732157930.704327,1732157930.705712,121.000000,0.000000,4289.230957,4285.128418,4317.692383,4298.333496,4272.692383,4277.820313,4334.871582,4403.333496,4298.974121,4290.000000,4488.846191,4506.794922,4351.282227,4416.666504,1608.000000,1.000000,22.000000,,,,0.000000,2.000000,2.000000,0.000000,4.000000,2.000000,2.000000,0.000000,0.000000,4.000000,4.000000,4.000000,4.000000,4.000000,4.000000,0.000000,,,,,,,,,,,,,,,,,,,,,,,,,,,,
1732157930.712135,1732157930.713720,122.000000,0.000000,4291.153809,4283.974121,4318.205078,4295.897461,4289.615234,4278.205078,4336.538574,4404.358887,4293.717773,4283.589844,4491.794922,4508.333496,4348.077148,4415.641113,1544.000000,1.000000,22.000000,,,,0.000000,2.000000,2.000000,0.000000,4.000000,2.000000,2.000000,0.000000,0.000000,4.000000,4.000000,4.000000,4.000000,4.000000,4.000000,0.000000,,,,,,,,,,,,,,,,,,,,,,,,,,,,
1732157930.719943,1732157930.721528,123.000000,0.000000,4292.563965,4279.871582,4313.205078,4294.487305,4287.179688,4278.589844,4335.512695,4403.461426,4295.641113,4278.717773,4485.769043,4506.153809,4339.871582,4413.589844,1566.000000,1.000000,22.000000,,,,0.000000,2.000000,2.000000,0.000000,4.000000,2.000000,2.000000,0.000000,0.000000,4.000000,4.000000,4.000000,4.000000,4.000000,4.000000,0.000000,,,,,,,,,,,,,,,,,,,,,,,,,,,,
1732157930.727751,1732157930.729436,124.000000,0.000000,4286.538574,4280.384766,4311.666504,4294.487305,4265.000000,4281.282227,4333.461426,4405.256348,4300.512695,4290.000000,4480.256348,4498.846191,4344.615234,4413.717773,1701.000000,1.000000,22.000000,,,,0.000000,2.000000,2.000000,0.000000,4.000000,2.000000,2.000000,0.000000,0.000000,4.000000,4.000000,4.000000,4.000000,4.000000,4.000000,0.000000,,,,,,,,,,,,,,,,,31.000000,0.000000,0.500281,0.459167,-0.563110,0.470947,0.965938,-0.081065,-0.062508,-36.101433,44.897789,31.932034
1732157930.735560,1732157930.737245,125.000000,0.000000,4280.641113,4282.692383,4313.333496,4294.358887,4259.230957,4283.461426,4336.282227,4406.538574,4303.461426,4300.128418,4483.461426,4496.794922,4351.666504,4411.922852,1608.000000,1.000000,22.000000,,,,0.000000,2.000000,2.000000,0.000000,4.000000,2.000000,2.000000,0.000000,0.000000,4.000000,4.000000,4.000000,4.000000,4.000000,4.000000,0.000000,,,,,,,,,,,,,,,,,,,,,,,,,,,,
1732157930.743368,1732157930.745253,126.000000,0.000000,4283.205078,4284.358887,4311.794922,4296.794922,4272.436035,4281.922852,4340.769043,4402.692383,4308.974121,4297.820313,4489.871582,4500.128418,4350.128418,4411.538574,1544.000000,1.000000,22.000000,,,,0.000000,2.000000,2.000000,0.000000,4.000000,2.000000,2.000000,0.000000,0.000000,4.000000,4.000000,4.000000,4.000000,4.000000,4.000000,0.000000,,,,,,,,,,,,,,,,,,,,,,,,,,,,
1732157930.751176,1732157930.753061,127.000000,0.000000,4283.846191,4283.974121,4311.666504,4296.410156,4288.717773,4280.384766,4339.871582,4402.436035,4308.589844,4294.743652,4488.077148,4498.333496,4347.307617,4411.153809,22.000000,1.000000,22.000000,,,,0.000000,2.000000,2.000000,0.000000,4.000000,2.000000,2.000000,0.000000,0.000000,4.000000,4.000000,4.000000,4.000000,4.000000,4.000000,0.000000,,,,,,,,,,,,,,,,,,,,,,,,,,,,
1732157930.758984,1732157930.760969,0.000000,0.000000,4282.051270,4281.922852,4314.743652,4293.589844,4289.615234,4279.743652,4338.461426,4405.128418,4298.717773,4294.230957,4481.922852,4492.307617,4347.563965,4408.846191,0.000000,1.000000,22.000000,,,,0.000000,2.000000,2.000000,0.000000,4.000000,2.000000,2.000000,0.000000,0.000000,4.000000,4.000000,4.000000,4.000000,4.000000,4.000000,0.000000,,,,,,,,,,,,,,,,,0.000000,0.000000,0.500605,0.458740,-0.563477,0.470581,0.990844,-0.071786,-0.057624,-36.120495,44.713875,32.073280
1732157930.766793,1732157930.768777,1.000000,0.000000,4282.436035,4282.820313,4313.077148,4295.256348,4268.589844,4280.128418,4339.230957,4403.333496,4295.641113,4294.102539,4483.461426,4493.589844,4349.615234,4408.846191,1598.000000,1.000000,22.000000,,,,0.000000,2.000000,2.000000,0.000000,4.000000,2.000000,2.000000,0.000000,0.000000,4.000000,4.000000,4.000000,4.000000,4.000000,4.000000,0.000000,,,,,,,,,,,,,,,,,,,,,,,,,,,,
1732157930.774601,1732157930.776785,2.000000,0.000000,4282.307617,4282.051270,4312.692383,4297.179688,4256.153809,4282.051270,4339.358887,4401.410156,4299.487305,4293.077148,4487.948730,4495.256348,4351.025879,4410.897461,1366.000000,1.000000,22.000000,,,,0.000000,2.000000,2.000000,0.000000,4.000000,2.000000,2.000000,0.000000,0.000000,4.000000,4.000000,4.000000,4.000000,4.000000,4.000000,0.000000,,,,,,,,,,,,,,,,,,,,,,,,,,,,
1732157930.782409,1732157930.784593,3.000000,0.000000,4288.077148,4280.128418,4316.025879,4295.256348,4269.102539,4281.794922,4340.000000,4401.922852,4297.820313,4293.077148,4488.077148,4497.820313,4350.000000,4412.820313,1422.000000,1.000000,22.000000,,,,0.000000,2.000000,2.000000,0.000000,4.000000,2.000000,2.000000,0.000000,0.000000,4.000000,4.000000,4.000000,4.000000,4.000000,4.000000,0.000000,,,,,,,,,,,,,,,,,,,,,,,,,,,,
1732157930.790217,1732157930.792302,4.000000,0.000000,4292.948730,4282.820313,4315.897461,4294.102539,4273.846191,4279.230957,4339.615234,4403.205078,4297.563965,4294.743652,4489.358887,4504.743652,4350.512695,4413.717773,1427.000000,1.000000,22.000000,,,,0.000000,2.000000,2.000000,0.000000,4.000000,2.000000,2.000000,0.000000,0.000000,4.000000,4.000000,4.000000,4.000000,4.000000,4.000000,0.000000,,,,,,,,,,,,,,,,,1.000000,0.000000,0.500915,0.458252,-0.563904,0.470215,0.980588,-0.079111,-0.055183,-36.087601,44.691574,32.367691
1732157930.798025,1732157930.800110,5.000000,0.000000,4287.563965,4284.230957,4313.589844,4294.102539,4263.077148,4278.461426,4335.256348,4401.666504,4299.230957,4296.153809,4491.153809,4505.769043,4352.307617,4414.871582,1210.000000,1.000000,22.000000,,,,0.000000,2.000000,2.000000,0.000000,4.000000,2.000000,2.000000,0.000000,0.000000,4.000000,4.000000,4.000000,4.000000,4.000000,4.000000,0.000000,,,,,,,,,,,,,,,,,,,,,,,,,,,,
1732157930.805834,1732157930.807718,6.000000,0.000000,4289.358887,4281.922852,4312.820313,4295.512695,4269.743652,4280.384766,4333.589844,4401.025879,4295.641113,4294.487305,4489.615234,4500.256348,4350.256348,4415.128418,0.000000,1.000000,22.000000,,,,0.000000,2.000000,2.000000,0.000000,4.000000,2.000000,2.000000,0.000000,0.000000,4.000000,4.000000,4.000000,4.000000,4.000000,4.000000,0.000000,,,,,,,,,,,,,,,,,,,,,,,,,,,,
1732157930.813642,1732157930.815527,7.000000,0.000000,4295.256348,4281.794922,4313.333496,4296.794922,4293.461426,4281.666504,4335.769043,4402.051270,4297.948730,4293.077148,4488.333496,4495.897461,4348.974121,4413.589844,0.000000,1.000000,22.000000,,,,0.000000,2.000000,2.000000,0.000000,4.000000,2.000000,2.000000,0.000000,0.000000,4.000000,4.000000,4.000000,4.000000,4.000000,4.000000,0.000000,,,,,,,,,,,,,,,,,,,,,,,,,,,,
1732157930.821450,1732157930.823235,8.000000,0.000000,4288.333496,4283.205078,4316.538574,4295.512695,4292.563965,4281.282227,4336.025879,4402.051270,4304.615234,4296.794922,4488.077148,4493.461426,4350.512695,4412.948730,1524.000000,1.000000,22.000000,,,,0.000000,2.000000,2.000000,0.000000,4.000000,2.000000,2.000000,0.000000,0.000000,4.000000,4.000000,4.000000,4.000000,4.000000,4.000000,0.000000,,,,,,,,,,,,,,,,,2.000000,0.000000,0.501002,0.458069,-0.564026,0.470154,0.980588,-0.079111,-0.055183,-35.627625,44.655174,32.392830
1732157930.829259,1732157930.831043,9.000000,0.000000,4281.282227,4281.794922,4317.051270,4295.897461,4265.512695,4282.436035,4333.846191,4401.025879,4301.153809,4298.717773,4482.820313,4491.794922,4350.256348,4413.717773,1686.000000,1.000000,22.000000,,,,0.000000,2.000000,2.000000,0.000000,4.000000,2.000000,2.000000,0.000000,0.000000,4.000000,4.000000,4.000000,4.000000,4.000000,4.000000,0.000000,,,,,,,,,,,,,,,,,,,,,,,,,,,,
1732157930.837067,1732157930.838651,10.000000,0.000000,4288.333496,4281.153809,4314.102539,4298.589844,4259.743652,4283.077148,4334.615234,4401.794922,4292.948730,4294.358887,4477.436035,4493.717773,4349.615234,4414.871582,1544.000000,1.000000,22.000000,,,,0.000000,2.000000,2.000000,0.000000,4.000000,2.000000,2.000000,0.000000,0.000000,4.000000,4.000000,4.000000,4.000000,4.000000,4.000000,0.000000,,,,,,,,,,,,,,,,,,,,,,,,,,,,
1732157930.844875,1732157930.846460,11.000000,0.000000,4292.307617,4286.153809,4313.077148,4297.692383,4277.179688,4281.538574,4338.205078,4402.436035,4291.922852,4291.025879,4476.538574,4495.512695,4349.230957,4414.487305,1566.000000,1.000000,22.000000,,,,0.000000,2.000000,2.000000,0.000000,4.000000,2.000000,2.000000,0.000000,0.000000,4.000000,4.000000,4.000000,4.000000,4.000000,4.000000,0.000000,,,,,,,,,,,,,,,,,,,,,,,,,,,,
1732157930.852683,1732157930.854168,12.000000,0.000000,4288.589844,4287.563965,4313.077148,4295.769043,4277.820313,4281.282227,4340.897461,4401.538574,4298.205078,4295.641113,4478.461426,4494.358887,4350.256348,4413.974121,1701.000000,1.000000,22.000000,,,,0.000000,2.000000,2.000000,0.000000,4.000000,2.000000,2.000000,0.000000,0.000000,4.000000,4.000000,4.000000,4.000000,4.000000,4.000000,0.000000,,,,,,,,,,,,,,,,,3.000000,0.000000,0.501201,0.457764,-0.564148,0.470093,0.979123,-0.086925,-0.045416,-35.721710,44.597359,32.354858
1732157930.860492,1732157930.861976,13.000000,0.000000,4290.384766,4284.230957,4312.436035,4296.538574,4281.666504,4280.897461,4340.256348,4401.666504,4302.179688,4299.102539,4480.769043,4493.717773,4352.051270,4416.282227,1609.000000,1.000000,22.000000,,,,0.000000,2.000000,2.000000,0.000000,4.000000,2.000000,2.000000,0.000000,0.000000,4.000000,4.000000,4.000000,4.000000,4.000000,4.000000,0.000000,,,,,,,,,,,,,,,,,,,,,,,,,,,,
1732157930.868300,1732157930.869585,14.000000,0.000000,4296.153809,4286.282227,4315.000000,4296.666504,4296.153809,4280.769043,4338.846191,4402.051270,4297.948730,4296.538574,4479.102539,4498.461426,4352.179688,4423.077148,1544.000000,1.000000,22.000000,,,,0.000000,2.000000,2.000000,0.000000,4.000000,2.000000,2.000000,0.000000,0.000000,4.000000,4.000000,4.000000,4.000000,4.000000,4.000000,0.000000,1.000000,0.000000,2.000000,2.000000,0.000000,1.000000,1.000000,0.000000,0.000000,0.000000,4.000000,3.000000,4.000000,4.000000,4.000000,4.000000,,,,,,,,,,,,
1732157930.876108,1732157930.877393,15.000000,0.000000,4297.820313,4291.282227,4316.282227,4296.922852,4280.000000,4281.922852,4339.102539,4400.512695,4295.641113,4298.846191,4477.179688,4501.666504,4350.512695,4429.230957,1566.000000,1.000000,22.000000,,,,0.000000,2.000000,2.000000,0.000000,4.000000,2.000000,2.000000,0.000000,0.000000,4.000000,4.000000,4.000000,4.000000,4.000000,4.000000,0.000000,,,,,,,,,,,,,,,,,,,,,,,,,,,,
1732157930.883916,1732157930.885101,16.000000,0.000000,4290.897461,4287.307617,4313.589844,4296.794922,4260.128418,4280.000000,4339.743652,4401.538574,4300.512695,4302.179688,4479.871582,4494.743652,4349.358887,4428.974121,0.000000,1.000000,22.000000,,,,0.000000,2.000000,2.000000,0.000000,4.000000,2.000000,2.000000,0.000000,0.000000,4.000000,4.000000,4.000000,4.000000,4.000000,4.000000,0.000000,,,,,,,,,,,,,,,,,4.000000,0.000000,0.501244,0.457642,-0.564209,0.470093,0.984007,-0.069344,-0.057136,-35.984585,44.608860,32.099102
1732157930.891724,1732157930.892909,17.000000,0.000000,4283.077148,4279.102539,4312.948730,4294.487305,4265.897461,4281.666504,4340.256348,4403.461426,4304.487305,4303.717773,4481.025879,4491.282227,4352.051270,4427.820313,0.000000,1.000000,22.000000,,,,0.000000,2.000000,2.000000,0.000000,4.000000,2.000000,2.000000,0.000000,0.000000,4.000000,4.000000,4.000000,4.000000,4.000000,4.000000,0.000000,,,,,,,,,,,,,,,,,,,,,,,,,,,,
1732157930.899533,1732157930.900518,18.000000,0.000000,4284.871582,4274.743652,4313.461426,4293.205078,4277.820313,4285.641113,4340.256348,4400.256348,4303.717773,4305.256348,4476.794922,4495.128418,4353.461426,4428.717773,0.000000,1.000000,22.000000,,,,0.000000,2.000000,2.000000,0.000000,4.000000,2.000000,2.000000,0.000000,0.000000,4.000000,4.000000,4.000000,4.000000,4.000000,4.000000,0.000000,,,,,,,,,,,,,,,,,,,,,,,,,,,,
1732157930.907341,1732157930.908326,19.000000,0.000000,4288.974121,4277.179688,4312.692383,4294.615234,4289.487305,4282.563965,4340.000000,4398.205078,4301.025879,4301.922852,4476.922852,4494.102539,4351.794922,4428.589844,0.000000,1.000000,22.000000,,,,0.000000,2.000000,2.000000,0.000000,4.000000,2.000000,2.000000,0.000000,0.000000,4.000000,4.000000,4.000000,4.000000,4.000000,4.000000,0.000000,,,,,,,,,,,,,,,,,,,,,,,,,,,,
1732157930.915149,1732157930.916034,20.000000,0.000000,4288.846191,4276.922852,4313.846191,4295.256348,4287.563965,4279.615234,4340.256348,4401.666504,4294.871582,4297.051270,4483.974121,4492.563965,4353.205078,4429.358887,0.000000,1.000000,22.000000,,,,0.000000,2.000000,2.000000,0.000000,4.000000,2.000000,2.000000,0.000000,0.000000,4.000000,4.000000,4.000000,4.000000,4.000000,4.000000,0.000000,,,,,,,,,,,,,,,,,5.000000,0.000000,0.501199,0.457703,-0.564148,0.470154,0.984007,-0.069344,-0.057136,-35.989178,44.538177,31.813606
1732157930.922958,1732157930.923842,21.000000,0.000000,4290.512695,4270.512695,4315.641113,4297.692383,4266.538574,4283.205078,4340.128418,4402.563965,4293.461426,4302.051270,4489.487305,4503.461426,4358.589844,4431.410156,0.000000,1.000000,22.000000,,,,0.000000,2.000000,2.000000,0.000000,4.000000,2.000000,2.000000,0.000000,0.000000,4.000000,4.000000,4.000000,4.000000,4.000000,4.000000,0.000000,,,,,,,,,,,,,,,,,,,,,,,,,,,,
1732157930.930766,1732157930.931451,22.000000,0.000000,4293.974121,4270.897461,4314.358887,4300.000000,4266.666504,4283.589844,4340.128418,4399.487305,4299.102539,4307.948730,4489.743652,4511.153809,4359.871582,4432.436035,0.000000,1.000000,22.000000,,,,0.000000,2.000000,2.000000,0.000000,4.000000,2.000000,2.000000,0.000000,0.000000,4.000000,4.000000,4.000000,4.000000,4.000000,4.000000,0.000000,,,,,,,,,,,,,,,,,,,,,,,,,,,,
1732157930.938574,1732157930.939259,23.000000,0.000000,4292.948730,4278.461426,4315.769043,4300.256348,4286.410156,4281.025879,4340.128418,4399.487305,4299.615234,4300.897461,4483.974121,4505.512695,4355.512695,4433.589844,0.000000,1.000000,22.000000,,,,0.000000,2.000000,2.000000,0.000000,4.000000,2.000000,2.000000,0.000000,0.000000,4.000000,4.000000,4.000000,4.000000,4.000000,4.000000,0.000000,,,,,,,,,,,,,,,,,,,,,,,,,,,,
1732157930.946382,1732157930.947167,24.000000,0.000000,4293.077148,4276.282227,4317.692383,4300.128418,4280.384766,4282.051270,4340.128418,4402.051270,4297.436035,4297.307617,4477.820313,4503.717773,4354.358887,4433.333496,0.000000,1.000000,22.000000,,,,0.000000,2.000000,2.000000,0.000000,4.000000,2.000000,2.000000,0.000000,0.000000,4.000000,4.000000,4.000000,4.000000,4.000000,4.000000,0.000000,,,,,,,,,,,,,,,,,6.000000,0.000000,0.501238,0.457886,-0.563965,0.470154,0.976682,-0.072763,-0.048834,-35.996235,44.825924,31.847355
1732157930.954191,1732157930.954975,25.000000,0.000000,4292.692383,4268.846191,4314.102539,4300.000000,4282.820313,4283.461426,4340.128418,4401.794922,4297.307617,4302.692383,4477.051270,4506.410156,4353.461426,4430.769043,0.000000,1.000000,22.000000,,,,0.000000,2.000000,2.000000,0.000000,4.000000,2.000000,2.000000,0.000000,0.000000,4.000000,4.000000,4.000000,4.000000,4.000000,4.000000,0.000000,,,,,,,,,,,,,,,,,,,,,,,,,,,,
1732157930.961999,1732157930.962983,26.000000,0.000000,4291.025879,4269.358887,4310.000000,4298.333496,4306.153809,4281.794922,4340.128418,4399.743652,4296.922852,4302.948730,4477.307617,4501.282227,4351.025879,4430.128418,0.000000,1.000000,22.000000,,,,0.000000,2.000000,2.000000,0.000000,4.000000,2.000000,2.000000,0.000000,0.000000,4.000000,4.000000,4.000000,4.000000,4.000000,4.000000,0.000000,,,,,,,,,,,,,,,,,,,,,,,,,,,,
1732157930.969807,1732157930.970792,27.000000,0.000000,4293.333496,4270.256348,4312.307617,4298.333496,4292.436035,4280.384766,4340.128418,4400.769043,4300.641113,4301.538574,4476.794922,4496.922852,4350.512695,4431.025879,0.000000,1.000000,22.000000,,,,0.000000,2.000000,2.000000,0.000000,4.000000,2.000000,2.000000,0.000000,0.000000,4.000000,4.000000,4.000000,4.000000,4.000000,4.000000,0.000000,,,,,,,,,,,,,,,,,,,,,,,,,,,,
1732157930.977615,1732157930.978500,28.000000,0.000000,4295.512695,4270.512695,4314.871582,4300.128418,4265.512695,4283.461426,4340.128418,4402.820313,4303.846191,4306.666504,4481.153809,4497.051270,4351.410156,4431.153809,0.000000,1.000000,22.000000,,,,0.000000,2.000000,2.000000,0.000000,4.000000,2.000000,2.000000,0.000000,0.000000,4.000000,4.000000,4.000000,4.000000,4.000000,4.000000,0.000000,,,,,,,,,,,,,,,,,7.000000,0.000000,0.501179,0.457825,-0.563965,0.470276,0.973263,-0.083506,-0.046881,-36.085285,44.975662,31.791357
1732157930.985423,1732157930.986308,29.000000,0.000000,4293.077148,4270.769043,4313.205078,4297.692383,4275.000000,4285.512695,4340.128418,4402.307617,4302.179688,4307.948730,4489.871582,4497.436035,4352.436035,4432.179688,0.000000,1.000000,22.000000,,,,0.000000,2.000000,2.000000,0.000000,4.000000,2.000000,2.000000,0.000000,0.000000,4.000000,4.000000,4.000000,4.000000,4.000000,4.000000,0.000000,,,,,,,,,,,,,,,,,,,,,,,,,,,,
1732157930.993232,1732157930.994316,30.000000,0.000000,4291.666504,4265.128418,4310.256348,4296.794922,4285.512695,4281.538574,4340.128418,4401.666504,4304.358887,4304.230957,4488.589844,4495.384766,4351.666504,4431.282227,0.000000,1.000000,22.000000,,,,0.000000,2.000000,2.000000,0.000000,4.000000,2.000000,2.000000,0.000000,0.000000,4.000000,4.000000,4.000000,4.000000,4.000000,4.000000,0.000000,,,,,,,,,,,,,,,,,,,,,,,,,,,,
1732157931.001040,1732157931.002124,31.000000,0.000000,4293.846191,4261.794922,4310.000000,4299.487305,4276.153809,4280.897461,4340.128418,4403.461426,4310.128418,4309.358887,4479.102539,4495.256348,4349.487305,4428.589844,0.000000,1.000000,22.000000,,,,0.000000,2.000000,2.000000,0.000000,4.000000,2.000000,2.000000,0.000000,0.000000,4.000000,4.000000,4.000000,4.000000,4.000000,4.000000,0.000000,,,,,,,,,,,,,,,,,,,,,,,,,,,,
1732157931.008848,1732157931.010032,32.000000,0.000000,4293.205078,4263.717773,4313.461426,4298.589844,4288.461426,4283.077148,4340.128418,4402.307617,4306.538574,4312.820313,4475.512695,4495.769043,4348.974121,4429.743652,0.000000,1.000000,22.000000,,,,0.000000,2.000000,2.000000,0.000000,4.000000,2.000000,2.000000,0.000000,0.000000,4.000000,4.000000,4.000000,4.000000,4.000000,4.000000,0.000000,,,,,,,,,,,,,,,,,8.000000,0.000000,0.501179,0.457825,-0.563965,0.470276,0.979123,-0.060554,-0.066414,-36.100746,44.948620,31.767666
1732157931.016657,1732157931.017841,33.000000,0.000000,4291.153809,4265.512695,4315.769043,4298.589844,4302.051270,4280.641113,4340.128418,4401.538574,4300.512695,4307.179688,4478.333496,4493.717773,4351.153809,4431.666504,0.000000,1.000000,22.000000,,,,0.000000,2.000000,2.000000,0.000000,4.000000,2.000000,2.000000,0.000000,0.000000,4.000000,4.000000,4.000000,4.000000,4.000000,4.000000,0.000000,,,,,,,,,,,,,,,,,,,,,,,,,,,,
1732157931.024465,1732157931.025849,34.000000,0.000000,4292.307617,4269.358887,4312.820313,4308.589844,4285.384766,4282.820313,4340.128418,4403.717773,4306.794922,4306.153809,4477.820313,4492.948730,4351.922852,4430.384766,0.000000,1.000000,22.000000,,,,0.000000,2.000000,2.000000,0.000000,4.000000,2.000000,2.000000,0.000000,0.000000,4.000000,4.000000,4.000000,4.000000,4.000000,4.000000,0.000000,,,,,,,,,,,,,,,,,,,,,,,,,,,,
1732157931.032273,1732157931.033657,35.000000,0.000000,4297.179688,4276.025879,4313.077148,4313.333496,4274.871582,4292.692383,4340.128418,4403.333496,4311.666504,4310.641113,4474.230957,4491.794922,4350.000000,4428.717773,0.000000,1.000000,22.000000,,,,0.000000,2.000000,2.000000,0.000000,4.000000,2.000000,2.000000,0.000000,0.000000,4.000000,4.000000,4.000000,4.000000,4.000000,4.000000,0.000000,,,,,,,,,,,,,,,,,,,,,,,,,,,,
1732157931.040081,1732157931.041565,36.000000,0.000000,4292.948730,4274.487305,4318.589844,4303.461426,4277.820313,4292.692383,4340.128418,4401.666504,4305.897461,4310.384766,4475.128418,4490.641113,4347.179688,4426.794922,0.000000,1.000000,22.000000,,,,0.000000,2.000000,2.000000,0.000000,4.000000,2.000000,2.000000,0.000000,0.000000,4.000000,4.000000,4.000000,4.000000,4.000000,4.000000,0.000000,,,,,,,,,,,,,,,,,9.000000,0.000000,0.501312,0.457642,-0.564148,0.470093,0.970822,-0.061531,-0.048346,-36.746605,45.275051,32.001808
1732157931.047890,1732157931.049373,37.000000,0.000000,4282.563965,4266.410156,4316.794922,4297.692383,4287.948730,4282.307617,4340.384766,4400.256348,4304.615234,4309.358887,4475.641113,4489.487305,4345.641113,4424.871582,0.000000,1.000000,22.000000,,,,0.000000,2.000000,2.000000,0.000000,4.000000,2.000000,2.000000,0.000000,0.000000,4.000000,4.000000,4.000000,4.000000,4.000000,4.000000,0.000000,,,,,,,,,,,,,,,,,,,,,,,,,,,,
1732157931.055698,1732157931.057381,38.000000,0.000000,4285.897461,4266.282227,4309.743652,4301.538574,4301.666504,4280.384766,4339.871582,4400.128418,4309.487305,4310.000000,4472.307617,4488.589844,4348.974121,4427.307617,0.000000,1.000000,22.000000,,,,0.000000,2.000000,2.000000,0.000000,4.000000,2.000000,2.000000,0.000000,0.000000,4.000000,4.000000,4.000000,4.000000,4.000000,4.000000,0.000000,,,,,,,,,,,,,,,,,,,,,,,,,,,,
1732157931.063506,1732157931.065189,39.000000,0.000000,4298.333496,4275.128418,4309.358887,4306.922852,4295.256348,4288.717773,4340.128418,4400.384766,4309.615234,4311.666504,4478.333496,4490.641113,4350.769043,4431.410156,0.000000,1.000000,22.000000,,,,0.000000,2.000000,2.000000,0.000000,4.000000,2.000000,2.000000,0.000000,0.000000,4.000000,4.000000,4.000000,4.000000,4.000000,4.000000,0.000000,,,,,,,,,,,,,,,,,,,,,,,,,,,,
1732157931.071314,1732157931.073098,40.000000,0.000000,4300.512695,4275.512695,4313.205078,4308.974121,4273.846191,4288.077148,4340.641113,4402.307617,4305.897461,4312.692383,4488.205078,4497.692383,4347.307617,4433.717773,0.000000,1.000000,22.000000,,,,0.000000,2.000000,2.000000,0.000000,4.000000,2.000000,2.000000,0.000000,0.000000,4.000000,4.000000,4.000000,4.000000,4.000000,4.000000,0.000000,,,,,,,,,,,,,,,,,10.000000,0.000000,0.501515,0.457520,-0.564270,0.469849,0.980100,-0.056648,-0.058113,-36.573082,45.116123,31.896465
1732157931.079122,1732157931.080906,41.000000,0.000000,4296.666504,4265.384766,4312.820313,4307.563965,4273.846191,4281.025879,4339.358887,4401.282227,4307.692383,4312.179688,4484.615234,4498.974121,4347.948730,4436.025879,0.000000,1.000000,22.000000,,,,0.000000,2.000000,2.000000,0.000000,4.000000,2.000000,2.000000,0.000000,0.000000,4.000000,4.000000,4.000000,4.000000,4.000000,4.000000,0.000000,,,,,,,,,,,,,,,,,,,,,,,,,,,,
1732157931.086931,1732157931.088914,42.000000,0.000000,4297.051270,4262.692383,4312.179688,4304.102539,4286.153809,4281.282227,4338.205078,4398.717773,4310.641113,4312.692383,4476.794922,4495.384766,4351.025879,4437.051270,0.000000,1.000000,22.000000,,,,0.000000,2.000000,2.000000,0.000000,4.000000,2.000000,2.000000,0.000000,0.000000,4.000000,4.000000,4.000000,4.000000,4.000000,4.000000,0.000000,,,,,,,,,,,,,,,,,,,,,,,,,,,,
1732157931.094739,1732157931.096722,43.000000,0.000000,4297.820313,4268.077148,4311.922852,4302.948730,4280.512695,4282.820313,4339.615234,4402.692383,4310.769043,4313.717773,4483.717773,4502.179688,4345.512695,4435.256348,0.000000,1.000000,22.000000,,,,0.000000,2.000000,2.000000,0.000000,4.000000,2.000000,2.000000,0.000000,0.000000,4.000000,4.000000,4.000000,4.000000,4.000000,4.000000,0.000000,,,,,,,,,,,,,,,,,,,,,,,,,,,,
1732157931.102547,1732157931.104630,44.000000,0.000000,4297.307617,4266.794922,4312.436035,4302.948730,4278.205078,4281.025879,4341.538574,4406.025879,4309.871582,4312.436035,4489.615234,4509.871582,4341.410156,4438.846191,0.000000,1.000000,22.000000,,,,0.000000,2.000000,2.000000,0.000000,4.000000,2.000000,2.000000,0.000000,0.000000,4.000000,4.000000,4.000000,4.000000,4.000000,4.000000,0.000000,,,,,,,,,,,,,,,,,11.000000,0.000000,0.501716,0.457336,-0.564392,0.469666,0.965938,-0.059089,-0.052741,-36.465862,45.195728,31.832804
1732157931.110356,1732157931.112438,45.000000,0.000000,4294.230957,4262.051270,4314.358887,4299.871582,4294.487305,4280.256348,4339.230957,4401.282227,4308.205078,4310.384766,4481.153809,4507.948730,4348.077148,4445.128418,0.000000,1.000000,22.000000,,,,0.000000,2.000000,2.000000,0.000000,4.000000,2.000000,2.000000,0.000000,0.000000,4.000000,4.000000,4.000000,4.000000,4.000000,4.000000,0.000000,,,,,,,,,,,,,,,,,,,,,,,,,,,,
1732157931.118164,1732157931.120446,46.000000,0.000000,4292.051270,4263.717773,4313.717773,4301.538574,4298.205078,4281.153809,4335.512695,4397.692383,4310.897461,4313.077148,4473.717773,4505.641113,4350.512695,4442.948730,0.000000,1.000000,22.000000,,,,0.000000,2.000000,2.000000,0.000000,4.000000,2.000000,2.000000,0.000000,0.000000,4.000000,4.000000,4.000000,4.000000,4.000000,4.000000,0.000000,,,,,,,,,,,,,,,,,,,,,,,,,,,,
1732157931.125972,1732157931.128254,47.000000,0.000000,4297.307617,4265.641113,4311.538574,4309.102539,4278.974121,4283.461426,4335.512695,4400.384766,4314.743652,4315.512695,4475.641113,4503.589844,4344.487305,4439.230957,0.000000,1.000000,22.000000,,,,0.000000,2.000000,2.000000,0.000000,4.000000,2.000000,2.000000,0.000000,0.000000,4.000000,4.000000,4.000000,4.000000,4.000000,4.000000,0.000000,,,,,,,,,,,,,,,,,,,,,,,,,,,,
1732157931.133780,1732157931.136163,48.000000,0.000000,4298.077148,4265.000000,4311.410156,4312.436035,4271.282227,4287.820313,4336.410156,4401.153809,4312.948730,4312.179688,4479.358887,4500.769043,4342.820313,4440.769043,0.000000,1.000000,22.000000,,,,0.000000,2.000000,2.000000,0.000000,4.000000,2.000000,2.000000,0.000000,0.000000,4.000000,4.000000,4.000000,4.000000,4.000000,4.000000,0.000000,,,,,,,,,,,,,,,,,12.000000,0.000000,0.501672,0.457397,-0.564331,0.469727,0.959101,-0.078135,-0.045904,-36.385685,45.270206,31.916237
1732157931.141589,1732157931.143971,49.000000,0.000000,4297.307617,4262.051270,4313.461426,4309.358887,4285.384766,4289.487305,4336.025879,4399.230957,4305.641113,4307.692383,4475.384766,4503.333496,4342.563965,4443.461426,0.000000,1.000000,22.000000,,,,0.000000,2.000000,2.000000,0.000000,4.000000,2.000000,2.000000,0.000000,0.000000,4.000000,4.000000,4.000000,4.000000,4.000000,4.000000,0.000000,,,,,,,,,,,,,,,,,,,,,,,,,,,,
1732157931.149397,1732157931.151679,50.000000,0.000000,4301.282227,4263.461426,4313.333496,4308.333496,4280.769043,4285.769043,4336.153809,4399.871582,4305.384766,4308.077148,4473.461426,4505.897461,4341.538574,4444.230957,0.000000,1.000000,22.000000,,,,0.000000,2.000000,2.000000,0.000000,4.000000,2.000000,2.000000,0.000000,0.000000,4.000000,4.000000,4.000000,4.000000,4.000000,4.000000,0.000000,,,,,,,,,,,,,,,,,,,,,,,,,,,,
1732157931.157205,1732157931.159487,51.000000,0.000000,4300.897461,4264.230957,4311.538574,4307.436035,4276.410156,4280.769043,4335.641113,4401.153809,4312.948730,4310.769043,4482.692383,4504.487305,4345.384766,4445.512695,0.000000,1.000000,22.000000,,,,0.000000,2.000000,2.000000,0.000000,4.000000,2.000000,2.000000,0.000000,0.000000,4.000000,4.000000,4.000000,4.000000,4.000000,4.000000,0.000000,,,,,,,,,,,,,,,,,,,,,,,,,,,,
1732157931.165013,1732157931.167196,52.000000,0.000000,4298.846191,4259.871582,4311.025879,4305.512695,4294.615234,4277.948730,4336.282227,4402.179688,4308.461426,4308.589844,4489.230957,4508.846191,4350.641113,4451.922852,0.000000,1.000000,22.000000,,,,0.000000,2.000000,2.000000,0.000000,4.000000,2.000000,2.000000,0.000000,0.000000,4.000000,4.000000,4.000000,4.000000,4.000000,4.000000,0.000000,,,,,,,,,,,,,,,,,13.000000,0.000000,0.501747,0.457214,-0.564514,0.469604,0.975705,-0.060066,-0.053717,-36.327404,45.195534,31.915485
1732157931.172821,1732157931.175004,53.000000,0.000000,4303.974121,4259.871582,4311.666504,4306.410156,4290.256348,4280.384766,4337.820313,4402.563965,4305.512695,4310.512695,4487.179688,4514.615234,4351.538574,4455.000000,0.000000,1.000000,22.000000,,,,0.000000,2.000000,2.000000,0.000000,4.000000,2.000000,2.000000,0.000000,0.000000,4.000000,4.000000,4.000000,4.000000,4.000000,4.000000,0.000000,,,,,,,,,,,,,,,,,,,,,,,,,,,,
1732157931.180630,1732157931.182612,54.000000,0.000000,4305.128418,4265.128418,4312.436035,4309.358887,4264.743652,4284.230957,4339.230957,4401.538574,4320.384766,4320.000000,4488.717773,4513.717773,4350.897461,4450.128418,0.000000,1.000000,22.000000,,,,0.000000,2.000000,2.000000,0.000000,4.000000,2.000000,2.000000,0.000000,0.000000,4.000000,4.000000,4.000000,4.000000,4.000000,4.000000,0.000000,,,,,,,,,,,,,,,,,,,,,,,,,,,,
1732157931.188438,1732157931.190420,55.000000,0.000000,4298.461426,4265.897461,4311.794922,4309.102539,4270.769043,4288.077148,4338.333496,4399.615234,4324.871582,4321.153809,4489.102539,4508.461426,4349.102539,4444.358887,0.000000,1.000000,22.000000,,,,0.000000,2.000000,2.000000,0.000000,4.000000,2.000000,2.000000,0.000000,0.000000,4.000000,4.000000,4.000000,4.000000,4.000000,4.000000,0.000000,,,,,,,,,,,,,,,,,,,,,,,,,,,,
1732157931.196246,1732157931.198129,56.000000,0.000000,4295.000000,4263.717773,4309.743652,4308.461426,4297.563965,4290.897461,4336.025879,4398.846191,4308.717773,4311.153809,4478.077148,4501.794922,4346.153809,4439.615234,0.000000,1.000000,22.000000,,,,0.000000,2.000000,2.000000,0.000000,4.000000,2.000000,2.000000,0.000000,0.000000,4.000000,4.000000,4.000000,4.000000,4.000000,4.000000,0.000000,,,,,,,,,,,,,,,,,14.000000,0.000000,0.501801,0.457092,-0.564514,0.469666,0.973752,-0.076670,-0.045904,-36.296864,45.168381,31.848209
1732157931.204054,1732157931.205937,57.000000,0.000000,4297.948730,4264.358887,4311.410156,4309.230957,4292.692383,4287.692383,4338.077148,4401.025879,4302.436035,4304.615234,4472.179688,4498.205078,4344.358887,4437.179688,0.000000,1.000000,22.000000,,,,0.000000,2.000000,2.000000,0.000000,4.000000,2.000000,2.000000,0.000000,0.000000,4.000000,4.000000,4.000000,4.000000,4.000000,4.000000,0.000000,,,,,,,,,,,,,,,,,,,,,,,,,,,,
1732157931.211863,1732157931.213545,58.000000,0.000000,4300.641113,4263.717773,4313.846191,4310.128418,4271.025879,4285.897461,4340.641113,4400.641113,4311.410156,4307.948730,4477.820313,4495.641113,4342.436035,4441.282227,0.000000,1.000000,22.000000,,,,0.000000,2.000000,2.000000,0.000000,4.000000,2.000000,2.000000,0.000000,0.000000,4.000000,4.000000,4.000000,4.000000,4.000000,4.000000,0.000000,,,,,,,,,,,,,,,,,,,,,,,,,,,,
1732157931.219671,1732157931.221354,59.000000,0.000000,4299.102539,4264.230957,4313.205078,4310.897461,4271.153809,4285.128418,4337.307617,4399.102539,4313.333496,4311.282227,4478.974121,4495.897461,4342.051270,4444.743652,0.000000,1.000000,22.000000,,,,0.000000,2.000000,2.000000,0.000000,4.000000,2.000000,2.000000,0.000000,0.000000,4.000000,4.000000,4.000000,4.000000,4.000000,4.000000,0.000000,,,,,,,,,,,,,,,,,,,,,,,,,,,,
1732157931.227479,1732157931.229062,60.000000,0.000000,4296.025879,4266.025879,4312.051270,4310.000000,4281.666504,4281.666504,4332.820313,4400.000000,4308.717773,4311.538574,4477.563965,4501.922852,4346.410156,4442.563965,0.000000,1.000000,22.000000,,,,0.000000,2.000000,2.000000,0.000000,4.000000,2.000000,2.000000,0.000000,0.000000,4.000000,4.000000,4.000000,4.000000,4.000000,4.000000,0.000000,,,,,,,,,,,,,,,,,15.000000,0.000000,0.501932,0.456848,-0.564697,0.469543,0.973752,-0.076670,-0.045904,-36.338791,44.974724,31.952051
1732157931.235288,1732157931.236870,61.000000,0.000000,4297.692383,4263.974121,4314.487305,4311.025879,4276.025879,4279.487305,4336.666504,4400.256348,4307.692383,4310.897461,4483.589844,4508.205078,4351.922852,4444.871582,0.000000,1.000000,22.000000,,,,0.000000,2.000000,2.000000,0.000000,4.000000,2.000000,2.000000,0.000000,0.000000,4.000000,4.000000,4.000000,4.000000,4.000000,4.000000,0.000000,,,,,,,,,,,,,,,,,,,,,,,,,,,,
1732157931.243096,1732157931.244479,62.000000,0.000000,4298.589844,4263.717773,4315.769043,4311.153809,4272.179688,4279.743652,4341.666504,4400.000000,4309.743652,4310.897461,4486.282227,4504.871582,4351.538574,4447.051270,0.000000,1.000000,22.000000,,,,0.000000,2.000000,2.000000,0.000000,4.000000,2.000000,2.000000,0.000000,0.000000,4.000000,4.000000,4.000000,4.000000,4.000000,4.000000,0.000000,,,,,,,,,,,,,,,,,,,,,,,,,,,,
1732157931.250904,1732157931.252287,63.000000,0.000000,4295.641113,4266.794922,4313.589844,4309.615234,4290.512695,4278.589844,4339.871582,4399.230957,4310.384766,4312.179688,4480.256348,4500.769043,4349.615234,4445.512695,0.000000,1.000000,22.000000,,,,0.000000,2.000000,2.000000,0.000000,4.000000,2.000000,2.000000,0.000000,0.000000,4.000000,4.000000,4.000000,4.000000,4.000000,4.000000,0.000000,,,,,,,,,,,,,,,,,,,,,,,,,,,,
1732157931.258712,1732157931.259995,64.000000,0.000000,4295.000000,4267.436035,4313.333496,4311.666504,4292.051270,4281.153809,4338.589844,4397.948730,4307.692383,4312.051270,4476.153809,4500.128418,4350.769043,4443.461426,0.000000,1.000000,22.000000,,,,0.000000,2.000000,2.000000,0.000000,4.000000,2.000000,2.000000,0.000000,0.000000,4.000000,4.000000,4.000000,4.000000,4.000000,4.000000,0.000000,,,,,,,,,,,,,,,,,16.000000,0.000000,0.501819,0.456909,-0.564697,0.469604,0.979123,-0.069344,-0.046881,-36.369423,44.746193,31.817827
1732157931.266520,1732157931.267803,65.000000,0.000000,4295.641113,4265.897461,4313.974121,4314.871582,4274.871582,4288.717773,4338.846191,4398.846191,4307.307617,4310.128418,4476.025879,4496.666504,4347.948730,4437.563965,1598.000000,1.000000,22.000000,,,,0.000000,2.000000,2.000000,0.000000,4.000000,2.000000,2.000000,0.000000,0.000000,4.000000,4.000000,4.000000,4.000000,4.000000,4.000000,0.000000,,,,,,,,,,,,,,,,,,,,,,,,,,,,
1732157931.274329,1732157931.275412,66.000000,0.000000,4295.384766,4265.128418,4313.717773,4313.974121,4270.256348,4289.102539,4339.487305,4401.025879,4310.000000,4309.358887,4474.615234,4497.948730,4341.666504,4436.922852,1366.000000,1.000000,22.000000,,,,0.000000,2.000000,2.000000,0.000000,4.000000,2.000000,2.000000,0.000000,0.000000,4.000000,4.000000,4.000000,4.000000,4.000000,4.000000,0.000000,,,,,,,,,,,,,,,,,,,,,,,,,,,,
1732157931.282137,1732157931.283220,67.000000,0.000000,4296.025879,4265.000000,4312.820313,4311.410156,4277.692383,4283.333496,4339.230957,4399.615234,4312.436035,4310.128418,4474.871582,4502.307617,4340.641113,4443.974121,1422.000000,1.000000,22.000000,,,,0.000000,2.000000,2.000000,0.000000,4.000000,2.000000,2.000000,0.000000,0.000000,4.000000,4.000000,4.000000,4.000000,4.000000,4.000000,0.000000,,,,,,,,,,,,,,,,,,,,,,,,,,,,
1732157931.289945,1732157931.291128,68.000000,0.000000,4294.743652,4265.000000,4312.051270,4310.769043,4291.666504,4279.358887,4339.871582,4398.846191,4312.563965,4310.641113,4477.307617,4503.589844,4345.512695,4445.897461,1426.000000,1.000000,22.000000,,,,0.000000,2.000000,2.000000,0.000000,4.000000,2.000000,2.000000,0.000000,0.000000,4.000000,4.000000,4.000000,4.000000,4.000000,4.000000,0.000000,,,,,,,,,,,,,,,,,17.000000,0.000000,0.501919,0.456787,-0.564758,0.469543,0.968380,-0.068856,-0.060554,-36.344231,44.694416,31.875774
1732157931.297753,1732157931.298936,69.000000,0.000000,4291.666504,4265.512695,4313.846191,4310.384766,4293.846191,4284.102539,4340.512695,4400.256348,4309.358887,4311.666504,4475.769043,4503.846191,4345.256348,4442.436035,1210.000000,1.000000,22.000000,,,,0.000000,2.000000,2.000000,0.000000,4.000000,2.000000,2.000000,0.000000,0.000000,4.000000,4.000000,4.000000,4.000000,4.000000,4.000000,0.000000,,,,,,,,,,,,,,,,,,,,,,,,,,,,
1732157931.305562,1732157931.306944,70.000000,0.000000,4292.436035,4265.897461,4316.282227,4312.436035,4272.948730,4289.871582,4340.000000,4399.358887,4306.922852,4310.897461,4474.615234,4506.410156,4342.307617,4444.487305,0.000000,1.000000,22.000000,,,,0.000000,2.000000,2.000000,0.000000,4.000000,2.000000,2.000000,0.000000,0.000000,4.000000,4.000000,4.000000,4.000000,4.000000,4.000000,0.000000,,,,,,,,,,,,,,,,,,,,,,,,,,,,
1732157931.313370,1732157931.314752,71.000000,0.000000,4295.512695,4265.897461,4314.230957,4315.000000,4263.333496,4285.897461,4340.128418,4398.717773,4308.974121,4309.871582,4476.153809,4507.948730,4344.871582,4446.153809,0.000000,1.000000,22.000000,,,,0.000000,2.000000,2.000000,0.000000,4.000000,2.000000,2.000000,0.000000,0.000000,4.000000,4.000000,4.000000,4.000000,4.000000,4.000000,0.000000,,,,,,,,,,,,,,,,,,,,,,,,,,,,
1732157931.321178,1732157931.322660,72.000000,0.000000,4294.487305,4264.102539,4311.025879,4311.538574,4282.051270,4280.128418,4340.256348,4400.512695,4311.282227,4310.769043,4476.410156,4506.153809,4346.922852,4442.948730,1528.000000,1.000000,22.000000,,,,0.000000,2.000000,2.000000,0.000000,4.000000,2.000000,2.000000,0.000000,0.000000,4.000000,4.000000,4.000000,4.000000,4.000000,4.000000,0.000000,,,,,,,,,,,,,,,,,18.000000,0.000000,0.501893,0.456665,-0.564880,0.469543,0.972775,-0.078135,-0.060554,-36.228828,44.714142,31.656044
1732157931.328987,1732157931.330469,73.000000,0.000000,4293.205078,4264.487305,4313.077148,4309.230957,4281.794922,4281.025879,4340.128418,4400.897461,4309.487305,4310.897461,4475.641113,4506.922852,4347.692383,4441.410156,1686.000000,1.000000,22.000000,,,,0.000000,2.000000,2.000000,0.000000,4.000000,2.000000,2.000000,0.000000,0.000000,4.000000,4.000000,4.000000,4.000000,4.000000,4.000000,0.000000,,,,,,,,,,,,,,,,,,,,,,,,,,,,
1732157931.336795,1732157931.338077,74.000000,0.000000,4293.846191,4266.025879,4317.051270,4310.769043,4271.410156,4282.563965,4340.128418,4398.974121,4306.794922,4310.512695,4476.153809,4507.179688,4349.358887,4442.179688,1544.000000,1.000000,22.000000,,,,0.000000,2.000000,2.000000,0.000000,4.000000,2.000000,2.000000,0.000000,0.000000,4.000000,4.000000,4.000000,4.000000,4.000000,4.000000,0.000000,,,,,,,,,,,,,,,,,,,,,,,,,,,,
1732157931.344603,1732157931.345885,75.000000,0.000000,4295.000000,4265.641113,4313.461426,4310.256348,4293.205078,4279.743652,4340.128418,4398.974121,4307.179688,4311.794922,4476.922852,4502.692383,4349.102539,4443.589844,1566.000000,1.000000,22.000000,,,,0.000000,2.000000,2.000000,0.000000,4.000000,2.000000,2.000000,0.000000,0.000000,4.000000,4.000000,4.000000,4.000000,4.000000,4.000000,0.000000,,,,,,,,,,,,,,,,,,,,,,,,,,,,
1732157931.352411,1732157931.353594,76.000000,0.000000,4292.179688,4265.128418,4311.282227,4308.974121,4298.589844,4277.820313,4340.128418,4401.025879,4309.487305,4311.794922,4476.922852,4501.153809,4348.717773,4443.461426,1701.000000,1.000000,22.000000,,,,0.000000,2.000000,2.000000,0.000000,4.000000,2.000000,2.000000,0.000000,0.000000,4.000000,4.000000,4.000000,4.000000,4.000000,4.000000,0.000000,,,,,,,,,,,,,,,,,19.000000,0.000000,0.501780,0.456726,-0.564880,0.469604,0.964962,-0.069833,-0.046392,-36.185352,44.768456,32.069729
1732157931.360219,1732157931.361402,77.000000,0.000000,4285.512695,4267.307617,4315.384766,4310.384766,4265.384766,4279.615234,4340.128418,4400.769043,4310.384766,4310.897461,4476.538574,4503.846191,4352.307617,4443.077148,1608.000000,1.000000,22.000000,,,,0.000000,2.000000,2.000000,0.000000,4.000000,2.000000,2.000000,0.000000,0.000000,4.000000,4.000000,4.000000,4.000000,4.000000,4.000000,0.000000,,,,,,,,,,,,,,,,,,,,,,,,,,,,
1732157931.368028,1732157931.369410,78.000000,0.000000,4284.358887,4268.077148,4316.025879,4308.846191,4260.384766,4281.025879,4340.128418,4400.384766,4308.333496,4310.256348,4475.000000,4500.769043,4348.717773,4441.410156,1544.000000,1.000000,22.000000,,,,0.000000,2.000000,2.000000,0.000000,4.000000,2.000000,2.000000,0.000000,0.000000,4.000000,4.000000,4.000000,4.000000,4.000000,4.000000,0.000000,1.000000,0.000000,2.000000,2.000000,0.000000,1.000000,1.000000,0.000000,0.000000,0.000000,4.000000,4.000000,4.000000,4.000000,1.000000,4.000000,,,,,,,,,,,,
1732157931.375836,1732157931.377218,79.000000,0.000000,4290.641113,4267.179688,4311.282227,4307.307617,4291.538574,4279.487305,4340.128418,4401.666504,4310.384766,4308.717773,4475.000000,4496.666504,4341.282227,4441.922852,1566.000000,1.000000,22.000000,,,,0.000000,2.000000,2.000000,0.000000,4.000000,2.000000,2.000000,0.000000,0.000000,4.000000,4.000000,4.000000,4.000000,4.000000,4.000000,0.000000,,,,,,,,,,,,,,,,,,,,,,,,,,,,
1732157931.383644,1732157931.385126,80.000000,0.000000,4295.256348,4270.256348,4310.897461,4311.282227,4287.307617,4279.230957,4340.128418,4401.025879,4308.589844,4307.563965,4477.436035,4501.922852,4346.410156,4444.487305,1701.000000,1.000000,22.000000,,,,0.000000,2.000000,2.000000,0.000000,4.000000,2.000000,2.000000,0.000000,0.000000,4.000000,4.000000,4.000000,4.000000,4.000000,4.000000,0.000000,,,,,,,,,,,,,,,,,20.000000,0.000000,0.502010,0.456360,-0.565125,0.469421,0.969357,-0.080576,-0.055671,-36.106800,44.627449,32.098148
1732157931.391452,1732157931.392934,81.000000,0.000000,4295.512695,4274.358887,4315.769043,4315.000000,4262.179688,4281.922852,4340.512695,4399.487305,4301.153809,4308.461426,4478.846191,4503.717773,4352.307617,4444.871582,1608.000000,1.000000,22.000000,,,,0.000000,2.000000,2.000000,0.000000,4.000000,2.000000,2.000000,0.000000,0.000000,4.000000,4.000000,4.000000,4.000000,4.000000,4.000000,0.000000,,,,,,,,,,,,,,,,,,,,,,,,,,,,
1732157931.399261,1732157931.400942,82.000000,0.000000,4291.153809,4272.563965,4313.717773,4312.948730,4266.922852,4283.333496,4340.384766,4399.743652,4301.794922,4308.974121,4477.820313,4496.282227,4347.307617,4445.256348,1544.000000,1.000000,22.000000,,,,0.000000,2.000000,2.000000,0.000000,4.000000,2.000000,2.000000,0.000000,0.000000,4.000000,4.000000,4.000000,4.000000,4.000000,4.000000,0.000000,,,,,,,,,,,,,,,,,,,,,,,,,,,,
1732157931.407069,1732157931.408751,83.000000,0.000000,4282.563965,4266.666504,4310.256348,4309.230957,4281.794922,4282.436035,4339.871582,4399.871582,4303.589844,4302.051270,4471.794922,4491.282227,4337.948730,4440.641113,1566.000000,1.000000,22.000000,,,,0.000000,2.000000,2.000000,0.000000,4.000000,2.000000,2.000000,0.000000,0.000000,4.000000,4.000000,4.000000,4.000000,4.000000,4.000000,0.000000,,,,,,,,,,,,,,,,,,,,,,,,,,,,
1732157931.414877,1732157931.416659,84.000000,0.000000,4279.102539,4263.461426,4312.948730,4307.820313,4291.025879,4281.666504,4340.769043,4399.487305,4300.897461,4293.589844,4466.410156,4489.743652,4335.384766,4430.128418,1701.000000,1.000000,22.000000,,,,0.000000,2.000000,2.000000,0.000000,4.000000,2.000000,2.000000,0.000000,0.000000,4.000000,4.000000,4.000000,4.000000,4.000000,4.000000,0.000000,,,,,,,,,,,,,,,,,21.000000,0.000000,0.501897,0.456421,-0.565125,0.469482,0.979612,-0.074228,-0.059578,-36.118176,44.769901,32.016167
1732157931.422686,1732157931.424467,85.000000,0.000000,4283.717773,4266.538574,4313.205078,4309.102539,4287.948730,4282.179688,4340.128418,4400.769043,4303.461426,4302.436035,4470.769043,4489.743652,4343.461426,4429.743652,1608.000000,1.000000,22.000000,,,,0.000000,2.000000,2.000000,0.000000,4.000000,2.000000,2.000000,0.000000,0.000000,4.000000,4.000000,4.000000,4.000000,4.000000,4.000000,0.000000,,,,,,,,,,,,,,,,,,,,,,,,,,,,
1732157931.430494,1732157931.432475,86.000000,0.000000,4287.051270,4273.205078,4310.384766,4312.948730,4267.436035,4282.948730,4335.897461,4402.436035,4302.948730,4313.974121,4476.794922,4492.179688,4350.769043,4440.256348,1544.000000,1.000000,22.000000,,,,0.000000,2.000000,2.000000,0.000000,4.000000,2.000000,2.000000,0.000000,0.000000,4.000000,4.000000,4.000000,4.000000,4.000000,4.000000,0.000000,,,,,,,,,,,,,,,,,,,,,,,,,,,,
1732157931.438302,1732157931.440283,87.000000,0.000000,4292.307617,4281.025879,4312.307617,4318.333496,4259.487305,4283.205078,4333.717773,4401.282227,4293.205078,4305.000000,4475.512695,4498.717773,4347.692383,4444.102539,1566.000000,1.000000,22.000000,,,,0.000000,2.000000,2.000000,0.000000,4.000000,2.000000,2.000000,0.000000,0.000000,4.000000,4.000000,4.000000,4.000000,4.000000,4.000000,0.000000,,,,,,,,,,,,,,,,,,,,,,,,,,,,
1732157931.446110,1732157931.447991,88.000000,0.000000,4295.384766,4280.256348,4313.589844,4320.384766,4274.743652,4281.282227,4335.512695,4400.128418,4296.153809,4297.563965,4472.948730,4501.794922,4344.487305,4443.589844,1701.000000,1.000000,22.000000,,,,0.000000,2.000000,2.000000,0.000000,4.000000,2.000000,2.000000,0.000000,0.000000,4.000000,4.000000,4.000000,4.000000,4.000000,4.000000,0.000000,,,,,,,,,,,,,,,,,22.000000,0.000000,0.501897,0.456421,-0.565125,0.469482,0.977658,-0.076181,-0.061531,-36.080723,44.810287,31.921427
1732157931.453918,1732157931.455800,89.000000,0.000000,4288.846191,4272.051270,4310.384766,4314.358887,4284.230957,4280.384766,4336.410156,4400.897461,4304.615234,4304.487305,4474.230957,4502.179688,4346.794922,4444.871582,1608.000000,1.000000,22.000000,,,,0.000000,2.000000,2.000000,0.000000,4.000000,2.000000,2.000000,0.000000,0.000000,4.000000,4.000000,4.000000,4.000000,4.000000,4.000000,0.000000,,,,,,,,,,,,,,,,,,,,,,,,,,,,
1732157931.461727,1732157931.463808,90.000000,0.000000,4287.051270,4270.000000,4312.051270,4309.615234,4279.358887,4283.461426,4335.512695,4400.384766,4298.717773,4306.153809,4476.922852,4506.282227,4348.589844,4445.769043,1544.000000,1.000000,22.000000,,,,0.000000,2.000000,2.000000,0.000000,4.000000,2.000000,2.000000,0.000000,0.000000,4.000000,4.000000,4.000000,4.000000,4.000000,4.000000,0.000000,,,,,,,,,,,,,,,,,,,,,,,,,,,,
1732157931.469535,1732157931.471616,91.000000,0.000000,4296.794922,4277.436035,4316.025879,4311.538574,4276.538574,4285.384766,4335.769043,4397.436035,4294.743652,4301.538574,4478.461426,4509.487305,4350.512695,4453.077148,1566.000000,1.000000,22.000000,,,,0.000000,2.000000,2.000000,0.000000,4.000000,2.000000,2.000000,0.000000,0.000000,4.000000,4.000000,4.000000,4.000000,4.000000,4.000000,0.000000,,,,,,,,,,,,,,,,,,,,,,,,,,,,
1732157931.477343,1732157931.479524,92.000000,0.000000,4299.615234,4281.025879,4312.948730,4312.563965,4289.743652,4279.743652,4336.025879,4397.307617,4296.410156,4299.230957,4476.282227,4507.563965,4347.307617,4456.025879,1701.000000,1.000000,22.000000,,,,0.000000,2.000000,2.000000,0.000000,4.000000,2.000000,2.000000,0.000000,0.000000,4.000000,4.000000,4.000000,4.000000,4.000000,4.000000,0.000000,,,,,,,,,,,,,,,,,23.000000,0.000000,0.502042,0.456299,-0.565247,0.469299,0.970822,-0.062508,-0.047369,-36.192051,44.814667,31.714689
1732157931.485151,1732157931.487332,93.000000,0.000000,4292.051270,4274.871582,4311.153809,4315.256348,4300.512695,4276.538574,4335.897461,4399.871582,4296.794922,4297.051270,4473.589844,4506.666504,4338.974121,4446.410156,1608.000000,1.000000,22.000000,,,,0.000000,2.000000,2.000000,0.000000,4.000000,2.000000,2.000000,0.000000,0.000000,4.000000,4.000000,4.000000,4.000000,4.000000,4.000000,0.000000,,,,,,,,,,,,,,,,,,,,,,,,,,,,
1732157931.492960,1732157931.495340,94.000000,0.000000,4290.384766,4273.974121,4312.307617,4320.512695,4276.410156,4285.000000,4335.897461,4400.000000,4297.948730,4296.538574,4473.589844,4510.641113,4342.307617,4443.974121,1544.000000,1.000000,22.000000,,,,0.000000,2.000000,2.000000,0.000000,4.000000,2.000000,2.000000,0.000000,0.000000,4.000000,4.000000,4.000000,4.000000,4.000000,4.000000,0.000000,,,,,,,,,,,,,,,,,,,,,,,,,,,,
1732157931.500768,1732157931.503148,95.000000,0.000000,4296.410156,4280.256348,4311.922852,4318.717773,4258.205078,4287.051270,4335.897461,4399.358887,4300.384766,4299.871582,4474.230957,4509.487305,4350.769043,4448.974121,1566.000000,1.000000,22.000000,,,,0.000000,2.000000,2.000000,0.000000,4.000000,2.000000,2.000000,0.000000,0.000000,4.000000,4.000000,4.000000,4.000000,4.000000,4.000000,0.000000,,,,,,,,,,,,,,,,,,,,,,,,,,,,
1732157931.508576,1732157931.511056,96.000000,0.000000,4295.256348,4280.512695,4311.794922,4312.563965,4284.871582,4280.000000,4335.897461,4399.743652,4298.205078,4298.846191,4471.922852,4497.948730,4346.666504,4445.384766,1701.000000,1.000000,22.000000,,,,0.000000,2.000000,2.000000,0.000000,4.000000,2.000000,2.000000,0.000000,0.000000,4.000000,4.000000,4.000000,4.000000,4.000000,4.000000,0.000000,,,,,,,,,,,,,,,,,24.000000,0.000000,0.502056,0.456421,-0.565186,0.469238,0.981077,-0.068856,-0.042974,-36.283894,44.841545,31.692232
1732157931.516384,1732157931.518865,97.000000,0.000000,4286.410156,4275.512695,4312.307617,4312.179688,4298.205078,4283.205078,4335.897461,4400.641113,4294.871582,4294.871582,4466.025879,4491.922852,4339.230957,4441.153809,1608.000000,1.000000,22.000000,,,,0.000000,2.000000,2.000000,0.000000,4.000000,2.000000,2.000000,0.000000,0.000000,4.000000,4.000000,4.000000,4.000000,4.000000,4.000000,0.000000,,,,,,,,,,,,,,,,,,,,,,,,,,,,
1732157931.524193,1732157931.526873,98.000000,0.000000,4280.384766,4276.794922,4310.641113,4313.077148,4269.487305,4289.743652,4335.897461,4400.256348,4295.128418,4293.717773,4464.487305,4496.666504,4340.128418,4444.230957,1544.000000,1.000000,22.000000,,,,0.000000,2.000000,2.000000,0.000000,4.000000,2.000000,2.000000,0.000000,0.000000,4.000000,4.000000,4.000000,4.000000,4.000000,4.000000,0.000000,,,,,,,,,,,,,,,,,,,,,,,,,,,,
1732157931.532001,1732157931.534681,99.000000,0.000000,4282.436035,4279.358887,4310.641113,4311.666504,4258.846191,4284.871582,4335.897461,4400.000000,4295.641113,4296.410156,4470.384766,4500.128418,4342.563965,4443.717773,1566.000000,1.000000,22.000000,,,,0.000000,2.000000,2.000000,0.000000,4.000000,2.000000,2.000000,0.000000,0.000000,4.000000,4.000000,4.000000,4.000000,4.000000,4.000000,0.000000,,,,,,,,,,,,,,,,,,,,,,,,,,,,
1732157931.539809,1732157931.542389,100.000000,0.000000,4284.871582,4272.692383,4313.589844,4311.794922,4276.282227,4279.358887,4335.897461,4402.436035,4296.794922,4298.333496,4472.948730,4497.307617,4340.769043,4440.641113,1701.000000,1.000000,22.000000,,,,0.000000,2.000000,2.000000,0.000000,4.000000,2.000000,2.000000,0.000000,0.000000,4.000000,4.000000,4.000000,4.000000,4.000000,4.000000,0.000000,,,,,,,,,,,,,,,,,25.000000,0.000000,0.502342,0.456055,-0.565430,0.468994,0.978635,-0.073739,-0.056159,-36.254955,44.763317,31.835709
1732157931.547617,1732157931.550197,101.000000,0.000000,4281.538574,4265.769043,4313.974121,4310.512695,4278.333496,4281.410156,4335.897461,4401.666504,4297.692383,4297.436035,4471.538574,4497.051270,4343.333496,4442.692383,1608.000000,1.000000,22.000000,,,,0.000000,2.000000,2.000000,0.000000,4.000000,2.000000,2.000000,0.000000,0.000000,4.000000,4.000000,4.000000,4.000000,4.000000,4.000000,0.000000,,,,,,,,,,,,,,,,,,,,,,,,,,,,
1732157931.555426,1732157931.557806,102.000000,0.000000,4281.282227,4267.179688,4311.922852,4307.948730,4278.974121,4281.410156,4335.897461,4397.820313,4296.153809,4295.897461,4473.461426,4503.205078,4350.128418,4446.153809,1544.000000,1.000000,22.000000,,,,0.000000,2.000000,2.000000,0.000000,4.000000,2.000000,2.000000,0.000000,0.000000,4.000000,4.000000,4.000000,4.000000,4.000000,4.000000,0.000000,,,,,,,,,,,,,,,,,,,,,,,,,,,,
1732157931.563234,1732157931.565614,103.000000,0.000000,4285.641113,4270.641113,4311.922852,4306.794922,4289.487305,4278.205078,4335.897461,4398.717773,4295.256348,4296.282227,4474.743652,4507.563965,4350.256348,4446.538574,1566.000000,1.000000,22.000000,,,,0.000000,2.000000,2.000000,0.000000,4.000000,2.000000,2.000000,0.000000,0.000000,4.000000,4.000000,4.000000,4.000000,4.000000,4.000000,0.000000,,,,,,,,,,,,,,,,,,,,,,,,,,,,
1732157931.571042,1732157931.573322,104.000000,0.000000,4286.666504,4267.948730,4314.102539,4306.153809,4280.256348,4279.358887,4335.897461,4401.282227,4299.743652,4301.794922,4472.436035,4506.538574,4343.461426,4444.102539,1701.000000,1.000000,22.000000,,,,0.000000,2.000000,2.000000,0.000000,4.000000,2.000000,2.000000,0.000000,0.000000,4.000000,4.000000,4.000000,4.000000,4.000000,4.000000,0.000000,,,,,,,,,,,,,,,,,26.000000,0.000000,0.502430,0.455933,-0.565552,0.468872,0.977658,-0.073739,-0.048346,-35.984848,45.029953,31.961924
1732157931.578850,1732157931.581131,105.000000,0.000000,4284.230957,4266.153809,4312.436035,4305.512695,4261.666504,4283.077148,4336.025879,4400.128418,4301.794922,4305.128418,4469.871582,4501.410156,4340.512695,4442.948730,1608.000000,1.000000,22.000000,,,,0.000000,2.000000,2.000000,0.000000,4.000000,2.000000,2.000000,0.000000,0.000000,4.000000,4.000000,4.000000,4.000000,4.000000,4.000000,0.000000,,,,,,,,,,,,,,,,,,,,,,,,,,,,
1732157931.586659,1732157931.588739,106.000000,0.000000,4283.205078,4270.897461,4312.563965,4307.820313,4261.153809,4285.128418,4336.025879,4399.487305,4296.666504,4301.025879,4468.077148,4497.436035,4343.589844,4443.846191,1544.000000,1.000000,22.000000,,,,0.000000,2.000000,2.000000,0.000000,4.000000,2.000000,2.000000,0.000000,0.000000,4.000000,4.000000,4.000000,4.000000,4.000000,4.000000,0.000000,,,,,,,,,,,,,,,,,,,,,,,,,,,,
1732157931.594467,1732157931.596547,107.000000,0.000000,4284.230957,4275.512695,4316.282227,4311.794922,4274.358887,4284.487305,4335.769043,4400.128418,4293.205078,4296.282227,4464.743652,4492.820313,4343.589844,4445.000000,1566.000000,1.000000,22.000000,,,,0.000000,2.000000,2.000000,0.000000,4.000000,2.000000,2.000000,0.000000,0.000000,4.000000,4.000000,4.000000,4.000000,4.000000,4.000000,0.000000,,,,,,,,,,,,,,,,,,,,,,,,,,,,
1732157931.602275,1732157931.604255,108.000000,0.000000,4290.641113,4275.641113,4316.153809,4310.769043,4292.436035,4286.538574,4336.282227,4400.128418,4294.358887,4296.410156,4461.025879,4492.820313,4340.641113,4445.512695,1701.000000,1.000000,22.000000,,,,0.000000,2.000000,2.000000,0.000000,4.000000,2.000000,2.000000,0.000000,0.000000,4.000000,4.000000,4.000000,4.000000,4.000000,4.000000,0.000000,,,,,,,,,,,,,,,,,27.000000,0.000000,0.502502,0.455688,-0.565735,0.468811,0.967892,-0.080576,-0.051764,-35.972725,45.054264,31.944159
1732157931.610083,1732157931.612064,109.000000,0.000000,4295.769043,4275.769043,4311.153809,4308.717773,4291.282227,4292.307617,4335.769043,4401.153809,4298.077148,4301.025879,4464.743652,4497.051270,4338.717773,4445.128418,1608.000000,1.000000,22.000000,,,,0.000000,2.000000,2.000000,0.000000,4.000000,2.000000,2.000000,0.000000,0.000000,4.000000,4.000000,4.000000,4.000000,4.000000,4.000000,0.000000,,,,,,,,,,,,,,,,,,,,,,,,,,,,
1732157931.617892,1732157931.620072,110.000000,0.000000,4294.102539,4277.563965,4310.512695,4311.410156,4266.282227,4293.846191,4334.102539,4402.692383,4297.820313,4302.563965,4468.974121,4500.256348,4340.897461,4446.153809,1544.000000,1.000000,22.000000,,,,0.000000,2.000000,2.000000,0.000000,4.000000,2.000000,2.000000,0.000000,0.000000,4.000000,4.000000,4.000000,4.000000,4.000000,4.000000,0.000000,,,,,,,,,,,,,,,,,,,,,,,,,,,,
1732157931.625700,1732157931.627880,111.000000,0.000000,4292.307617,4276.410156,4313.717773,4313.461426,4263.717773,4291.666504,4333.589844,4402.820313,4292.820313,4298.333496,4468.077148,4499.615234,4346.282227,4448.205078,1566.000000,1.000000,22.000000,,,,0.000000,2.000000,2.000000,0.000000,4.000000,2.000000,2.000000,0.000000,0.000000,4.000000,4.000000,4.000000,4.000000,4.000000,4.000000,0.000000,,,,,,,,,,,,,,,,,,,,,,,,,,,,
1732157931.633508,1732157931.635788,112.000000,0.000000,4288.974121,4275.256348,4312.563965,4309.871582,4279.358887,4289.615234,4334.615234,4401.153809,4293.077148,4298.846191,4468.846191,4496.538574,4346.794922,4445.641113,1701.000000,1.000000,22.000000,,,,0.000000,2.000000,2.000000,0.000000,4.000000,2.000000,2.000000,0.000000,0.000000,4.000000,4.000000,4.000000,4.000000,4.000000,4.000000,0.000000,,,,,,,,,,,,,,,,,28.000000,0.000000,0.502701,0.455505,-0.565857,0.468628,0.974240,-0.063484,-0.039556,-36.027908,45.093952,31.964767
1732157931.641316,1732157931.643596,113.000000,0.000000,4285.512695,4275.769043,4311.282227,4309.358887,4277.692383,4289.487305,4335.384766,4399.358887,4299.358887,4306.282227,4472.307617,4494.230957,4345.512695,4443.333496,1608.000000,1.000000,22.000000,,,,0.000000,2.000000,2.000000,0.000000,4.000000,2.000000,2.000000,0.000000,0.000000,4.000000,4.000000,4.000000,4.000000,4.000000,4.000000,0.000000,,,,,,,,,,,,,,,,,,,,,,,,,,,,
1732157931.649125,1732157931.651205,114.000000,0.000000,4287.436035,4275.384766,4311.410156,4308.589844,4288.974121,4284.358887,4335.641113,4401.666504,4297.692383,4303.461426,4471.666504,4495.641113,4347.820313,4446.153809,1544.000000,1.000000,22.000000,,,,0.000000,2.000000,2.000000,0.000000,4.000000,2.000000,2.000000,0.000000,0.000000,4.000000,4.000000,4.000000,4.000000,4.000000,4.000000,0.000000,,,,,,,,,,,,,,,,,,,,,,,,,,,,
1732157931.656933,1732157931.659013,115.000000,0.000000,4285.000000,4277.563965,4310.897461,4303.974121,4295.128418,4281.025879,4335.897461,4403.077148,4292.692383,4300.256348,4470.000000,4499.615234,4351.538574,4447.948730,1566.000000,1.000000,22.000000,,,,0.000000,2.000000,2.000000,0.000000,4.000000,2.000000,2.000000,0.000000,0.000000,4.000000,4.000000,4.000000,4.000000,4.000000,4.000000,0.000000,,,,,,,,,,,,,,,,,,,,,,,,,,,,
1732157931.664741,1732157931.666721,116.000000,0.000000,4279.615234,4277.179688,4311.410156,4304.615234,4269.487305,4289.487305,4336.025879,4400.512695,4298.589844,4308.077148,4471.666504,4498.205078,4350.128418,4446.282227,1701.000000,1.000000,22.000000,,,,0.000000,2.000000,2.000000,0.000000,4.000000,2.000000,2.000000,0.000000,0.000000,4.000000,4.000000,4.000000,4.000000,4.000000,4.000000,0.000000,,,,,,,,,,,,,,,,,29.000000,0.000000,0.502745,0.455444,-0.565918,0.468567,0.974240,-0.063484,-0.039556,-36.124271,45.011101,31.971462
1732157931.672549,1732157931.674529,117.000000,0.000000,4282.436035,4271.794922,4311.538574,4307.307617,4269.871582,4296.922852,4336.538574,4402.307617,4303.717773,4305.641113,4472.692383,4489.871582,4343.589844,4441.794922,1608.000000,1.000000,22.000000,,,,0.000000,2.000000,2.000000,0.000000,4.000000,2.000000,2.000000,0.000000,0.000000,4.000000,4.000000,4.000000,4.000000,4.000000,4.000000,0.000000,,,,,,,,,,,,,,,,,,,,,,,,,,,,
1732157931.680358,1732157931.682138,118.000000,0.000000,4281.538574,4268.974121,4312.179688,4307.051270,4289.871582,4295.512695,4337.179688,4403.846191,4302.051270,4295.512695,4473.461426,4489.615234,4341.153809,4441.282227,1544.000000,1.000000,22.000000,,,,0.000000,2.000000,2.000000,0.000000,4.000000,2.000000,2.000000,0.000000,0.000000,4.000000,4.000000,4.000000,4.000000,4.000000,4.000000,0.000000,,,,,,,,,,,,,,,,,,,,,,,,,,,,
1732157931.688166,1732157931.689946,119.000000,0.000000,4277.051270,4271.922852,4316.538574,4309.615234,4272.436035,4291.794922,4336.410156,4401.794922,4304.615234,4295.769043,4473.974121,4501.666504,4345.256348,4451.153809,1566.000000,1.000000,22.000000,,,,0.000000,2.000000,2.000000,0.000000,4.000000,2.000000,2.000000,0.000000,0.000000,4.000000,4.000000,4.000000,4.000000,4.000000,4.000000,0.000000,,,,,,,,,,,,,,,,,,,,,,,,,,,,
1732157931.695974,1732157931.697654,120.000000,0.000000,4284.230957,4271.025879,4316.538574,4309.871582,4257.179688,4293.461426,4335.384766,4400.384766,4307.179688,4299.102539,4473.205078,4503.974121,4349.871582,4456.025879,1701.000000,1.000000,22.000000,,,,0.000000,2.000000,2.000000,0.000000,4.000000,2.000000,2.000000,0.000000,0.000000,4.000000,4.000000,4.000000,4.000000,4.000000,4.000000,0.000000,,,,,,,,,,,,,,,,,30.000000,0.000000,0.502688,0.455444,-0.565918,0.468628,0.981077,-0.077646,-0.056648,-36.070660,44.870659,31.750217
1732157931.703782,1732157931.705463,121.000000,0.000000,4290.000000,4269.230957,4312.051270,4305.769043,4277.179688,4292.051270,4335.897461,4400.897461,4302.307617,4296.025879,4473.589844,4496.410156,4349.102539,4450.641113,1608.000000,1.000000,22.000000,,,,0.000000,2.000000,2.000000,0.000000,4.000000,2.000000,2.000000,0.000000,0.000000,4.000000,4.000000,4.000000,4.000000,4.000000,4.000000,0.000000,,,,,,,,,,,,,,,,,,,,,,,,,,,,
1732157931.711591,1732157931.713471,122.000000,0.000000,4290.256348,4272.436035,4312.051270,4307.692383,4279.743652,4284.743652,4336.410156,4400.128418,4304.358887,4295.384766,4473.717773,4501.666504,4348.333496,4453.077148,1544.000000,1.000000,22.000000,,,,0.000000,2.000000,2.000000,0.000000,4.000000,2.000000,2.000000,0.000000,0.000000,4.000000,4.000000,4.000000,4.000000,4.000000,4.000000,0.000000,,,,,,,,,,,,,,,,,,,,,,,,,,,,
1732157931.719399,1732157931.721279,123.000000,0.000000,4292.820313,4271.794922,4314.487305,4308.974121,4272.820313,4279.871582,4334.871582,4398.846191,4311.282227,4296.922852,4473.717773,4509.743652,4347.436035,4460.897461,1566.000000,1.000000,22.000000,,,,0.000000,2.000000,2.000000,0.000000,4.000000,2.000000,2.000000,0.000000,0.000000,4.000000,4.000000,4.000000,4.000000,4.000000,4.000000,0.000000,,,,,,,,,,,,,,,,,,,,,,,,,,,,
1732157931.727207,1732157931.729187,124.000000,0.000000,4295.384766,4270.641113,4313.333496,4305.897461,4286.666504,4279.743652,4334.102539,4399.487305,4306.538574,4294.358887,4473.205078,4502.051270,4345.769043,4459.743652,1701.000000,1.000000,22.000000,,,,0.000000,2.000000,2.000000,0.000000,4.000000,2.000000,2.000000,0.000000,0.000000,4.000000,4.000000,4.000000,4.000000,4.000000,4.000000,0.000000,,,,,,,,,,,,,,,,,31.000000,0.000000,0.502546,0.455627,-0.565796,0.468750,0.967892,-0.068368,-0.056159,-36.178902,44.830235,31.702677
1732157931.735015,1732157931.736995,125.000000,0.000000,4295.769043,4274.230957,4313.077148,4308.077148,4281.282227,4279.743652,4335.897461,4399.487305,4302.307617,4293.205078,4474.230957,4495.769043,4347.563965,4459.102539,1608.000000,1.000000,22.000000,,,,0.000000,2.000000,2.000000,0.000000,4.000000,2.000000,2.000000,0.000000,0.000000,4.000000,4.000000,4.000000,4.000000,4.000000,4.000000,0.000000,,,,,,,,,,,,,,,,,,,,,,,,,,,,
1732157931.742823,1732157931.745003,126.000000,0.000000,4296.794922,4277.948730,4313.846191,4311.153809,4260.128418,4277.563965,4336.282227,4400.000000,4308.717773,4295.128418,4475.769043,4500.384766,4350.897461,4459.743652,1544.000000,1.000000,22.000000,,,,0.000000,2.000000,2.000000,0.000000,4.000000,2.000000,2.000000,0.000000,0.000000,4.000000,4.000000,4.000000,4.000000,4.000000,4.000000,0.000000,,,,,,,,,,,,,,,,,,,,,,,,,,,,
1732157931.750632,1732157931.752811,127.000000,0.000000,4296.922852,4276.538574,4315.256348,4310.128418,4258.589844,4280.897461,4335.128418,4399.871582,4313.333496,4298.589844,4474.230957,4500.128418,4347.692383,4449.871582,22.000000,1.000000,22.000000,,,,0.000000,2.000000,2.000000,0.000000,4.000000,2.000000,2.000000,0.000000,0.000000,4.000000,4.000000,4.000000,4.000000,4.000000,4.000000,0.000000,,,,,,,,,,,,,,,,,,,,,,,,,,,,
1732157931.758440,1732157931.760520,0.000000,0.000000,4292.820313,4268.333496,4316.153809,4305.769043,4266.410156,4285.256348,4335.384766,4399.871582,4311.410156,4295.512695,4471.282227,4494.487305,4341.025879,4443.461426,0.000000,1.000000,22.000000,,,,0.000000,2.000000,2.000000,0.000000,4.000000,2.000000,2.000000,0.000000,0.000000,4.000000,4.000000,4.000000,4.000000,4.000000,4.000000,0.000000,,,,,,,,,,,,,,,,,0.000000,0.000000,0.502390,0.455750,-0.565735,0.468872,0.967892,-0.068368,-0.056159,-36.159912,44.700825,31.645834
1732157931.766248,1732157931.768328,1.000000,0.000000,4288.846191,4266.153809,4313.205078,4302.179688,4277.692383,4283.333496,4336.666504,4400.641113,4309.358887,4286.794922,4470.769043,4495.769043,4340.256348,4445.897461,1598.000000,1.000000,22.000000,,,,0.000000,2.000000,2.000000,0.000000,4.000000,2.000000,2.000000,0.000000,0.000000,4.000000,4.000000,4.000000,4.000000,4.000000,4.000000,0.000000,,,,,,,,,,,,,,,,,,,,,,,,,,,,
1732157931.774057,1732157931.775936,2.000000,0.000000,4289.230957,4273.333496,4310.897461,4303.717773,4290.512695,4279.358887,4336.794922,4400.897461,4308.589844,4288.974121,4470.769043,4500.128418,4342.563965,4445.641113,1366.000000,1.000000,22.000000,,,,0.000000,2.000000,2.000000,0.000000,4.000000,2.000000,2.000000,0.000000,0.000000,4.000000,4.000000,4.000000,4.000000,4.000000,4.000000,0.000000,,,,,,,,,,,,,,,,,,,,,,,,,,,,
1732157931.781865,1732157931.783744,3.000000,0.000000,4293.205078,4280.128418,4312.051270,4310.897461,4280.384766,4282.948730,4336.282227,4401.153809,4310.641113,4295.641113,4470.000000,4499.615234,4342.692383,4442.307617,1422.000000,1.000000,22.000000,,,,0.000000,2.000000,2.000000,0.000000,4.000000,2.000000,2.000000,0.000000,0.000000,4.000000,4.000000,4.000000,4.000000,4.000000,4.000000,0.000000,,,,,,,,,,,,,,,,,,,,,,,,,,,,
1732157931.789673,1732157931.791652,4.000000,0.000000,4293.205078,4277.692383,4312.692383,4314.358887,4258.461426,4289.871582,4336.282227,4400.256348,4314.743652,4291.538574,4470.641113,4502.436035,4340.641113,4443.974121,1429.000000,1.000000,22.000000,,,,0.000000,2.000000,2.000000,0.000000,4.000000,2.000000,2.000000,0.000000,0.000000,4.000000,4.000000,4.000000,4.000000,4.000000,4.000000,0.000000,,,,,,,,,,,,,,,,,1.000000,0.000000,0.502390,0.455750,-0.565735,0.468872,0.968380,-0.074716,-0.057136,-36.477859,44.377666,31.523127
1732157931.797481,1732157931.799461,5.000000,0.000000,4291.666504,4277.436035,4315.000000,4312.563965,4268.077148,4287.820313,4336.282227,4400.128418,4312.692383,4285.897461,4470.897461,4506.794922,4340.128418,4446.538574,1210.000000,1.000000,22.000000,,,,0.000000,2.000000,2.000000,0.000000,4.000000,2.000000,2.000000,0.000000,0.000000,4.000000,4.000000,4.000000,4.000000,4.000000,4.000000,0.000000,,,,,,,,,,,,,,,,,,,,,,,,,,,,
1732157931.805290,1732157931.807469,6.000000,0.000000,4293.205078,4279.743652,4318.589844,4310.641113,4288.333496,4281.538574,4336.666504,4400.000000,4311.153809,4289.358887,4469.871582,4500.128418,4341.922852,4445.641113,0.000000,1.000000,22.000000,,,,0.000000,2.000000,2.000000,0.000000,4.000000,2.000000,2.000000,0.000000,0.000000,4.000000,4.000000,4.000000,4.000000,4.000000,4.000000,0.000000,,,,,,,,,,,,,,,,,,,,,,,,,,,,
1732157931.813098,1732157931.815277,7.000000,0.000000,4294.743652,4277.436035,4316.153809,4310.769043,4278.461426,4278.846191,4336.538574,4399.871582,4315.512695,4292.563965,4471.922852,4492.436035,4345.769043,4447.051270,0.000000,1.000000,22.000000,,,,0.000000,2.000000,2.000000,0.000000,4.000000,2.000000,2.000000,0.000000,0.000000,4.000000,4.000000,4.000000,4.000000,4.000000,4.000000,0.000000,,,,,,,,,,,,,,,,,,,,,,,,,,,,
1732157931.820906,1732157931.823185,8.000000,0.000000,4296.282227,4278.205078,4310.897461,4311.282227,4260.256348,4278.333496,4336.282227,4400.769043,4316.922852,4291.922852,4474.871582,4500.000000,4350.256348,4452.051270,1528.000000,1.000000,22.000000,,,,0.000000,2.000000,2.000000,0.000000,4.000000,2.000000,2.000000,0.000000,0.000000,4.000000,4.000000,4.000000,4.000000,4.000000,4.000000,0.000000,,,,,,,,,,,,,,,,,2.000000,0.000000,0.502458,0.455750,-0.565674,0.468872,0.978635,-0.074716,-0.053229,-36.322067,44.534245,31.567066
1732157931.828714,1732157931.830993,9.000000,0.000000,4297.307617,4277.563965,4312.692383,4311.538574,4256.666504,4279.487305,4336.282227,4400.384766,4313.717773,4292.436035,4476.025879,4508.333496,4351.666504,4456.025879,1686.000000,1.000000,22.000000,,,,0.000000,2.000000,2.000000,0.000000,4.000000,2.000000,2.000000,0.000000,0.000000,4.000000,4.000000,4.000000,4.000000,4.000000,4.000000,0.000000,,,,,,,,,,,,,,,,,,,,,,,,,,,,
1732157931.836522,1732157931.839001,10.000000,0.000000,4297.563965,4271.666504,4318.077148,4311.410156,4264.871582,4281.794922,4336.410156,4399.743652,4311.666504,4288.461426,4476.153809,4506.153809,4351.153809,4456.922852,1544.000000,1.000000,22.000000,,,,0.000000,2.000000,2.000000,0.000000,4.000000,2.000000,2.000000,0.000000,0.000000,4.000000,4.000000,4.000000,4.000000,4.000000,4.000000,0.000000,,,,,,,,,,,,,,,,,,,,,,,,,,,,
1732157931.844331,1732157931.846809,11.000000,0.000000,4298.077148,4267.051270,4315.256348,4309.230957,4280.384766,4279.871582,4336.538574,4400.256348,4313.974121,4282.436035,4474.487305,4505.128418,4350.512695,4456.153809,1566.000000,1.000000,22.000000,,,,0.000000,2.000000,2.000000,0.000000,4.000000,2.000000,2.000000,0.000000,0.000000,4.000000,4.000000,4.000000,4.000000,4.000000,4.000000,0.000000,,,,,,,,,,,,,,,,,,,,,,,,,,,,
1732157931.852139,1732157931.854518,12.000000,0.000000,4296.922852,4267.307617,4312.436035,4308.846191,4281.922852,4278.717773,4336.666504,4400.512695,4315.641113,4281.922852,4472.692383,4506.666504,4348.589844,4456.922852,1701.000000,1.000000,22.000000,,,,0.000000,2.000000,2.000000,0.000000,4.000000,2.000000,2.000000,0.000000,0.000000,4.000000,4.000000,4.000000,4.000000,4.000000,4.000000,0.000000,,,,,,,,,,,,,,,,,3.000000,0.000000,0.502401,0.455750,-0.565674,0.468933,0.971310,-0.071786,-0.058113,-36.299210,44.747738,31.567656
1732157931.859947,1732157931.862326,13.000000,0.000000,4297.563965,4270.128418,4317.179688,4314.230957,4264.102539,4284.230957,4335.897461,4399.743652,4313.077148,4284.102539,4474.743652,4507.692383,4348.205078,4459.743652,1608.000000,1.000000,22.000000,,,,0.000000,2.000000,2.000000,0.000000,4.000000,2.000000,2.000000,0.000000,0.000000,4.000000,4.000000,4.000000,4.000000,4.000000,4.000000,0.000000,,,,,,,,,,,,,,,,,,,,,,,,,,,,
1732157931.867756,1732157931.870334,14.000000,0.000000,4301.282227,4274.358887,4317.820313,4316.282227,4260.000000,4286.282227,4335.000000,4400.641113,4310.769043,4286.410156,4478.974121,4510.256348,4350.384766,4461.410156,1544.000000,1.000000,22.000000,,,,0.000000,2.000000,2.000000,0.000000,4.000000,2.000000,2.000000,0.000000,0.000000,4.000000,4.000000,4.000000,4.000000,4.000000,4.000000,0.000000,1.000000,0.000000,2.000000,2.000000,0.000000,1.000000,1.000000,0.000000,0.000000,0.000000,4.000000,3.000000,4.000000,4.000000,1.000000,4.000000,,,,,,,,,,,,
1732157931.875564,1732157931.878142,15.000000,0.000000,4301.153809,4276.410156,4313.205078,4313.461426,4271.410156,4281.794922,4335.769043,4401.794922,4312.692383,4290.897461,4478.077148,4512.179688,4348.333496,4461.794922,1566.000000,1.000000,22.000000,,,,0.000000,2.000000,2.000000,0.000000,4.000000,2.000000,2.000000,0.000000,0.000000,4.000000,4.000000,4.000000,4.000000,4.000000,4.000000,0.000000,,,,,,,,,,,,,,,,,,,,,,,,,,,,
1732157931.883372,1732157931.886050,16.000000,0.000000,4297.051270,4271.153809,4312.563965,4310.512695,4272.692383,4279.743652,4336.538574,4401.153809,4314.487305,4290.512695,4474.743652,4509.230957,4342.563965,4459.102539,0.000000,1.000000,22.000000,,,,0.000000,2.000000,2.000000,0.000000,4.000000,2.000000,2.000000,0.000000,0.000000,4.000000,4.000000,4.000000,4.000000,4.000000,4.000000,0.000000,,,,,,,,,,,,,,,,,4.000000,0.000000,0.502401,0.455750,-0.565674,0.468933,0.967892,-0.077646,-0.054206,-36.310692,44.755669,31.508135
1732157931.891180,1732157931.893858,17.000000,0.000000,4296.794922,4266.410156,4314.743652,4306.410156,4278.846191,4281.025879,4335.897461,4400.897461,4310.384766,4279.358887,4473.974121,4508.974121,4340.384766,4452.692383,0.000000,1.000000,22.000000,,,,0.000000,2.000000,2.000000,0.000000,4.000000,2.000000,2.000000,0.000000,0.000000,4.000000,4.000000,4.000000,4.000000,4.000000,4.000000,0.000000,,,,,,,,,,,,,,,,,,,,,,,,,,,,
1732157931.898989,1732157931.901866,18.000000,0.000000,4297.179688,4263.974121,4312.051270,4305.641113,4282.692383,4280.384766,4335.512695,4399.487305,4310.897461,4281.538574,4475.512695,4509.358887,4342.948730,4449.230957,0.000000,1.000000,22.000000,,,,0.000000,2.000000,2.000000,0.000000,4.000000,2.000000,2.000000,0.000000,0.000000,4.000000,4.000000,4.000000,4.000000,4.000000,4.000000,0.000000,,,,,,,,,,,,,,,,,,,,,,,,,,,,
1732157931.906797,1732157931.909675,19.000000,0.000000,4295.384766,4267.563965,4310.000000,4309.871582,4263.333496,4283.077148,4336.410156,4398.846191,4319.102539,4295.641113,4476.666504,4506.666504,4345.000000,4449.743652,0.000000,1.000000,22.000000,,,,0.000000,2.000000,2.000000,0.000000,4.000000,2.000000,2.000000,0.000000,0.000000,4.000000,4.000000,4.000000,4.000000,4.000000,4.000000,0.000000,,,,,,,,,,,,,,,,,,,,,,,,,,,,
1732157931.914605,1732157931.917383,20.000000,0.000000,4296.025879,4275.769043,4313.461426,4312.307617,4255.512695,4286.922852,4337.051270,4399.743652,4319.615234,4290.000000,4475.256348,4505.641113,4343.205078,4447.179688,0.000000,1.000000,22.000000,,,,0.000000,2.000000,2.000000,0.000000,4.000000,2.000000,2.000000,0.000000,0.000000,4.000000,4.000000,4.000000,4.000000,4.000000,4.000000,0.000000,,,,,,,,,,,,,,,,,5.000000,0.000000,0.502289,0.455811,-0.565674,0.468994,0.969357,-0.084483,-0.052252,-36.163326,44.610424,31.366589
1732157931.922413,1732157931.925191,21.000000,0.000000,4296.794922,4273.333496,4318.077148,4311.025879,4272.307617,4284.615234,4336.794922,4399.102539,4312.436035,4279.102539,4474.358887,4507.051270,4340.384766,4443.589844,0.000000,1.000000,22.000000,,,,0.000000,2.000000,2.000000,0.000000,4.000000,2.000000,2.000000,0.000000,0.000000,4.000000,4.000000,4.000000,4.000000,4.000000,4.000000,0.000000,,,,,,,,,,,,,,,,,,,,,,,,,,,,
1732157931.930221,1732157931.932800,22.000000,0.000000,4294.743652,4265.641113,4316.025879,4310.769043,4279.102539,4282.051270,4335.384766,4398.846191,4314.358887,4285.128418,4475.128418,4507.307617,4342.179688,4445.128418,0.000000,1.000000,22.000000,,,,0.000000,2.000000,2.000000,0.000000,4.000000,2.000000,2.000000,0.000000,0.000000,4.000000,4.000000,4.000000,4.000000,4.000000,4.000000,0.000000,,,,,,,,,,,,,,,,,,,,,,,,,,,,
1732157931.938030,1732157931.940608,23.000000,0.000000,4292.948730,4267.436035,4311.794922,4309.487305,4271.666504,4281.538574,4334.743652,4399.743652,4318.717773,4286.410156,4477.051270,4506.282227,4343.846191,4446.025879,0.000000,1.000000,22.000000,,,,0.000000,2.000000,2.000000,0.000000,4.000000,2.000000,2.000000,0.000000,0.000000,4.000000,4.000000,4.000000,4.000000,4.000000,4.000000,0.000000,,,,,,,,,,,,,,,,,,,,,,,,,,,,
1732157931.945838,1732157931.948316,24.000000,0.000000,4292.692383,4272.436035,4314.102539,4308.461426,4270.000000,4281.922852,4335.897461,4399.871582,4312.948730,4278.846191,4477.307617,4508.589844,4341.025879,4445.512695,0.000000,1.000000,22.000000,,,,0.000000,2.000000,2.000000,0.000000,4.000000,2.000000,2.000000,0.000000,0.000000,4.000000,4.000000,4.000000,4.000000,4.000000,4.000000,0.000000,,,,,,,,,,,,,,,,,6.000000,0.000000,0.502124,0.455994,-0.565369,0.469360,0.977658,-0.071786,-0.049811,-36.007294,44.609444,31.455271
1732157931.953646,1732157931.956124,25.000000,0.000000,4293.205078,4271.025879,4318.589844,4310.769043,4282.436035,4281.153809,4336.794922,4399.871582,4310.769043,4280.897461,4475.641113,4509.871582,4340.769043,4444.102539,0.000000,1.000000,22.000000,,,,0.000000,2.000000,2.000000,0.000000,4.000000,2.000000,2.000000,0.000000,0.000000,4.000000,4.000000,4.000000,4.000000,4.000000,4.000000,0.000000,,,,,,,,,,,,,,,,,,,,,,,,,,,,
1732157931.961455,1732157931.963733,26.000000,0.000000,4294.102539,4272.820313,4318.077148,4312.051270,4292.436035,4280.128418,4336.538574,4400.641113,4313.333496,4282.051270,4474.615234,4507.307617,4343.589844,4443.974121,0.000000,1.000000,22.000000,,,,0.000000,2.000000,2.000000,0.000000,4.000000,2.000000,2.000000,0.000000,0.000000,4.000000,4.000000,4.000000,4.000000,4.000000,4.000000,0.000000,,,,,,,,,,,,,,,,,,,,,,,,,,,,
1732157931.969263,1732157931.971541,27.000000,0.000000,4295.384766,4273.974121,4316.282227,4311.282227,4276.538574,4279.615234,4336.282227,4400.512695,4311.153809,4278.205078,4475.512695,4509.615234,4345.128418,4451.666504,0.000000,1.000000,22.000000,,,,0.000000,2.000000,2.000000,0.000000,4.000000,2.000000,2.000000,0.000000,0.000000,4.000000,4.000000,4.000000,4.000000,4.000000,4.000000,0.000000,,,,,,,,,,,,,,,,,,,,,,,,,,,,
1732157931.977071,1732157931.979249,28.000000,0.000000,4296.794922,4267.179688,4315.128418,4309.743652,4254.615234,4279.358887,4336.282227,4400.000000,4315.000000,4283.846191,4475.897461,4513.333496,4343.205078,4458.205078,0.000000,1.000000,22.000000,,,,0.000000,2.000000,2.000000,0.000000,4.000000,2.000000,2.000000,0.000000,0.000000,4.000000,4.000000,4.000000,4.000000,4.000000,4.000000,0.000000,,,,,,,,,,,,,,,,,7.000000,0.000000,0.502168,0.455933,-0.565430,0.469299,0.976682,-0.063973,-0.055183,-36.072575,44.686981,31.477102
1732157931.984879,1732157931.987057,29.000000,0.000000,4297.179688,4266.538574,4317.051270,4310.128418,4260.256348,4281.922852,4336.538574,4400.384766,4320.641113,4288.589844,4476.153809,4513.846191,4341.025879,4455.512695,0.000000,1.000000,22.000000,,,,0.000000,2.000000,2.000000,0.000000,4.000000,2.000000,2.000000,0.000000,0.000000,4.000000,4.000000,4.000000,4.000000,4.000000,4.000000,0.000000,,,,,,,,,,,,,,,,,,,,,,,,,,,,
1732157931.992688,1732157931.995065,30.000000,0.000000,4294.871582,4272.307617,4317.948730,4311.410156,4278.333496,4283.461426,4336.282227,4400.384766,4314.487305,4283.205078,4475.769043,4511.153809,4341.153809,4450.256348,0.000000,1.000000,22.000000,,,,0.000000,2.000000,2.000000,0.000000,4.000000,2.000000,2.000000,0.000000,0.000000,4.000000,4.000000,4.000000,4.000000,4.000000,4.000000,0.000000,,,,,,,,,,,,,,,,,,,,,,,,,,,,
1732157932.000496,1732157932.002874,31.000000,0.000000,4294.871582,4270.384766,4314.230957,4308.717773,4275.769043,4282.820313,4335.641113,4401.282227,4309.615234,4279.358887,4473.589844,4512.436035,4338.974121,4451.922852,0.000000,1.000000,22.000000,,,,0.000000,2.000000,2.000000,0.000000,4.000000,2.000000,2.000000,0.000000,0.000000,4.000000,4.000000,4.000000,4.000000,4.000000,4.000000,0.000000,,,,,,,,,,,,,,,,,,,,,,,,,,,,
1732157932.008304,1732157932.010582,32.000000,0.000000,4297.307617,4266.538574,4311.922852,4306.794922,4276.282227,4281.025879,4335.512695,4402.692383,4311.025879,4278.205078,4471.794922,4513.974121,4334.102539,4453.461426,0.000000,1.000000,22.000000,,,,0.000000,2.000000,2.000000,0.000000,4.000000,2.000000,2.000000,0.000000,0.000000,4.000000,4.000000,4.000000,4.000000,4.000000,4.000000,0.000000,,,,,,,,,,,,,,,,,8.000000,0.000000,0.502167,0.455872,-0.565430,0.469360,0.975217,-0.071786,-0.046392,-36.027119,44.714790,31.418119
1732157932.016112,1732157932.018390,33.000000,0.000000,4298.461426,4272.563965,4312.563965,4309.615234,4291.922852,4278.974121,4336.153809,4400.384766,4310.000000,4277.563965,4471.794922,4512.436035,4334.743652,4448.333496,0.000000,1.000000,22.000000,,,,0.000000,2.000000,2.000000,0.000000,4.000000,2.000000,2.000000,0.000000,0.000000,4.000000,4.000000,4.000000,4.000000,4.000000,4.000000,0.000000,,,,,,,,,,,,,,,,,,,,,,,,,,,,
1732157932.023920,1732157932.025999,34.000000,0.000000,4296.922852,4279.230957,4312.307617,4311.794922,4282.051270,4282.051270,4335.769043,4398.205078,4311.922852,4280.512695,4473.717773,4509.871582,4341.538574,4443.589844,0.000000,1.000000,22.000000,,,,0.000000,2.000000,2.000000,0.000000,4.000000,2.000000,2.000000,0.000000,0.000000,4.000000,4.000000,4.000000,4.000000,4.000000,4.000000,0.000000,,,,,,,,,,,,,,,,,,,,,,,,,,,,
1732157932.031729,1732157932.033807,35.000000,0.000000,4296.025879,4276.282227,4312.563965,4309.615234,4258.077148,4286.410156,4336.538574,4402.051270,4314.487305,4283.461426,4475.769043,4509.871582,4343.717773,4445.000000,0.000000,1.000000,22.000000,,,,0.000000,2.000000,2.000000,0.000000,4.000000,2.000000,2.000000,0.000000,0.000000,4.000000,4.000000,4.000000,4.000000,4.000000,4.000000,0.000000,,,,,,,,,,,,,,,,,,,,,,,,,,,,
1732157932.039537,1732157932.041715,36.000000,0.000000,4293.589844,4271.538574,4316.282227,4310.384766,4261.153809,4283.717773,4338.461426,4405.128418,4310.512695,4281.153809,4475.256348,4513.589844,4341.025879,4446.922852,0.000000,1.000000,22.000000,,,,0.000000,2.000000,2.000000,0.000000,4.000000,2.000000,2.000000,0.000000,0.000000,4.000000,4.000000,4.000000,4.000000,4.000000,4.000000,0.000000,,,,,,,,,,,,,,,,,9.000000,0.000000,0.502077,0.455933,-0.565308,0.469543,0.979123,-0.076181,-0.046881,-35.830299,44.797314,31.385344
1732157932.047345,1732157932.049523,37.000000,0.000000,4286.666504,4272.179688,4315.769043,4309.230957,4276.153809,4279.615234,4337.436035,4401.025879,4312.820313,4281.153809,4474.871582,4510.384766,4342.179688,4445.641113,0.000000,1.000000,22.000000,,,,0.000000,2.000000,2.000000,0.000000,4.000000,2.000000,2.000000,0.000000,0.000000,4.000000,4.000000,4.000000,4.000000,4.000000,4.000000,0.000000,,,,,,,,,,,,,,,,,,,,,,,,,,,,
1732157932.055153,1732157932.057132,38.000000,0.000000,4281.922852,4271.538574,4311.282227,4303.846191,4268.461426,4281.794922,4334.743652,4398.589844,4319.102539,4284.487305,4475.897461,4504.615234,4343.461426,4445.256348,0.000000,1.000000,22.000000,,,,0.000000,2.000000,2.000000,0.000000,4.000000,2.000000,2.000000,0.000000,0.000000,4.000000,4.000000,4.000000,4.000000,4.000000,4.000000,0.000000,,,,,,,,,,,,,,,,,,,,,,,,,,,,
1732157932.062962,1732157932.064940,39.000000,0.000000,4281.282227,4267.692383,4310.384766,4302.051270,4272.436035,4282.948730,4334.871582,4400.128418,4315.384766,4283.333496,4473.333496,4504.615234,4339.743652,4438.717773,0.000000,1.000000,22.000000,,,,0.000000,2.000000,2.000000,0.000000,4.000000,2.000000,2.000000,0.000000,0.000000,4.000000,4.000000,4.000000,4.000000,4.000000,4.000000,0.000000,,,,,,,,,,,,,,,,,,,,,,,,,,,,
1732157932.070770,1732157932.072648,40.000000,0.000000,4283.589844,4265.769043,4311.922852,4304.487305,4297.051270,4281.538574,4335.384766,4400.512695,4309.358887,4280.000000,4469.871582,4505.641113,4338.077148,4430.897461,0.000000,1.000000,22.000000,,,,0.000000,2.000000,2.000000,0.000000,4.000000,2.000000,2.000000,0.000000,0.000000,4.000000,4.000000,4.000000,4.000000,4.000000,4.000000,0.000000,,,,,,,,,,,,,,,,,10.000000,0.000000,0.501946,0.456116,-0.565125,0.469727,0.973263,-0.079600,-0.052741,-35.707542,44.787491,31.360462
1732157932.078578,1732157932.080456,41.000000,0.000000,4288.589844,4269.487305,4310.897461,4303.846191,4287.436035,4282.563965,4334.871582,4400.512695,4311.153809,4280.641113,4472.051270,4509.358887,4341.410156,4434.487305,0.000000,1.000000,22.000000,,,,0.000000,2.000000,2.000000,0.000000,4.000000,2.000000,2.000000,0.000000,0.000000,4.000000,4.000000,4.000000,4.000000,4.000000,4.000000,0.000000,,,,,,,,,,,,,,,,,,,,,,,,,,,,
1732157932.086387,1732157932.088065,42.000000,0.000000,4293.974121,4272.563965,4310.384766,4302.436035,4256.538574,4282.179688,4335.000000,4399.230957,4313.205078,4281.794922,4474.615234,4517.563965,4344.230957,4442.051270,0.000000,1.000000,22.000000,,,,0.000000,2.000000,2.000000,0.000000,4.000000,2.000000,2.000000,0.000000,0.000000,4.000000,4.000000,4.000000,4.000000,4.000000,4.000000,0.000000,,,,,,,,,,,,,,,,,,,,,,,,,,,,
1732157932.094195,1732157932.095873,43.000000,0.000000,4295.000000,4271.922852,4312.820313,4303.717773,4266.282227,4279.871582,4334.230957,4396.922852,4313.205078,4278.974121,4473.461426,4518.077148,4344.487305,4441.538574,0.000000,1.000000,22.000000,,,,0.000000,2.000000,2.000000,0.000000,4.000000,2.000000,2.000000,0.000000,0.000000,4.000000,4.000000,4.000000,4.000000,4.000000,4.000000,0.000000,,,,,,,,,,,,,,,,,,,,,,,,,,,,
1732157932.102003,1732157932.103781,44.000000,0.000000,4291.153809,4270.384766,4314.102539,4304.487305,4287.436035,4280.512695,4335.769043,4400.128418,4312.820313,4276.538574,4471.922852,4507.692383,4339.615234,4434.871582,0.000000,1.000000,22.000000,,,,0.000000,2.000000,2.000000,0.000000,4.000000,2.000000,2.000000,0.000000,0.000000,4.000000,4.000000,4.000000,4.000000,4.000000,4.000000,0.000000,,,,,,,,,,,,,,,,,11.000000,0.000000,0.501789,0.456238,-0.565063,0.469849,0.976193,-0.074228,-0.057624,-35.604778,44.827866,31.133640
1732157932.109811,1732157932.111589,45.000000,0.000000,4288.974121,4265.769043,4311.794922,4304.230957,4269.230957,4285.641113,4340.256348,4403.333496,4312.563965,4278.846191,4471.282227,4503.589844,4332.692383,4429.487305,0.000000,1.000000,22.000000,,,,0.000000,2.000000,2.000000,0.000000,4.000000,2.000000,2.000000,0.000000,0.000000,4.000000,4.000000,4.000000,4.000000,4.000000,4.000000,0.000000,,,,,,,,,,,,,,,,,,,,,,,,,,,,
1732157932.117619,1732157932.119597,46.000000,0.000000,4287.051270,4265.000000,4312.563965,4302.563965,4257.307617,4288.461426,4340.769043,4401.410156,4316.538574,4281.538574,4472.307617,4505.641113,4336.153809,4429.230957,0.000000,1.000000,22.000000,,,,0.000000,2.000000,2.000000,0.000000,4.000000,2.000000,2.000000,0.000000,0.000000,4.000000,4.000000,4.000000,4.000000,4.000000,4.000000,0.000000,,,,,,,,,,,,,,,,,,,,,,,,,,,,
1732157932.125428,1732157932.127405,47.000000,0.000000,4286.666504,4271.153809,4313.589844,4303.205078,4269.743652,4283.205078,4337.820313,4400.512695,4319.871582,4280.897461,4474.358887,4503.846191,4345.000000,4432.307617,0.000000,1.000000,22.000000,,,,0.000000,2.000000,2.000000,0.000000,4.000000,2.000000,2.000000,0.000000,0.000000,4.000000,4.000000,4.000000,4.000000,4.000000,4.000000,0.000000,,,,,,,,,,,,,,,,,,,,,,,,,,,,
1732157932.133236,1732157932.135314,48.000000,0.000000,4290.000000,4276.410156,4310.897461,4307.692383,4272.820313,4279.615234,4336.282227,4400.512695,4312.820313,4279.487305,4476.153809,4502.563965,4345.641113,4432.436035,0.000000,1.000000,22.000000,,,,0.000000,2.000000,2.000000,0.000000,4.000000,2.000000,2.000000,0.000000,0.000000,4.000000,4.000000,4.000000,4.000000,4.000000,4.000000,0.000000,,,,,,,,,,,,,,,,,12.000000,0.000000,0.501833,0.456177,-0.565125,0.469788,0.977658,-0.071298,-0.051764,-35.536537,44.653904,31.639915
1732157932.141044,1732157932.143122,49.000000,0.000000,4292.307617,4274.615234,4312.436035,4306.538574,4282.948730,4280.897461,4336.282227,4400.384766,4305.897461,4281.282227,4476.025879,4506.025879,4345.128418,4430.512695,0.000000,1.000000,22.000000,,,,0.000000,2.000000,2.000000,0.000000,4.000000,2.000000,2.000000,0.000000,0.000000,4.000000,4.000000,4.000000,4.000000,4.000000,4.000000,0.000000,,,,,,,,,,,,,,,,,,,,,,,,,,,,
1732157932.148852,1732157932.151130,50.000000,0.000000,4291.282227,4275.641113,4315.384766,4305.128418,4290.384766,4281.666504,4335.769043,4402.051270,4312.179688,4281.666504,4473.846191,4506.794922,4346.538574,4429.615234,0.000000,1.000000,22.000000,,,,0.000000,2.000000,2.000000,0.000000,4.000000,2.000000,2.000000,0.000000,0.000000,4.000000,4.000000,4.000000,4.000000,4.000000,4.000000,0.000000,,,,,,,,,,,,,,,,,,,,,,,,,,,,
1732157932.156661,1732157932.158938,51.000000,0.000000,4293.461426,4279.358887,4313.205078,4310.641113,4271.282227,4281.794922,4335.256348,4400.512695,4319.487305,4281.538574,4473.205078,4506.282227,4341.538574,4428.846191,0.000000,1.000000,22.000000,,,,0.000000,2.000000,2.000000,0.000000,4.000000,2.000000,2.000000,0.000000,0.000000,4.000000,4.000000,4.000000,4.000000,4.000000,4.000000,0.000000,,,,,,,,,,,,,,,,,,,,,,,,,,,,
1732157932.164469,1732157932.166646,52.000000,0.000000,4297.051270,4278.205078,4311.153809,4314.487305,4261.410156,4282.563965,4334.743652,4398.333496,4313.333496,4284.102539,4473.717773,4508.077148,4337.563965,4431.282227,0.000000,1.000000,22.000000,,,,0.000000,2.000000,2.000000,0.000000,4.000000,2.000000,2.000000,0.000000,0.000000,4.000000,4.000000,4.000000,4.000000,4.000000,4.000000,0.000000,,,,,,,,,,,,,,,,,13.000000,0.000000,0.501962,0.455872,-0.565308,0.469727,0.970822,-0.079600,-0.045416,-35.614594,44.629662,31.599998
1732157932.172277,1732157932.174454,53.000000,0.000000,4295.000000,4277.820313,4314.102539,4311.153809,4272.179688,4281.410156,4334.743652,4401.282227,4309.358887,4285.256348,4475.256348,4510.256348,4342.820313,4435.769043,0.000000,1.000000,22.000000,,,,0.000000,2.000000,2.000000,0.000000,4.000000,2.000000,2.000000,0.000000,0.000000,4.000000,4.000000,4.000000,4.000000,4.000000,4.000000,0.000000,,,,,,,,,,,,,,,,,,,,,,,,,,,,
1732157932.180086,1732157932.182063,54.000000,0.000000,4289.230957,4275.384766,4314.102539,4307.436035,4273.589844,4280.897461,4335.000000,4403.461426,4315.897461,4283.077148,4475.384766,4509.615234,4343.589844,4433.461426,0.000000,1.000000,22.000000,,,,0.000000,2.000000,2.000000,0.000000,4.000000,2.000000,2.000000,0.000000,0.000000,4.000000,4.000000,4.000000,4.000000,4.000000,4.000000,0.000000,,,,,,,,,,,,,,,,,,,,,,,,,,,,
1732157932.187894,1732157932.189871,55.000000,0.000000,4282.820313,4268.333496,4312.820313,4301.410156,4280.000000,4281.922852,4334.871582,4401.410156,4316.922852,4281.282227,4472.436035,4506.025879,4335.384766,4427.051270,0.000000,1.000000,22.000000,,,,0.000000,2.000000,2.000000,0.000000,4.000000,2.000000,2.000000,0.000000,0.000000,4.000000,4.000000,4.000000,4.000000,4.000000,4.000000,0.000000,,,,,,,,,,,,,,,,,,,,,,,,,,,,
1732157932.195702,1732157932.197779,56.000000,0.000000,4282.051270,4267.307617,4313.589844,4297.948730,4286.794922,4281.282227,4335.000000,4401.794922,4311.153809,4281.794922,4471.794922,4506.153809,4335.512695,4427.820313,0.000000,1.000000,22.000000,,,,0.000000,2.000000,2.000000,0.000000,4.000000,2.000000,2.000000,0.000000,0.000000,4.000000,4.000000,4.000000,4.000000,4.000000,4.000000,0.000000,,,,,,,,,,,,,,,,,14.000000,0.000000,0.501862,0.455994,-0.565247,0.469788,0.975217,-0.067879,-0.048346,-35.807819,44.816692,31.569332
1732157932.203510,1732157932.205587,57.000000,0.000000,4290.897461,4270.897461,4313.205078,4301.666504,4270.641113,4281.025879,4335.000000,4402.692383,4310.384766,4282.820313,4476.922852,4513.846191,4343.205078,4431.794922,0.000000,1.000000,22.000000,,,,0.000000,2.000000,2.000000,0.000000,4.000000,2.000000,2.000000,0.000000,0.000000,4.000000,4.000000,4.000000,4.000000,4.000000,4.000000,0.000000,,,,,,,,,,,,,,,,,,,,,,,,,,,,
1732157932.211318,1732157932.213595,58.000000,0.000000,4295.384766,4274.102539,4312.692383,4303.589844,4257.051270,4281.794922,4335.000000,4401.153809,4314.102539,4282.820313,4479.230957,4517.179688,4345.512695,4431.025879,0.000000,1.000000,22.000000,,,,0.000000,2.000000,2.000000,0.000000,4.000000,2.000000,2.000000,0.000000,0.000000,4.000000,4.000000,4.000000,4.000000,4.000000,4.000000,0.000000,,,,,,,,,,,,,,,,,,,,,,,,,,,,
1732157932.219127,1732157932.221404,59.000000,0.000000,4291.666504,4274.615234,4314.358887,4303.077148,4262.563965,4282.436035,4335.000000,4400.512695,4311.410156,4280.897461,4474.358887,4510.256348,4340.256348,4428.333496,0.000000,1.000000,22.000000,,,,0.000000,2.000000,2.000000,0.000000,4.000000,2.000000,2.000000,0.000000,0.000000,4.000000,4.000000,4.000000,4.000000,4.000000,4.000000,0.000000,,,,,,,,,,,,,,,,,,,,,,,,,,,,
1732157932.226935,1732157932.229312,60.000000,0.000000,4291.666504,4275.897461,4313.461426,4305.641113,4278.077148,4280.769043,4335.000000,4399.487305,4299.615234,4277.307617,4472.692383,4503.717773,4336.410156,4428.974121,0.000000,1.000000,22.000000,,,,0.000000,2.000000,2.000000,0.000000,4.000000,2.000000,2.000000,0.000000,0.000000,4.000000,4.000000,4.000000,4.000000,4.000000,4.000000,0.000000,,,,,,,,,,,,,,,,,15.000000,0.000000,0.502061,0.455750,-0.565369,0.469666,0.985960,-0.080088,-0.055183,-35.844334,45.009857,31.524492
1732157932.234743,1732157932.237120,61.000000,0.000000,4295.384766,4279.102539,4312.051270,4303.974121,4289.102539,4279.230957,4335.000000,4399.358887,4295.128418,4275.641113,4476.025879,4510.128418,4341.153809,4431.410156,0.000000,1.000000,22.000000,,,,0.000000,2.000000,2.000000,0.000000,4.000000,2.000000,2.000000,0.000000,0.000000,4.000000,4.000000,4.000000,4.000000,4.000000,4.000000,0.000000,,,,,,,,,,,,,,,,,,,,,,,,,,,,
1732157932.242551,1732157932.245128,62.000000,0.000000,4294.615234,4280.000000,4314.102539,4301.410156,4275.000000,4280.384766,4335.000000,4401.410156,4305.512695,4278.846191,4476.794922,4518.589844,4343.333496,4432.692383,0.000000,1.000000,22.000000,,,,0.000000,2.000000,2.000000,0.000000,4.000000,2.000000,2.000000,0.000000,0.000000,4.000000,4.000000,4.000000,4.000000,4.000000,4.000000,0.000000,,,,,,,,,,,,,,,,,,,,,,,,,,,,
1732157932.250360,1732157932.252936,63.000000,0.000000,4291.794922,4277.692383,4314.487305,4302.436035,4257.948730,4280.769043,4335.000000,4401.922852,4312.692383,4281.153809,4473.717773,4513.461426,4333.974121,4430.128418,0.000000,1.000000,22.000000,,,,0.000000,2.000000,2.000000,0.000000,4.000000,2.000000,2.000000,0.000000,0.000000,4.000000,4.000000,4.000000,4.000000,4.000000,4.000000,0.000000,,,,,,,,,,,,,,,,,,,,,,,,,,,,
1732157932.258168,1732157932.260844,64.000000,0.000000,4291.025879,4277.436035,4313.717773,4301.282227,4265.897461,4280.769043,4335.000000,4401.282227,4309.230957,4279.871582,4472.436035,4504.358887,4333.205078,4426.794922,0.000000,1.000000,22.000000,,,,0.000000,2.000000,2.000000,0.000000,4.000000,2.000000,2.000000,0.000000,0.000000,4.000000,4.000000,4.000000,4.000000,4.000000,4.000000,0.000000,,,,,,,,,,,,,,,,,16.000000,0.000000,0.502214,0.455139,-0.565674,0.469727,0.976193,-0.078623,-0.052252,-36.073910,45.019650,31.799839
1732157932.265976,1732157932.268652,65.000000,0.000000,4292.820313,4279.615234,4314.358887,4301.410156,4274.743652,4282.051270,4334.871582,4401.025879,4308.333496,4280.512695,4475.256348,4508.846191,4342.051270,4428.974121,1598.000000,1.000000,22.000000,,,,0.000000,2.000000,2.000000,0.000000,4.000000,2.000000,2.000000,0.000000,0.000000,4.000000,4.000000,4.000000,4.000000,4.000000,4.000000,0.000000,,,,,,,,,,,,,,,,,,,,,,,,,,,,
1732157932.273785,1732157932.276660,66.000000,0.000000,4293.846191,4274.230957,4313.205078,4300.769043,4283.205078,4281.538574,4334.615234,4401.282227,4309.615234,4281.282227,4476.410156,4513.974121,4339.487305,4433.205078,1366.000000,1.000000,22.000000,,,,0.000000,2.000000,2.000000,0.000000,4.000000,2.000000,2.000000,0.000000,0.000000,4.000000,4.000000,4.000000,4.000000,4.000000,4.000000,0.000000,,,,,,,,,,,,,,,,,,,,,,,,,,,,
1732157932.281593,1732157932.284469,67.000000,0.000000,4294.230957,4273.205078,4312.436035,4295.256348,4292.307617,4280.384766,4335.512695,4401.025879,4310.384766,4279.743652,4475.384766,4511.794922,4336.025879,4432.051270,1422.000000,1.000000,22.000000,,,,0.000000,2.000000,2.000000,0.000000,4.000000,2.000000,2.000000,0.000000,0.000000,4.000000,4.000000,4.000000,4.000000,4.000000,4.000000,0.000000,,,,,,,,,,,,,,,,,,,,,,,,,,,,
1732157932.289401,1732157932.292177,68.000000,0.000000,4295.897461,4279.230957,4315.769043,4298.333496,4274.487305,4285.128418,4334.871582,4399.487305,4311.153809,4281.282227,4475.897461,4512.820313,4343.333496,4429.230957,1424.000000,1.000000,22.000000,,,,0.000000,2.000000,2.000000,0.000000,4.000000,2.000000,2.000000,0.000000,0.000000,4.000000,4.000000,4.000000,4.000000,4.000000,4.000000,0.000000,,,,,,,,,,,,,,,,,17.000000,0.000000,0.502200,0.455078,-0.565735,0.469727,0.978147,-0.081065,-0.053717,-36.009869,44.827583,31.872869
1732157932.297209,1732157932.299985,69.000000,0.000000,4296.794922,4279.487305,4314.358887,4307.179688,4262.563965,4291.153809,4333.974121,4397.179688,4303.974121,4283.077148,4478.333496,4514.871582,4347.820313,4430.512695,1212.000000,1.000000,22.000000,,,,0.000000,2.000000,2.000000,0.000000,4.000000,2.000000,2.000000,0.000000,0.000000,4.000000,4.000000,4.000000,4.000000,4.000000,4.000000,0.000000,,,,,,,,,,,,,,,,,,,,,,,,,,,,
1732157932.305017,1732157932.307594,70.000000,0.000000,4296.794922,4280.128418,4311.922852,4304.487305,4278.717773,4292.563965,4337.692383,4398.077148,4298.846191,4280.641113,4479.102539,4516.538574,4344.743652,4432.051270,0.000000,1.000000,22.000000,,,,0.000000,2.000000,2.000000,0.000000,4.000000,2.000000,2.000000,0.000000,0.000000,4.000000,4.000000,4.000000,4.000000,4.000000,4.000000,0.000000,,,,,,,,,,,,,,,,,,,,,,,,,,,,
1732157932.312826,1732157932.315402,71.000000,0.000000,4297.436035,4280.769043,4314.615234,4301.794922,4279.487305,4292.436035,4339.230957,4400.512695,4303.974121,4280.384766,4478.205078,4516.538574,4343.205078,4430.512695,0.000000,1.000000,22.000000,,,,0.000000,2.000000,2.000000,0.000000,4.000000,2.000000,2.000000,0.000000,0.000000,4.000000,4.000000,4.000000,4.000000,4.000000,4.000000,0.000000,,,,,,,,,,,,,,,,,,,,,,,,,,,,
1732157932.320634,1732157932.323110,72.000000,0.000000,4296.666504,4273.205078,4314.487305,4304.102539,4281.538574,4287.436035,4335.000000,4398.333496,4303.461426,4282.051270,4476.538574,4508.205078,4342.563965,4428.333496,1528.000000,1.000000,22.000000,,,,0.000000,2.000000,2.000000,0.000000,4.000000,2.000000,2.000000,0.000000,0.000000,4.000000,4.000000,4.000000,4.000000,4.000000,4.000000,0.000000,,,,,,,,,,,,,,,,,18.000000,0.000000,0.502099,0.455139,-0.565674,0.469849,0.969845,-0.071298,-0.061043,-35.754662,44.860344,31.707024
1732157932.328442,1732157932.330918,73.000000,0.000000,4292.179688,4268.589844,4310.769043,4296.794922,4295.641113,4278.205078,4333.461426,4396.666504,4300.000000,4281.153809,4473.717773,4502.692383,4342.692383,4427.307617,1686.000000,1.000000,22.000000,,,,0.000000,2.000000,2.000000,0.000000,4.000000,2.000000,2.000000,0.000000,0.000000,4.000000,4.000000,4.000000,4.000000,4.000000,4.000000,0.000000,,,,,,,,,,,,,,,,,,,,,,,,,,,,
1732157932.336250,1732157932.338527,74.000000,0.000000,4292.307617,4274.102539,4311.538574,4293.846191,4279.358887,4279.102539,4335.128418,4399.487305,4308.717773,4281.922852,4472.563965,4507.563965,4342.820313,4426.666504,1544.000000,1.000000,22.000000,,,,0.000000,2.000000,2.000000,0.000000,4.000000,2.000000,2.000000,0.000000,0.000000,4.000000,4.000000,4.000000,4.000000,4.000000,4.000000,0.000000,,,,,,,,,,,,,,,,,,,,,,,,,,,,
1732157932.344059,1732157932.346335,75.000000,0.000000,4297.820313,4277.436035,4314.358887,4302.307617,4262.179688,4287.436035,4333.974121,4399.487305,4312.948730,4282.563965,4475.128418,4508.846191,4341.538574,4425.512695,1566.000000,1.000000,22.000000,,,,0.000000,2.000000,2.000000,0.000000,4.000000,2.000000,2.000000,0.000000,0.000000,4.000000,4.000000,4.000000,4.000000,4.000000,4.000000,0.000000,,,,,,,,,,,,,,,,,,,,,,,,,,,,
1732157932.351867,1732157932.354043,76.000000,0.000000,4297.820313,4276.666504,4312.820313,4301.282227,4274.102539,4290.384766,4333.461426,4398.461426,4304.743652,4281.410156,4476.538574,4506.153809,4343.333496,4425.769043,1701.000000,1.000000,22.000000,,,,0.000000,2.000000,2.000000,0.000000,4.000000,2.000000,2.000000,0.000000,0.000000,4.000000,4.000000,4.000000,4.000000,4.000000,4.000000,0.000000,,,,,,,,,,,,,,,,,19.000000,0.000000,0.502299,0.454956,-0.565796,0.469666,0.976193,-0.076181,-0.066414,-35.547943,44.886879,31.731024
1732157932.359675,1732157932.361852,77.000000,0.000000,4294.615234,4278.589844,4311.025879,4295.384766,4282.179688,4290.000000,4335.256348,4400.769043,4304.487305,4280.384766,4474.743652,4510.000000,4342.948730,4427.692383,1606.000000,1.000000,22.000000,,,,0.000000,2.000000,2.000000,0.000000,4.000000,2.000000,2.000000,0.000000,0.000000,4.000000,4.000000,4.000000,4.000000,4.000000,4.000000,0.000000,,,,,,,,,,,,,,,,,,,,,,,,,,,,
1732157932.367484,1732157932.369460,78.000000,0.000000,4294.743652,4277.051270,4315.512695,4296.666504,4289.615234,4285.897461,4334.871582,4401.922852,4311.025879,4281.666504,4474.743652,4515.641113,4339.358887,4427.051270,1544.000000,1.000000,22.000000,,,,0.000000,2.000000,2.000000,0.000000,4.000000,2.000000,2.000000,0.000000,0.000000,4.000000,4.000000,4.000000,4.000000,4.000000,4.000000,0.000000,1.000000,0.000000,2.000000,2.000000,0.000000,1.000000,1.000000,0.000000,0.000000,0.000000,4.000000,3.000000,1.000000,4.000000,1.000000,4.000000,,,,,,,,,,,,
1732157932.375292,1732157932.377268,79.000000,0.000000,4296.538574,4276.282227,4319.102539,4295.256348,4290.256348,4281.922852,4334.615234,4399.615234,4310.769043,4285.769043,4480.128418,4519.102539,4342.436035,4433.077148,1566.000000,1.000000,22.000000,,,,0.000000,2.000000,2.000000,0.000000,4.000000,2.000000,2.000000,0.000000,0.000000,4.000000,4.000000,4.000000,4.000000,4.000000,4.000000,0.000000,,,,,,,,,,,,,,,,,,,,,,,,,,,,
1732157932.383100,1732157932.384976,80.000000,0.000000,4296.538574,4276.153809,4316.410156,4293.077148,4268.205078,4284.102539,4335.000000,4399.487305,4310.000000,4288.461426,4481.794922,4518.974121,4349.615234,4443.461426,1701.000000,1.000000,22.000000,,,,0.000000,2.000000,2.000000,0.000000,4.000000,2.000000,2.000000,0.000000,0.000000,4.000000,4.000000,4.000000,4.000000,4.000000,4.000000,0.000000,,,,,,,,,,,,,,,,,20.000000,0.000000,0.502284,0.454834,-0.565857,0.469727,0.976682,-0.079600,-0.046392,-35.643833,44.615036,31.957129
1732157932.390908,1732157932.392785,81.000000,0.000000,4295.256348,4270.384766,4312.436035,4294.743652,4260.384766,4284.358887,4334.871582,4401.666504,4314.487305,4290.256348,4481.922852,4520.128418,4349.743652,4439.743652,1606.000000,1.000000,22.000000,,,,0.000000,2.000000,2.000000,0.000000,4.000000,2.000000,2.000000,0.000000,0.000000,4.000000,4.000000,4.000000,4.000000,4.000000,4.000000,0.000000,,,,,,,,,,,,,,,,,,,,,,,,,,,,
1732157932.398716,1732157932.400393,82.000000,0.000000,4295.128418,4271.794922,4313.589844,4296.666504,4274.102539,4280.512695,4334.871582,4401.538574,4313.461426,4292.179688,4488.589844,4523.205078,4348.077148,4430.769043,1544.000000,1.000000,22.000000,,,,0.000000,2.000000,2.000000,0.000000,4.000000,2.000000,2.000000,0.000000,0.000000,4.000000,4.000000,4.000000,4.000000,4.000000,4.000000,0.000000,,,,,,,,,,,,,,,,,,,,,,,,,,,,
1732157932.406525,1732157932.408201,83.000000,0.000000,4296.666504,4278.461426,4316.538574,4295.769043,4287.948730,4281.666504,4334.871582,4400.384766,4303.717773,4287.948730,4487.820313,4517.179688,4350.897461,4432.820313,1566.000000,1.000000,22.000000,,,,0.000000,2.000000,2.000000,0.000000,4.000000,2.000000,2.000000,0.000000,0.000000,4.000000,4.000000,4.000000,4.000000,4.000000,4.000000,0.000000,,,,,,,,,,,,,,,,,,,,,,,,,,,,
1732157932.414333,1732157932.415910,84.000000,0.000000,4297.307617,4279.743652,4315.769043,4293.974121,4296.794922,4282.179688,4334.871582,4399.871582,4299.358887,4278.589844,4477.692383,4508.461426,4348.461426,4432.948730,1701.000000,1.000000,22.000000,,,,0.000000,2.000000,2.000000,0.000000,4.000000,2.000000,2.000000,0.000000,0.000000,4.000000,4.000000,4.000000,4.000000,4.000000,4.000000,0.000000,,,,,,,,,,,,,,,,,21.000000,0.000000,0.502527,0.454590,-0.566040,0.469482,0.981077,-0.066903,-0.059089,-35.788170,44.378181,32.090275
1732157932.422141,1732157932.423718,85.000000,0.000000,4295.128418,4278.205078,4313.205078,4293.333496,4281.538574,4281.538574,4334.871582,4400.512695,4303.846191,4276.794922,4475.769043,4510.128418,4341.794922,4429.102539,1606.000000,1.000000,22.000000,,,,0.000000,2.000000,2.000000,0.000000,4.000000,2.000000,2.000000,0.000000,0.000000,4.000000,4.000000,4.000000,4.000000,4.000000,4.000000,0.000000,,,,,,,,,,,,,,,,,,,,,,,,,,,,
1732157932.429949,1732157932.431326,86.000000,0.000000,4293.461426,4280.256348,4311.666504,4292.436035,4264.102539,4289.871582,4334.871582,4400.641113,4307.436035,4281.666504,4478.717773,4512.948730,4341.410156,4430.641113,1544.000000,1.000000,22.000000,,,,0.000000,2.000000,2.000000,0.000000,4.000000,2.000000,2.000000,0.000000,0.000000,4.000000,4.000000,4.000000,4.000000,4.000000,4.000000,0.000000,,,,,,,,,,,,,,,,,,,,,,,,,,,,
1732157932.437758,1732157932.439134,87.000000,0.000000,4293.333496,4279.743652,4313.717773,4287.051270,4276.282227,4295.769043,4334.871582,4400.128418,4305.641113,4281.282227,4476.410156,4509.743652,4341.794922,4428.974121,1566.000000,1.000000,22.000000,,,,0.000000,2.000000,2.000000,0.000000,4.000000,2.000000,2.000000,0.000000,0.000000,4.000000,4.000000,4.000000,4.000000,4.000000,4.000000,0.000000,,,,,,,,,,,,,,,,,,,,,,,,,,,,
1732157932.445566,1732157932.446843,88.000000,0.000000,4293.205078,4278.461426,4312.692383,4283.589844,4283.589844,4293.205078,4334.871582,4400.512695,4307.051270,4279.871582,4475.256348,4507.820313,4339.487305,4425.512695,1701.000000,1.000000,22.000000,,,,0.000000,2.000000,2.000000,0.000000,4.000000,2.000000,2.000000,0.000000,0.000000,4.000000,4.000000,4.000000,4.000000,4.000000,4.000000,0.000000,,,,,,,,,,,,,,,,,22.000000,0.000000,0.502614,0.454468,-0.566162,0.469360,0.979612,-0.078135,-0.059578,-35.860085,44.306324,32.168121
1732157932.453374,1732157932.454651,89.000000,0.000000,4294.487305,4280.512695,4310.256348,4284.871582,4278.589844,4288.461426,4334.871582,4401.922852,4313.461426,4279.871582,4476.666504,4514.743652,4341.410156,4429.487305,1606.000000,1.000000,22.000000,,,,0.000000,2.000000,2.000000,0.000000,4.000000,2.000000,2.000000,0.000000,0.000000,4.000000,4.000000,4.000000,4.000000,4.000000,4.000000,0.000000,,,,,,,,,,,,,,,,,,,,,,,,,,,,
1732157932.461182,1732157932.462259,90.000000,0.000000,4295.897461,4279.743652,4312.563965,4284.871582,4280.769043,4283.589844,4334.871582,4401.666504,4310.256348,4281.794922,4475.128418,4516.794922,4344.871582,4432.051270,1544.000000,1.000000,22.000000,,,,0.000000,2.000000,2.000000,0.000000,4.000000,2.000000,2.000000,0.000000,0.000000,4.000000,4.000000,4.000000,4.000000,4.000000,4.000000,0.000000,,,,,,,,,,,,,,,,,,,,,,,,,,,,
1732157932.468991,1732157932.470068,91.000000,0.000000,4296.153809,4277.820313,4314.230957,4283.205078,4279.487305,4280.128418,4334.871582,4400.384766,4298.205078,4278.461426,4476.153809,4510.128418,4341.666504,4429.102539,1566.000000,1.000000,22.000000,,,,0.000000,2.000000,2.000000,0.000000,4.000000,2.000000,2.000000,0.000000,0.000000,4.000000,4.000000,4.000000,4.000000,4.000000,4.000000,0.000000,,,,,,,,,,,,,,,,,,,,,,,,,,,,
1732157932.476799,1732157932.477776,92.000000,0.000000,4294.743652,4277.436035,4312.948730,4282.563965,4290.000000,4282.179688,4334.871582,4401.025879,4295.000000,4266.538574,4476.282227,4506.666504,4337.692383,4427.307617,1701.000000,1.000000,22.000000,,,,0.000000,2.000000,2.000000,0.000000,4.000000,2.000000,2.000000,0.000000,0.000000,4.000000,4.000000,4.000000,4.000000,4.000000,4.000000,0.000000,,,,,,,,,,,,,,,,,23.000000,0.000000,0.502669,0.454407,-0.566162,0.469360,0.972775,-0.073739,-0.045416,-35.668335,44.273125,32.119511
1732157932.484607,1732157932.485584,93.000000,0.000000,4294.487305,4278.717773,4312.051270,4284.871582,4298.461426,4285.000000,4334.871582,4402.563965,4306.282227,4266.922852,4474.743652,4509.358887,4340.769043,4428.717773,1606.000000,1.000000,22.000000,,,,0.000000,2.000000,2.000000,0.000000,4.000000,2.000000,2.000000,0.000000,0.000000,4.000000,4.000000,4.000000,4.000000,4.000000,4.000000,0.000000,,,,,,,,,,,,,,,,,,,,,,,,,,,,
1732157932.492415,1732157932.493192,94.000000,0.000000,4296.538574,4281.410156,4312.692383,4288.205078,4276.410156,4283.077148,4334.871582,4401.410156,4312.179688,4278.974121,4477.179688,4508.974121,4344.102539,4429.743652,1544.000000,1.000000,22.000000,,,,0.000000,2.000000,2.000000,0.000000,4.000000,2.000000,2.000000,0.000000,0.000000,4.000000,4.000000,4.000000,4.000000,4.000000,4.000000,0.000000,,,,,,,,,,,,,,,,,,,,,,,,,,,,
1732157932.500224,1732157932.501001,95.000000,0.000000,4297.179688,4283.589844,4312.307617,4286.922852,4259.358887,4281.153809,4334.871582,4400.000000,4306.153809,4280.256348,4477.948730,4508.717773,4343.205078,4431.410156,1566.000000,1.000000,22.000000,,,,0.000000,2.000000,2.000000,0.000000,4.000000,2.000000,2.000000,0.000000,0.000000,4.000000,4.000000,4.000000,4.000000,4.000000,4.000000,0.000000,,,,,,,,,,,,,,,,,,,,,,,,,,,,
1732157932.508032,1732157932.508909,96.000000,0.000000,4296.538574,4282.179688,4311.794922,4282.179688,4271.153809,4281.666504,4334.871582,4400.641113,4304.615234,4275.641113,4477.692383,4511.922852,4341.538574,4432.307617,1701.000000,1.000000,22.000000,,,,0.000000,2.000000,2.000000,0.000000,4.000000,2.000000,2.000000,0.000000,0.000000,4.000000,4.000000,4.000000,4.000000,4.000000,4.000000,0.000000,,,,,,,,,,,,,,,,,24.000000,0.000000,0.502726,0.454407,-0.566162,0.469299,0.982542,-0.056648,-0.059089,-35.806351,44.347897,32.090137
1732157932.515840,1732157932.516717,97.000000,0.000000,4296.538574,4279.230957,4312.820313,4281.153809,4293.589844,4280.897461,4334.871582,4402.051270,4311.922852,4279.230957,4483.589844,4512.051270,4341.538574,4430.641113,1606.000000,1.000000,22.000000,,,,0.000000,2.000000,2.000000,0.000000,4.000000,2.000000,2.000000,0.000000,0.000000,4.000000,4.000000,4.000000,4.000000,4.000000,4.000000,0.000000,,,,,,,,,,,,,,,,,,,,,,,,,,,,
1732157932.523648,1732157932.524725,98.000000,0.000000,4296.282227,4279.230957,4312.179688,4282.820313,4293.974121,4280.000000,4334.871582,4405.128418,4313.333496,4280.512695,4489.487305,4510.641113,4343.077148,4433.461426,1544.000000,1.000000,22.000000,,,,0.000000,2.000000,2.000000,0.000000,4.000000,2.000000,2.000000,0.000000,0.000000,4.000000,4.000000,4.000000,4.000000,4.000000,4.000000,0.000000,,,,,,,,,,,,,,,,,,,,,,,,,,,,
1732157932.531457,1732157932.532533,99.000000,0.000000,4296.922852,4281.410156,4311.666504,4284.487305,4270.128418,4285.769043,4334.871582,4406.538574,4308.077148,4278.717773,4487.563965,4513.846191,4345.769043,4437.179688,1566.000000,1.000000,22.000000,,,,0.000000,2.000000,2.000000,0.000000,4.000000,2.000000,2.000000,0.000000,0.000000,4.000000,4.000000,4.000000,4.000000,4.000000,4.000000,0.000000,,,,,,,,,,,,,,,,,,,,,,,,,,,,
1732157932.539265,1732157932.540441,100.000000,0.000000,4298.846191,4282.563965,4313.846191,4283.974121,4261.153809,4289.358887,4334.871582,4403.461426,4311.282227,4282.051270,4486.538574,4518.717773,4350.000000,4434.743652,1701.000000,1.000000,22.000000,,,,0.000000,2.000000,2.000000,0.000000,4.000000,2.000000,2.000000,0.000000,0.000000,4.000000,4.000000,4.000000,4.000000,4.000000,4.000000,0.000000,,,,,,,,,,,,,,,,,25.000000,0.000000,0.502726,0.454407,-0.566162,0.469299,0.966427,-0.090831,-0.057624,-35.963146,44.408463,32.066345
1732157932.547073,1732157932.548250,101.000000,0.000000,4298.205078,4280.641113,4314.615234,4281.666504,4276.410156,4282.307617,4334.871582,4400.256348,4310.769043,4281.410156,4489.230957,4519.487305,4350.512695,4431.666504,1606.000000,1.000000,22.000000,,,,0.000000,2.000000,2.000000,0.000000,4.000000,2.000000,2.000000,0.000000,0.000000,4.000000,4.000000,4.000000,4.000000,4.000000,4.000000,0.000000,,,,,,,,,,,,,,,,,,,,,,,,,,,,
1732157932.554881,1732157932.556258,102.000000,0.000000,4294.615234,4278.077148,4311.794922,4281.666504,4281.666504,4280.256348,4334.871582,4401.666504,4300.384766,4278.333496,4486.025879,4517.820313,4346.794922,4431.666504,1544.000000,1.000000,22.000000,,,,0.000000,2.000000,2.000000,0.000000,4.000000,2.000000,2.000000,0.000000,0.000000,4.000000,4.000000,4.000000,4.000000,4.000000,4.000000,0.000000,,,,,,,,,,,,,,,,,,,,,,,,,,,,
1732157932.562690,1732157932.564066,103.000000,0.000000,4294.358887,4277.179688,4312.563965,4284.230957,4279.230957,4286.282227,4334.871582,4402.436035,4303.717773,4279.743652,4478.717773,4514.743652,4342.179688,4428.974121,1566.000000,1.000000,22.000000,,,,0.000000,2.000000,2.000000,0.000000,4.000000,2.000000,2.000000,0.000000,0.000000,4.000000,4.000000,4.000000,4.000000,4.000000,4.000000,0.000000,,,,,,,,,,,,,,,,,,,,,,,,,,,,
1732157932.570498,1732157932.571774,104.000000,0.000000,4296.922852,4278.205078,4316.794922,4283.846191,4287.436035,4287.307617,4334.871582,4402.051270,4315.000000,4280.641113,4477.948730,4512.948730,4342.436035,4426.282227,1701.000000,1.000000,22.000000,,,,0.000000,2.000000,2.000000,0.000000,4.000000,2.000000,2.000000,0.000000,0.000000,4.000000,4.000000,4.000000,4.000000,4.000000,4.000000,0.000000,,,,,,,,,,,,,,,,,26.000000,0.000000,0.502952,0.454041,-0.566406,0.469116,0.968868,-0.076670,-0.057136,-35.983482,44.249187,32.055405
1732157932.578306,1732157932.579582,105.000000,0.000000,4297.307617,4280.000000,4315.384766,4281.794922,4285.384766,4286.538574,4334.871582,4401.922852,4311.282227,4278.589844,4485.128418,4512.051270,4347.051270,4427.820313,1606.000000,1.000000,22.000000,,,,0.000000,2.000000,2.000000,0.000000,4.000000,2.000000,2.000000,0.000000,0.000000,4.000000,4.000000,4.000000,4.000000,4.000000,4.000000,0.000000,,,,,,,,,,,,,,,,,,,,,,,,,,,,
1732157932.586114,1732157932.587590,106.000000,0.000000,4295.000000,4278.589844,4315.512695,4279.871582,4288.461426,4285.641113,4334.871582,4402.051270,4304.871582,4278.846191,4486.922852,4511.794922,4346.922852,4426.922852,1544.000000,1.000000,22.000000,,,,0.000000,2.000000,2.000000,0.000000,4.000000,2.000000,2.000000,0.000000,0.000000,4.000000,4.000000,4.000000,4.000000,4.000000,4.000000,0.000000,,,,,,,,,,,,,,,,,,,,,,,,,,,,
1732157932.593923,1732157932.595398,107.000000,0.000000,4293.461426,4277.051270,4317.563965,4279.487305,4299.615234,4280.256348,4334.871582,4403.333496,4309.230957,4279.871582,4482.563965,4511.410156,4345.128418,4426.538574,1566.000000,1.000000,22.000000,,,,0.000000,2.000000,2.000000,0.000000,4.000000,2.000000,2.000000,0.000000,0.000000,4.000000,4.000000,4.000000,4.000000,4.000000,4.000000,0.000000,,,,,,,,,,,,,,,,,,,,,,,,,,,,
1732157932.601731,1732157932.603307,108.000000,0.000000,4293.717773,4279.230957,4314.102539,4280.128418,4282.179688,4277.436035,4334.871582,4404.102539,4308.717773,4281.666504,4484.102539,4513.461426,4345.128418,4426.282227,1701.000000,1.000000,22.000000,,,,0.000000,2.000000,2.000000,0.000000,4.000000,2.000000,2.000000,0.000000,0.000000,4.000000,4.000000,4.000000,4.000000,4.000000,4.000000,0.000000,,,,,,,,,,,,,,,,,27.000000,0.000000,0.503037,0.453857,-0.566528,0.469055,0.978147,-0.079600,-0.057624,-36.123287,44.191841,31.976545
1732157932.609539,1732157932.611115,109.000000,0.000000,4293.717773,4280.897461,4311.153809,4280.512695,4256.282227,4281.410156,4334.871582,4402.436035,4309.743652,4287.820313,4490.769043,4516.666504,4347.692383,4421.922852,1606.000000,1.000000,22.000000,,,,0.000000,2.000000,2.000000,0.000000,4.000000,2.000000,2.000000,0.000000,0.000000,4.000000,4.000000,4.000000,4.000000,4.000000,4.000000,0.000000,,,,,,,,,,,,,,,,,,,,,,,,,,,,
1732157932.617347,1732157932.619123,110.000000,0.000000,4292.820313,4279.743652,4311.794922,4280.384766,4268.205078,4282.563965,4334.871582,4399.871582,4312.563965,4287.179688,4488.205078,4510.897461,4347.692383,4417.692383,1544.000000,1.000000,22.000000,,,,0.000000,2.000000,2.000000,0.000000,4.000000,2.000000,2.000000,0.000000,0.000000,4.000000,4.000000,4.000000,4.000000,4.000000,4.000000,0.000000,,,,,,,,,,,,,,,,,,,,,,,,,,,,
1732157932.625156,1732157932.626931,111.000000,0.000000,4292.820313,4280.128418,4310.512695,4278.589844,4292.436035,4279.358887,4334.871582,4401.153809,4306.025879,4280.128418,4478.461426,4506.410156,4344.871582,4414.615234,1566.000000,1.000000,22.000000,,,,0.000000,2.000000,2.000000,0.000000,4.000000,2.000000,2.000000,0.000000,0.000000,4.000000,4.000000,4.000000,4.000000,4.000000,4.000000,0.000000,,,,,,,,,,,,,,,,,,,,,,,,,,,,
1732157932.632964,1732157932.634839,112.000000,0.000000,4292.307617,4281.025879,4310.512695,4279.230957,4282.179688,4280.512695,4334.871582,4404.615234,4302.051270,4278.333496,4474.871582,4507.948730,4339.230957,4416.410156,1701.000000,1.000000,22.000000,,,,0.000000,2.000000,2.000000,0.000000,4.000000,2.000000,2.000000,0.000000,0.000000,4.000000,4.000000,4.000000,4.000000,4.000000,4.000000,0.000000,,,,,,,,,,,,,,,,,28.000000,0.000000,0.502825,0.453979,-0.566467,0.469238,0.971310,-0.073251,-0.050299,-35.964863,44.117058,31.822668
1732157932.640772,1732157932.642647,113.000000,0.000000,4292.948730,4280.256348,4314.230957,4282.820313,4261.538574,4281.922852,4334.871582,4402.820313,4308.846191,4280.128418,4475.256348,4509.358887,4333.974121,4425.000000,1606.000000,1.000000,22.000000,,,,0.000000,2.000000,2.000000,0.000000,4.000000,2.000000,2.000000,0.000000,0.000000,4.000000,4.000000,4.000000,4.000000,4.000000,4.000000,0.000000,,,,,,,,,,,,,,,,,,,,,,,,,,,,
1732157932.648580,1732157932.650655,114.000000,0.000000,4296.666504,4281.410156,4314.102539,4284.487305,4270.000000,4280.256348,4334.871582,4399.487305,4311.922852,4280.128418,4477.179688,4507.692383,4338.974121,4427.307617,1544.000000,1.000000,22.000000,,,,0.000000,2.000000,2.000000,0.000000,4.000000,2.000000,2.000000,0.000000,0.000000,4.000000,4.000000,4.000000,4.000000,4.000000,4.000000,0.000000,,,,,,,,,,,,,,,,,,,,,,,,,,,,
1732157932.656389,1732157932.658464,115.000000,0.000000,4297.820313,4282.563965,4311.025879,4283.717773,4295.641113,4280.000000,4334.871582,4400.512695,4303.333496,4279.230957,4478.077148,4506.794922,4343.333496,4419.615234,1566.000000,1.000000,22.000000,,,,0.000000,2.000000,2.000000,0.000000,4.000000,2.000000,2.000000,0.000000,0.000000,4.000000,4.000000,4.000000,4.000000,4.000000,4.000000,0.000000,,,,,,,,,,,,,,,,,,,,,,,,,,,,
1732157932.664197,1732157932.666372,116.000000,0.000000,4295.256348,4279.615234,4311.410156,4281.282227,4294.358887,4283.333496,4334.871582,4403.589844,4298.205078,4277.179688,4476.538574,4511.410156,4341.025879,4418.461426,1701.000000,1.000000,22.000000,,,,0.000000,2.000000,2.000000,0.000000,4.000000,2.000000,2.000000,0.000000,0.000000,4.000000,4.000000,4.000000,4.000000,4.000000,4.000000,0.000000,,,,,,,,,,,,,,,,,29.000000,0.000000,0.502811,0.453918,-0.566528,0.469238,0.971310,-0.073251,-0.050299,-35.939873,44.094818,31.856361
1732157932.672005,1732157932.674180,117.000000,0.000000,4294.871582,4278.589844,4316.025879,4280.128418,4268.717773,4286.025879,4334.871582,4403.205078,4301.794922,4276.282227,4479.230957,4519.743652,4341.410156,4422.820313,1606.000000,1.000000,22.000000,,,,0.000000,2.000000,2.000000,0.000000,4.000000,2.000000,2.000000,0.000000,0.000000,4.000000,4.000000,4.000000,4.000000,4.000000,4.000000,0.000000,,,,,,,,,,,,,,,,,,,,,,,,,,,,
1732157932.679813,1732157932.681788,118.000000,0.000000,4294.102539,4281.666504,4316.410156,4283.461426,4268.077148,4286.153809,4334.871582,4403.974121,4306.410156,4279.615234,4482.051270,4523.333496,4343.461426,4418.974121,1544.000000,1.000000,22.000000,,,,0.000000,2.000000,2.000000,0.000000,4.000000,2.000000,2.000000,0.000000,0.000000,4.000000,4.000000,4.000000,4.000000,4.000000,4.000000,0.000000,,,,,,,,,,,,,,,,,,,,,,,,,,,,
1732157932.687622,1732157932.689596,119.000000,0.000000,4291.153809,4281.922852,4313.333496,4286.025879,4284.487305,4284.230957,4334.871582,4406.666504,4311.025879,4281.538574,4478.846191,4521.153809,4342.179688,4412.820313,1566.000000,1.000000,22.000000,,,,0.000000,2.000000,2.000000,0.000000,4.000000,2.000000,2.000000,0.000000,0.000000,4.000000,4.000000,4.000000,4.000000,4.000000,4.000000,0.000000,,,,,,,,,,,,,,,,,,,,,,,,,,,,
1732157932.695430,1732157932.697405,120.000000,0.000000,4293.717773,4278.717773,4311.794922,4283.077148,4275.897461,4281.666504,4334.871582,4403.846191,4315.641113,4282.436035,4481.666504,4523.077148,4343.461426,4416.025879,1701.000000,1.000000,22.000000,,,,0.000000,2.000000,2.000000,0.000000,4.000000,2.000000,2.000000,0.000000,0.000000,4.000000,4.000000,4.000000,4.000000,4.000000,4.000000,0.000000,,,,,,,,,,,,,,,,,30.000000,0.000000,0.502965,0.453735,-0.566589,0.469177,0.961543,-0.072763,-0.055183,-36.046295,44.016804,31.801987
1732157932.703238,1732157932.705213,121.000000,0.000000,4293.333496,4277.820313,4313.461426,4280.769043,4273.717773,4280.384766,4334.871582,4400.000000,4310.000000,4281.666504,4489.358887,4524.487305,4346.410156,4418.717773,1606.000000,1.000000,22.000000,,,,0.000000,2.000000,2.000000,0.000000,4.000000,2.000000,2.000000,0.000000,0.000000,4.000000,4.000000,4.000000,4.000000,4.000000,4.000000,0.000000,,,,,,,,,,,,,,,,,,,,,,,,,,,,
1732157932.711046,1732157932.713221,122.000000,0.000000,4284.743652,4277.820313,4313.461426,4280.384766,4296.153809,4280.256348,4334.615234,4401.794922,4300.000000,4278.846191,4484.487305,4517.563965,4342.179688,4416.922852,1544.000000,1.000000,22.000000,,,,0.000000,2.000000,2.000000,0.000000,4.000000,2.000000,2.000000,0.000000,0.000000,4.000000,4.000000,4.000000,4.000000,4.000000,4.000000,0.000000,,,,,,,,,,,,,,,,,,,,,,,,,,,,
1732157932.718855,1732157932.721029,123.000000,0.000000,4284.358887,4277.820313,4313.205078,4279.102539,4287.051270,4280.256348,4335.000000,4402.692383,4303.589844,4279.358887,4478.333496,4514.743652,4340.897461,4419.871582,1566.000000,1.000000,22.000000,,,,0.000000,2.000000,2.000000,0.000000,4.000000,2.000000,2.000000,0.000000,0.000000,4.000000,4.000000,4.000000,4.000000,4.000000,4.000000,0.000000,,,,,,,,,,,,,,,,,,,,,,,,,,,,
1732157932.726663,1732157932.728937,124.000000,0.000000,4289.615234,4279.615234,4314.487305,4279.358887,4259.102539,4282.307617,4334.871582,4399.102539,4309.743652,4280.641113,4482.307617,4514.743652,4343.589844,4423.205078,1701.000000,1.000000,22.000000,,,,0.000000,2.000000,2.000000,0.000000,4.000000,2.000000,2.000000,0.000000,0.000000,4.000000,4.000000,4.000000,4.000000,4.000000,4.000000,0.000000,,,,,,,,,,,,,,,,,31.000000,0.000000,0.502951,0.453674,-0.566650,0.469177,0.969357,-0.069344,-0.047857,-36.090832,44.003609,31.779610
1732157932.734471,1732157932.736745,125.000000,0.000000,4284.487305,4276.410156,4314.358887,4279.743652,4262.820313,4286.666504,4334.358887,4402.692383,4305.897461,4279.743652,4481.410156,4513.333496,4341.794922,4419.358887,1606.000000,1.000000,22.000000,,,,0.000000,2.000000,2.000000,0.000000,4.000000,2.000000,2.000000,0.000000,0.000000,4.000000,4.000000,4.000000,4.000000,4.000000,4.000000,0.000000,,,,,,,,,,,,,,,,,,,,,,,,,,,,
1732157932.742279,1732157932.744354,126.000000,0.000000,4278.205078,4272.051270,4311.666504,4277.563965,4281.153809,4288.846191,4335.769043,4410.769043,4299.102539,4279.615234,4475.000000,4512.563965,4341.538574,4414.871582,1544.000000,1.000000,22.000000,,,,0.000000,2.000000,2.000000,0.000000,4.000000,2.000000,2.000000,0.000000,0.000000,4.000000,4.000000,4.000000,4.000000,4.000000,4.000000,0.000000,,,,,,,,,,,,,,,,,,,,,,,,,,,,
1732157932.750088,1732157932.752162,127.000000,0.000000,4280.897461,4274.487305,4309.871582,4277.179688,4281.410156,4288.589844,4337.692383,4407.179688,4296.282227,4275.000000,4474.230957,4513.846191,4341.538574,4415.384766,22.000000,1.000000,22.000000,,,,0.000000,2.000000,2.000000,0.000000,4.000000,2.000000,2.000000,0.000000,0.000000,4.000000,4.000000,4.000000,4.000000,4.000000,4.000000,0.000000,,,,,,,,,,,,,,,,,,,,,,,,,,,,
1732157932.757896,1732157932.759870,0.000000,0.000000,4283.077148,4278.333496,4311.538574,4279.230957,4274.102539,4285.512695,4336.794922,4400.512695,4296.153809,4271.410156,4475.384766,4514.102539,4336.282227,4415.256348,0.000000,1.000000,22.000000,,,,0.000000,2.000000,2.000000,0.000000,4.000000,2.000000,2.000000,0.000000,0.000000,4.000000,4.000000,4.000000,4.000000,4.000000,4.000000,0.000000,,,,,,,,,,,,,,,,,0.000000,0.000000,0.503008,0.453674,-0.566650,0.469116,0.969357,-0.069344,-0.047857,-36.141907,44.347923,31.954817
1732157932.765704,1732157932.767679,1.000000,0.000000,4280.128418,4277.692383,4313.461426,4280.384766,4285.384766,4281.025879,4335.384766,4401.538574,4297.051270,4274.230957,4474.615234,4517.051270,4336.025879,4414.358887,1599.000000,1.000000,22.000000,,,,0.000000,2.000000,2.000000,0.000000,4.000000,2.000000,2.000000,0.000000,0.000000,4.000000,4.000000,4.000000,4.000000,4.000000,4.000000,0.000000,,,,,,,,,,,,,,,,,,,,,,,,,,,,
1732157932.773512,1732157932.775287,2.000000,0.000000,4281.153809,4276.794922,4314.487305,4280.512695,4297.820313,4278.717773,4335.256348,4403.717773,4296.794922,4277.436035,4473.974121,4516.666504,4340.512695,4414.487305,1366.000000,1.000000,22.000000,,,,0.000000,2.000000,2.000000,0.000000,4.000000,2.000000,2.000000,0.000000,0.000000,4.000000,4.000000,4.000000,4.000000,4.000000,4.000000,0.000000,,,,,,,,,,,,,,,,,,,,,,,,,,,,
1732157932.781321,1732157932.783095,3.000000,0.000000,4291.922852,4278.589844,4314.358887,4282.692383,4283.333496,4278.846191,4335.128418,4400.384766,4295.769043,4276.282227,4475.769043,4513.333496,4341.794922,4414.871582,1422.000000,1.000000,22.000000,,,,0.000000,2.000000,2.000000,0.000000,4.000000,2.000000,2.000000,0.000000,0.000000,4.000000,4.000000,4.000000,4.000000,4.000000,4.000000,0.000000,,,,,,,,,,,,,,,,,,,,,,,,,,,,
1732157932.789129,1732157932.790803,4.000000,0.000000,4296.025879,4279.230957,4313.589844,4283.589844,4255.128418,4278.846191,4335.384766,4399.230957,4297.307617,4277.692383,4478.205078,4518.077148,4342.051270,4416.282227,1424.000000,1.000000,22.000000,,,,0.000000,2.000000,2.000000,0.000000,4.000000,2.000000,2.000000,0.000000,0.000000,4.000000,4.000000,4.000000,4.000000,4.000000,4.000000,0.000000,,,,,,,,,,,,,,,,,1.000000,0.000000,0.503292,0.453369,-0.566895,0.468811,0.979123,-0.084483,-0.060066,-35.918278,44.351818,31.846735
1732157932.796937,1732157932.798612,5.000000,0.000000,4284.871582,4277.563965,4313.846191,4281.922852,4262.692383,4280.000000,4335.897461,4403.077148,4299.358887,4277.692383,4477.563965,4518.461426,4343.846191,4414.358887,1210.000000,1.000000,22.000000,,,,0.000000,2.000000,2.000000,0.000000,4.000000,2.000000,2.000000,0.000000,0.000000,4.000000,4.000000,4.000000,4.000000,4.000000,4.000000,0.000000,,,,,,,,,,,,,,,,,,,,,,,,,,,,
1732157932.804745,1732157932.806220,6.000000,0.000000,4280.512695,4277.820313,4312.692383,4280.769043,4294.487305,4280.512695,4335.384766,4404.615234,4296.410156,4269.871582,4475.128418,4509.358887,4344.102539,4411.538574,0.000000,1.000000,22.000000,,,,0.000000,2.000000,2.000000,0.000000,4.000000,2.000000,2.000000,0.000000,0.000000,4.000000,4.000000,4.000000,4.000000,4.000000,4.000000,0.000000,,,,,,,,,,,,,,,,,,,,,,,,,,,,
1732157932.812554,1732157932.814028,7.000000,0.000000,4286.410156,4280.256348,4311.538574,4281.794922,4289.871582,4278.846191,4335.512695,4402.179688,4290.897461,4266.153809,4474.358887,4506.666504,4343.461426,4411.666504,0.000000,1.000000,22.000000,,,,0.000000,2.000000,2.000000,0.000000,4.000000,2.000000,2.000000,0.000000,0.000000,4.000000,4.000000,4.000000,4.000000,4.000000,4.000000,0.000000,,,,,,,,,,,,,,,,,,,,,,,,,,,,
1732157932.820362,1732157932.821737,8.000000,0.000000,4284.615234,4274.743652,4314.102539,4280.769043,4265.128418,4283.333496,4336.025879,4400.128418,4292.436035,4265.256348,4474.358887,4507.820313,4342.692383,4412.179688,1528.000000,1.000000,22.000000,,,,0.000000,2.000000,2.000000,0.000000,4.000000,2.000000,2.000000,0.000000,0.000000,4.000000,4.000000,4.000000,4.000000,4.000000,4.000000,0.000000,,,,,,,,,,,,,,,,,2.000000,0.000000,0.503279,0.453308,-0.566956,0.468811,0.967892,-0.073739,-0.052252,-35.687138,44.538307,31.792522
1732157932.828170,1732157932.829545,9.000000,0.000000,4278.333496,4268.974121,4315.384766,4278.205078,4267.820313,4294.102539,4335.769043,4400.000000,4297.179688,4264.743652,4473.333496,4505.769043,4340.384766,4411.410156,1685.000000,1.000000,22.000000,,,,0.000000,2.000000,2.000000,0.000000,4.000000,2.000000,2.000000,0.000000,0.000000,4.000000,4.000000,4.000000,4.000000,4.000000,4.000000,0.000000,,,,,,,,,,,,,,,,,,,,,,,,,,,,
1732157932.835978,1732157932.837153,10.000000,0.000000,4281.025879,4274.230957,4313.974121,4278.717773,4279.615234,4292.692383,4335.897461,4401.666504,4298.717773,4272.179688,4474.358887,4510.000000,4340.000000,4413.461426,1544.000000,1.000000,22.000000,,,,0.000000,2.000000,2.000000,0.000000,4.000000,2.000000,2.000000,0.000000,0.000000,4.000000,4.000000,4.000000,4.000000,4.000000,4.000000,0.000000,,,,,,,,,,,,,,,,,,,,,,,,,,,,
1732157932.843787,1732157932.844961,11.000000,0.000000,4284.230957,4279.230957,4313.589844,4280.256348,4286.153809,4281.922852,4335.641113,4403.461426,4296.922852,4280.000000,4477.436035,4518.333496,4343.461426,4416.410156,1566.000000,1.000000,22.000000,,,,0.000000,2.000000,2.000000,0.000000,4.000000,2.000000,2.000000,0.000000,0.000000,4.000000,4.000000,4.000000,4.000000,4.000000,4.000000,0.000000,,,,,,,,,,,,,,,,,,,,,,,,,,,,
1732157932.851595,1732157932.852870,12.000000,0.000000,4285.384766,4278.077148,4313.461426,4282.820313,4296.282227,4278.717773,4334.871582,4401.538574,4292.692383,4277.436035,4479.743652,4519.102539,4349.487305,4414.487305,1701.000000,1.000000,22.000000,,,,0.000000,2.000000,2.000000,0.000000,4.000000,2.000000,2.000000,0.000000,0.000000,4.000000,4.000000,4.000000,4.000000,4.000000,4.000000,0.000000,,,,,,,,,,,,,,,,,3.000000,0.000000,0.503279,0.453308,-0.566956,0.468811,0.970333,-0.061043,-0.054206,-35.724915,44.629360,31.808609
1732157932.859403,1732157932.860678,13.000000,0.000000,4290.128418,4279.615234,4312.820313,4287.563965,4285.512695,4281.666504,4335.512695,4400.128418,4292.692383,4276.538574,4479.871582,4520.769043,4352.692383,4413.461426,1606.000000,1.000000,22.000000,,,,0.000000,2.000000,2.000000,0.000000,4.000000,2.000000,2.000000,0.000000,0.000000,4.000000,4.000000,4.000000,4.000000,4.000000,4.000000,0.000000,,,,,,,,,,,,,,,,,,,,,,,,,,,,
1732157932.867211,1732157932.868686,14.000000,0.000000,4291.153809,4281.153809,4312.051270,4287.051270,4262.436035,4281.922852,4336.666504,4405.256348,4297.436035,4282.179688,4478.974121,4523.974121,4347.948730,4416.153809,1544.000000,1.000000,22.000000,,,,0.000000,2.000000,2.000000,0.000000,4.000000,2.000000,2.000000,0.000000,0.000000,4.000000,4.000000,4.000000,4.000000,4.000000,4.000000,0.000000,1.000000,0.000000,2.000000,2.000000,0.000000,4.000000,1.000000,1.000000,0.000000,0.000000,4.000000,3.000000,1.000000,4.000000,1.000000,4.000000,,,,,,,,,,,,
1732157932.875020,1732157932.876494,15.000000,0.000000,4288.589844,4278.846191,4312.436035,4283.077148,4266.282227,4281.538574,4336.794922,4405.769043,4295.769043,4277.948730,4478.077148,4520.512695,4345.384766,4415.128418,1566.000000,1.000000,22.000000,,,,0.000000,2.000000,2.000000,0.000000,4.000000,2.000000,2.000000,0.000000,0.000000,4.000000,4.000000,4.000000,4.000000,4.000000,4.000000,0.000000,,,,,,,,,,,,,,,,,,,,,,,,,,,,
1732157932.882828,1732157932.884202,16.000000,0.000000,4286.666504,4278.589844,4315.512695,4284.487305,4282.820313,4283.205078,4336.025879,4401.025879,4291.282227,4272.820313,4476.666504,4515.384766,4346.153809,4410.384766,0.000000,1.000000,22.000000,,,,0.000000,2.000000,2.000000,0.000000,4.000000,2.000000,2.000000,0.000000,0.000000,4.000000,4.000000,4.000000,4.000000,4.000000,4.000000,0.000000,,,,,,,,,,,,,,,,,4.000000,0.000000,0.503322,0.453247,-0.567017,0.468750,0.992309,-0.069833,-0.053229,-35.903851,44.604782,31.781641
1732157932.890636,1732157932.892010,17.000000,0.000000,4283.077148,4279.487305,4316.794922,4284.615234,4292.051270,4281.794922,4335.897461,4401.922852,4293.205078,4277.051270,4475.512695,4512.820313,4343.077148,4407.692383,0.000000,1.000000,22.000000,,,,0.000000,2.000000,2.000000,0.000000,4.000000,2.000000,2.000000,0.000000,0.000000,4.000000,4.000000,4.000000,4.000000,4.000000,4.000000,0.000000,,,,,,,,,,,,,,,,,,,,,,,,,,,,
1732157932.898444,1732157932.899619,18.000000,0.000000,4278.846191,4278.589844,4315.128418,4278.077148,4285.769043,4280.512695,4335.769043,4404.871582,4299.358887,4281.794922,4476.410156,4510.769043,4344.487305,4408.974121,0.000000,1.000000,22.000000,,,,0.000000,2.000000,2.000000,0.000000,4.000000,2.000000,2.000000,0.000000,0.000000,4.000000,4.000000,4.000000,4.000000,4.000000,4.000000,0.000000,,,,,,,,,,,,,,,,,,,,,,,,,,,,
1732157932.906253,1732157932.907427,19.000000,0.000000,4282.179688,4278.717773,4315.769043,4282.179688,4264.743652,4283.205078,4335.769043,4400.641113,4300.000000,4282.051270,4477.563965,4511.538574,4349.358887,4409.871582,0.000000,1.000000,22.000000,,,,0.000000,2.000000,2.000000,0.000000,4.000000,2.000000,2.000000,0.000000,0.000000,4.000000,4.000000,4.000000,4.000000,4.000000,4.000000,0.000000,,,,,,,,,,,,,,,,,,,,,,,,,,,,
1732157932.914061,1732157932.915135,20.000000,0.000000,4286.410156,4280.897461,4316.794922,4292.563965,4266.794922,4283.717773,4335.897461,4399.615234,4294.230957,4277.563965,4476.922852,4510.128418,4346.282227,4403.717773,0.000000,1.000000,22.000000,,,,0.000000,2.000000,2.000000,0.000000,4.000000,2.000000,2.000000,0.000000,0.000000,4.000000,4.000000,4.000000,4.000000,4.000000,4.000000,0.000000,,,,,,,,,,,,,,,,,5.000000,0.000000,0.503196,0.453552,-0.566833,0.468811,0.981077,-0.084483,-0.041997,-36.100452,44.754875,31.696463
1732157932.921869,1732157932.922944,21.000000,0.000000,4282.563965,4280.897461,4313.333496,4290.128418,4283.589844,4280.769043,4335.512695,4408.589844,4294.230957,4276.282227,4476.538574,4506.794922,4341.153809,4395.897461,0.000000,1.000000,22.000000,,,,0.000000,2.000000,2.000000,0.000000,4.000000,2.000000,2.000000,0.000000,0.000000,4.000000,4.000000,4.000000,4.000000,4.000000,4.000000,0.000000,,,,,,,,,,,,,,,,,,,,,,,,,,,,
1732157932.929677,1732157932.930952,22.000000,0.000000,4279.743652,4279.102539,4310.769043,4285.256348,4276.153809,4281.538574,4335.000000,4408.333496,4298.589844,4277.436035,4475.897461,4506.153809,4342.051270,4398.846191,0.000000,1.000000,22.000000,,,,0.000000,2.000000,2.000000,0.000000,4.000000,2.000000,2.000000,0.000000,0.000000,4.000000,4.000000,4.000000,4.000000,4.000000,4.000000,0.000000,,,,,,,,,,,,,,,,,,,,,,,,,,,,
1732157932.937486,1732157932.938760,23.000000,0.000000,4282.692383,4279.487305,4313.077148,4287.307617,4285.128418,4282.948730,4334.743652,4400.384766,4292.179688,4270.897461,4473.205078,4505.897461,4342.307617,4403.974121,0.000000,1.000000,22.000000,,,,0.000000,2.000000,2.000000,0.000000,4.000000,2.000000,2.000000,0.000000,0.000000,4.000000,4.000000,4.000000,4.000000,4.000000,4.000000,0.000000,,,,,,,,,,,,,,,,,,,,,,,,,,,,
1732157932.945294,1732157932.946668,24.000000,0.000000,4289.230957,4280.897461,4313.974121,4290.641113,4304.230957,4281.153809,4334.358887,4398.461426,4283.846191,4267.179688,4473.333496,4507.563965,4343.717773,4404.487305,0.000000,1.000000,22.000000,,,,0.000000,2.000000,2.000000,0.000000,4.000000,2.000000,2.000000,0.000000,0.000000,4.000000,4.000000,4.000000,4.000000,4.000000,4.000000,0.000000,,,,,,,,,,,,,,,,,6.000000,0.000000,0.503182,0.453491,-0.566895,0.468811,0.980588,-0.076181,-0.050787,-36.151363,44.718113,31.677467
1732157932.953102,1732157932.954476,25.000000,0.000000,4295.000000,4281.922852,4314.230957,4294.871582,4280.000000,4280.512695,4335.384766,4399.743652,4286.922852,4276.153809,4476.666504,4512.820313,4346.666504,4409.102539,0.000000,1.000000,22.000000,,,,0.000000,2.000000,2.000000,0.000000,4.000000,2.000000,2.000000,0.000000,0.000000,4.000000,4.000000,4.000000,4.000000,4.000000,4.000000,0.000000,,,,,,,,,,,,,,,,,,,,,,,,,,,,
1732157932.960910,1732157932.962484,26.000000,0.000000,4294.743652,4282.436035,4313.974121,4297.307617,4260.384766,4280.641113,4335.897461,4398.974121,4291.666504,4280.512695,4477.436035,4514.358887,4348.461426,4408.974121,0.000000,1.000000,22.000000,,,,0.000000,2.000000,2.000000,0.000000,4.000000,2.000000,2.000000,0.000000,0.000000,4.000000,4.000000,4.000000,4.000000,4.000000,4.000000,0.000000,,,,,,,,,,,,,,,,,,,,,,,,,,,,
1732157932.968719,1732157932.970292,27.000000,0.000000,4288.205078,4281.794922,4313.333496,4292.179688,4277.692383,4283.461426,4334.743652,4401.666504,4294.615234,4276.410156,4477.307617,4509.230957,4348.461426,4405.897461,0.000000,1.000000,22.000000,,,,0.000000,2.000000,2.000000,0.000000,4.000000,2.000000,2.000000,0.000000,0.000000,4.000000,4.000000,4.000000,4.000000,4.000000,4.000000,0.000000,,,,,,,,,,,,,,,,,,,,,,,,,,,,
1732157932.976527,1732157932.978200,28.000000,0.000000,4281.538574,4278.846191,4313.461426,4288.205078,4286.666504,4287.436035,4334.487305,4405.512695,4295.256348,4275.384766,4476.922852,4506.922852,4344.487305,4410.128418,0.000000,1.000000,22.000000,,,,0.000000,2.000000,2.000000,0.000000,4.000000,2.000000,2.000000,0.000000,0.000000,4.000000,4.000000,4.000000,4.000000,4.000000,4.000000,0.000000,,,,,,,,,,,,,,,,,7.000000,0.000000,0.503237,0.453430,-0.566895,0.468811,0.973263,-0.072763,-0.048346,-36.234272,44.560005,31.672083
1732157932.984335,1732157932.986009,29.000000,0.000000,4281.025879,4277.563965,4313.205078,4291.410156,4278.205078,4287.820313,4335.512695,4402.436035,4285.897461,4272.820313,4474.102539,4508.205078,4339.230957,4408.333496,0.000000,1.000000,22.000000,,,,0.000000,2.000000,2.000000,0.000000,4.000000,2.000000,2.000000,0.000000,0.000000,4.000000,4.000000,4.000000,4.000000,4.000000,4.000000,0.000000,,,,,,,,,,,,,,,,,,,,,,,,,,,,
1732157932.992143,1732157932.994017,30.000000,0.000000,4283.333496,4278.717773,4312.948730,4293.461426,4287.436035,4289.230957,4336.025879,4400.256348,4278.461426,4265.128418,4469.871582,4503.846191,4338.077148,4398.205078,0.000000,1.000000,22.000000,,,,0.000000,2.000000,2.000000,0.000000,4.000000,2.000000,2.000000,0.000000,0.000000,4.000000,4.000000,4.000000,4.000000,4.000000,4.000000,0.000000,,,,,,,,,,,,,,,,,,,,,,,,,,,,
1732157932.999951,1732157933.001825,31.000000,0.000000,4282.307617,4278.589844,4314.871582,4291.025879,4307.051270,4285.384766,4336.410156,4402.948730,4286.794922,4263.461426,4465.384766,4498.589844,4339.871582,4398.205078,0.000000,1.000000,22.000000,,,,0.000000,2.000000,2.000000,0.000000,4.000000,2.000000,2.000000,0.000000,0.000000,4.000000,4.000000,4.000000,4.000000,4.000000,4.000000,0.000000,,,,,,,,,,,,,,,,,,,,,,,,,,,,
1732157933.007760,1732157933.009733,32.000000,0.000000,4283.077148,4279.358887,4314.487305,4290.128418,4298.717773,4281.538574,4335.769043,4405.000000,4299.487305,4274.102539,4466.282227,4502.948730,4340.512695,4401.410156,0.000000,1.000000,22.000000,,,,0.000000,2.000000,2.000000,0.000000,4.000000,2.000000,2.000000,0.000000,0.000000,4.000000,4.000000,4.000000,4.000000,4.000000,4.000000,0.000000,,,,,,,,,,,,,,,,,8.000000,0.000000,0.503210,0.453308,-0.567017,0.468811,0.973752,-0.064949,-0.042974,-36.278095,44.613605,31.582720
1732157933.015568,1732157933.017541,33.000000,0.000000,4291.282227,4283.333496,4312.692383,4294.487305,4275.769043,4287.307617,4334.743652,4402.179688,4294.615234,4277.820313,4469.102539,4508.205078,4340.384766,4398.717773,0.000000,1.000000,22.000000,,,,0.000000,2.000000,2.000000,0.000000,4.000000,2.000000,2.000000,0.000000,0.000000,4.000000,4.000000,4.000000,4.000000,4.000000,4.000000,0.000000,,,,,,,,,,,,,,,,,,,,,,,,,,,,
1732157933.023376,1732157933.025549,34.000000,0.000000,4294.871582,4284.230957,4314.358887,4296.538574,4272.179688,4290.000000,4335.256348,4400.256348,4283.333496,4269.230957,4465.897461,4506.153809,4341.922852,4400.000000,0.000000,1.000000,22.000000,,,,0.000000,2.000000,2.000000,0.000000,4.000000,2.000000,2.000000,0.000000,0.000000,4.000000,4.000000,4.000000,4.000000,4.000000,4.000000,0.000000,,,,,,,,,,,,,,,,,,,,,,,,,,,,
1732157933.031185,1732157933.033357,35.000000,0.000000,4290.769043,4281.025879,4315.641113,4294.102539,4282.436035,4282.436035,4336.794922,4402.051270,4285.769043,4268.974121,4462.051270,4505.512695,4341.153809,4400.128418,0.000000,1.000000,22.000000,,,,0.000000,2.000000,2.000000,0.000000,4.000000,2.000000,2.000000,0.000000,0.000000,4.000000,4.000000,4.000000,4.000000,4.000000,4.000000,0.000000,,,,,,,,,,,,,,,,,,,,,,,,,,,,
1732157933.038993,1732157933.041266,36.000000,0.000000,4287.820313,4280.512695,4315.256348,4293.717773,4282.692383,4281.666504,4333.974121,4402.179688,4290.384766,4272.948730,4464.871582,4507.948730,4337.179688,4398.461426,0.000000,1.000000,22.000000,,,,0.000000,2.000000,2.000000,0.000000,4.000000,2.000000,2.000000,0.000000,0.000000,4.000000,4.000000,4.000000,4.000000,4.000000,4.000000,0.000000,,,,,,,,,,,,,,,,,9.000000,0.000000,0.503053,0.453369,-0.566956,0.468994,0.981565,-0.062508,-0.060554,-36.418591,44.563686,31.448669
1732157933.046801,1732157933.049074,37.000000,0.000000,4287.563965,4283.205078,4314.743652,4296.666504,4277.820313,4285.512695,4329.743652,4401.538574,4287.563965,4266.666504,4464.487305,4508.717773,4337.051270,4403.077148,0.000000,1.000000,22.000000,,,,0.000000,2.000000,2.000000,0.000000,4.000000,2.000000,2.000000,0.000000,0.000000,4.000000,4.000000,4.000000,4.000000,4.000000,4.000000,0.000000,,,,,,,,,,,,,,,,,,,,,,,,,,,,
1732157933.054609,1732157933.057082,38.000000,0.000000,4288.205078,4282.820313,4315.128418,4296.025879,4287.051270,4281.922852,4332.179688,4401.922852,4285.128418,4262.820313,4462.563965,4506.922852,4338.333496,4408.717773,0.000000,1.000000,22.000000,,,,0.000000,2.000000,2.000000,0.000000,4.000000,2.000000,2.000000,0.000000,0.000000,4.000000,4.000000,4.000000,4.000000,4.000000,4.000000,0.000000,,,,,,,,,,,,,,,,,,,,,,,,,,,,
1732157933.062418,1732157933.064890,39.000000,0.000000,4288.974121,4280.641113,4315.512695,4293.205078,4300.256348,4280.128418,4336.794922,4401.538574,4282.436035,4264.358887,4467.692383,4507.436035,4337.436035,4410.897461,0.000000,1.000000,22.000000,,,,0.000000,2.000000,2.000000,0.000000,4.000000,2.000000,2.000000,0.000000,0.000000,4.000000,4.000000,4.000000,4.000000,4.000000,4.000000,0.000000,,,,,,,,,,,,,,,,,,,,,,,,,,,,
1732157933.070226,1732157933.072598,40.000000,0.000000,4287.436035,4280.128418,4314.871582,4293.077148,4296.794922,4286.153809,4336.153809,4402.820313,4279.487305,4264.743652,4472.307617,4515.512695,4339.743652,4411.282227,0.000000,1.000000,22.000000,,,,0.000000,2.000000,2.000000,0.000000,4.000000,2.000000,2.000000,0.000000,0.000000,4.000000,4.000000,4.000000,4.000000,4.000000,4.000000,0.000000,,,,,,,,,,,,,,,,,10.000000,0.000000,0.503024,0.453491,-0.566833,0.469055,0.981565,-0.062508,-0.060554,-36.475723,44.599918,31.305090
1732157933.078034,1732157933.080406,41.000000,0.000000,4289.358887,4282.051270,4313.589844,4294.615234,4273.589844,4293.205078,4334.358887,4404.487305,4287.820313,4272.692383,4471.922852,4520.000000,4342.948730,4412.563965,0.000000,1.000000,22.000000,,,,0.000000,2.000000,2.000000,0.000000,4.000000,2.000000,2.000000,0.000000,0.000000,4.000000,4.000000,4.000000,4.000000,4.000000,4.000000,0.000000,,,,,,,,,,,,,,,,,,,,,,,,,,,,
1732157933.085842,1732157933.088015,42.000000,0.000000,4293.333496,4282.051270,4316.153809,4295.512695,4269.230957,4291.666504,4335.512695,4402.051270,4291.794922,4273.333496,4471.282227,4515.000000,4340.000000,4413.461426,0.000000,1.000000,22.000000,,,,0.000000,2.000000,2.000000,0.000000,4.000000,2.000000,2.000000,0.000000,0.000000,4.000000,4.000000,4.000000,4.000000,4.000000,4.000000,0.000000,,,,,,,,,,,,,,,,,,,,,,,,,,,,
1732157933.093650,1732157933.095823,43.000000,0.000000,4290.000000,4278.077148,4316.922852,4293.589844,4295.256348,4281.794922,4336.025879,4400.128418,4282.179688,4264.230957,4471.922852,4510.512695,4334.871582,4408.461426,0.000000,1.000000,22.000000,,,,0.000000,2.000000,2.000000,0.000000,4.000000,2.000000,2.000000,0.000000,0.000000,4.000000,4.000000,4.000000,4.000000,4.000000,4.000000,0.000000,,,,,,,,,,,,,,,,,,,,,,,,,,,,
1732157933.101459,1732157933.103531,44.000000,0.000000,4288.205078,4277.179688,4312.563965,4291.410156,4292.179688,4278.205078,4336.025879,4402.563965,4285.769043,4271.153809,4473.846191,4513.205078,4337.820313,4405.512695,0.000000,1.000000,22.000000,,,,0.000000,2.000000,2.000000,0.000000,4.000000,2.000000,2.000000,0.000000,0.000000,4.000000,4.000000,4.000000,4.000000,4.000000,4.000000,0.000000,,,,,,,,,,,,,,,,,11.000000,0.000000,0.503024,0.453491,-0.566833,0.469055,0.971310,-0.078135,-0.049811,-36.450336,44.560936,31.428789
1732157933.109267,1732157933.111340,45.000000,0.000000,4292.179688,4277.820313,4312.179688,4291.538574,4265.641113,4283.974121,4336.666504,4403.333496,4295.256348,4281.666504,4475.769043,4515.641113,4345.769043,4410.128418,0.000000,1.000000,22.000000,,,,0.000000,2.000000,2.000000,0.000000,4.000000,2.000000,2.000000,0.000000,0.000000,4.000000,4.000000,4.000000,4.000000,4.000000,4.000000,0.000000,,,,,,,,,,,,,,,,,,,,,,,,,,,,
1732157933.117075,1732157933.118948,46.000000,0.000000,4292.436035,4276.538574,4314.102539,4294.487305,4267.563965,4286.410156,4336.153809,4402.051270,4295.512695,4279.487305,4477.307617,4517.563965,4351.153809,4411.025879,0.000000,1.000000,22.000000,,,,0.000000,2.000000,2.000000,0.000000,4.000000,2.000000,2.000000,0.000000,0.000000,4.000000,4.000000,4.000000,4.000000,4.000000,4.000000,0.000000,,,,,,,,,,,,,,,,,,,,,,,,,,,,
1732157933.124884,1732157933.126756,47.000000,0.000000,4292.179688,4277.051270,4312.692383,4297.179688,4280.512695,4283.333496,4336.538574,4401.666504,4294.487305,4278.461426,4479.615234,4516.410156,4353.077148,4410.769043,0.000000,1.000000,22.000000,,,,0.000000,2.000000,2.000000,0.000000,4.000000,2.000000,2.000000,0.000000,0.000000,4.000000,4.000000,4.000000,4.000000,4.000000,4.000000,0.000000,,,,,,,,,,,,,,,,,,,,,,,,,,,,
1732157933.132692,1732157933.134465,48.000000,0.000000,4293.205078,4275.128418,4312.436035,4292.948730,4286.794922,4283.333496,4336.794922,4401.410156,4295.897461,4281.153809,4478.974121,4510.641113,4348.974121,4411.794922,0.000000,1.000000,22.000000,,,,0.000000,2.000000,2.000000,0.000000,4.000000,2.000000,2.000000,0.000000,0.000000,4.000000,4.000000,4.000000,4.000000,4.000000,4.000000,0.000000,,,,,,,,,,,,,,,,,12.000000,0.000000,0.502935,0.453552,-0.566711,0.469238,0.981077,-0.059089,-0.069344,-36.379772,44.446022,31.528986
1732157933.140500,1732157933.142273,49.000000,0.000000,4291.538574,4273.205078,4316.153809,4291.538574,4294.615234,4284.102539,4336.282227,4402.051270,4294.743652,4278.846191,4475.641113,4508.974121,4341.794922,4405.512695,0.000000,1.000000,22.000000,,,,0.000000,2.000000,2.000000,0.000000,4.000000,2.000000,2.000000,0.000000,0.000000,4.000000,4.000000,4.000000,4.000000,4.000000,4.000000,0.000000,,,,,,,,,,,,,,,,,,,,,,,,,,,,
1732157933.148308,1732157933.149881,50.000000,0.000000,4292.692383,4277.820313,4315.384766,4298.589844,4287.563965,4279.871582,4336.153809,4401.410156,4295.512695,4277.692383,4476.282227,4507.948730,4342.563965,4404.230957,0.000000,1.000000,22.000000,,,,0.000000,2.000000,2.000000,0.000000,4.000000,2.000000,2.000000,0.000000,0.000000,4.000000,4.000000,4.000000,4.000000,4.000000,4.000000,0.000000,,,,,,,,,,,,,,,,,,,,,,,,,,,,
1732157933.156117,1732157933.157689,51.000000,0.000000,4295.897461,4281.153809,4311.794922,4300.000000,4270.769043,4283.846191,4336.410156,4399.358887,4298.077148,4280.000000,4478.205078,4507.563965,4346.410156,4414.102539,0.000000,1.000000,22.000000,,,,0.000000,2.000000,2.000000,0.000000,4.000000,2.000000,2.000000,0.000000,0.000000,4.000000,4.000000,4.000000,4.000000,4.000000,4.000000,0.000000,,,,,,,,,,,,,,,,,,,,,,,,,,,,
1732157933.163925,1732157933.165398,52.000000,0.000000,4291.922852,4278.461426,4313.461426,4295.641113,4277.948730,4293.589844,4336.794922,4398.846191,4294.615234,4277.307617,4476.666504,4507.563965,4343.333496,4413.333496,0.000000,1.000000,22.000000,,,,0.000000,2.000000,2.000000,0.000000,4.000000,2.000000,2.000000,0.000000,0.000000,4.000000,4.000000,4.000000,4.000000,4.000000,4.000000,0.000000,,,,,,,,,,,,,,,,,13.000000,0.000000,0.502825,0.453674,-0.566711,0.469238,0.972775,-0.067391,-0.052252,-36.290951,44.337948,31.595144
1732157933.171733,1732157933.173206,53.000000,0.000000,4287.948730,4278.717773,4317.436035,4295.256348,4284.358887,4291.282227,4336.410156,4401.410156,4292.436035,4271.282227,4476.794922,4508.077148,4340.897461,4407.692383,0.000000,1.000000,22.000000,,,,0.000000,2.000000,2.000000,0.000000,4.000000,2.000000,2.000000,0.000000,0.000000,4.000000,4.000000,4.000000,4.000000,4.000000,4.000000,0.000000,,,,,,,,,,,,,,,,,,,,,,,,,,,,
1732157933.179541,1732157933.180814,54.000000,0.000000,4288.461426,4279.102539,4314.230957,4295.512695,4284.102539,4283.077148,4336.153809,4402.051270,4294.871582,4273.333496,4476.538574,4506.922852,4343.205078,4408.205078,0.000000,1.000000,22.000000,,,,0.000000,2.000000,2.000000,0.000000,4.000000,2.000000,2.000000,0.000000,0.000000,4.000000,4.000000,4.000000,4.000000,4.000000,4.000000,0.000000,,,,,,,,,,,,,,,,,,,,,,,,,,,,
1732157933.187349,1732157933.188623,55.000000,0.000000,4289.487305,4276.538574,4311.538574,4293.333496,4299.487305,4283.974121,4336.538574,4400.769043,4295.128418,4280.000000,4476.025879,4504.743652,4342.948730,4407.692383,0.000000,1.000000,22.000000,,,,0.000000,2.000000,2.000000,0.000000,4.000000,2.000000,2.000000,0.000000,0.000000,4.000000,4.000000,4.000000,4.000000,4.000000,4.000000,0.000000,,,,,,,,,,,,,,,,,,,,,,,,,,,,
1732157933.195158,1732157933.196331,56.000000,0.000000,4293.846191,4278.461426,4314.358887,4295.000000,4290.897461,4287.820313,4336.282227,4401.282227,4293.589844,4280.000000,4481.922852,4507.692383,4344.871582,4410.000000,0.000000,1.000000,22.000000,,,,0.000000,2.000000,2.000000,0.000000,4.000000,2.000000,2.000000,0.000000,0.000000,4.000000,4.000000,4.000000,4.000000,4.000000,4.000000,0.000000,,,,,,,,,,,,,,,,,14.000000,0.000000,0.502839,0.453735,-0.566650,0.469238,0.966915,-0.076670,-0.045416,-36.014004,44.273735,31.608734
1732157933.202966,1732157933.204139,57.000000,0.000000,4295.256348,4274.615234,4313.974121,4296.153809,4264.487305,4284.615234,4335.000000,4403.461426,4294.871582,4277.948730,4484.615234,4509.358887,4346.538574,4413.846191,0.000000,1.000000,22.000000,,,,0.000000,2.000000,2.000000,0.000000,4.000000,2.000000,2.000000,0.000000,0.000000,4.000000,4.000000,4.000000,4.000000,4.000000,4.000000,0.000000,,,,,,,,,,,,,,,,,,,,,,,,,,,,
1732157933.210774,1732157933.212147,58.000000,0.000000,4290.384766,4267.179688,4310.897461,4292.948730,4263.077148,4282.820313,4334.487305,4403.974121,4298.461426,4279.743652,4480.000000,4507.179688,4342.820313,4406.538574,0.000000,1.000000,22.000000,,,,0.000000,2.000000,2.000000,0.000000,4.000000,2.000000,2.000000,0.000000,0.000000,4.000000,4.000000,4.000000,4.000000,4.000000,4.000000,0.000000,,,,,,,,,,,,,,,,,,,,,,,,,,,,
1732157933.218583,1732157933.219955,59.000000,0.000000,4290.256348,4271.410156,4312.563965,4292.563965,4279.102539,4288.846191,4334.871582,4402.820313,4297.179688,4273.846191,4477.051270,4504.743652,4342.179688,4400.000000,0.000000,1.000000,22.000000,,,,0.000000,2.000000,2.000000,0.000000,4.000000,2.000000,2.000000,0.000000,0.000000,4.000000,4.000000,4.000000,4.000000,4.000000,4.000000,0.000000,,,,,,,,,,,,,,,,,,,,,,,,,,,,
1732157933.226391,1732157933.227863,60.000000,0.000000,4291.794922,4280.256348,4314.230957,4294.871582,4295.769043,4289.358887,4334.871582,4400.897461,4293.846191,4265.897461,4477.051270,4503.333496,4343.846191,4403.333496,0.000000,1.000000,22.000000,,,,0.000000,2.000000,2.000000,0.000000,4.000000,2.000000,2.000000,0.000000,0.000000,4.000000,4.000000,4.000000,4.000000,4.000000,4.000000,0.000000,,,,,,,,,,,,,,,,,15.000000,0.000000,0.502599,0.454041,-0.566467,0.469421,0.970333,-0.070809,-0.055183,-35.943008,44.196728,31.378075
1732157933.234199,1732157933.235672,61.000000,0.000000,4290.384766,4279.358887,4312.179688,4296.538574,4291.538574,4282.307617,4334.743652,4399.615234,4294.871582,4268.077148,4475.512695,4503.461426,4342.948730,4403.974121,0.000000,1.000000,22.000000,,,,0.000000,2.000000,2.000000,0.000000,4.000000,2.000000,2.000000,0.000000,0.000000,4.000000,4.000000,4.000000,4.000000,4.000000,4.000000,0.000000,,,,,,,,,,,,,,,,,,,,,,,,,,,,
1732157933.242007,1732157933.243680,62.000000,0.000000,4293.589844,4277.948730,4312.820313,4298.205078,4268.205078,4281.794922,4334.871582,4400.769043,4298.077148,4270.128418,4475.256348,4504.230957,4342.820313,4401.153809,0.000000,1.000000,22.000000,,,,0.000000,2.000000,2.000000,0.000000,4.000000,2.000000,2.000000,0.000000,0.000000,4.000000,4.000000,4.000000,4.000000,4.000000,4.000000,0.000000,,,,,,,,,,,,,,,,,,,,,,,,,,,,
1732157933.249816,1732157933.251488,63.000000,0.000000,4290.897461,4278.205078,4314.487305,4300.000000,4264.230957,4286.794922,4334.871582,4401.922852,4295.641113,4265.769043,4475.512695,4503.846191,4342.307617,4400.256348,0.000000,1.000000,22.000000,,,,0.000000,2.000000,2.000000,0.000000,4.000000,2.000000,2.000000,0.000000,0.000000,4.000000,4.000000,4.000000,4.000000,4.000000,4.000000,0.000000,,,,,,,,,,,,,,,,,,,,,,,,,,,,
1732157933.257624,1732157933.259396,64.000000,0.000000,4281.025879,4269.358887,4313.461426,4297.179688,4281.153809,4285.000000,4334.871582,4400.128418,4288.974121,4263.333496,4473.589844,4501.025879,4338.974121,4398.846191,0.000000,1.000000,22.000000,,,,0.000000,2.000000,2.000000,0.000000,4.000000,2.000000,2.000000,0.000000,0.000000,4.000000,4.000000,4.000000,4.000000,4.000000,4.000000,0.000000,,,,,,,,,,,,,,,,,16.000000,0.000000,0.502555,0.454102,-0.566406,0.469482,0.985472,-0.072274,-0.052252,-35.997169,44.204350,31.399574
1732157933.265432,1732157933.267204,65.000000,0.000000,4282.563965,4263.077148,4313.974121,4292.563965,4282.436035,4282.436035,4334.871582,4399.871582,4289.358887,4266.282227,4473.333496,4500.769043,4339.358887,4397.307617,1601.000000,1.000000,22.000000,,,,0.000000,2.000000,2.000000,0.000000,4.000000,2.000000,2.000000,0.000000,0.000000,4.000000,4.000000,4.000000,4.000000,4.000000,4.000000,0.000000,,,,,,,,,,,,,,,,,,,,,,,,,,,,
1732157933.273240,1732157933.275212,66.000000,0.000000,4290.641113,4267.692383,4315.128418,4294.615234,4274.230957,4283.974121,4334.871582,4402.692383,4294.358887,4267.563965,4472.436035,4504.743652,4343.205078,4397.307617,1366.000000,1.000000,22.000000,,,,0.000000,2.000000,2.000000,0.000000,4.000000,2.000000,2.000000,0.000000,0.000000,4.000000,4.000000,4.000000,4.000000,4.000000,4.000000,0.000000,,,,,,,,,,,,,,,,,,,,,,,,,,,,
1732157933.281048,1732157933.283020,67.000000,0.000000,4291.922852,4267.436035,4313.333496,4298.461426,4285.000000,4281.922852,4334.871582,4401.794922,4294.487305,4265.000000,4471.282227,4506.153809,4339.871582,4397.307617,1422.000000,1.000000,22.000000,,,,0.000000,2.000000,2.000000,0.000000,4.000000,2.000000,2.000000,0.000000,0.000000,4.000000,4.000000,4.000000,4.000000,4.000000,4.000000,0.000000,,,,,,,,,,,,,,,,,,,,,,,,,,,,
1732157933.288857,1732157933.290928,68.000000,0.000000,4293.589844,4265.256348,4312.436035,4296.410156,4301.410156,4282.051270,4334.871582,4400.641113,4293.205078,4265.000000,4474.358887,4506.025879,4337.436035,4399.487305,1424.000000,1.000000,22.000000,,,,0.000000,2.000000,2.000000,0.000000,4.000000,2.000000,2.000000,0.000000,0.000000,4.000000,4.000000,4.000000,4.000000,4.000000,4.000000,0.000000,,,,,,,,,,,,,,,,,17.000000,0.000000,0.502642,0.453979,-0.566528,0.469360,0.976682,-0.081553,-0.062019,-35.936043,44.180523,31.581987
1732157933.296665,1732157933.298737,69.000000,0.000000,4295.000000,4270.256348,4314.615234,4295.384766,4292.563965,4288.205078,4334.871582,4402.820313,4296.025879,4273.717773,4477.436035,4507.948730,4342.563965,4402.179688,1210.000000,1.000000,22.000000,,,,0.000000,2.000000,2.000000,0.000000,4.000000,2.000000,2.000000,0.000000,0.000000,4.000000,4.000000,4.000000,4.000000,4.000000,4.000000,0.000000,,,,,,,,,,,,,,,,,,,,,,,,,,,,
1732157933.304473,1732157933.306745,70.000000,0.000000,4291.666504,4273.205078,4315.769043,4297.436035,4270.769043,4291.794922,4334.871582,4402.563965,4297.307617,4280.769043,4476.153809,4507.948730,4345.128418,4401.794922,0.000000,1.000000,22.000000,,,,0.000000,2.000000,2.000000,0.000000,4.000000,2.000000,2.000000,0.000000,0.000000,4.000000,4.000000,4.000000,4.000000,4.000000,4.000000,0.000000,,,,,,,,,,,,,,,,,,,,,,,,,,,,
1732157933.312281,1732157933.314553,71.000000,0.000000,4292.820313,4271.025879,4315.128418,4298.077148,4269.358887,4291.794922,4334.871582,4400.641113,4294.230957,4278.205078,4475.256348,4508.077148,4342.820313,4403.205078,0.000000,1.000000,22.000000,,,,0.000000,2.000000,2.000000,0.000000,4.000000,2.000000,2.000000,0.000000,0.000000,4.000000,4.000000,4.000000,4.000000,4.000000,4.000000,0.000000,,,,,,,,,,,,,,,,,,,,,,,,,,,,
1732157933.320090,1732157933.322461,72.000000,0.000000,4293.333496,4270.512695,4315.000000,4296.922852,4274.743652,4288.589844,4334.871582,4401.410156,4293.205078,4275.897461,4477.692383,4514.487305,4341.794922,4410.641113,1536.000000,1.000000,22.000000,,,,0.000000,2.000000,2.000000,0.000000,4.000000,2.000000,2.000000,0.000000,0.000000,4.000000,4.000000,4.000000,4.000000,4.000000,4.000000,0.000000,,,,,,,,,,,,,,,,,18.000000,0.000000,0.502530,0.454041,-0.566528,0.469421,0.974728,-0.078623,-0.053717,-36.296528,44.431225,31.376410
1732157933.327898,1732157933.330269,73.000000,0.000000,4287.436035,4268.077148,4311.794922,4294.487305,4280.000000,4280.641113,4334.871582,4401.922852,4294.487305,4276.794922,4478.333496,4516.282227,4342.307617,4412.563965,1688.000000,1.000000,22.000000,,,,0.000000,2.000000,2.000000,0.000000,4.000000,2.000000,2.000000,0.000000,0.000000,4.000000,4.000000,4.000000,4.000000,4.000000,4.000000,0.000000,,,,,,,,,,,,,,,,,,,,,,,,,,,,
1732157933.335706,1732157933.338277,74.000000,0.000000,4280.897461,4263.846191,4309.615234,4291.153809,4285.256348,4277.692383,4334.871582,4400.897461,4297.051270,4278.333496,4476.794922,4507.436035,4341.922852,4404.358887,1546.000000,1.000000,22.000000,,,,0.000000,2.000000,2.000000,0.000000,4.000000,2.000000,2.000000,0.000000,0.000000,4.000000,4.000000,4.000000,4.000000,4.000000,4.000000,0.000000,,,,,,,,,,,,,,,,,,,,,,,,,,,,
1732157933.343515,1732157933.346085,75.000000,0.000000,4283.205078,4265.641113,4312.179688,4291.794922,4272.820313,4286.025879,4334.871582,4400.897461,4299.102539,4279.358887,4476.410156,4503.205078,4342.179688,4397.563965,1566.000000,1.000000,22.000000,,,,0.000000,2.000000,2.000000,0.000000,4.000000,2.000000,2.000000,0.000000,0.000000,4.000000,4.000000,4.000000,4.000000,4.000000,4.000000,0.000000,,,,,,,,,,,,,,,,,,,,,,,,,,,,
1732157933.351323,1732157933.353993,76.000000,0.000000,4287.436035,4269.358887,4313.077148,4294.743652,4259.230957,4288.589844,4334.871582,4400.641113,4298.205078,4278.589844,4476.922852,4506.794922,4342.436035,4398.333496,1701.000000,1.000000,22.000000,,,,0.000000,2.000000,2.000000,0.000000,4.000000,2.000000,2.000000,0.000000,0.000000,4.000000,4.000000,4.000000,4.000000,4.000000,4.000000,0.000000,,,,,,,,,,,,,,,,,19.000000,0.000000,0.502713,0.453735,-0.566711,0.469299,0.981565,-0.082530,-0.057136,-36.323521,44.272625,31.571560
1732157933.359131,1732157933.361802,77.000000,0.000000,4284.615234,4267.692383,4312.179688,4295.256348,4265.128418,4280.256348,4334.871582,4399.615234,4296.922852,4278.333496,4478.077148,4508.717773,4342.179688,4401.025879,1608.000000,1.000000,22.000000,,,,0.000000,2.000000,2.000000,0.000000,4.000000,2.000000,2.000000,0.000000,0.000000,4.000000,4.000000,4.000000,4.000000,4.000000,4.000000,0.000000,,,,,,,,,,,,,,,,,,,,,,,,,,,,
1732157933.366939,1732157933.369810,78.000000,0.000000,4283.205078,4265.641113,4312.820313,4293.846191,4278.717773,4278.333496,4334.871582,4400.384766,4296.666504,4279.743652,4477.820313,4507.436035,4341.666504,4399.871582,1546.000000,1.000000,22.000000,,,,0.000000,2.000000,2.000000,0.000000,4.000000,2.000000,2.000000,0.000000,0.000000,4.000000,4.000000,4.000000,4.000000,4.000000,4.000000,0.000000,1.000000,0.000000,2.000000,1.000000,0.000000,4.000000,1.000000,1.000000,0.000000,0.000000,4.000000,4.000000,1.000000,4.000000,1.000000,4.000000,,,,,,,,,,,,
1732157933.374747,1732157933.377618,79.000000,0.000000,4287.563965,4264.871582,4314.487305,4295.256348,4287.436035,4281.410156,4334.871582,4401.410156,4295.128418,4278.589844,4474.615234,4506.410156,4343.077148,4398.717773,1566.000000,1.000000,22.000000,,,,0.000000,2.000000,2.000000,0.000000,4.000000,2.000000,2.000000,0.000000,0.000000,4.000000,4.000000,4.000000,4.000000,4.000000,4.000000,0.000000,,,,,,,,,,,,,,,,,,,,,,,,,,,,
1732157933.382556,1732157933.385526,80.000000,0.000000,4291.153809,4266.410156,4314.615234,4298.717773,4281.794922,4283.205078,4334.871582,4401.794922,4293.974121,4273.717773,4473.077148,4508.333496,4341.153809,4399.743652,1701.000000,1.000000,22.000000,,,,0.000000,2.000000,2.000000,0.000000,4.000000,2.000000,2.000000,0.000000,0.000000,4.000000,4.000000,4.000000,4.000000,4.000000,4.000000,0.000000,,,,,,,,,,,,,,,,,20.000000,0.000000,0.502613,0.453796,-0.566650,0.469421,0.990844,-0.084971,-0.055183,-36.320385,44.372494,31.584629
1732157933.390364,1732157933.393334,81.000000,0.000000,4290.384766,4268.461426,4312.563965,4299.615234,4262.307617,4280.512695,4334.871582,4401.794922,4294.871582,4271.153809,4475.128418,4511.153809,4336.282227,4400.641113,1608.000000,1.000000,22.000000,,,,0.000000,2.000000,2.000000,0.000000,4.000000,2.000000,2.000000,0.000000,0.000000,4.000000,4.000000,4.000000,4.000000,4.000000,4.000000,0.000000,,,,,,,,,,,,,,,,,,,,,,,,,,,,
1732157933.398172,1732157933.401342,82.000000,0.000000,4290.128418,4266.410156,4312.820313,4295.897461,4262.179688,4280.769043,4334.871582,4401.666504,4295.641113,4268.077148,4474.743652,4507.307617,4336.025879,4398.589844,1546.000000,1.000000,22.000000,,,,0.000000,2.000000,2.000000,0.000000,4.000000,2.000000,2.000000,0.000000,0.000000,4.000000,4.000000,4.000000,4.000000,4.000000,4.000000,0.000000,,,,,,,,,,,,,,,,,,,,,,,,,,,,
1732157933.405980,1732157933.409150,83.000000,0.000000,4291.410156,4265.128418,4315.512695,4297.179688,4277.436035,4287.820313,4334.871582,4402.692383,4296.153809,4267.563965,4472.051270,4504.743652,4338.974121,4397.307617,1566.000000,1.000000,22.000000,,,,0.000000,2.000000,2.000000,0.000000,4.000000,2.000000,2.000000,0.000000,0.000000,4.000000,4.000000,4.000000,4.000000,4.000000,4.000000,0.000000,,,,,,,,,,,,,,,,,,,,,,,,,,,,
1732157933.413789,1732157933.417059,84.000000,0.000000,4290.512695,4273.589844,4313.333496,4305.000000,4281.025879,4288.974121,4334.871582,4403.333496,4296.282227,4271.538574,4474.102539,4507.692383,4337.948730,4397.563965,1701.000000,1.000000,22.000000,,,,0.000000,2.000000,2.000000,0.000000,4.000000,2.000000,2.000000,0.000000,0.000000,4.000000,4.000000,4.000000,4.000000,4.000000,4.000000,0.000000,,,,,,,,,,,,,,,,,21.000000,0.000000,0.502457,0.453918,-0.566589,0.469543,0.966427,-0.081065,-0.053229,-36.354511,44.491718,31.315216
1732157933.421597,1732157933.424867,85.000000,0.000000,4287.563965,4276.025879,4310.000000,4303.461426,4281.538574,4280.769043,4334.871582,4403.205078,4296.153809,4272.563965,4476.538574,4508.589844,4335.384766,4397.179688,1608.000000,1.000000,22.000000,,,,0.000000,2.000000,2.000000,0.000000,4.000000,2.000000,2.000000,0.000000,0.000000,4.000000,4.000000,4.000000,4.000000,4.000000,4.000000,0.000000,,,,,,,,,,,,,,,,,,,,,,,,,,,,
1732157933.429405,1732157933.432875,86.000000,0.000000,4284.358887,4265.384766,4311.410156,4296.153809,4277.820313,4277.948730,4334.871582,4403.077148,4298.077148,4271.025879,4474.487305,4505.897461,4338.077148,4394.487305,1546.000000,1.000000,22.000000,,,,0.000000,2.000000,2.000000,0.000000,4.000000,2.000000,2.000000,0.000000,0.000000,4.000000,4.000000,4.000000,4.000000,4.000000,4.000000,0.000000,,,,,,,,,,,,,,,,,,,,,,,,,,,,
1732157933.437214,1732157933.440683,87.000000,0.000000,4282.179688,4261.794922,4314.487305,4296.666504,4277.051270,4281.666504,4334.871582,4401.794922,4297.179688,4270.256348,4472.692383,4506.025879,4339.487305,4389.358887,1566.000000,1.000000,22.000000,,,,0.000000,2.000000,2.000000,0.000000,4.000000,2.000000,2.000000,0.000000,0.000000,4.000000,4.000000,4.000000,4.000000,4.000000,4.000000,0.000000,,,,,,,,,,,,,,,,,,,,,,,,,,,,
1732157933.445022,1732157933.448391,88.000000,0.000000,4281.282227,4267.307617,4313.077148,4297.051270,4292.307617,4280.384766,4334.871582,4400.384766,4292.051270,4267.307617,4473.461426,4510.256348,4335.769043,4391.666504,1701.000000,1.000000,22.000000,,,,0.000000,2.000000,2.000000,0.000000,4.000000,2.000000,2.000000,0.000000,0.000000,4.000000,4.000000,4.000000,4.000000,4.000000,4.000000,0.000000,,,,,,,,,,,,,,,,,22.000000,0.000000,0.502487,0.453796,-0.566711,0.469482,0.974240,-0.089366,-0.052252,-36.205486,44.398293,31.415325
1732157933.452830,1732157933.456199,89.000000,0.000000,4283.717773,4267.436035,4312.692383,4292.692383,4290.000000,4278.717773,4334.871582,4400.512695,4292.436035,4265.000000,4472.948730,4514.102539,4334.487305,4399.230957,1608.000000,1.000000,22.000000,,,,0.000000,2.000000,2.000000,0.000000,4.000000,2.000000,2.000000,0.000000,0.000000,4.000000,4.000000,4.000000,4.000000,4.000000,4.000000,0.000000,,,,,,,,,,,,,,,,,,,,,,,,,,,,
1732157933.460638,1732157933.463808,90.000000,0.000000,4287.179688,4264.230957,4313.461426,4295.384766,4266.410156,4281.666504,4334.871582,4401.666504,4295.128418,4268.589844,4471.666504,4515.512695,4337.820313,4398.205078,1546.000000,1.000000,22.000000,,,,0.000000,2.000000,2.000000,0.000000,4.000000,2.000000,2.000000,0.000000,0.000000,4.000000,4.000000,4.000000,4.000000,4.000000,4.000000,0.000000,,,,,,,,,,,,,,,,,,,,,,,,,,,,
1732157933.468446,1732157933.471616,91.000000,0.000000,4287.820313,4266.538574,4313.461426,4301.538574,4256.666504,4281.538574,4334.871582,4403.974121,4293.205078,4270.769043,4472.051270,4519.102539,4338.333496,4395.000000,1566.000000,1.000000,22.000000,,,,0.000000,2.000000,2.000000,0.000000,4.000000,2.000000,2.000000,0.000000,0.000000,4.000000,4.000000,4.000000,4.000000,4.000000,4.000000,0.000000,,,,,,,,,,,,,,,,,,,,,,,,,,,,
1732157933.476255,1732157933.479324,92.000000,0.000000,4282.820313,4266.410156,4312.948730,4298.589844,4265.769043,4279.230957,4334.871582,4404.230957,4291.794922,4265.384766,4472.563965,4519.230957,4333.974121,4397.820313,1701.000000,1.000000,22.000000,,,,0.000000,2.000000,2.000000,0.000000,4.000000,2.000000,2.000000,0.000000,0.000000,4.000000,4.000000,4.000000,4.000000,4.000000,4.000000,0.000000,,,,,,,,,,,,,,,,,23.000000,0.000000,0.502627,0.453552,-0.566833,0.469421,0.977658,-0.066414,-0.049811,-36.173111,44.322617,31.526413
1732157933.484063,1732157933.487133,93.000000,0.000000,4281.282227,4265.384766,4313.846191,4294.358887,4279.358887,4277.692383,4334.871582,4401.410156,4286.794922,4263.077148,4471.666504,4514.615234,4333.461426,4398.461426,1608.000000,1.000000,22.000000,,,,0.000000,2.000000,2.000000,0.000000,4.000000,2.000000,2.000000,0.000000,0.000000,4.000000,4.000000,4.000000,4.000000,4.000000,4.000000,0.000000,,,,,,,,,,,,,,,,,,,,,,,,,,,,
1732157933.491871,1732157933.494741,94.000000,0.000000,4290.128418,4272.563965,4315.256348,4298.717773,4283.717773,4278.461426,4335.000000,4399.871582,4282.948730,4266.666504,4471.666504,4515.512695,4337.692383,4395.897461,1546.000000,1.000000,22.000000,,,,0.000000,2.000000,2.000000,0.000000,4.000000,2.000000,2.000000,0.000000,0.000000,4.000000,4.000000,4.000000,4.000000,4.000000,4.000000,0.000000,,,,,,,,,,,,,,,,,,,,,,,,,,,,
1732157933.499679,1732157933.502549,95.000000,0.000000,4295.897461,4279.871582,4314.615234,4303.205078,4268.846191,4282.179688,4335.000000,4401.025879,4291.153809,4272.436035,4473.717773,4522.948730,4341.794922,4398.846191,1566.000000,1.000000,22.000000,,,,0.000000,2.000000,2.000000,0.000000,4.000000,2.000000,2.000000,0.000000,0.000000,4.000000,4.000000,4.000000,4.000000,4.000000,4.000000,0.000000,,,,,,,,,,,,,,,,,,,,,,,,,,,,
1732157933.507488,1732157933.510258,96.000000,0.000000,4291.794922,4278.846191,4315.384766,4300.769043,4257.051270,4282.948730,4334.102539,4401.282227,4298.846191,4276.794922,4475.512695,4520.384766,4341.538574,4402.820313,1701.000000,1.000000,22.000000,,,,0.000000,2.000000,2.000000,0.000000,4.000000,2.000000,2.000000,0.000000,0.000000,4.000000,4.000000,4.000000,4.000000,4.000000,4.000000,0.000000,,,,,,,,,,,,,,,,,24.000000,0.000000,0.502670,0.453491,-0.566895,0.469360,0.977658,-0.066414,-0.049811,-36.216888,44.394653,31.666395
1732157933.515296,1732157933.518066,97.000000,0.000000,4290.000000,4275.128418,4316.282227,4296.282227,4265.897461,4280.384766,4335.512695,4399.358887,4295.769043,4279.743652,4474.615234,4513.974121,4340.769043,4400.769043,1608.000000,1.000000,22.000000,,,,0.000000,2.000000,2.000000,0.000000,4.000000,2.000000,2.000000,0.000000,0.000000,4.000000,4.000000,4.000000,4.000000,4.000000,4.000000,0.000000,,,,,,,,,,,,,,,,,,,,,,,,,,,,
1732157933.523104,1732157933.525674,98.000000,0.000000,4293.205078,4273.589844,4312.820313,4296.282227,4266.794922,4279.358887,4335.128418,4399.871582,4296.025879,4276.410156,4472.692383,4515.512695,4342.307617,4398.077148,1546.000000,1.000000,22.000000,,,,0.000000,2.000000,2.000000,0.000000,4.000000,2.000000,2.000000,0.000000,0.000000,4.000000,4.000000,4.000000,4.000000,4.000000,4.000000,0.000000,,,,,,,,,,,,,,,,,,,,,,,,,,,,
1732157933.530913,1732157933.533482,99.000000,0.000000,4291.538574,4271.410156,4309.358887,4298.974121,4270.897461,4278.717773,4331.025879,4401.794922,4295.000000,4269.102539,4472.436035,4514.102539,4341.794922,4399.230957,1566.000000,1.000000,22.000000,,,,0.000000,2.000000,2.000000,0.000000,4.000000,2.000000,2.000000,0.000000,0.000000,4.000000,4.000000,4.000000,4.000000,4.000000,4.000000,0.000000,,,,,,,,,,,,,,,,,,,,,,,,,,,,
1732157933.538721,1732157933.541390,100.000000,0.000000,4284.358887,4269.230957,4311.538574,4297.692383,4290.512695,4277.692383,4331.025879,4401.538574,4283.589844,4263.461426,4472.436035,4506.538574,4335.128418,4398.846191,1701.000000,1.000000,22.000000,,,,0.000000,2.000000,2.000000,0.000000,4.000000,2.000000,2.000000,0.000000,0.000000,4.000000,4.000000,4.000000,4.000000,4.000000,4.000000,0.000000,,,,,,,,,,,,,,,,,25.000000,0.000000,0.502713,0.453430,-0.566956,0.469299,0.983030,-0.087413,-0.050299,-36.064011,44.304668,31.594780
1732157933.546529,1732157933.549199,101.000000,0.000000,4281.922852,4263.461426,4313.333496,4294.615234,4282.820313,4280.641113,4335.512695,4401.153809,4281.666504,4260.256348,4471.410156,4507.692383,4331.666504,4396.538574,1608.000000,1.000000,22.000000,,,,0.000000,2.000000,2.000000,0.000000,4.000000,2.000000,2.000000,0.000000,0.000000,4.000000,4.000000,4.000000,4.000000,4.000000,4.000000,0.000000,,,,,,,,,,,,,,,,,,,,,,,,,,,,
1732157933.554337,1732157933.557207,102.000000,0.000000,4292.179688,4263.846191,4312.692383,4299.102539,4258.974121,4283.461426,4336.282227,4404.230957,4294.743652,4268.333496,4473.717773,4519.615234,4338.461426,4399.487305,1546.000000,1.000000,22.000000,,,,0.000000,2.000000,2.000000,0.000000,4.000000,2.000000,2.000000,0.000000,0.000000,4.000000,4.000000,4.000000,4.000000,4.000000,4.000000,0.000000,,,,,,,,,,,,,,,,,,,,,,,,,,,,
1732157933.562145,1732157933.565015,103.000000,0.000000,4299.102539,4272.948730,4313.077148,4303.077148,4260.000000,4280.512695,4333.974121,4405.128418,4296.538574,4276.922852,4477.436035,4521.153809,4344.871582,4404.358887,1566.000000,1.000000,22.000000,,,,0.000000,2.000000,2.000000,0.000000,4.000000,2.000000,2.000000,0.000000,0.000000,4.000000,4.000000,4.000000,4.000000,4.000000,4.000000,0.000000,,,,,,,,,,,,,,,,,,,,,,,,,,,,
1732157933.569954,1732157933.572723,104.000000,0.000000,4289.743652,4271.538574,4314.358887,4299.102539,4270.769043,4277.051270,4333.846191,4400.128418,4283.333496,4270.897461,4476.538574,4512.692383,4342.307617,4400.897461,1701.000000,1.000000,22.000000,,,,0.000000,2.000000,2.000000,0.000000,4.000000,2.000000,2.000000,0.000000,0.000000,4.000000,4.000000,4.000000,4.000000,4.000000,4.000000,0.000000,,,,,,,,,,,,,,,,,26.000000,0.000000,0.502085,0.454041,-0.566467,0.469971,0.978147,-0.077158,-0.055671,-36.341850,44.403450,31.398438
1732157933.577762,1732157933.580531,105.000000,0.000000,4285.512695,4267.563965,4314.102539,4296.025879,4267.051270,4278.077148,4334.743652,4398.461426,4285.512695,4267.948730,4473.461426,4511.538574,4338.974121,4397.179688,1608.000000,1.000000,22.000000,,,,0.000000,2.000000,2.000000,0.000000,4.000000,2.000000,2.000000,0.000000,0.000000,4.000000,4.000000,4.000000,4.000000,4.000000,4.000000,0.000000,,,,,,,,,,,,,,,,,,,,,,,,,,,,
1732157933.585570,1732157933.588539,106.000000,0.000000,4294.102539,4271.666504,4313.846191,4298.589844,4267.051270,4280.769043,4334.102539,4405.000000,4300.128418,4278.461426,4473.717773,4515.897461,4340.769043,4402.051270,1546.000000,1.000000,22.000000,,,,0.000000,2.000000,2.000000,0.000000,4.000000,2.000000,2.000000,0.000000,0.000000,4.000000,4.000000,4.000000,4.000000,4.000000,4.000000,0.000000,,,,,,,,,,,,,,,,,,,,,,,,,,,,
1732157933.593378,1732157933.596348,107.000000,0.000000,4297.051270,4272.692383,4314.487305,4302.051270,4285.641113,4279.487305,4332.563965,4407.179688,4292.948730,4278.589844,4474.743652,4514.102539,4341.153809,4404.358887,1566.000000,1.000000,22.000000,,,,0.000000,2.000000,2.000000,0.000000,4.000000,2.000000,2.000000,0.000000,0.000000,4.000000,4.000000,4.000000,4.000000,4.000000,4.000000,0.000000,,,,,,,,,,,,,,,,,,,,,,,,,,,,
1732157933.601187,1732157933.604056,108.000000,0.000000,4293.077148,4268.846191,4313.846191,4301.025879,4288.461426,4277.563965,4333.333496,4401.410156,4279.871582,4269.230957,4471.794922,4508.589844,4332.692383,4399.615234,1701.000000,1.000000,22.000000,,,,0.000000,2.000000,2.000000,0.000000,4.000000,2.000000,2.000000,0.000000,0.000000,4.000000,4.000000,4.000000,4.000000,4.000000,4.000000,0.000000,,,,,,,,,,,,,,,,,27.000000,0.000000,0.502097,0.454041,-0.566406,0.470032,0.978147,-0.077158,-0.055671,-36.171898,44.436794,31.314402
1732157933.608995,1732157933.611864,109.000000,0.000000,4293.205078,4270.128418,4313.461426,4298.205078,4265.000000,4280.128418,4336.025879,4398.974121,4290.512695,4273.717773,4471.410156,4507.436035,4326.282227,4398.461426,1608.000000,1.000000,22.000000,,,,0.000000,2.000000,2.000000,0.000000,4.000000,2.000000,2.000000,0.000000,0.000000,4.000000,4.000000,4.000000,4.000000,4.000000,4.000000,0.000000,,,,,,,,,,,,,,,,,,,,,,,,,,,,
1732157933.616803,1732157933.619473,110.000000,0.000000,4295.384766,4271.794922,4314.743652,4298.461426,4256.282227,4281.794922,4335.384766,4401.794922,4296.922852,4278.974121,4475.769043,4507.948730,4334.102539,4402.563965,1546.000000,1.000000,22.000000,,,,0.000000,2.000000,2.000000,0.000000,4.000000,2.000000,2.000000,0.000000,0.000000,4.000000,4.000000,4.000000,4.000000,4.000000,4.000000,0.000000,,,,,,,,,,,,,,,,,,,,,,,,,,,,
1732157933.624612,1732157933.627281,111.000000,0.000000,4293.846191,4272.948730,4314.102539,4301.538574,4269.871582,4281.153809,4333.333496,4402.307617,4283.846191,4274.487305,4477.179688,4508.717773,4344.871582,4402.307617,1566.000000,1.000000,22.000000,,,,0.000000,2.000000,2.000000,0.000000,4.000000,2.000000,2.000000,0.000000,0.000000,4.000000,4.000000,4.000000,4.000000,4.000000,4.000000,0.000000,,,,,,,,,,,,,,,,,,,,,,,,,,,,
1732157933.632420,1732157933.635189,112.000000,0.000000,4290.512695,4277.051270,4311.025879,4301.282227,4267.051270,4282.563965,4334.743652,4399.743652,4282.948730,4274.871582,4476.538574,4508.589844,4345.000000,4400.897461,1701.000000,1.000000,22.000000,,,,0.000000,2.000000,2.000000,0.000000,4.000000,2.000000,2.000000,0.000000,0.000000,4.000000,4.000000,4.000000,4.000000,4.000000,4.000000,0.000000,,,,,,,,,,,,,,,,,28.000000,0.000000,0.502111,0.454102,-0.566345,0.470032,0.980100,-0.070321,-0.058601,-36.170906,44.195469,31.127998
1732157933.640228,1732157933.642997,113.000000,0.000000,4289.102539,4271.538574,4310.641113,4297.948730,4263.974121,4281.666504,4336.025879,4400.128418,4291.666504,4278.589844,4477.436035,4509.871582,4342.307617,4402.436035,1608.000000,1.000000,22.000000,,,,0.000000,2.000000,2.000000,0.000000,4.000000,2.000000,2.000000,0.000000,0.000000,4.000000,4.000000,4.000000,4.000000,4.000000,4.000000,0.000000,,,,,,,,,,,,,,,,,,,,,,,,,,,,
1732157933.648036,1732157933.651005,114.000000,0.000000,4289.230957,4264.358887,4314.615234,4296.410156,4286.666504,4277.436035,4334.871582,4401.153809,4289.871582,4277.820313,4475.897461,4508.461426,4343.077148,4400.641113,1546.000000,1.000000,22.000000,,,,0.000000,2.000000,2.000000,0.000000,4.000000,2.000000,2.000000,0.000000,0.000000,4.000000,4.000000,4.000000,4.000000,4.000000,4.000000,0.000000,,,,,,,,,,,,,,,,,,,,,,,,,,,,
1732157933.655844,1732157933.658813,115.000000,0.000000,4284.743652,4263.717773,4315.384766,4294.871582,4288.589844,4278.333496,4333.974121,4400.897461,4288.846191,4274.615234,4473.589844,4505.641113,4342.948730,4396.922852,1566.000000,1.000000,22.000000,,,,0.000000,2.000000,2.000000,0.000000,4.000000,2.000000,2.000000,0.000000,0.000000,4.000000,4.000000,4.000000,4.000000,4.000000,4.000000,0.000000,,,,,,,,,,,,,,,,,,,,,,,,,,,,
1732157933.663653,1732157933.666721,116.000000,0.000000,4280.384766,4265.641113,4314.230957,4295.000000,4260.000000,4281.153809,4333.846191,4400.897461,4295.256348,4278.205078,4475.897461,4506.282227,4342.563965,4396.922852,1701.000000,1.000000,22.000000,,,,0.000000,2.000000,2.000000,0.000000,4.000000,2.000000,2.000000,0.000000,0.000000,4.000000,4.000000,4.000000,4.000000,4.000000,4.000000,0.000000,,,,,,,,,,,,,,,,,29.000000,0.000000,0.502079,0.454163,-0.566223,0.470154,0.982053,-0.090343,-0.057136,-36.050098,44.203331,31.377012
1732157933.671461,1732157933.674530,117.000000,0.000000,4282.948730,4265.512695,4315.512695,4297.563965,4257.307617,4280.641113,4334.615234,4402.179688,4296.922852,4281.794922,4476.794922,4507.179688,4343.077148,4398.333496,1608.000000,1.000000,22.000000,,,,0.000000,2.000000,2.000000,0.000000,4.000000,2.000000,2.000000,0.000000,0.000000,4.000000,4.000000,4.000000,4.000000,4.000000,4.000000,0.000000,,,,,,,,,,,,,,,,,,,,,,,,,,,,
1732157933.679269,1732157933.682538,118.000000,0.000000,4286.025879,4265.256348,4315.897461,4299.230957,4281.153809,4278.717773,4335.256348,4404.102539,4295.256348,4279.358887,4476.666504,4508.077148,4342.563965,4398.077148,1546.000000,1.000000,22.000000,,,,0.000000,2.000000,2.000000,0.000000,4.000000,2.000000,2.000000,0.000000,0.000000,4.000000,4.000000,4.000000,4.000000,4.000000,4.000000,0.000000,,,,,,,,,,,,,,,,,,,,,,,,,,,,
1732157933.687077,1732157933.690346,119.000000,0.000000,4285.512695,4265.384766,4313.846191,4297.820313,4279.871582,4280.128418,4334.102539,4403.205078,4294.871582,4279.487305,4477.563965,4508.974121,4342.692383,4398.077148,1566.000000,1.000000,22.000000,,,,0.000000,2.000000,2.000000,0.000000,4.000000,2.000000,2.000000,0.000000,0.000000,4.000000,4.000000,4.000000,4.000000,4.000000,4.000000,0.000000,,,,,,,,,,,,,,,,,,,,,,,,,,,,
1732157933.694886,1732157933.698054,120.000000,0.000000,4285.256348,4264.487305,4311.922852,4297.820313,4258.333496,4284.615234,4333.205078,4400.512695,4294.230957,4283.717773,4474.230957,4507.307617,4341.794922,4398.589844,1701.000000,1.000000,22.000000,,,,0.000000,2.000000,2.000000,0.000000,4.000000,2.000000,2.000000,0.000000,0.000000,4.000000,4.000000,4.000000,4.000000,4.000000,4.000000,0.000000,,,,,,,,,,,,,,,,,30.000000,0.000000,0.502050,0.453979,-0.566345,0.470215,0.983518,-0.089855,-0.042486,-36.188915,44.148029,31.470381
1732157933.702694,1732157933.705862,121.000000,0.000000,4286.538574,4265.512695,4313.589844,4300.384766,4261.538574,4285.384766,4335.128418,4400.897461,4295.897461,4283.846191,4471.282227,4504.743652,4340.256348,4398.077148,1608.000000,1.000000,22.000000,,,,0.000000,2.000000,2.000000,0.000000,4.000000,2.000000,2.000000,0.000000,0.000000,4.000000,4.000000,4.000000,4.000000,4.000000,4.000000,0.000000,,,,,,,,,,,,,,,,,,,,,,,,,,,,
1732157933.710502,1732157933.713870,122.000000,0.000000,4290.769043,4266.538574,4316.538574,4298.717773,4275.512695,4282.179688,4336.025879,4403.846191,4295.769043,4279.615234,4473.205078,4507.307617,4340.512695,4401.153809,1546.000000,1.000000,22.000000,,,,0.000000,2.000000,2.000000,0.000000,4.000000,2.000000,2.000000,0.000000,0.000000,4.000000,4.000000,4.000000,4.000000,4.000000,4.000000,0.000000,,,,,,,,,,,,,,,,,,,,,,,,,,,,
1732157933.718310,1732157933.721679,123.000000,0.000000,4296.410156,4269.615234,4318.205078,4296.025879,4272.563965,4280.512695,4334.743652,4405.000000,4290.512695,4278.846191,4473.589844,4510.512695,4343.333496,4405.000000,1566.000000,1.000000,22.000000,,,,0.000000,2.000000,2.000000,0.000000,4.000000,2.000000,2.000000,0.000000,0.000000,4.000000,4.000000,4.000000,4.000000,4.000000,4.000000,0.000000,,,,,,,,,,,,,,,,,,,,,,,,,,,,
1732157933.726119,1732157933.729587,124.000000,0.000000,4293.333496,4273.846191,4317.179688,4297.307617,4271.922852,4281.410156,4335.000000,4402.179688,4288.846191,4281.538574,4471.794922,4505.512695,4343.846191,4403.461426,1701.000000,1.000000,22.000000,,,,0.000000,2.000000,2.000000,0.000000,4.000000,2.000000,2.000000,0.000000,0.000000,4.000000,4.000000,4.000000,4.000000,4.000000,4.000000,0.000000,,,,,,,,,,,,,,,,,31.000000,0.000000,0.502050,0.453979,-0.566345,0.470215,0.977170,-0.077646,-0.043462,-36.301353,44.103237,31.441008
1732157933.733927,1732157933.737395,125.000000,0.000000,4289.102539,4270.897461,4315.641113,4297.307617,4274.743652,4281.282227,4335.512695,4399.871582,4286.922852,4280.128418,4472.051270,4501.025879,4338.077148,4396.538574,1608.000000,1.000000,22.000000,,,,0.000000,2.000000,2.000000,0.000000,4.000000,2.000000,2.000000,0.000000,0.000000,4.000000,4.000000,4.000000,4.000000,4.000000,4.000000,0.000000,,,,,,,,,,,,,,,,,,,,,,,,,,,,
1732157933.741735,1732157933.745403,126.000000,0.000000,4289.871582,4266.922852,4316.025879,4295.000000,4275.641113,4279.615234,4334.487305,4400.128418,4280.512695,4277.307617,4472.563965,4498.077148,4335.384766,4393.461426,1546.000000,1.000000,22.000000,,,,0.000000,2.000000,2.000000,0.000000,4.000000,2.000000,2.000000,0.000000,0.000000,4.000000,4.000000,4.000000,4.000000,4.000000,4.000000,0.000000,,,,,,,,,,,,,,,,,,,,,,,,,,,,
1732157933.749543,1732157933.753211,127.000000,0.000000,4286.666504,4269.102539,4315.897461,4296.153809,4287.692383,4276.922852,4333.205078,4401.538574,4284.102539,4277.948730,4472.179688,4496.666504,4338.589844,4396.410156,22.000000,1.000000,22.000000,,,,0.000000,2.000000,2.000000,0.000000,4.000000,2.000000,2.000000,0.000000,0.000000,4.000000,4.000000,4.000000,4.000000,4.000000,4.000000,0.000000,,,,,,,,,,,,,,,,,,,,,,,,,,,,
1732157933.757352,1732157933.761119,0.000000,0.000000,4284.230957,4276.410156,4313.974121,4298.461426,4287.307617,4276.538574,4332.307617,4402.307617,4294.230957,4278.461426,4472.051270,4496.794922,4338.974121,4397.820313,0.000000,1.000000,22.000000,,,,0.000000,2.000000,2.000000,0.000000,4.000000,2.000000,2.000000,0.000000,0.000000,4.000000,4.000000,4.000000,4.000000,4.000000,4.000000,0.000000,,,,,,,,,,,,,,,,,0.000000,0.000000,0.502105,0.453918,-0.566345,0.470215,0.962031,-0.082530,-0.057136,-36.380764,44.376957,31.423883
1732157933.765160,1732157933.768927,1.000000,0.000000,4289.487305,4277.436035,4313.333496,4299.230957,4260.897461,4281.410156,4333.717773,4401.153809,4288.333496,4276.410156,4471.153809,4499.487305,4337.436035,4398.846191,1601.000000,1.000000,22.000000,,,,0.000000,2.000000,2.000000,0.000000,4.000000,2.000000,2.000000,0.000000,0.000000,4.000000,4.000000,4.000000,4.000000,4.000000,4.000000,0.000000,,,,,,,,,,,,,,,,,,,,,,,,,,,,
1732157933.772968,1732157933.776935,2.000000,0.000000,4291.666504,4270.000000,4314.487305,4298.589844,4258.205078,4282.563965,4335.512695,4401.538574,4276.666504,4275.641113,4470.769043,4497.563965,4339.487305,4401.153809,1366.000000,1.000000,22.000000,,,,0.000000,2.000000,2.000000,0.000000,4.000000,2.000000,2.000000,0.000000,0.000000,4.000000,4.000000,4.000000,4.000000,4.000000,4.000000,0.000000,,,,,,,,,,,,,,,,,,,,,,,,,,,,
1732157933.780776,1732157933.784744,3.000000,0.000000,4285.897461,4264.230957,4314.615234,4295.641113,4285.128418,4279.743652,4333.589844,4402.051270,4282.820313,4277.948730,4472.051270,4495.897461,4342.179688,4400.128418,1422.000000,1.000000,22.000000,,,,0.000000,2.000000,2.000000,0.000000,4.000000,2.000000,2.000000,0.000000,0.000000,4.000000,4.000000,4.000000,4.000000,4.000000,4.000000,0.000000,,,,,,,,,,,,,,,,,,,,,,,,,,,,
1732157933.788585,1732157933.792652,4.000000,0.000000,4281.538574,4265.256348,4315.897461,4292.307617,4280.512695,4280.128418,4332.563965,4400.769043,4295.641113,4281.666504,4473.589844,4501.666504,4343.333496,4397.692383,1427.000000,1.000000,22.000000,,,,0.000000,2.000000,2.000000,0.000000,4.000000,2.000000,2.000000,0.000000,0.000000,4.000000,4.000000,4.000000,4.000000,4.000000,4.000000,0.000000,,,,,,,,,,,,,,,,,1.000000,0.000000,0.502120,0.454041,-0.566284,0.470154,0.979123,-0.079600,-0.055183,-36.450085,44.315334,31.593346
1732157933.796393,1732157933.800460,5.000000,0.000000,4281.538574,4265.256348,4315.000000,4293.205078,4256.025879,4281.794922,4334.871582,4399.358887,4296.153809,4284.871582,4473.205078,4499.871582,4343.974121,4397.563965,1210.000000,1.000000,22.000000,,,,0.000000,2.000000,2.000000,0.000000,4.000000,2.000000,2.000000,0.000000,0.000000,4.000000,4.000000,4.000000,4.000000,4.000000,4.000000,0.000000,,,,,,,,,,,,,,,,,,,,,,,,,,,,
1732157933.804201,1732157933.808068,6.000000,0.000000,4283.846191,4264.615234,4311.282227,4295.384766,4259.102539,4280.897461,4335.256348,4399.615234,4292.051270,4283.717773,4472.948730,4496.922852,4345.128418,4397.436035,0.000000,1.000000,22.000000,,,,0.000000,2.000000,2.000000,0.000000,4.000000,2.000000,2.000000,0.000000,0.000000,4.000000,4.000000,4.000000,4.000000,4.000000,4.000000,0.000000,,,,,,,,,,,,,,,,,,,,,,,,,,,,
1732157933.812009,1732157933.815877,7.000000,0.000000,4284.102539,4272.179688,4310.769043,4296.025879,4270.512695,4281.153809,4333.589844,4400.128418,4293.205078,4280.512695,4473.974121,4502.179688,4347.692383,4395.641113,0.000000,1.000000,22.000000,,,,0.000000,2.000000,2.000000,0.000000,4.000000,2.000000,2.000000,0.000000,0.000000,4.000000,4.000000,4.000000,4.000000,4.000000,4.000000,0.000000,,,,,,,,,,,,,,,,,,,,,,,,,,,,
1732157933.819818,1732157933.823585,8.000000,0.000000,4284.615234,4277.820313,4313.846191,4295.769043,4269.743652,4281.538574,4333.461426,4401.410156,4294.871582,4281.025879,4473.974121,4504.615234,4349.102539,4396.025879,1531.000000,1.000000,22.000000,,,,0.000000,2.000000,2.000000,0.000000,4.000000,2.000000,2.000000,0.000000,0.000000,4.000000,4.000000,4.000000,4.000000,4.000000,4.000000,0.000000,,,,,,,,,,,,,,,,,2.000000,0.000000,0.502050,0.453979,-0.566345,0.470215,0.972287,-0.094250,-0.050787,-36.376236,44.260422,31.615610
1732157933.827626,1732157933.831393,9.000000,0.000000,4292.179688,4278.077148,4311.794922,4297.179688,4271.153809,4280.769043,4333.461426,4402.948730,4294.230957,4282.307617,4474.230957,4503.589844,4346.153809,4398.589844,1691.000000,1.000000,22.000000,,,,0.000000,2.000000,2.000000,0.000000,4.000000,2.000000,2.000000,0.000000,0.000000,4.000000,4.000000,4.000000,4.000000,4.000000,4.000000,0.000000,,,,,,,,,,,,,,,,,,,,,,,,,,,,
1732157933.835434,1732157933.839001,10.000000,0.000000,4295.384766,4279.358887,4310.256348,4299.743652,4277.563965,4280.897461,4334.743652,4402.563965,4297.563965,4281.025879,4474.615234,4505.512695,4343.717773,4398.974121,1546.000000,1.000000,22.000000,,,,0.000000,2.000000,2.000000,0.000000,4.000000,2.000000,2.000000,0.000000,0.000000,4.000000,4.000000,4.000000,4.000000,4.000000,4.000000,0.000000,,,,,,,,,,,,,,,,,,,,,,,,,,,,
1732157933.843242,1732157933.846810,11.000000,0.000000,4291.410156,4278.846191,4313.846191,4300.512695,4285.000000,4279.487305,4333.205078,4401.922852,4294.871582,4278.974121,4473.205078,4506.538574,4343.333496,4397.436035,1566.000000,1.000000,22.000000,,,,0.000000,2.000000,2.000000,0.000000,4.000000,2.000000,2.000000,0.000000,0.000000,4.000000,4.000000,4.000000,4.000000,4.000000,4.000000,0.000000,,,,,,,,,,,,,,,,,,,,,,,,,,,,
1732157933.851051,1732157933.854518,12.000000,0.000000,4292.692383,4276.025879,4314.487305,4297.563965,4286.282227,4276.538574,4328.846191,4401.282227,4284.871582,4278.974121,4472.179688,4507.948730,4343.077148,4397.051270,1701.000000,1.000000,22.000000,,,,0.000000,2.000000,2.000000,0.000000,4.000000,2.000000,2.000000,0.000000,0.000000,4.000000,4.000000,4.000000,4.000000,4.000000,4.000000,0.000000,,,,,,,,,,,,,,,,,3.000000,0.000000,0.502050,0.453979,-0.566345,0.470215,0.974240,-0.094250,-0.058113,-36.421417,44.395943,31.903645
1732157933.858859,1732157933.862326,13.000000,0.000000,4294.487305,4277.051270,4312.948730,4296.282227,4270.256348,4278.205078,4331.794922,4399.230957,4289.743652,4281.922852,4472.948730,4513.205078,4343.846191,4398.077148,1606.000000,1.000000,22.000000,,,,0.000000,2.000000,2.000000,0.000000,4.000000,2.000000,2.000000,0.000000,0.000000,4.000000,4.000000,4.000000,4.000000,4.000000,4.000000,0.000000,,,,,,,,,,,,,,,,,,,,,,,,,,,,
1732157933.866667,1732157933.869935,14.000000,0.000000,4288.846191,4278.846191,4314.358887,4301.282227,4256.794922,4281.025879,4335.769043,4399.487305,4298.461426,4282.563965,4473.205078,4512.692383,4343.846191,4398.846191,1546.000000,1.000000,22.000000,,,,0.000000,2.000000,2.000000,0.000000,4.000000,2.000000,2.000000,0.000000,0.000000,4.000000,4.000000,4.000000,4.000000,4.000000,4.000000,0.000000,1.000000,0.000000,1.000000,1.000000,0.000000,4.000000,1.000000,0.000000,0.000000,0.000000,4.000000,3.000000,1.000000,4.000000,1.000000,4.000000,,,,,,,,,,,,
1732157933.874475,1732157933.877743,15.000000,0.000000,4289.743652,4278.461426,4315.769043,4304.487305,4269.102539,4280.256348,4332.179688,4402.051270,4286.410156,4278.717773,4471.922852,4510.897461,4342.820313,4399.102539,1566.000000,1.000000,22.000000,,,,0.000000,2.000000,2.000000,0.000000,4.000000,2.000000,2.000000,0.000000,0.000000,4.000000,4.000000,4.000000,4.000000,4.000000,4.000000,0.000000,,,,,,,,,,,,,,,,,,,,,,,,,,,,
1732157933.882284,1732157933.885651,16.000000,0.000000,4296.282227,4281.153809,4314.743652,4301.410156,4277.179688,4280.000000,4333.461426,4401.282227,4280.512695,4278.205078,4471.922852,4508.846191,4342.692383,4398.333496,0.000000,1.000000,22.000000,,,,0.000000,2.000000,2.000000,0.000000,4.000000,2.000000,2.000000,0.000000,0.000000,4.000000,4.000000,4.000000,4.000000,4.000000,4.000000,0.000000,,,,,,,,,,,,,,,,,4.000000,0.000000,0.502125,0.453857,-0.566528,0.470032,0.975705,-0.077646,-0.047857,-36.443016,44.615711,31.821951
1732157933.890092,1732157933.893459,17.000000,0.000000,4294.615234,4280.641113,4312.692383,4297.436035,4270.128418,4278.974121,4337.948730,4399.487305,4296.153809,4280.641113,4472.436035,4505.256348,4343.717773,4398.333496,0.000000,1.000000,22.000000,,,,0.000000,2.000000,2.000000,0.000000,4.000000,2.000000,2.000000,0.000000,0.000000,4.000000,4.000000,4.000000,4.000000,4.000000,4.000000,0.000000,,,,,,,,,,,,,,,,,,,,,,,,,,,,
1732157933.897900,1732157933.901068,18.000000,0.000000,4290.128418,4278.077148,4311.153809,4295.256348,4282.820313,4276.538574,4332.692383,4399.871582,4292.692383,4279.487305,4472.051270,4504.871582,4344.487305,4399.358887,0.000000,1.000000,22.000000,,,,0.000000,2.000000,2.000000,0.000000,4.000000,2.000000,2.000000,0.000000,0.000000,4.000000,4.000000,4.000000,4.000000,4.000000,4.000000,0.000000,,,,,,,,,,,,,,,,,,,,,,,,,,,,
1732157933.905708,1732157933.908876,19.000000,0.000000,4289.615234,4280.128418,4311.410156,4297.179688,4288.461426,4278.974121,4328.205078,4398.974121,4278.077148,4277.051270,4471.794922,4507.179688,4343.077148,4397.948730,0.000000,1.000000,22.000000,,,,0.000000,2.000000,2.000000,0.000000,4.000000,2.000000,2.000000,0.000000,0.000000,4.000000,4.000000,4.000000,4.000000,4.000000,4.000000,0.000000,,,,,,,,,,,,,,,,,,,,,,,,,,,,
1732157933.913517,1732157933.916584,20.000000,0.000000,4291.025879,4281.282227,4312.820313,4299.230957,4268.461426,4282.820313,4332.179688,4399.230957,4288.333496,4279.102539,4472.948730,4507.820313,4342.948730,4396.153809,0.000000,1.000000,22.000000,,,,0.000000,2.000000,2.000000,0.000000,4.000000,2.000000,2.000000,0.000000,0.000000,4.000000,4.000000,4.000000,4.000000,4.000000,4.000000,0.000000,,,,,,,,,,,,,,,,,5.000000,0.000000,0.502194,0.453857,-0.566467,0.470032,0.973752,-0.082530,-0.057624,-36.580509,44.857059,31.784115
1732157933.921325,1732157933.924392,21.000000,0.000000,4294.230957,4278.974121,4311.922852,4302.692383,4258.589844,4281.282227,4333.717773,4400.256348,4300.000000,4280.641113,4475.128418,4507.948730,4343.717773,4397.563965,0.000000,1.000000,22.000000,,,,0.000000,2.000000,2.000000,0.000000,4.000000,2.000000,2.000000,0.000000,0.000000,4.000000,4.000000,4.000000,4.000000,4.000000,4.000000,0.000000,,,,,,,,,,,,,,,,,,,,,,,,,,,,
1732157933.929133,1732157933.932001,22.000000,0.000000,4296.922852,4279.487305,4312.948730,4305.384766,4263.974121,4280.128418,4333.205078,4401.922852,4294.615234,4278.589844,4476.666504,4507.563965,4342.307617,4399.615234,0.000000,1.000000,22.000000,,,,0.000000,2.000000,2.000000,0.000000,4.000000,2.000000,2.000000,0.000000,0.000000,4.000000,4.000000,4.000000,4.000000,4.000000,4.000000,0.000000,,,,,,,,,,,,,,,,,,,,,,,,,,,,
1732157933.936941,1732157933.939809,23.000000,0.000000,4295.128418,4281.410156,4316.538574,4303.589844,4275.769043,4281.025879,4334.615234,4405.000000,4285.769043,4277.436035,4477.307617,4507.436035,4342.563965,4399.743652,0.000000,1.000000,22.000000,,,,0.000000,2.000000,2.000000,0.000000,4.000000,2.000000,2.000000,0.000000,0.000000,4.000000,4.000000,4.000000,4.000000,4.000000,4.000000,0.000000,,,,,,,,,,,,,,,,,,,,,,,,,,,,
1732157933.944749,1732157933.947517,24.000000,0.000000,4294.743652,4279.871582,4313.589844,4301.922852,4286.538574,4279.358887,4335.128418,4403.717773,4280.512695,4278.333496,4476.666504,4507.436035,4346.282227,4397.948730,0.000000,1.000000,22.000000,,,,0.000000,2.000000,2.000000,0.000000,4.000000,2.000000,2.000000,0.000000,0.000000,4.000000,4.000000,4.000000,4.000000,4.000000,4.000000,0.000000,,,,,,,,,,,,,,,,,6.000000,0.000000,0.502150,0.453918,-0.566406,0.470093,0.969357,-0.067879,-0.051764,-36.596878,44.852551,31.666800
1732157933.952558,1732157933.955325,25.000000,0.000000,4295.769043,4278.974121,4312.179688,4302.307617,4277.051270,4278.333496,4334.871582,4400.128418,4288.077148,4281.538574,4476.025879,4505.512695,4346.153809,4400.512695,0.000000,1.000000,22.000000,,,,0.000000,2.000000,2.000000,0.000000,4.000000,2.000000,2.000000,0.000000,0.000000,4.000000,4.000000,4.000000,4.000000,4.000000,4.000000,0.000000,,,,,,,,,,,,,,,,,,,,,,,,,,,,
1732157933.960366,1732157933.963333,26.000000,0.000000,4295.897461,4280.512695,4316.153809,4302.051270,4256.666504,4279.615234,4334.871582,4400.897461,4296.410156,4282.820313,4476.282227,4506.538574,4342.563965,4403.333496,0.000000,1.000000,22.000000,,,,0.000000,2.000000,2.000000,0.000000,4.000000,2.000000,2.000000,0.000000,0.000000,4.000000,4.000000,4.000000,4.000000,4.000000,4.000000,0.000000,,,,,,,,,,,,,,,,,,,,,,,,,,,,
1732157933.968174,1732157933.971142,27.000000,0.000000,4296.538574,4281.410156,4315.641113,4302.820313,4260.641113,4280.641113,4333.589844,4402.436035,4286.153809,4279.615234,4475.128418,4506.025879,4342.948730,4397.820313,0.000000,1.000000,22.000000,,,,0.000000,2.000000,2.000000,0.000000,4.000000,2.000000,2.000000,0.000000,0.000000,4.000000,4.000000,4.000000,4.000000,4.000000,4.000000,0.000000,,,,,,,,,,,,,,,,,,,,,,,,,,,,
1732157933.975983,1732157933.979050,28.000000,0.000000,4296.153809,4282.436035,4312.307617,4306.922852,4272.563965,4281.282227,4333.974121,4400.897461,4285.512695,4278.333496,4473.846191,4502.563965,4344.230957,4393.077148,0.000000,1.000000,22.000000,,,,0.000000,2.000000,2.000000,0.000000,4.000000,2.000000,2.000000,0.000000,0.000000,4.000000,4.000000,4.000000,4.000000,4.000000,4.000000,0.000000,,,,,,,,,,,,,,,,,7.000000,0.000000,0.502306,0.453796,-0.566467,0.469971,0.976682,-0.075204,-0.046881,-36.400139,44.733902,31.698441
1732157933.983791,1732157933.986858,29.000000,0.000000,4296.410156,4282.051270,4313.589844,4307.692383,4274.358887,4281.794922,4334.615234,4400.897461,4297.307617,4280.000000,4475.384766,4504.871582,4343.461426,4397.179688,0.000000,1.000000,22.000000,,,,0.000000,2.000000,2.000000,0.000000,4.000000,2.000000,2.000000,0.000000,0.000000,4.000000,4.000000,4.000000,4.000000,4.000000,4.000000,0.000000,,,,,,,,,,,,,,,,,,,,,,,,,,,,
1732157933.991599,1732157933.994866,30.000000,0.000000,4297.820313,4282.948730,4315.769043,4306.666504,4275.512695,4280.897461,4333.205078,4402.051270,4291.282227,4280.897461,4476.410156,4509.358887,4344.230957,4400.384766,0.000000,1.000000,22.000000,,,,0.000000,2.000000,2.000000,0.000000,4.000000,2.000000,2.000000,0.000000,0.000000,4.000000,4.000000,4.000000,4.000000,4.000000,4.000000,0.000000,,,,,,,,,,,,,,,,,,,,,,,,,,,,
1732157933.999407,1732157934.002674,31.000000,0.000000,4297.307617,4285.000000,4314.230957,4307.692383,4273.589844,4280.128418,4333.589844,4400.769043,4284.230957,4276.538574,4473.589844,4508.077148,4342.179688,4397.692383,0.000000,1.000000,22.000000,,,,0.000000,2.000000,2.000000,0.000000,4.000000,2.000000,2.000000,0.000000,0.000000,4.000000,4.000000,4.000000,4.000000,4.000000,4.000000,0.000000,,,,,,,,,,,,,,,,,,,,,,,,,,,,
1732157934.007216,1732157934.010382,32.000000,0.000000,4295.641113,4282.820313,4312.692383,4306.538574,4283.333496,4278.846191,4334.358887,4402.179688,4287.436035,4266.666504,4471.666504,4506.153809,4337.692383,4394.743652,0.000000,1.000000,22.000000,,,,0.000000,2.000000,2.000000,0.000000,4.000000,2.000000,2.000000,0.000000,0.000000,4.000000,4.000000,4.000000,4.000000,4.000000,4.000000,0.000000,,,,,,,,,,,,,,,,,8.000000,0.000000,0.502391,0.453613,-0.566589,0.469910,0.968868,-0.082041,-0.054694,-36.039112,44.772793,31.755737
1732157934.015024,1732157934.018191,33.000000,0.000000,4294.743652,4280.128418,4314.102539,4306.794922,4291.410156,4278.077148,4330.384766,4404.230957,4289.487305,4264.743652,4473.589844,4506.538574,4338.077148,4393.717773,0.000000,1.000000,22.000000,,,,0.000000,2.000000,2.000000,0.000000,4.000000,2.000000,2.000000,0.000000,0.000000,4.000000,4.000000,4.000000,4.000000,4.000000,4.000000,0.000000,,,,,,,,,,,,,,,,,,,,,,,,,,,,
1732157934.022832,1732157934.025799,34.000000,0.000000,4293.333496,4281.666504,4317.436035,4305.897461,4272.948730,4280.000000,4327.436035,4402.179688,4293.717773,4276.153809,4475.000000,4506.538574,4342.563965,4395.897461,0.000000,1.000000,22.000000,,,,0.000000,2.000000,2.000000,0.000000,4.000000,2.000000,2.000000,0.000000,0.000000,4.000000,4.000000,4.000000,4.000000,4.000000,4.000000,0.000000,,,,,,,,,,,,,,,,,,,,,,,,,,,,
1732157934.030640,1732157934.033607,35.000000,0.000000,4293.461426,4281.538574,4315.512695,4302.563965,4256.666504,4280.000000,4329.615234,4398.717773,4292.820313,4281.410156,4475.128418,4506.794922,4345.000000,4398.717773,0.000000,1.000000,22.000000,,,,0.000000,2.000000,2.000000,0.000000,4.000000,2.000000,2.000000,0.000000,0.000000,4.000000,4.000000,4.000000,4.000000,4.000000,4.000000,0.000000,,,,,,,,,,,,,,,,,,,,,,,,,,,,
1732157934.038448,1732157934.041316,36.000000,0.000000,4296.410156,4280.384766,4312.692383,4303.205078,4264.615234,4278.846191,4329.743652,4400.641113,4285.384766,4274.871582,4476.410156,4507.692383,4344.871582,4399.615234,0.000000,1.000000,22.000000,,,,0.000000,2.000000,2.000000,0.000000,4.000000,2.000000,2.000000,0.000000,0.000000,4.000000,4.000000,4.000000,4.000000,4.000000,4.000000,0.000000,,,,,,,,,,,,,,,,,9.000000,0.000000,0.502377,0.453552,-0.566650,0.469910,0.969845,-0.077158,-0.036137,-35.946682,44.737629,31.818813
1732157934.046257,1732157934.049124,37.000000,0.000000,4297.436035,4282.436035,4313.974121,4307.179688,4273.461426,4281.025879,4329.871582,4403.589844,4288.846191,4274.743652,4476.282227,4507.563965,4344.743652,4398.846191,0.000000,1.000000,22.000000,,,,0.000000,2.000000,2.000000,0.000000,4.000000,2.000000,2.000000,0.000000,0.000000,4.000000,4.000000,4.000000,4.000000,4.000000,4.000000,0.000000,,,,,,,,,,,,,,,,,,,,,,,,,,,,
1732157934.054065,1732157934.057132,38.000000,0.000000,4290.769043,4281.538574,4313.333496,4302.948730,4271.538574,4281.025879,4333.589844,4400.000000,4292.307617,4277.948730,4474.230957,4506.410156,4342.948730,4396.153809,0.000000,1.000000,22.000000,,,,0.000000,2.000000,2.000000,0.000000,4.000000,2.000000,2.000000,0.000000,0.000000,4.000000,4.000000,4.000000,4.000000,4.000000,4.000000,0.000000,,,,,,,,,,,,,,,,,,,,,,,,,,,,
1732157934.061873,1732157934.064940,39.000000,0.000000,4281.410156,4277.307617,4310.897461,4295.641113,4268.974121,4277.563965,4335.769043,4397.820313,4285.769043,4274.615234,4473.589844,4502.948730,4343.846191,4395.897461,0.000000,1.000000,22.000000,,,,0.000000,2.000000,2.000000,0.000000,4.000000,2.000000,2.000000,0.000000,0.000000,4.000000,4.000000,4.000000,4.000000,4.000000,4.000000,0.000000,,,,,,,,,,,,,,,,,,,,,,,,,,,,
1732157934.069682,1732157934.072848,40.000000,0.000000,4279.871582,4278.205078,4313.589844,4296.025879,4276.153809,4277.436035,4334.358887,4400.512695,4287.179688,4271.538574,4474.487305,4496.666504,4347.692383,4398.717773,0.000000,1.000000,22.000000,,,,0.000000,2.000000,2.000000,0.000000,4.000000,2.000000,2.000000,0.000000,0.000000,4.000000,4.000000,4.000000,4.000000,4.000000,4.000000,0.000000,,,,,,,,,,,,,,,,,10.000000,0.000000,0.502446,0.453552,-0.566589,0.469910,0.984495,-0.072274,-0.045904,-35.978477,44.620811,31.596573
1732157934.077490,1732157934.080656,41.000000,0.000000,4283.077148,4279.102539,4316.538574,4296.282227,4289.487305,4279.102539,4333.205078,4401.282227,4294.358887,4274.487305,4475.128418,4492.436035,4346.410156,4397.948730,0.000000,1.000000,22.000000,,,,0.000000,2.000000,2.000000,0.000000,4.000000,2.000000,2.000000,0.000000,0.000000,4.000000,4.000000,4.000000,4.000000,4.000000,4.000000,0.000000,,,,,,,,,,,,,,,,,,,,,,,,,,,,
1732157934.085298,1732157934.088664,42.000000,0.000000,4280.641113,4275.384766,4319.102539,4292.820313,4279.743652,4278.333496,4333.846191,4400.641113,4295.128418,4278.589844,4473.077148,4496.153809,4338.717773,4395.256348,0.000000,1.000000,22.000000,,,,0.000000,2.000000,2.000000,0.000000,4.000000,2.000000,2.000000,0.000000,0.000000,4.000000,4.000000,4.000000,4.000000,4.000000,4.000000,0.000000,,,,,,,,,,,,,,,,,,,,,,,,,,,,
1732157934.093106,1732157934.096473,43.000000,0.000000,4281.538574,4275.000000,4318.077148,4294.743652,4252.820313,4279.487305,4333.333496,4401.410156,4292.948730,4280.000000,4470.897461,4500.641113,4335.769043,4394.615234,0.000000,1.000000,22.000000,,,,0.000000,2.000000,2.000000,0.000000,4.000000,2.000000,2.000000,0.000000,0.000000,4.000000,4.000000,4.000000,4.000000,4.000000,4.000000,0.000000,,,,,,,,,,,,,,,,,,,,,,,,,,,,
1732157934.100915,1732157934.104381,44.000000,0.000000,4289.358887,4278.589844,4313.077148,4300.512695,4254.615234,4280.641113,4333.717773,4401.025879,4296.538574,4276.922852,4472.692383,4502.563965,4340.128418,4393.846191,0.000000,1.000000,22.000000,,,,0.000000,2.000000,2.000000,0.000000,4.000000,2.000000,2.000000,0.000000,0.000000,4.000000,4.000000,4.000000,4.000000,4.000000,4.000000,0.000000,,,,,,,,,,,,,,,,,11.000000,0.000000,0.502402,0.453613,-0.566528,0.469971,0.975217,-0.058113,-0.051764,-36.104233,44.636192,31.714890
1732157934.108723,1732157934.112189,45.000000,0.000000,4289.615234,4280.128418,4313.205078,4297.692383,4279.615234,4278.077148,4335.128418,4399.487305,4295.512695,4268.461426,4469.743652,4499.358887,4340.512695,4389.487305,0.000000,1.000000,22.000000,,,,0.000000,2.000000,2.000000,0.000000,4.000000,2.000000,2.000000,0.000000,0.000000,4.000000,4.000000,4.000000,4.000000,4.000000,4.000000,0.000000,,,,,,,,,,,,,,,,,,,,,,,,,,,,
1732157934.116531,1732157934.120197,46.000000,0.000000,4282.307617,4279.358887,4316.410156,4293.205078,4279.743652,4277.820313,4334.743652,4400.000000,4285.128418,4262.820313,4460.641113,4493.077148,4336.538574,4381.794922,0.000000,1.000000,22.000000,,,,0.000000,2.000000,2.000000,0.000000,4.000000,2.000000,2.000000,0.000000,0.000000,4.000000,4.000000,4.000000,4.000000,4.000000,4.000000,0.000000,,,,,,,,,,,,,,,,,,,,,,,,,,,,
1732157934.124339,1732157934.128005,47.000000,0.000000,4280.897461,4278.589844,4314.358887,4298.077148,4259.358887,4280.897461,4332.307617,4400.128418,4287.563965,4269.358887,4463.333496,4492.051270,4336.153809,4381.282227,0.000000,1.000000,22.000000,,,,0.000000,2.000000,2.000000,0.000000,4.000000,2.000000,2.000000,0.000000,0.000000,4.000000,4.000000,4.000000,4.000000,4.000000,4.000000,0.000000,,,,,,,,,,,,,,,,,,,,,,,,,,,,
1732157934.132147,1732157934.135913,48.000000,0.000000,4288.717773,4280.128418,4311.666504,4300.897461,4258.333496,4281.282227,4333.077148,4399.487305,4298.077148,4274.871582,4473.205078,4493.333496,4340.512695,4390.897461,0.000000,1.000000,22.000000,,,,0.000000,2.000000,2.000000,0.000000,4.000000,2.000000,2.000000,0.000000,0.000000,4.000000,4.000000,4.000000,4.000000,4.000000,4.000000,0.000000,,,,,,,,,,,,,,,,,12.000000,0.000000,0.502501,0.453491,-0.566589,0.469910,0.977658,-0.083506,-0.056648,-36.206097,44.565315,31.894060
1732157934.139956,1732157934.143721,49.000000,0.000000,4293.717773,4282.563965,4313.717773,4298.077148,4270.128418,4279.487305,4335.000000,4400.384766,4290.384766,4269.230957,4469.230957,4492.051270,4344.358887,4395.512695,0.000000,1.000000,22.000000,,,,0.000000,2.000000,2.000000,0.000000,4.000000,2.000000,2.000000,0.000000,0.000000,4.000000,4.000000,4.000000,4.000000,4.000000,4.000000,0.000000,,,,,,,,,,,,,,,,,,,,,,,,,,,,
1732157934.147764,1732157934.151729,50.000000,0.000000,4288.205078,4282.948730,4314.487305,4300.128418,4273.589844,4280.769043,4332.692383,4400.769043,4284.358887,4266.538574,4462.307617,4490.641113,4339.487305,4388.974121,0.000000,1.000000,22.000000,,,,0.000000,2.000000,2.000000,0.000000,4.000000,2.000000,2.000000,0.000000,0.000000,4.000000,4.000000,4.000000,4.000000,4.000000,4.000000,0.000000,,,,,,,,,,,,,,,,,,,,,,,,,,,,
1732157934.155572,1732157934.159538,51.000000,0.000000,4281.538574,4280.384766,4310.769043,4301.282227,4278.974121,4281.794922,4331.410156,4400.897461,4296.538574,4269.230957,4462.307617,4490.897461,4331.025879,4381.922852,0.000000,1.000000,22.000000,,,,0.000000,2.000000,2.000000,0.000000,4.000000,2.000000,2.000000,0.000000,0.000000,4.000000,4.000000,4.000000,4.000000,4.000000,4.000000,0.000000,,,,,,,,,,,,,,,,,,,,,,,,,,,,
1732157934.163381,1732157934.167246,52.000000,0.000000,4280.384766,4277.563965,4310.384766,4295.384766,4287.820313,4279.487305,4333.205078,4400.256348,4295.897461,4265.641113,4460.256348,4488.974121,4330.769043,4381.153809,0.000000,1.000000,22.000000,,,,0.000000,2.000000,2.000000,0.000000,4.000000,2.000000,2.000000,0.000000,0.000000,4.000000,4.000000,4.000000,4.000000,4.000000,4.000000,0.000000,,,,,,,,,,,,,,,,,13.000000,0.000000,0.502400,0.453552,-0.566528,0.470032,0.975705,-0.069344,-0.044439,-36.261936,44.584572,31.629189
1732157934.171189,1732157934.175054,53.000000,0.000000,4281.794922,4278.333496,4315.384766,4294.230957,4275.641113,4277.820313,4334.487305,4398.846191,4279.615234,4262.820313,4463.205078,4488.974121,4335.769043,4383.717773,0.000000,1.000000,22.000000,,,,0.000000,2.000000,2.000000,0.000000,4.000000,2.000000,2.000000,0.000000,0.000000,4.000000,4.000000,4.000000,4.000000,4.000000,4.000000,0.000000,,,,,,,,,,,,,,,,,,,,,,,,,,,,
1732157934.178997,1732157934.182663,54.000000,0.000000,4283.846191,4281.538574,4316.025879,4301.410156,4257.051270,4277.307617,4334.358887,4399.615234,4278.077148,4263.461426,4473.077148,4490.897461,4338.589844,4388.205078,0.000000,1.000000,22.000000,,,,0.000000,2.000000,2.000000,0.000000,4.000000,2.000000,2.000000,0.000000,0.000000,4.000000,4.000000,4.000000,4.000000,4.000000,4.000000,0.000000,,,,,,,,,,,,,,,,,,,,,,,,,,,,
1732157934.186805,1732157934.190471,55.000000,0.000000,4287.820313,4282.179688,4311.153809,4301.922852,4262.051270,4277.179688,4333.461426,4401.153809,4290.128418,4266.025879,4473.717773,4493.846191,4340.512695,4392.948730,0.000000,1.000000,22.000000,,,,0.000000,2.000000,2.000000,0.000000,4.000000,2.000000,2.000000,0.000000,0.000000,4.000000,4.000000,4.000000,4.000000,4.000000,4.000000,0.000000,,,,,,,,,,,,,,,,,,,,,,,,,,,,
1732157934.194614,1732157934.198179,56.000000,0.000000,4289.487305,4280.128418,4308.717773,4297.563965,4272.436035,4278.717773,4333.589844,4398.717773,4296.794922,4273.333496,4470.769043,4496.666504,4343.333496,4397.307617,0.000000,1.000000,22.000000,,,,0.000000,2.000000,2.000000,0.000000,4.000000,2.000000,2.000000,0.000000,0.000000,4.000000,4.000000,4.000000,4.000000,4.000000,4.000000,0.000000,,,,,,,,,,,,,,,,,14.000000,0.000000,0.502487,0.453430,-0.566650,0.469910,0.979123,-0.080088,-0.042974,-36.307171,44.758503,31.731310
1732157934.202422,1732157934.205987,57.000000,0.000000,4287.179688,4279.743652,4314.102539,4295.641113,4266.282227,4278.205078,4334.871582,4399.615234,4293.717773,4276.666504,4475.128418,4493.333496,4343.333496,4397.948730,0.000000,1.000000,22.000000,,,,0.000000,2.000000,2.000000,0.000000,4.000000,2.000000,2.000000,0.000000,0.000000,4.000000,4.000000,4.000000,4.000000,4.000000,4.000000,0.000000,,,,,,,,,,,,,,,,,,,,,,,,,,,,
1732157934.210230,1732157934.213596,58.000000,0.000000,4283.077148,4279.615234,4317.179688,4294.230957,4275.256348,4276.025879,4334.871582,4404.615234,4289.871582,4267.051270,4471.922852,4490.384766,4337.179688,4391.666504,0.000000,1.000000,22.000000,,,,0.000000,2.000000,2.000000,0.000000,4.000000,2.000000,2.000000,0.000000,0.000000,4.000000,4.000000,4.000000,4.000000,4.000000,4.000000,0.000000,,,,,,,,,,,,,,,,,,,,,,,,,,,,
1732157934.218038,1732157934.221404,59.000000,0.000000,4280.128418,4276.282227,4313.205078,4293.846191,4288.333496,4277.051270,4333.461426,4404.358887,4293.717773,4260.769043,4461.410156,4495.512695,4333.333496,4388.717773,0.000000,1.000000,22.000000,,,,0.000000,2.000000,2.000000,0.000000,4.000000,2.000000,2.000000,0.000000,0.000000,4.000000,4.000000,4.000000,4.000000,4.000000,4.000000,0.000000,,,,,,,,,,,,,,,,,,,,,,,,,,,,
1732157934.225846,1732157934.229112,60.000000,0.000000,4281.794922,4275.384766,4309.615234,4293.717773,4272.179688,4278.717773,4333.974121,4400.512695,4296.025879,4269.358887,4464.487305,4497.436035,4337.948730,4392.692383,0.000000,1.000000,22.000000,,,,0.000000,2.000000,2.000000,0.000000,4.000000,2.000000,2.000000,0.000000,0.000000,4.000000,4.000000,4.000000,4.000000,4.000000,4.000000,0.000000,,,,,,,,,,,,,,,,,15.000000,0.000000,0.502587,0.453369,-0.566711,0.469788,0.970822,-0.070809,-0.048346,-36.115475,44.532722,31.814028
1732157934.233655,1732157934.236920,61.000000,0.000000,4283.077148,4276.410156,4310.897461,4293.589844,4260.641113,4271.025879,4335.000000,4400.512695,4286.282227,4272.307617,4471.666504,4496.282227,4341.538574,4391.794922,0.000000,1.000000,22.000000,,,,0.000000,2.000000,2.000000,0.000000,4.000000,2.000000,2.000000,0.000000,0.000000,4.000000,4.000000,4.000000,4.000000,4.000000,4.000000,0.000000,,,,,,,,,,,,,,,,,,,,,,,,,,,,
1732157934.241463,1732157934.244928,62.000000,0.000000,4281.922852,4278.205078,4312.307617,4293.333496,4266.794922,4266.538574,4334.487305,4400.897461,4284.615234,4266.666504,4467.820313,4496.922852,4338.333496,4387.179688,0.000000,1.000000,22.000000,,,,0.000000,2.000000,2.000000,0.000000,4.000000,2.000000,2.000000,0.000000,0.000000,4.000000,4.000000,4.000000,4.000000,4.000000,4.000000,0.000000,,,,,,,,,,,,,,,,,,,,,,,,,,,,
1732157934.249271,1732157934.252737,63.000000,0.000000,4282.436035,4275.641113,4312.436035,4293.461426,4261.025879,4274.487305,4335.128418,4399.615234,4294.230957,4270.512695,4462.692383,4500.384766,4340.256348,4388.589844,0.000000,1.000000,22.000000,,,,0.000000,2.000000,2.000000,0.000000,4.000000,2.000000,2.000000,0.000000,0.000000,4.000000,4.000000,4.000000,4.000000,4.000000,4.000000,0.000000,,,,,,,,,,,,,,,,,,,,,,,,,,,,
1732157934.257079,1732157934.260445,64.000000,0.000000,4283.205078,4272.307617,4315.256348,4295.512695,4254.230957,4280.000000,4334.615234,4400.512695,4292.692383,4275.128418,4463.333496,4504.230957,4343.974121,4391.538574,0.000000,1.000000,22.000000,,,,0.000000,2.000000,2.000000,0.000000,4.000000,2.000000,2.000000,0.000000,0.000000,4.000000,4.000000,4.000000,4.000000,4.000000,4.000000,0.000000,,,,,,,,,,,,,,,,,16.000000,0.000000,0.502643,0.453308,-0.566711,0.469788,0.981077,-0.081553,-0.044439,-36.076866,44.499836,31.914362
1732157934.264888,1732157934.268253,65.000000,0.000000,4281.538574,4270.897461,4313.846191,4293.077148,4267.948730,4276.794922,4332.692383,4401.922852,4286.025879,4266.538574,4462.051270,4501.538574,4337.820313,4385.000000,1601.000000,1.000000,22.000000,,,,0.000000,2.000000,2.000000,0.000000,4.000000,2.000000,2.000000,0.000000,0.000000,4.000000,4.000000,4.000000,4.000000,4.000000,4.000000,0.000000,,,,,,,,,,,,,,,,,,,,,,,,,,,,
1732157934.272696,1732157934.275862,66.000000,0.000000,4279.487305,4268.077148,4311.410156,4286.666504,4268.205078,4279.743652,4333.333496,4401.794922,4291.153809,4259.871582,4458.589844,4492.692383,4332.563965,4380.256348,1366.000000,1.000000,22.000000,,,,0.000000,2.000000,2.000000,0.000000,4.000000,2.000000,2.000000,0.000000,0.000000,4.000000,4.000000,4.000000,4.000000,4.000000,4.000000,0.000000,,,,,,,,,,,,,,,,,,,,,,,,,,,,
1732157934.280504,1732157934.283670,67.000000,0.000000,4280.128418,4266.410156,4313.333496,4285.897461,4263.077148,4283.974121,4334.743652,4400.256348,4295.000000,4263.846191,4458.205078,4491.153809,4336.282227,4388.205078,1422.000000,1.000000,22.000000,,,,0.000000,2.000000,2.000000,0.000000,4.000000,2.000000,2.000000,0.000000,0.000000,4.000000,4.000000,4.000000,4.000000,4.000000,4.000000,0.000000,,,,,,,,,,,,,,,,,,,,,,,,,,,,
1732157934.288313,1732157934.291378,68.000000,0.000000,4281.538574,4271.025879,4314.230957,4290.384766,4282.563965,4273.846191,4333.846191,4399.230957,4288.205078,4266.282227,4461.410156,4498.461426,4342.051270,4396.922852,1426.000000,1.000000,22.000000,,,,0.000000,2.000000,2.000000,0.000000,4.000000,2.000000,2.000000,0.000000,0.000000,4.000000,4.000000,4.000000,4.000000,4.000000,4.000000,0.000000,,,,,,,,,,,,,,,,,17.000000,0.000000,0.502629,0.453247,-0.566772,0.469788,0.976193,-0.089366,-0.049811,-36.188931,44.563202,31.708967
1732157934.296121,1732157934.299186,69.000000,0.000000,4282.307617,4272.820313,4312.436035,4292.179688,4283.461426,4267.692383,4334.102539,4399.358887,4281.538574,4268.077148,4471.025879,4501.922852,4344.102539,4397.692383,1210.000000,1.000000,22.000000,,,,0.000000,2.000000,2.000000,0.000000,4.000000,2.000000,2.000000,0.000000,0.000000,4.000000,4.000000,4.000000,4.000000,4.000000,4.000000,0.000000,,,,,,,,,,,,,,,,,,,,,,,,,,,,
1732157934.303929,1732157934.306795,70.000000,0.000000,4281.922852,4269.743652,4312.436035,4293.077148,4255.256348,4275.769043,4336.153809,4401.153809,4279.487305,4269.102539,4473.333496,4501.410156,4339.358887,4395.641113,0.000000,1.000000,22.000000,,,,0.000000,2.000000,2.000000,0.000000,4.000000,2.000000,2.000000,0.000000,0.000000,4.000000,4.000000,4.000000,4.000000,4.000000,4.000000,0.000000,,,,,,,,,,,,,,,,,,,,,,,,,,,,
1732157934.311737,1732157934.314603,71.000000,0.000000,4281.538574,4269.487305,4311.922852,4295.384766,4249.102539,4277.948730,4333.205078,4401.922852,4285.384766,4267.051270,4464.358887,4499.615234,4336.538574,4395.769043,0.000000,1.000000,22.000000,,,,0.000000,2.000000,2.000000,0.000000,4.000000,2.000000,2.000000,0.000000,0.000000,4.000000,4.000000,4.000000,4.000000,4.000000,4.000000,0.000000,,,,,,,,,,,,,,,,,,,,,,,,,,,,
1732157934.319545,1732157934.322311,72.000000,0.000000,4283.974121,4271.025879,4311.538574,4294.487305,4269.871582,4275.384766,4330.000000,4400.769043,4291.410156,4268.589844,4464.487305,4499.871582,4340.897461,4396.410156,1531.000000,1.000000,22.000000,,,,0.000000,2.000000,2.000000,0.000000,4.000000,2.000000,2.000000,0.000000,0.000000,4.000000,4.000000,4.000000,4.000000,4.000000,4.000000,0.000000,,,,,,,,,,,,,,,,,18.000000,0.000000,0.502387,0.453491,-0.566589,0.470032,0.962520,-0.080088,-0.036626,-36.191364,44.637859,31.712597
1732157934.327354,1732157934.330119,73.000000,0.000000,4285.641113,4273.846191,4312.563965,4294.487305,4268.461426,4277.820313,4332.563965,4400.000000,4291.153809,4272.948730,4474.487305,4503.077148,4343.461426,4396.666504,1691.000000,1.000000,22.000000,,,,0.000000,2.000000,2.000000,0.000000,4.000000,2.000000,2.000000,0.000000,0.000000,4.000000,4.000000,4.000000,4.000000,4.000000,4.000000,0.000000,,,,,,,,,,,,,,,,,,,,,,,,,,,,
1732157934.335162,1732157934.337728,74.000000,0.000000,4282.692383,4275.512695,4312.692383,4296.025879,4258.717773,4271.922852,4335.384766,4400.128418,4292.563965,4274.230957,4475.641113,4502.436035,4341.538574,4397.051270,1546.000000,1.000000,22.000000,,,,0.000000,2.000000,2.000000,0.000000,4.000000,2.000000,2.000000,0.000000,0.000000,4.000000,4.000000,4.000000,4.000000,4.000000,4.000000,0.000000,,,,,,,,,,,,,,,,,,,,,,,,,,,,
1732157934.342970,1732157934.345536,75.000000,0.000000,4280.256348,4268.974121,4311.794922,4294.102539,4278.461426,4264.358887,4333.461426,4400.128418,4293.461426,4274.743652,4467.436035,4499.487305,4340.641113,4393.974121,1566.000000,1.000000,22.000000,,,,0.000000,2.000000,2.000000,0.000000,4.000000,2.000000,2.000000,0.000000,0.000000,4.000000,4.000000,4.000000,4.000000,4.000000,4.000000,0.000000,,,,,,,,,,,,,,,,,,,,,,,,,,,,
1732157934.350778,1732157934.353244,76.000000,0.000000,4283.461426,4265.512695,4311.794922,4294.615234,4289.102539,4273.333496,4332.179688,4398.974121,4294.358887,4277.179688,4465.512695,4502.820313,4340.384766,4392.692383,1701.000000,1.000000,22.000000,,,,0.000000,2.000000,2.000000,0.000000,4.000000,2.000000,2.000000,0.000000,0.000000,4.000000,4.000000,4.000000,4.000000,4.000000,4.000000,0.000000,,,,,,,,,,,,,,,,,19.000000,0.000000,0.502384,0.453735,-0.566345,0.470093,0.983518,-0.071786,-0.041997,-36.163342,44.581665,31.623871
1732157934.358587,1732157934.361053,77.000000,0.000000,4285.384766,4271.410156,4312.820313,4297.051270,4265.641113,4281.666504,4335.384766,4399.230957,4297.948730,4280.384766,4467.563965,4505.384766,4337.436035,4393.589844,1616.000000,1.000000,22.000000,,,,0.000000,2.000000,2.000000,0.000000,4.000000,2.000000,2.000000,0.000000,0.000000,4.000000,4.000000,4.000000,4.000000,4.000000,4.000000,0.000000,,,,,,,,,,,,,,,,,,,,,,,,,,,,
1732157934.366395,1732157934.368661,78.000000,0.000000,4280.769043,4271.538574,4313.333496,4295.128418,4252.436035,4280.128418,4337.436035,4401.282227,4294.615234,4278.205078,4465.641113,4500.256348,4335.000000,4392.179688,1546.000000,1.000000,22.000000,,,,0.000000,2.000000,2.000000,0.000000,4.000000,2.000000,2.000000,0.000000,0.000000,4.000000,4.000000,4.000000,4.000000,4.000000,4.000000,0.000000,1.000000,0.000000,2.000000,2.000000,0.000000,4.000000,2.000000,0.000000,0.000000,0.000000,4.000000,4.000000,1.000000,4.000000,1.000000,4.000000,,,,,,,,,,,,
1732157934.374203,1732157934.376469,79.000000,0.000000,4278.077148,4266.153809,4312.179688,4292.051270,4275.897461,4280.128418,4336.153809,4402.307617,4287.051270,4269.871582,4462.179688,4497.563965,4335.000000,4388.333496,1566.000000,1.000000,22.000000,,,,0.000000,2.000000,2.000000,0.000000,4.000000,2.000000,2.000000,0.000000,0.000000,4.000000,4.000000,4.000000,4.000000,4.000000,4.000000,0.000000,,,,,,,,,,,,,,,,,,,,,,,,,,,,
1732157934.382012,1732157934.384377,80.000000,0.000000,4280.000000,4266.666504,4311.538574,4291.282227,4287.307617,4281.153809,4334.358887,4400.769043,4291.922852,4268.974121,4461.025879,4496.666504,4334.230957,4383.205078,1701.000000,1.000000,22.000000,,,,0.000000,2.000000,2.000000,0.000000,4.000000,2.000000,2.000000,0.000000,0.000000,4.000000,4.000000,4.000000,4.000000,4.000000,4.000000,0.000000,,,,,,,,,,,,,,,,,20.000000,0.000000,0.502384,0.453735,-0.566345,0.470093,0.965938,-0.079111,-0.068856,-36.080639,44.521149,31.657001
1732157934.389820,1732157934.392185,81.000000,0.000000,4281.153809,4269.230957,4311.538574,4291.025879,4263.717773,4279.487305,4334.871582,4400.000000,4300.256348,4276.025879,4462.948730,4494.358887,4334.487305,4380.897461,1616.000000,1.000000,22.000000,,,,0.000000,2.000000,2.000000,0.000000,4.000000,2.000000,2.000000,0.000000,0.000000,4.000000,4.000000,4.000000,4.000000,4.000000,4.000000,0.000000,,,,,,,,,,,,,,,,,,,,,,,,,,,,
1732157934.397628,1732157934.400194,82.000000,0.000000,4281.025879,4271.153809,4311.153809,4292.692383,4252.948730,4279.358887,4335.641113,4399.487305,4296.794922,4279.743652,4462.820313,4494.102539,4337.820313,4386.410156,1546.000000,1.000000,22.000000,,,,0.000000,2.000000,2.000000,0.000000,4.000000,2.000000,2.000000,0.000000,0.000000,4.000000,4.000000,4.000000,4.000000,4.000000,4.000000,0.000000,,,,,,,,,,,,,,,,,,,,,,,,,,,,
1732157934.405436,1732157934.408002,83.000000,0.000000,4282.820313,4272.051270,4311.410156,4296.025879,4267.692383,4278.589844,4334.102539,4398.974121,4290.000000,4277.948730,4464.871582,4495.769043,4339.230957,4396.153809,1566.000000,1.000000,22.000000,,,,0.000000,2.000000,2.000000,0.000000,4.000000,2.000000,2.000000,0.000000,0.000000,4.000000,4.000000,4.000000,4.000000,4.000000,4.000000,0.000000,,,,,,,,,,,,,,,,,,,,,,,,,,,,
1732157934.413244,1732157934.415710,84.000000,0.000000,4283.717773,4270.769043,4312.820313,4294.487305,4272.692383,4277.692383,4332.436035,4399.487305,4291.666504,4276.410156,4468.589844,4494.615234,4337.179688,4397.436035,1701.000000,1.000000,22.000000,,,,0.000000,2.000000,2.000000,0.000000,4.000000,2.000000,2.000000,0.000000,0.000000,4.000000,4.000000,4.000000,4.000000,4.000000,4.000000,0.000000,,,,,,,,,,,,,,,,,21.000000,0.000000,0.502314,0.453674,-0.566406,0.470154,0.974240,-0.084483,-0.051276,-36.260319,44.548798,31.553837
1732157934.421053,1732157934.423518,85.000000,0.000000,4283.717773,4269.358887,4313.974121,4291.922852,4266.025879,4277.563965,4331.794922,4399.102539,4295.384766,4276.666504,4466.666504,4491.922852,4335.000000,4391.282227,1616.000000,1.000000,22.000000,,,,0.000000,2.000000,2.000000,0.000000,4.000000,2.000000,2.000000,0.000000,0.000000,4.000000,4.000000,4.000000,4.000000,4.000000,4.000000,0.000000,,,,,,,,,,,,,,,,,,,,,,,,,,,,
1732157934.428861,1732157934.431127,86.000000,0.000000,4283.717773,4272.820313,4312.307617,4291.282227,4271.538574,4277.051270,4331.666504,4398.846191,4294.615234,4280.384766,4461.794922,4491.666504,4334.743652,4389.871582,1546.000000,1.000000,22.000000,,,,0.000000,2.000000,2.000000,0.000000,4.000000,2.000000,2.000000,0.000000,0.000000,4.000000,4.000000,4.000000,4.000000,4.000000,4.000000,0.000000,,,,,,,,,,,,,,,,,,,,,,,,,,,,
1732157934.436669,1732157934.438935,87.000000,0.000000,4280.512695,4270.641113,4309.871582,4287.436035,4274.230957,4279.358887,4331.922852,4400.128418,4294.615234,4278.205078,4460.641113,4491.922852,4333.077148,4390.256348,1566.000000,1.000000,22.000000,,,,0.000000,2.000000,2.000000,0.000000,4.000000,2.000000,2.000000,0.000000,0.000000,4.000000,4.000000,4.000000,4.000000,4.000000,4.000000,0.000000,,,,,,,,,,,,,,,,,,,,,,,,,,,,
1732157934.444477,1732157934.446643,88.000000,0.000000,4278.846191,4264.358887,4309.615234,4285.769043,4279.230957,4281.922852,4331.538574,4400.384766,4293.333496,4267.563965,4459.743652,4486.282227,4332.307617,4386.666504,1701.000000,1.000000,22.000000,,,,0.000000,2.000000,2.000000,0.000000,4.000000,2.000000,2.000000,0.000000,0.000000,4.000000,4.000000,4.000000,4.000000,4.000000,4.000000,0.000000,,,,,,,,,,,,,,,,,22.000000,0.000000,0.502312,0.453613,-0.566406,0.470215,0.969357,-0.083506,-0.053717,-36.294189,44.654526,31.540276
1732157934.452286,1732157934.454451,89.000000,0.000000,4282.307617,4269.230957,4312.051270,4291.410156,4292.563965,4281.666504,4331.538574,4399.615234,4290.256348,4267.563965,4456.282227,4479.487305,4333.461426,4381.025879,1616.000000,1.000000,22.000000,,,,0.000000,2.000000,2.000000,0.000000,4.000000,2.000000,2.000000,0.000000,0.000000,4.000000,4.000000,4.000000,4.000000,4.000000,4.000000,0.000000,,,,,,,,,,,,,,,,,,,,,,,,,,,,
1732157934.460094,1732157934.462459,90.000000,0.000000,4283.461426,4278.205078,4312.051270,4295.769043,4282.436035,4281.410156,4333.333496,4399.230957,4291.282227,4277.948730,4457.563965,4480.256348,4334.358887,4380.769043,1546.000000,1.000000,22.000000,,,,0.000000,2.000000,2.000000,0.000000,4.000000,2.000000,2.000000,0.000000,0.000000,4.000000,4.000000,4.000000,4.000000,4.000000,4.000000,0.000000,,,,,,,,,,,,,,,,,,,,,,,,,,,,
1732157934.467902,1732157934.470268,91.000000,0.000000,4279.871582,4276.410156,4311.153809,4295.384766,4261.666504,4281.794922,4334.230957,4398.846191,4295.641113,4280.769043,4461.410156,4484.358887,4335.512695,4386.794922,1566.000000,1.000000,22.000000,,,,0.000000,2.000000,2.000000,0.000000,4.000000,2.000000,2.000000,0.000000,0.000000,4.000000,4.000000,4.000000,4.000000,4.000000,4.000000,0.000000,,,,,,,,,,,,,,,,,,,,,,,,,,,,
1732157934.475711,1732157934.478176,92.000000,0.000000,4279.487305,4274.358887,4312.692383,4295.897461,4261.538574,4280.641113,4333.846191,4399.102539,4294.102539,4280.641113,4462.179688,4484.102539,4335.769043,4389.230957,1701.000000,1.000000,22.000000,,,,0.000000,2.000000,2.000000,0.000000,4.000000,2.000000,2.000000,0.000000,0.000000,4.000000,4.000000,4.000000,4.000000,4.000000,4.000000,0.000000,,,,,,,,,,,,,,,,,23.000000,0.000000,0.502312,0.453613,-0.566406,0.470215,0.970822,-0.064461,-0.058601,-36.329960,44.748501,31.654289
1732157934.483519,1732157934.485984,93.000000,0.000000,4281.025879,4276.666504,4312.051270,4295.897461,4272.051270,4279.743652,4334.358887,4398.974121,4285.384766,4281.538574,4461.282227,4483.846191,4336.153809,4385.128418,1616.000000,1.000000,22.000000,,,,0.000000,2.000000,2.000000,0.000000,4.000000,2.000000,2.000000,0.000000,0.000000,4.000000,4.000000,4.000000,4.000000,4.000000,4.000000,0.000000,,,,,,,,,,,,,,,,,,,,,,,,,,,,
1732157934.491327,1732157934.493992,94.000000,0.000000,4278.974121,4271.410156,4311.282227,4291.666504,4284.615234,4279.743652,4334.743652,4397.692383,4280.000000,4273.589844,4458.461426,4480.512695,4334.871582,4380.897461,1546.000000,1.000000,22.000000,,,,0.000000,2.000000,2.000000,0.000000,4.000000,2.000000,2.000000,0.000000,0.000000,4.000000,4.000000,4.000000,4.000000,4.000000,4.000000,0.000000,,,,,,,,,,,,,,,,,,,,,,,,,,,,
1732157934.499135,1732157934.501800,95.000000,0.000000,4278.461426,4269.358887,4312.051270,4292.563965,4290.512695,4280.256348,4335.256348,4398.461426,4285.897461,4270.128418,4457.820313,4477.051270,4334.102539,4385.384766,1566.000000,1.000000,22.000000,,,,0.000000,2.000000,2.000000,0.000000,4.000000,2.000000,2.000000,0.000000,0.000000,4.000000,4.000000,4.000000,4.000000,4.000000,4.000000,0.000000,,,,,,,,,,,,,,,,,,,,,,,,,,,,
1732157934.506943,1732157934.509708,96.000000,0.000000,4278.461426,4273.974121,4312.307617,4296.794922,4273.333496,4281.794922,4334.743652,4399.871582,4297.692383,4278.846191,4459.871582,4484.743652,4333.717773,4390.256348,1701.000000,1.000000,22.000000,,,,0.000000,2.000000,2.000000,0.000000,4.000000,2.000000,2.000000,0.000000,0.000000,4.000000,4.000000,4.000000,4.000000,4.000000,4.000000,0.000000,,,,,,,,,,,,,,,,,24.000000,0.000000,0.502312,0.453613,-0.566406,0.470215,0.970822,-0.064461,-0.058601,-36.235603,44.922951,31.656641
1732157934.514752,1732157934.517516,97.000000,0.000000,4275.512695,4274.358887,4311.666504,4295.128418,4257.179688,4283.077148,4332.948730,4399.358887,4295.000000,4282.820313,4459.615234,4493.974121,4330.256348,4385.897461,1616.000000,1.000000,22.000000,,,,0.000000,2.000000,2.000000,0.000000,4.000000,2.000000,2.000000,0.000000,0.000000,4.000000,4.000000,4.000000,4.000000,4.000000,4.000000,0.000000,,,,,,,,,,,,,,,,,,,,,,,,,,,,
1732157934.522560,1732157934.525524,98.000000,0.000000,4277.820313,4270.128418,4310.897461,4293.333496,4269.102539,4280.256348,4333.077148,4399.871582,4282.563965,4277.948730,4455.769043,4490.512695,4327.436035,4382.179688,1546.000000,1.000000,22.000000,,,,0.000000,2.000000,2.000000,0.000000,4.000000,2.000000,2.000000,0.000000,0.000000,4.000000,4.000000,4.000000,4.000000,4.000000,4.000000,0.000000,,,,,,,,,,,,,,,,,,,,,,,,,,,,
1732157934.530368,1732157934.533333,99.000000,0.000000,4277.436035,4264.487305,4311.410156,4292.179688,4277.563965,4277.563965,4335.384766,4401.410156,4285.897461,4276.922852,4454.615234,4481.410156,4327.820313,4382.948730,1566.000000,1.000000,22.000000,,,,0.000000,2.000000,2.000000,0.000000,4.000000,2.000000,2.000000,0.000000,0.000000,4.000000,4.000000,4.000000,4.000000,4.000000,4.000000,0.000000,,,,,,,,,,,,,,,,,,,,,,,,,,,,
1732157934.538176,1732157934.541241,100.000000,0.000000,4269.743652,4264.743652,4313.205078,4288.589844,4272.820313,4279.743652,4334.743652,4400.512695,4296.282227,4281.153809,4457.436035,4483.846191,4327.692383,4381.538574,1701.000000,1.000000,22.000000,,,,0.000000,2.000000,2.000000,0.000000,4.000000,2.000000,2.000000,0.000000,0.000000,4.000000,4.000000,4.000000,4.000000,4.000000,4.000000,0.000000,,,,,,,,,,,,,,,,,25.000000,0.000000,0.502454,0.453430,-0.566528,0.470093,0.976193,-0.070321,-0.051764,-36.332504,44.629257,31.703547
1732157934.545985,1732157934.549049,101.000000,0.000000,4270.512695,4272.051270,4312.563965,4288.461426,4285.897461,4279.871582,4333.205078,4399.230957,4287.948730,4281.153809,4460.128418,4491.410156,4327.179688,4380.769043,1616.000000,1.000000,22.000000,,,,0.000000,2.000000,2.000000,0.000000,4.000000,2.000000,2.000000,0.000000,0.000000,4.000000,4.000000,4.000000,4.000000,4.000000,4.000000,0.000000,,,,,,,,,,,,,,,,,,,,,,,,,,,,
1732157934.553793,1732157934.556757,102.000000,0.000000,4278.461426,4273.333496,4310.512695,4291.538574,4295.384766,4276.794922,4333.846191,4400.512695,4276.025879,4278.461426,4460.256348,4489.487305,4330.769043,4384.615234,1546.000000,1.000000,22.000000,,,,0.000000,2.000000,2.000000,0.000000,4.000000,2.000000,2.000000,0.000000,0.000000,4.000000,4.000000,4.000000,4.000000,4.000000,4.000000,0.000000,,,,,,,,,,,,,,,,,,,,,,,,,,,,
1732157934.561601,1732157934.564565,103.000000,0.000000,4279.358887,4267.692383,4311.538574,4292.563965,4274.743652,4277.436035,4334.743652,4400.641113,4284.871582,4278.205078,4458.974121,4488.461426,4335.769043,4389.358887,1566.000000,1.000000,22.000000,,,,0.000000,2.000000,2.000000,0.000000,4.000000,2.000000,2.000000,0.000000,0.000000,4.000000,4.000000,4.000000,4.000000,4.000000,4.000000,0.000000,,,,,,,,,,,,,,,,,,,,,,,,,,,,
1732157934.569409,1732157934.572274,104.000000,0.000000,4278.589844,4269.743652,4313.717773,4292.692383,4257.820313,4278.974121,4335.769043,4400.384766,4298.846191,4281.922852,4466.666504,4497.692383,4336.666504,4393.589844,1701.000000,1.000000,22.000000,,,,0.000000,2.000000,2.000000,0.000000,4.000000,2.000000,2.000000,0.000000,0.000000,4.000000,4.000000,4.000000,4.000000,4.000000,4.000000,0.000000,,,,,,,,,,,,,,,,,26.000000,0.000000,0.502412,0.453552,-0.566467,0.470093,0.973752,-0.074228,-0.046392,-36.294327,44.591366,31.674871
1732157934.577218,1732157934.580082,105.000000,0.000000,4281.410156,4273.461426,4312.307617,4293.461426,4265.384766,4278.333496,4335.897461,4401.153809,4296.794922,4282.563965,4473.846191,4500.512695,4336.538574,4395.897461,1616.000000,1.000000,22.000000,,,,0.000000,2.000000,2.000000,0.000000,4.000000,2.000000,2.000000,0.000000,0.000000,4.000000,4.000000,4.000000,4.000000,4.000000,4.000000,0.000000,,,,,,,,,,,,,,,,,,,,,,,,,,,,
1732157934.585026,1732157934.587690,106.000000,0.000000,4281.666504,4272.051270,4311.153809,4292.820313,4277.051270,4277.307617,4333.974121,4399.358887,4287.307617,4279.358887,4465.897461,4492.051270,4335.128418,4389.871582,1546.000000,1.000000,22.000000,,,,0.000000,2.000000,2.000000,0.000000,4.000000,2.000000,2.000000,0.000000,0.000000,4.000000,4.000000,4.000000,4.000000,4.000000,4.000000,0.000000,,,,,,,,,,,,,,,,,,,,,,,,,,,,
1732157934.592834,1732157934.595499,107.000000,0.000000,4278.589844,4270.256348,4311.410156,4292.179688,4285.512695,4276.538574,4333.717773,4396.794922,4286.153809,4277.179688,4456.538574,4490.128418,4334.230957,4381.153809,1566.000000,1.000000,22.000000,,,,0.000000,2.000000,2.000000,0.000000,4.000000,2.000000,2.000000,0.000000,0.000000,4.000000,4.000000,4.000000,4.000000,4.000000,4.000000,0.000000,,,,,,,,,,,,,,,,,,,,,,,,,,,,
1732157934.600642,1732157934.603207,108.000000,0.000000,4275.641113,4269.230957,4312.307617,4291.282227,4282.692383,4276.666504,4335.128418,4397.179688,4293.846191,4278.461426,4461.025879,4492.051270,4338.205078,4384.615234,1701.000000,1.000000,22.000000,,,,0.000000,2.000000,2.000000,0.000000,4.000000,2.000000,2.000000,0.000000,0.000000,4.000000,4.000000,4.000000,4.000000,4.000000,4.000000,0.000000,,,,,,,,,,,,,,,,,27.000000,0.000000,0.502312,0.453613,-0.566406,0.470215,0.973752,-0.074228,-0.046392,-36.170071,44.457340,31.586647
1732157934.608451,1732157934.611015,109.000000,0.000000,4276.666504,4266.922852,4312.051270,4292.051270,4263.589844,4278.717773,4334.487305,4398.333496,4293.717773,4280.256348,4466.282227,4490.128418,4343.333496,4392.179688,1616.000000,1.000000,22.000000,,,,0.000000,2.000000,2.000000,0.000000,4.000000,2.000000,2.000000,0.000000,0.000000,4.000000,4.000000,4.000000,4.000000,4.000000,4.000000,0.000000,,,,,,,,,,,,,,,,,,,,,,,,,,,,
1732157934.616259,1732157934.618624,110.000000,0.000000,4279.871582,4266.025879,4310.769043,4291.538574,4258.846191,4276.410156,4333.333496,4398.077148,4288.077148,4276.666504,4463.589844,4489.487305,4340.128418,4391.538574,1546.000000,1.000000,22.000000,,,,0.000000,2.000000,2.000000,0.000000,4.000000,2.000000,2.000000,0.000000,0.000000,4.000000,4.000000,4.000000,4.000000,4.000000,4.000000,0.000000,,,,,,,,,,,,,,,,,,,,,,,,,,,,
1732157934.624067,1732157934.626432,111.000000,0.000000,4279.230957,4264.743652,4312.051270,4289.615234,4268.974121,4277.563965,4333.974121,4398.846191,4291.538574,4274.743652,4463.333496,4493.589844,4333.205078,4391.282227,1566.000000,1.000000,22.000000,,,,0.000000,2.000000,2.000000,0.000000,4.000000,2.000000,2.000000,0.000000,0.000000,4.000000,4.000000,4.000000,4.000000,4.000000,4.000000,0.000000,,,,,,,,,,,,,,,,,,,,,,,,,,,,
1732157934.631875,1732157934.634340,112.000000,0.000000,4278.333496,4265.641113,4314.871582,4290.000000,4270.384766,4278.589844,4333.846191,4400.256348,4289.871582,4275.512695,4464.615234,4493.333496,4332.436035,4395.897461,1701.000000,1.000000,22.000000,,,,0.000000,2.000000,2.000000,0.000000,4.000000,2.000000,2.000000,0.000000,0.000000,4.000000,4.000000,4.000000,4.000000,4.000000,4.000000,0.000000,,,,,,,,,,,,,,,,,28.000000,0.000000,0.501995,0.454041,-0.566040,0.470581,0.987425,-0.072274,-0.064949,-36.259426,44.498779,31.423517
1732157934.639684,1732157934.642148,113.000000,0.000000,4280.512695,4266.922852,4315.769043,4288.717773,4279.487305,4270.769043,4334.230957,4401.153809,4280.384766,4271.794922,4464.230957,4489.871582,4336.410156,4396.794922,1616.000000,1.000000,22.000000,,,,0.000000,2.000000,2.000000,0.000000,4.000000,2.000000,2.000000,0.000000,0.000000,4.000000,4.000000,4.000000,4.000000,4.000000,4.000000,0.000000,,,,,,,,,,,,,,,,,,,,,,,,,,,,
1732157934.647492,1732157934.649756,114.000000,0.000000,4280.769043,4264.102539,4313.205078,4289.615234,4286.282227,4268.846191,4336.538574,4401.153809,4281.922852,4269.358887,4464.102539,4488.333496,4335.512695,4394.358887,1546.000000,1.000000,22.000000,,,,0.000000,2.000000,2.000000,0.000000,4.000000,2.000000,2.000000,0.000000,0.000000,4.000000,4.000000,4.000000,4.000000,4.000000,4.000000,0.000000,,,,,,,,,,,,,,,,,,,,,,,,,,,,
1732157934.655300,1732157934.657565,115.000000,0.000000,4282.051270,4266.282227,4312.051270,4295.128418,4267.179688,4277.948730,4336.153809,4400.897461,4289.487305,4274.871582,4464.102539,4489.102539,4334.615234,4394.615234,1566.000000,1.000000,22.000000,,,,0.000000,2.000000,2.000000,0.000000,4.000000,2.000000,2.000000,0.000000,0.000000,4.000000,4.000000,4.000000,4.000000,4.000000,4.000000,0.000000,,,,,,,,,,,,,,,,,,,,,,,,,,,,
1732157934.663108,1732157934.665273,116.000000,0.000000,4285.384766,4275.769043,4313.077148,4297.563965,4260.512695,4280.512695,4333.846191,4399.230957,4292.692383,4279.230957,4463.974121,4491.025879,4339.102539,4396.666504,1701.000000,1.000000,22.000000,,,,0.000000,2.000000,2.000000,0.000000,4.000000,2.000000,2.000000,0.000000,0.000000,4.000000,4.000000,4.000000,4.000000,4.000000,4.000000,0.000000,,,,,,,,,,,,,,,,,29.000000,0.000000,0.502066,0.454102,-0.565979,0.470520,0.977658,-0.078623,-0.049322,-36.175133,44.462345,31.399715
1732157934.670917,1732157934.673081,117.000000,0.000000,4284.743652,4276.794922,4313.205078,4296.025879,4282.563965,4272.948730,4334.102539,4398.589844,4293.333496,4278.461426,4463.846191,4492.692383,4341.794922,4394.743652,1616.000000,1.000000,22.000000,,,,0.000000,2.000000,2.000000,0.000000,4.000000,2.000000,2.000000,0.000000,0.000000,4.000000,4.000000,4.000000,4.000000,4.000000,4.000000,0.000000,,,,,,,,,,,,,,,,,,,,,,,,,,,,
1732157934.678725,1732157934.680690,118.000000,0.000000,4280.256348,4270.897461,4311.153809,4295.384766,4283.205078,4273.077148,4335.128418,4398.974121,4294.230957,4280.641113,4464.871582,4494.615234,4339.358887,4390.384766,1546.000000,1.000000,22.000000,,,,0.000000,2.000000,2.000000,0.000000,4.000000,2.000000,2.000000,0.000000,0.000000,4.000000,4.000000,4.000000,4.000000,4.000000,4.000000,0.000000,,,,,,,,,,,,,,,,,,,,,,,,,,,,
1732157934.686533,1732157934.688498,119.000000,0.000000,4281.538574,4269.230957,4309.743652,4293.077148,4260.384766,4278.717773,4335.000000,4398.846191,4294.871582,4281.922852,4463.846191,4497.820313,4336.794922,4391.922852,1566.000000,1.000000,22.000000,,,,0.000000,2.000000,2.000000,0.000000,4.000000,2.000000,2.000000,0.000000,0.000000,4.000000,4.000000,4.000000,4.000000,4.000000,4.000000,0.000000,,,,,,,,,,,,,,,,,,,,,,,,,,,,
1732157934.694341,1732157934.696206,120.000000,0.000000,4284.358887,4272.948730,4310.769043,4291.282227,4256.410156,4278.717773,4334.871582,4397.179688,4295.256348,4280.256348,4463.589844,4498.461426,4338.333496,4394.102539,1701.000000,1.000000,22.000000,,,,0.000000,2.000000,2.000000,0.000000,4.000000,2.000000,2.000000,0.000000,0.000000,4.000000,4.000000,4.000000,4.000000,4.000000,4.000000,0.000000,,,,,,,,,,,,,,,,,30.000000,0.000000,0.502066,0.454102,-0.565979,0.470520,0.982053,-0.079600,-0.069833,-36.136860,44.297832,31.470436
1732157934.702150,1732157934.704014,121.000000,0.000000,4284.487305,4278.717773,4311.282227,4295.512695,4267.307617,4277.692383,4334.615234,4396.666504,4291.922852,4279.358887,4467.692383,4498.717773,4340.897461,4391.153809,1616.000000,1.000000,22.000000,,,,0.000000,2.000000,2.000000,0.000000,4.000000,2.000000,2.000000,0.000000,0.000000,4.000000,4.000000,4.000000,4.000000,4.000000,4.000000,0.000000,,,,,,,,,,,,,,,,,,,,,,,,,,,,
1732157934.709958,1732157934.712022,122.000000,0.000000,4289.230957,4282.307617,4310.512695,4297.948730,4274.358887,4278.589844,4333.589844,4399.102539,4293.333496,4280.384766,4468.461426,4498.077148,4342.051270,4392.051270,1546.000000,1.000000,22.000000,,,,0.000000,2.000000,2.000000,0.000000,4.000000,2.000000,2.000000,0.000000,0.000000,4.000000,4.000000,4.000000,4.000000,4.000000,4.000000,0.000000,,,,,,,,,,,,,,,,,,,,,,,,,,,,
1732157934.717766,1732157934.719831,123.000000,0.000000,4295.512695,4280.641113,4310.897461,4297.820313,4276.153809,4277.692383,4333.846191,4399.743652,4295.512695,4279.102539,4463.333496,4495.512695,4340.000000,4397.051270,1566.000000,1.000000,22.000000,,,,0.000000,2.000000,2.000000,0.000000,4.000000,2.000000,2.000000,0.000000,0.000000,4.000000,4.000000,4.000000,4.000000,4.000000,4.000000,0.000000,,,,,,,,,,,,,,,,,,,,,,,,,,,,
1732157934.725574,1732157934.727539,124.000000,0.000000,4295.384766,4279.487305,4312.307617,4296.922852,4275.512695,4277.436035,4334.230957,4397.436035,4283.717773,4271.538574,4460.897461,4493.717773,4335.512695,4395.000000,1701.000000,1.000000,22.000000,,,,0.000000,2.000000,2.000000,0.000000,4.000000,2.000000,2.000000,0.000000,0.000000,4.000000,4.000000,4.000000,4.000000,4.000000,4.000000,0.000000,,,,,,,,,,,,,,,,,31.000000,0.000000,0.501899,0.454224,-0.565979,0.470581,0.982542,-0.086925,-0.056648,-35.952522,44.526245,31.286053
1732157934.733383,1732157934.735347,125.000000,0.000000,4288.974121,4280.384766,4312.820313,4295.512695,4287.051270,4275.641113,4333.974121,4397.948730,4274.615234,4263.205078,4460.897461,4494.230957,4333.333496,4389.743652,1616.000000,1.000000,22.000000,,,,0.000000,2.000000,2.000000,0.000000,4.000000,2.000000,2.000000,0.000000,0.000000,4.000000,4.000000,4.000000,4.000000,4.000000,4.000000,0.000000,,,,,,,,,,,,,,,,,,,,,,,,,,,,
1732157934.741191,1732157934.742955,126.000000,0.000000,4285.000000,4279.743652,4311.666504,4295.769043,4292.948730,4268.333496,4335.000000,4400.128418,4282.051270,4262.948730,4458.333496,4492.051270,4333.205078,4389.102539,1546.000000,1.000000,22.000000,,,,0.000000,2.000000,2.000000,0.000000,4.000000,2.000000,2.000000,0.000000,0.000000,4.000000,4.000000,4.000000,4.000000,4.000000,4.000000,0.000000,,,,,,,,,,,,,,,,,,,,,,,,,,,,
1732157934.748999,1732157934.750764,127.000000,0.000000,4286.538574,4275.512695,4312.436035,4296.794922,4269.615234,4269.615234,4336.025879,4399.487305,4285.641113,4270.641113,4460.769043,4495.256348,4335.128418,4389.871582,22.000000,1.000000,22.000000,,,,0.000000,2.000000,2.000000,0.000000,4.000000,2.000000,2.000000,0.000000,0.000000,4.000000,4.000000,4.000000,4.000000,4.000000,4.000000,0.000000,,,,,,,,,,,,,,,,,,,,,,,,,,,,
1732157934.756807,1732157934.758472,0.000000,0.000000,4286.922852,4269.871582,4313.333496,4295.128418,4257.051270,4279.358887,4335.384766,4399.487305,4283.077148,4275.512695,4463.461426,4502.051270,4336.794922,4389.871582,0.000000,1.000000,22.000000,,,,0.000000,2.000000,2.000000,0.000000,4.000000,2.000000,2.000000,0.000000,0.000000,4.000000,4.000000,4.000000,4.000000,4.000000,4.000000,0.000000,,,,,,,,,,,,,,,,,0.000000,0.000000,0.501695,0.454285,-0.565857,0.470886,0.974240,-0.092296,-0.050299,-35.789875,44.637924,31.233370
1732157934.764616,1732157934.766280,1.000000,0.000000,4281.538574,4273.077148,4312.948730,4293.717773,4267.307617,4281.025879,4334.487305,4401.153809,4290.128418,4276.410156,4460.384766,4497.563965,4340.128418,4388.077148,1601.000000,1.000000,22.000000,,,,0.000000,2.000000,2.000000,0.000000,4.000000,2.000000,2.000000,0.000000,0.000000,4.000000,4.000000,4.000000,4.000000,4.000000,4.000000,0.000000,,,,,,,,,,,,,,,,,,,,,,,,,,,,
1732157934.772424,1732157934.773889,2.000000,0.000000,4281.282227,4278.589844,4312.179688,4295.512695,4266.794922,4278.846191,4335.000000,4400.000000,4289.871582,4278.461426,4466.282227,4497.179688,4343.205078,4390.897461,1366.000000,1.000000,22.000000,,,,0.000000,2.000000,2.000000,0.000000,4.000000,2.000000,2.000000,0.000000,0.000000,4.000000,4.000000,4.000000,4.000000,4.000000,4.000000,0.000000,,,,,,,,,,,,,,,,,,,,,,,,,,,,
1732157934.780232,1732157934.781697,3.000000,0.000000,4287.436035,4277.692383,4310.384766,4295.641113,4277.307617,4278.589844,4335.000000,4399.230957,4281.025879,4278.589844,4472.307617,4506.025879,4342.948730,4395.769043,1422.000000,1.000000,22.000000,,,,0.000000,2.000000,2.000000,0.000000,4.000000,2.000000,2.000000,0.000000,0.000000,4.000000,4.000000,4.000000,4.000000,4.000000,4.000000,0.000000,,,,,,,,,,,,,,,,,,,,,,,,,,,,
1732157934.788040,1732157934.789605,4.000000,0.000000,4289.871582,4276.666504,4313.589844,4294.102539,4294.102539,4276.282227,4334.487305,4401.153809,4289.358887,4277.820313,4465.000000,4508.077148,4341.794922,4394.615234,1427.000000,1.000000,22.000000,,,,0.000000,2.000000,2.000000,0.000000,4.000000,2.000000,2.000000,0.000000,0.000000,4.000000,4.000000,4.000000,4.000000,4.000000,4.000000,0.000000,,,,,,,,,,,,,,,,,1.000000,0.000000,0.501493,0.454407,-0.565735,0.471130,0.969845,-0.091320,-0.052252,-35.753132,44.833385,31.220695
1732157934.795849,1732157934.797413,5.000000,0.000000,4291.666504,4279.487305,4316.282227,4295.897461,4271.410156,4278.589844,4335.641113,4400.384766,4297.563965,4278.846191,4459.487305,4504.743652,4342.307617,4393.333496,1210.000000,1.000000,22.000000,,,,0.000000,2.000000,2.000000,0.000000,4.000000,2.000000,2.000000,0.000000,0.000000,4.000000,4.000000,4.000000,4.000000,4.000000,4.000000,0.000000,,,,,,,,,,,,,,,,,,,,,,,,,,,,
1732157934.803657,1732157934.805421,6.000000,0.000000,4288.846191,4279.615234,4313.205078,4296.794922,4250.769043,4283.077148,4335.897461,4398.333496,4289.358887,4279.102539,4463.077148,4503.974121,4342.948730,4396.025879,0.000000,1.000000,22.000000,,,,0.000000,2.000000,2.000000,0.000000,4.000000,2.000000,2.000000,0.000000,0.000000,4.000000,4.000000,4.000000,4.000000,4.000000,4.000000,0.000000,,,,,,,,,,,,,,,,,,,,,,,,,,,,
1732157934.811465,1732157934.813229,7.000000,0.000000,4282.051270,4278.717773,4309.871582,4293.846191,4274.487305,4277.948730,4334.102539,4397.820313,4284.743652,4276.794922,4461.922852,4504.102539,4340.256348,4397.820313,0.000000,1.000000,22.000000,,,,0.000000,2.000000,2.000000,0.000000,4.000000,2.000000,2.000000,0.000000,0.000000,4.000000,4.000000,4.000000,4.000000,4.000000,4.000000,0.000000,,,,,,,,,,,,,,,,,,,,,,,,,,,,
1732157934.819273,1732157934.821137,8.000000,0.000000,4284.871582,4278.717773,4313.846191,4292.692383,4283.846191,4273.077148,4334.358887,4397.179688,4287.307617,4277.051270,4460.641113,4504.102539,4340.256348,4396.794922,1538.000000,1.000000,22.000000,,,,0.000000,2.000000,2.000000,0.000000,4.000000,2.000000,2.000000,0.000000,0.000000,4.000000,4.000000,4.000000,4.000000,4.000000,4.000000,0.000000,,,,,,,,,,,,,,,,,2.000000,0.000000,0.501292,0.454590,-0.565613,0.471313,0.984495,-0.081553,-0.060066,-35.746704,44.635040,31.078764
1732157934.827082,1732157934.828946,9.000000,0.000000,4293.589844,4276.025879,4317.820313,4295.641113,4259.743652,4276.410156,4336.153809,4397.563965,4283.717773,4278.333496,4467.436035,4506.153809,4343.077148,4398.461426,1691.000000,1.000000,22.000000,,,,0.000000,2.000000,2.000000,0.000000,4.000000,2.000000,2.000000,0.000000,0.000000,4.000000,4.000000,4.000000,4.000000,4.000000,4.000000,0.000000,,,,,,,,,,,,,,,,,,,,,,,,,,,,
1732157934.834890,1732157934.836554,10.000000,0.000000,4291.794922,4277.051270,4314.358887,4297.563965,4255.641113,4277.307617,4334.871582,4399.230957,4285.512695,4278.974121,4471.794922,4507.179688,4344.102539,4401.666504,1546.000000,1.000000,22.000000,,,,0.000000,2.000000,2.000000,0.000000,4.000000,2.000000,2.000000,0.000000,0.000000,4.000000,4.000000,4.000000,4.000000,4.000000,4.000000,0.000000,,,,,,,,,,,,,,,,,,,,,,,,,,,,
1732157934.842698,1732157934.844362,11.000000,0.000000,4281.666504,4279.743652,4310.256348,4295.512695,4267.307617,4275.256348,4333.461426,4399.358887,4292.692383,4280.384766,4473.205078,4504.743652,4343.461426,4400.897461,1566.000000,1.000000,22.000000,,,,0.000000,2.000000,2.000000,0.000000,4.000000,2.000000,2.000000,0.000000,0.000000,4.000000,4.000000,4.000000,4.000000,4.000000,4.000000,0.000000,,,,,,,,,,,,,,,,,,,,,,,,,,,,
1732157934.850506,1732157934.852270,12.000000,0.000000,4279.615234,4275.641113,4311.410156,4292.307617,4266.282227,4276.922852,4335.256348,4399.102539,4288.589844,4279.871582,4468.974121,4501.538574,4342.563965,4398.077148,1701.000000,1.000000,22.000000,,,,0.000000,2.000000,2.000000,0.000000,4.000000,2.000000,2.000000,0.000000,0.000000,4.000000,4.000000,4.000000,4.000000,4.000000,4.000000,0.000000,,,,,,,,,,,,,,,,,3.000000,0.000000,0.501237,0.454651,-0.565613,0.471313,0.988402,-0.069344,-0.044439,-36.004829,44.559383,31.148798
1732157934.858315,1732157934.860079,13.000000,0.000000,4286.025879,4270.128418,4313.974121,4293.205078,4267.692383,4277.563965,4336.410156,4400.897461,4281.666504,4277.948730,4464.230957,4504.358887,4342.563965,4397.563965,1616.000000,1.000000,22.000000,,,,0.000000,2.000000,2.000000,0.000000,4.000000,2.000000,2.000000,0.000000,0.000000,4.000000,4.000000,4.000000,4.000000,4.000000,4.000000,0.000000,,,,,,,,,,,,,,,,,,,,,,,,,,,,
1732157934.866123,1732157934.868087,14.000000,0.000000,4289.230957,4273.974121,4312.692383,4293.846191,4280.256348,4277.307617,4335.897461,4401.025879,4284.743652,4278.077148,4469.102539,4510.128418,4344.230957,4398.846191,1546.000000,1.000000,22.000000,,,,0.000000,2.000000,2.000000,0.000000,4.000000,2.000000,2.000000,0.000000,0.000000,4.000000,4.000000,4.000000,4.000000,4.000000,4.000000,0.000000,1.000000,0.000000,2.000000,2.000000,0.000000,1.000000,1.000000,0.000000,0.000000,0.000000,4.000000,4.000000,1.000000,4.000000,1.000000,4.000000,,,,,,,,,,,,
1732157934.873931,1732157934.875895,15.000000,0.000000,4283.077148,4282.179688,4311.922852,4293.974121,4278.974121,4280.000000,4335.641113,4399.230957,4294.230957,4280.128418,4476.538574,4504.743652,4345.000000,4399.487305,1566.000000,1.000000,22.000000,,,,0.000000,2.000000,2.000000,0.000000,4.000000,2.000000,2.000000,0.000000,0.000000,4.000000,4.000000,4.000000,4.000000,4.000000,4.000000,0.000000,,,,,,,,,,,,,,,,,,,,,,,,,,,,
1732157934.881739,1732157934.883803,16.000000,0.000000,4278.974121,4278.589844,4312.436035,4292.948730,4275.769043,4280.128418,4334.743652,4399.358887,4294.871582,4281.153809,4470.897461,4494.358887,4343.077148,4397.563965,0.000000,1.000000,22.000000,,,,0.000000,2.000000,2.000000,0.000000,4.000000,2.000000,2.000000,0.000000,0.000000,4.000000,4.000000,4.000000,4.000000,4.000000,4.000000,0.000000,,,,,,,,,,,,,,,,,4.000000,0.000000,0.501105,0.454834,-0.565430,0.471497,0.970822,-0.084483,-0.053717,-36.020580,44.334766,31.167194
1732157934.889548,1732157934.891611,17.000000,0.000000,4280.897461,4268.461426,4311.410156,4287.563965,4288.974121,4277.307617,4335.128418,4399.743652,4287.179688,4278.717773,4461.153809,4492.179688,4343.077148,4394.358887,0.000000,1.000000,22.000000,,,,0.000000,2.000000,2.000000,0.000000,4.000000,2.000000,2.000000,0.000000,0.000000,4.000000,4.000000,4.000000,4.000000,4.000000,4.000000,0.000000,,,,,,,,,,,,,,,,,,,,,,,,,,,,
1732157934.897356,1732157934.899619,18.000000,0.000000,4282.563965,4269.871582,4310.128418,4287.820313,4284.743652,4278.461426,4336.153809,4398.589844,4288.717773,4275.897461,4466.538574,4498.461426,4344.102539,4392.563965,0.000000,1.000000,22.000000,,,,0.000000,2.000000,2.000000,0.000000,4.000000,2.000000,2.000000,0.000000,0.000000,4.000000,4.000000,4.000000,4.000000,4.000000,4.000000,0.000000,,,,,,,,,,,,,,,,,,,,,,,,,,,,
1732157934.905164,1732157934.907427,19.000000,0.000000,4281.794922,4280.128418,4311.282227,4295.897461,4262.307617,4280.000000,4335.897461,4397.692383,4295.128418,4278.974121,4473.205078,4506.666504,4344.102539,4393.205078,0.000000,1.000000,22.000000,,,,0.000000,2.000000,2.000000,0.000000,4.000000,2.000000,2.000000,0.000000,0.000000,4.000000,4.000000,4.000000,4.000000,4.000000,4.000000,0.000000,,,,,,,,,,,,,,,,,,,,,,,,,,,,
1732157934.912972,1732157934.915335,20.000000,0.000000,4282.436035,4280.512695,4311.153809,4298.077148,4257.820313,4279.871582,4335.641113,4399.102539,4295.384766,4278.974121,4467.948730,4507.563965,4343.333496,4393.461426,0.000000,1.000000,22.000000,,,,0.000000,2.000000,2.000000,0.000000,4.000000,2.000000,2.000000,0.000000,0.000000,4.000000,4.000000,4.000000,4.000000,4.000000,4.000000,0.000000,,,,,,,,,,,,,,,,,5.000000,0.000000,0.501050,0.454895,-0.565430,0.471497,0.970822,-0.084483,-0.053717,-36.148335,44.317829,31.083759
1732157934.920781,1732157934.923144,21.000000,0.000000,4283.461426,4274.743652,4309.358887,4293.461426,4267.051270,4281.794922,4335.897461,4401.153809,4287.179688,4269.487305,4462.436035,4503.589844,4342.692383,4393.333496,0.000000,1.000000,22.000000,,,,0.000000,2.000000,2.000000,0.000000,4.000000,2.000000,2.000000,0.000000,0.000000,4.000000,4.000000,4.000000,4.000000,4.000000,4.000000,0.000000,,,,,,,,,,,,,,,,,,,,,,,,,,,,
1732157934.928589,1732157934.930952,22.000000,0.000000,4282.436035,4275.256348,4309.871582,4292.307617,4273.205078,4279.615234,4335.256348,4399.743652,4282.179688,4270.512695,4468.333496,4505.000000,4344.358887,4393.205078,0.000000,1.000000,22.000000,,,,0.000000,2.000000,2.000000,0.000000,4.000000,2.000000,2.000000,0.000000,0.000000,4.000000,4.000000,4.000000,4.000000,4.000000,4.000000,0.000000,,,,,,,,,,,,,,,,,,,,,,,,,,,,
1732157934.936397,1732157934.938760,23.000000,0.000000,4281.538574,4275.256348,4314.358887,4294.102539,4274.871582,4277.307617,4335.000000,4396.794922,4283.333496,4278.333496,4472.051270,4508.589844,4345.128418,4393.333496,0.000000,1.000000,22.000000,,,,0.000000,2.000000,2.000000,0.000000,4.000000,2.000000,2.000000,0.000000,0.000000,4.000000,4.000000,4.000000,4.000000,4.000000,4.000000,0.000000,,,,,,,,,,,,,,,,,,,,,,,,,,,,
1732157934.944205,1732157934.946468,24.000000,0.000000,4282.563965,4271.538574,4316.410156,4292.563965,4274.743652,4278.589844,4335.512695,4397.820313,4282.179688,4270.641113,4464.358887,4505.769043,4344.487305,4394.102539,0.000000,1.000000,22.000000,,,,0.000000,2.000000,2.000000,0.000000,4.000000,2.000000,2.000000,0.000000,0.000000,4.000000,4.000000,4.000000,4.000000,4.000000,4.000000,0.000000,,,,,,,,,,,,,,,,,6.000000,0.000000,0.500948,0.454956,-0.565369,0.471619,0.982542,-0.077158,-0.054206,-36.088486,44.099106,31.036179
1732157934.952014,1732157934.954277,25.000000,0.000000,4280.256348,4269.230957,4313.461426,4286.538574,4282.948730,4272.820313,4335.641113,4399.358887,4277.820313,4258.205078,4457.436035,4502.563965,4340.641113,4390.512695,0.000000,1.000000,22.000000,,,,0.000000,2.000000,2.000000,0.000000,4.000000,2.000000,2.000000,0.000000,0.000000,4.000000,4.000000,4.000000,4.000000,4.000000,4.000000,0.000000,,,,,,,,,,,,,,,,,,,,,,,,,,,,
1732157934.959822,1732157934.961885,26.000000,0.000000,4276.410156,4271.538574,4312.179688,4283.974121,4287.948730,4269.615234,4334.871582,4398.333496,4277.436035,4260.512695,4457.436035,4501.794922,4334.230957,4384.615234,0.000000,1.000000,22.000000,,,,0.000000,2.000000,2.000000,0.000000,4.000000,2.000000,2.000000,0.000000,0.000000,4.000000,4.000000,4.000000,4.000000,4.000000,4.000000,0.000000,,,,,,,,,,,,,,,,,,,,,,,,,,,,
1732157934.967630,1732157934.969693,27.000000,0.000000,4277.051270,4272.948730,4312.820313,4291.282227,4267.820313,4278.461426,4334.615234,4399.487305,4280.897461,4266.538574,4459.743652,4502.563965,4332.563965,4383.589844,0.000000,1.000000,22.000000,,,,0.000000,2.000000,2.000000,0.000000,4.000000,2.000000,2.000000,0.000000,0.000000,4.000000,4.000000,4.000000,4.000000,4.000000,4.000000,0.000000,,,,,,,,,,,,,,,,,,,,,,,,,,,,
1732157934.975438,1732157934.977402,28.000000,0.000000,4277.436035,4268.077148,4311.153809,4295.641113,4258.717773,4283.846191,4335.000000,4402.307617,4281.794922,4262.820313,4457.692383,4500.256348,4335.897461,4382.820313,0.000000,1.000000,22.000000,,,,0.000000,2.000000,2.000000,0.000000,4.000000,2.000000,2.000000,0.000000,0.000000,4.000000,4.000000,4.000000,4.000000,4.000000,4.000000,0.000000,,,,,,,,,,,,,,,,,7.000000,0.000000,0.500877,0.454895,-0.565430,0.471680,0.969845,-0.068368,-0.058113,-36.155006,44.131943,31.175972
1732157934.983247,1732157934.985210,29.000000,0.000000,4276.410156,4266.153809,4310.641113,4289.358887,4272.307617,4278.846191,4335.641113,4400.128418,4284.871582,4262.051270,4456.794922,4496.922852,4334.871582,4381.410156,0.000000,1.000000,22.000000,,,,0.000000,2.000000,2.000000,0.000000,4.000000,2.000000,2.000000,0.000000,0.000000,4.000000,4.000000,4.000000,4.000000,4.000000,4.000000,0.000000,,,,,,,,,,,,,,,,,,,,,,,,,,,,
1732157934.991055,1732157934.992818,30.000000,0.000000,4278.846191,4275.128418,4310.897461,4290.769043,4270.256348,4281.153809,4335.897461,4396.922852,4290.769043,4272.948730,4461.153809,4496.794922,4333.077148,4384.871582,0.000000,1.000000,22.000000,,,,0.000000,2.000000,2.000000,0.000000,4.000000,2.000000,2.000000,0.000000,0.000000,4.000000,4.000000,4.000000,4.000000,4.000000,4.000000,0.000000,,,,,,,,,,,,,,,,,,,,,,,,,,,,
1732157934.998863,1732157935.000626,31.000000,0.000000,4281.282227,4279.487305,4310.769043,4296.153809,4269.615234,4282.563965,4336.410156,4397.436035,4290.384766,4281.282227,4463.077148,4499.487305,4339.487305,4384.487305,0.000000,1.000000,22.000000,,,,0.000000,2.000000,2.000000,0.000000,4.000000,2.000000,2.000000,0.000000,0.000000,4.000000,4.000000,4.000000,4.000000,4.000000,4.000000,0.000000,,,,,,,,,,,,,,,,,,,,,,,,,,,,
1732157935.006671,1732157935.008335,32.000000,0.000000,4280.897461,4267.692383,4311.410156,4288.717773,4285.512695,4271.666504,4336.666504,4398.461426,4286.922852,4276.282227,4461.282227,4497.179688,4345.128418,4383.461426,0.000000,1.000000,22.000000,,,,0.000000,2.000000,2.000000,0.000000,4.000000,2.000000,2.000000,0.000000,0.000000,4.000000,4.000000,4.000000,4.000000,4.000000,4.000000,0.000000,,,,,,,,,,,,,,,,,8.000000,0.000000,0.500864,0.454834,-0.565491,0.471680,0.984007,-0.082041,-0.060554,-36.242222,44.141876,31.272537
1732157935.014480,1732157935.016143,33.000000,0.000000,4281.025879,4262.436035,4311.025879,4281.666504,4278.077148,4270.128418,4335.512695,4397.948730,4288.077148,4274.743652,4467.179688,4496.282227,4344.743652,4391.794922,0.000000,1.000000,22.000000,,,,0.000000,2.000000,2.000000,0.000000,4.000000,2.000000,2.000000,0.000000,0.000000,4.000000,4.000000,4.000000,4.000000,4.000000,4.000000,0.000000,,,,,,,,,,,,,,,,,,,,,,,,,,,,
1732157935.022288,1732157935.023751,34.000000,0.000000,4281.922852,4267.307617,4311.282227,4289.358887,4259.358887,4281.025879,4335.641113,4397.436035,4293.974121,4281.025879,4476.025879,4501.538574,4343.974121,4394.102539,0.000000,1.000000,22.000000,,,,0.000000,2.000000,2.000000,0.000000,4.000000,2.000000,2.000000,0.000000,0.000000,4.000000,4.000000,4.000000,4.000000,4.000000,4.000000,0.000000,,,,,,,,,,,,,,,,,,,,,,,,,,,,
1732157935.030096,1732157935.031560,35.000000,0.000000,4281.922852,4268.846191,4313.077148,4293.974121,4259.615234,4280.769043,4336.282227,4398.077148,4297.436035,4283.846191,4472.179688,4502.563965,4345.128418,4387.692383,0.000000,1.000000,22.000000,,,,0.000000,2.000000,2.000000,0.000000,4.000000,2.000000,2.000000,0.000000,0.000000,4.000000,4.000000,4.000000,4.000000,4.000000,4.000000,0.000000,,,,,,,,,,,,,,,,,,,,,,,,,,,,
1732157935.037904,1732157935.039268,36.000000,0.000000,4281.410156,4265.897461,4315.256348,4287.820313,4263.589844,4270.512695,4335.769043,4400.128418,4291.025879,4280.512695,4464.102539,4501.794922,4346.153809,4389.358887,0.000000,1.000000,22.000000,,,,0.000000,2.000000,2.000000,0.000000,4.000000,2.000000,2.000000,0.000000,0.000000,4.000000,4.000000,4.000000,4.000000,4.000000,4.000000,0.000000,,,,,,,,,,,,,,,,,9.000000,0.000000,0.500852,0.454834,-0.565552,0.471619,0.963497,-0.074716,-0.054206,-36.164532,44.273251,31.410755
1732157935.045713,1732157935.047076,37.000000,0.000000,4279.743652,4263.846191,4313.589844,4285.769043,4272.563965,4270.641113,4335.384766,4400.384766,4280.128418,4269.487305,4461.794922,4499.230957,4343.974121,4389.615234,0.000000,1.000000,22.000000,,,,0.000000,2.000000,2.000000,0.000000,4.000000,2.000000,2.000000,0.000000,0.000000,4.000000,4.000000,4.000000,4.000000,4.000000,4.000000,0.000000,,,,,,,,,,,,,,,,,,,,,,,,,,,,
1732157935.053521,1732157935.054684,38.000000,0.000000,4278.589844,4262.948730,4312.948730,4285.512695,4280.769043,4273.333496,4335.769043,4398.717773,4277.820313,4265.512695,4460.641113,4497.436035,4340.512695,4381.538574,0.000000,1.000000,22.000000,,,,0.000000,2.000000,2.000000,0.000000,4.000000,2.000000,2.000000,0.000000,0.000000,4.000000,4.000000,4.000000,4.000000,4.000000,4.000000,0.000000,,,,,,,,,,,,,,,,,,,,,,,,,,,,
1732157935.061329,1732157935.062493,39.000000,0.000000,4279.615234,4262.563965,4313.589844,4281.153809,4265.384766,4272.692383,4335.512695,4398.333496,4288.333496,4276.410156,4460.897461,4503.461426,4338.461426,4381.666504,0.000000,1.000000,22.000000,,,,0.000000,2.000000,2.000000,0.000000,4.000000,2.000000,2.000000,0.000000,0.000000,4.000000,4.000000,4.000000,4.000000,4.000000,4.000000,0.000000,,,,,,,,,,,,,,,,,,,,,,,,,,,,
1732157935.069137,1732157935.070201,40.000000,0.000000,4280.128418,4265.384766,4311.410156,4282.436035,4253.077148,4277.307617,4334.871582,4398.974121,4295.128418,4281.282227,4462.820313,4509.487305,4337.179688,4388.717773,0.000000,1.000000,22.000000,,,,0.000000,2.000000,2.000000,0.000000,4.000000,2.000000,2.000000,0.000000,0.000000,4.000000,4.000000,4.000000,4.000000,4.000000,4.000000,0.000000,,,,,,,,,,,,,,,,,10.000000,0.000000,0.500766,0.455017,-0.565430,0.471680,0.975217,-0.077646,-0.058601,-35.969940,44.507999,31.301044
1732157935.076946,1732157935.078009,41.000000,0.000000,4278.974121,4265.000000,4309.743652,4285.897461,4265.000000,4278.333496,4335.128418,4397.948730,4287.307617,4275.384766,4462.948730,4509.615234,4335.128418,4389.615234,0.000000,1.000000,22.000000,,,,0.000000,2.000000,2.000000,0.000000,4.000000,2.000000,2.000000,0.000000,0.000000,4.000000,4.000000,4.000000,4.000000,4.000000,4.000000,0.000000,,,,,,,,,,,,,,,,,,,,,,,,,,,,
1732157935.084754,1732157935.086017,42.000000,0.000000,4279.358887,4263.589844,4312.051270,4286.538574,4265.512695,4275.897461,4335.897461,4397.436035,4280.512695,4277.051270,4463.461426,4507.563965,4334.743652,4388.974121,0.000000,1.000000,22.000000,,,,0.000000,2.000000,2.000000,0.000000,4.000000,2.000000,2.000000,0.000000,0.000000,4.000000,4.000000,4.000000,4.000000,4.000000,4.000000,0.000000,,,,,,,,,,,,,,,,,,,,,,,,,,,,
1732157935.092562,1732157935.093825,43.000000,0.000000,4281.794922,4266.153809,4312.948730,4288.461426,4268.589844,4277.179688,4335.769043,4398.461426,4282.692383,4280.641113,4463.205078,4508.846191,4336.922852,4390.128418,0.000000,1.000000,22.000000,,,,0.000000,2.000000,2.000000,0.000000,4.000000,2.000000,2.000000,0.000000,0.000000,4.000000,4.000000,4.000000,4.000000,4.000000,4.000000,0.000000,,,,,,,,,,,,,,,,,,,,,,,,,,,,
1732157935.100370,1732157935.101733,44.000000,0.000000,4281.538574,4267.051270,4310.512695,4291.025879,4289.358887,4276.153809,4335.897461,4399.358887,4288.205078,4278.077148,4463.846191,4507.820313,4338.333496,4389.615234,0.000000,1.000000,22.000000,,,,0.000000,2.000000,2.000000,0.000000,4.000000,2.000000,2.000000,0.000000,0.000000,4.000000,4.000000,4.000000,4.000000,4.000000,4.000000,0.000000,,,,,,,,,,,,,,,,,11.000000,0.000000,0.500621,0.455139,-0.565308,0.471863,0.968380,-0.083995,-0.042974,-36.073982,44.628147,31.178846
1732157935.108179,1732157935.109542,45.000000,0.000000,4280.128418,4264.871582,4310.769043,4291.538574,4276.794922,4272.563965,4336.410156,4399.102539,4296.922852,4280.769043,4471.666504,4507.820313,4343.077148,4388.205078,0.000000,1.000000,22.000000,,,,0.000000,2.000000,2.000000,0.000000,4.000000,2.000000,2.000000,0.000000,0.000000,4.000000,4.000000,4.000000,4.000000,4.000000,4.000000,0.000000,,,,,,,,,,,,,,,,,,,,,,,,,,,,
1732157935.115987,1732157935.117550,46.000000,0.000000,4281.666504,4263.589844,4311.666504,4294.102539,4252.948730,4275.641113,4336.922852,4399.230957,4298.205078,4282.307617,4477.051270,4509.230957,4346.794922,4390.641113,0.000000,1.000000,22.000000,,,,0.000000,2.000000,2.000000,0.000000,4.000000,2.000000,2.000000,0.000000,0.000000,4.000000,4.000000,4.000000,4.000000,4.000000,4.000000,0.000000,,,,,,,,,,,,,,,,,,,,,,,,,,,,
1732157935.123795,1732157935.125358,47.000000,0.000000,4283.077148,4266.025879,4311.538574,4294.743652,4266.922852,4277.179688,4336.282227,4400.384766,4285.000000,4278.461426,4471.282227,4510.897461,4343.846191,4392.436035,0.000000,1.000000,22.000000,,,,0.000000,2.000000,2.000000,0.000000,4.000000,2.000000,2.000000,0.000000,0.000000,4.000000,4.000000,4.000000,4.000000,4.000000,4.000000,0.000000,,,,,,,,,,,,,,,,,,,,,,,,,,,,
1732157935.131603,1732157935.133066,48.000000,0.000000,4281.794922,4269.230957,4313.333496,4295.000000,4276.922852,4276.538574,4336.282227,4399.102539,4282.307617,4278.333496,4468.974121,4509.102539,4341.410156,4386.922852,0.000000,1.000000,22.000000,,,,0.000000,2.000000,2.000000,0.000000,4.000000,2.000000,2.000000,0.000000,0.000000,4.000000,4.000000,4.000000,4.000000,4.000000,4.000000,0.000000,,,,,,,,,,,,,,,,,12.000000,0.000000,0.500577,0.455200,-0.565247,0.471924,0.974728,-0.088878,-0.049322,-36.054928,44.635468,31.228199
1732157935.139412,1732157935.140874,49.000000,0.000000,4281.410156,4270.384766,4313.205078,4296.538574,4260.256348,4280.128418,4336.794922,4397.307617,4295.000000,4281.153809,4470.641113,4504.871582,4344.102539,4385.256348,0.000000,1.000000,22.000000,,,,0.000000,2.000000,2.000000,0.000000,4.000000,2.000000,2.000000,0.000000,0.000000,4.000000,4.000000,4.000000,4.000000,4.000000,4.000000,0.000000,,,,,,,,,,,,,,,,,,,,,,,,,,,,
1732157935.147220,1732157935.148882,50.000000,0.000000,4281.282227,4267.692383,4310.384766,4295.256348,4256.153809,4280.128418,4335.384766,4398.717773,4296.025879,4281.922852,4466.025879,4506.538574,4343.974121,4389.230957,0.000000,1.000000,22.000000,,,,0.000000,2.000000,2.000000,0.000000,4.000000,2.000000,2.000000,0.000000,0.000000,4.000000,4.000000,4.000000,4.000000,4.000000,4.000000,0.000000,,,,,,,,,,,,,,,,,,,,,,,,,,,,
1732157935.155028,1732157935.156691,51.000000,0.000000,4280.384766,4266.025879,4312.307617,4291.410156,4266.538574,4276.794922,4333.846191,4398.846191,4284.615234,4281.538574,4461.410156,4507.307617,4336.538574,4386.153809,0.000000,1.000000,22.000000,,,,0.000000,2.000000,2.000000,0.000000,4.000000,2.000000,2.000000,0.000000,0.000000,4.000000,4.000000,4.000000,4.000000,4.000000,4.000000,0.000000,,,,,,,,,,,,,,,,,,,,,,,,,,,,
1732157935.162836,1732157935.164399,52.000000,0.000000,4280.897461,4272.436035,4314.230957,4291.282227,4270.897461,4279.487305,4335.512695,4397.051270,4284.230957,4280.769043,4461.410156,4500.384766,4331.282227,4379.487305,0.000000,1.000000,22.000000,,,,0.000000,2.000000,2.000000,0.000000,4.000000,2.000000,2.000000,0.000000,0.000000,4.000000,4.000000,4.000000,4.000000,4.000000,4.000000,0.000000,,,,,,,,,,,,,,,,,13.000000,0.000000,0.500519,0.455200,-0.565247,0.471985,0.977658,-0.066414,-0.050787,-36.392822,44.641396,31.248175
1732157935.170645,1732157935.172207,53.000000,0.000000,4281.153809,4267.307617,4312.051270,4290.384766,4277.436035,4282.307617,4336.153809,4400.384766,4288.974121,4276.794922,4459.615234,4496.922852,4332.051270,4380.128418,0.000000,1.000000,22.000000,,,,0.000000,2.000000,2.000000,0.000000,4.000000,2.000000,2.000000,0.000000,0.000000,4.000000,4.000000,4.000000,4.000000,4.000000,4.000000,0.000000,,,,,,,,,,,,,,,,,,,,,,,,,,,,
1732157935.178453,1732157935.179816,54.000000,0.000000,4280.128418,4241.282227,4309.358887,4286.794922,4281.794922,4278.974121,4333.846191,4403.589844,4282.436035,4273.846191,4457.948730,4498.333496,4334.102539,4383.077148,0.000000,1.000000,22.000000,,,,0.000000,2.000000,2.000000,0.000000,4.000000,2.000000,2.000000,0.000000,0.000000,4.000000,4.000000,4.000000,4.000000,4.000000,4.000000,0.000000,,,,,,,,,,,,,,,,,,,,,,,,,,,,
1732157935.186261,1732157935.187624,55.000000,0.000000,4280.897461,4217.948730,4311.922852,4289.487305,4276.794922,4279.487305,4333.974121,4401.282227,4278.974121,4277.436035,4461.538574,4501.153809,4336.282227,4383.974121,0.000000,1.000000,22.000000,,,,0.000000,2.000000,2.000000,0.000000,4.000000,2.000000,2.000000,0.000000,0.000000,4.000000,4.000000,4.000000,4.000000,4.000000,4.000000,0.000000,,,,,,,,,,,,,,,,,,,,,,,,,,,,
1732157935.194069,1732157935.195532,56.000000,0.000000,4281.794922,4192.179688,4312.051270,4292.436035,4287.307617,4285.256348,4336.410156,4399.358887,4287.307617,4279.871582,4462.948730,4504.743652,4339.102539,4383.461426,0.000000,1.000000,22.000000,,,,0.000000,2.000000,2.000000,0.000000,4.000000,2.000000,2.000000,0.000000,0.000000,4.000000,4.000000,4.000000,4.000000,4.000000,4.000000,0.000000,,,,,,,,,,,,,,,,,14.000000,0.000000,0.500431,0.455322,-0.565125,0.472107,0.973263,-0.080088,-0.057136,-36.309853,44.596195,31.181021
1732157935.201877,1732157935.203340,57.000000,0.000000,4281.410156,4145.000000,4309.871582,4286.410156,4305.897461,4287.692383,4336.666504,4400.512695,4292.436035,4278.717773,4460.641113,4506.538574,4339.743652,4383.461426,0.000000,1.000000,22.000000,,,,0.000000,2.000000,2.000000,0.000000,4.000000,2.000000,2.000000,0.000000,0.000000,4.000000,4.000000,4.000000,4.000000,4.000000,4.000000,0.000000,,,,,,,,,,,,,,,,,,,,,,,,,,,,
1732157935.209686,1732157935.211348,58.000000,0.000000,4281.666504,4111.025879,4311.666504,4287.051270,4297.692383,4289.743652,4335.384766,4400.256348,4294.102539,4286.538574,4465.384766,4507.820313,4338.974121,4390.512695,0.000000,1.000000,22.000000,,,,0.000000,2.000000,2.000000,0.000000,4.000000,2.000000,2.000000,0.000000,0.000000,4.000000,4.000000,4.000000,4.000000,4.000000,4.000000,0.000000,,,,,,,,,,,,,,,,,,,,,,,,,,,,
1732157935.217494,1732157935.219156,59.000000,0.000000,4282.436035,4116.153809,4313.077148,4291.153809,4276.794922,4291.922852,4334.871582,4397.948730,4300.512695,4296.538574,4472.436035,4510.384766,4342.692383,4397.820313,0.000000,1.000000,22.000000,,,,0.000000,2.000000,2.000000,0.000000,4.000000,2.000000,2.000000,0.000000,0.000000,4.000000,4.000000,4.000000,4.000000,4.000000,4.000000,0.000000,,,,,,,,,,,,,,,,,,,,,,,,,,,,
1732157935.225302,1732157935.227064,60.000000,0.000000,4281.666504,4124.871582,4311.794922,4288.717773,4276.794922,4292.948730,4335.000000,4397.820313,4300.128418,4296.410156,4472.948730,4509.743652,4345.512695,4392.820313,0.000000,1.000000,22.000000,,,,0.000000,2.000000,2.000000,0.000000,4.000000,2.000000,2.000000,0.000000,0.000000,4.000000,4.000000,4.000000,4.000000,4.000000,4.000000,0.000000,,,,,,,,,,,,,,,,,15.000000,0.000000,0.500273,0.455444,-0.565063,0.472229,0.981077,-0.074716,-0.057624,-36.292648,44.581253,31.084961
1732157935.233111,1732157935.234873,61.000000,0.000000,4281.794922,4120.384766,4311.153809,4288.333496,4286.410156,4293.077148,4334.871582,4399.230957,4296.666504,4295.384766,4472.307617,4507.307617,4343.717773,4387.307617,0.000000,1.000000,22.000000,,,,0.000000,2.000000,2.000000,0.000000,4.000000,2.000000,2.000000,0.000000,0.000000,4.000000,4.000000,4.000000,4.000000,4.000000,4.000000,0.000000,,,,,,,,,,,,,,,,,,,,,,,,,,,,
1732157935.240919,1732157935.242881,62.000000,0.000000,4281.794922,4118.846191,4311.922852,4286.666504,4297.820313,4286.538574,4334.871582,4398.717773,4297.436035,4294.615234,4475.512695,4504.230957,4341.410156,4389.487305,0.000000,1.000000,22.000000,,,,0.000000,2.000000,2.000000,0.000000,4.000000,2.000000,2.000000,0.000000,0.000000,4.000000,4.000000,4.000000,4.000000,4.000000,4.000000,0.000000,,,,,,,,,,,,,,,,,,,,,,,,,,,,
1732157935.248727,1732157935.250689,63.000000,0.000000,4279.871582,4119.102539,4311.410156,4282.307617,4305.384766,4280.641113,4334.871582,4397.820313,4296.666504,4290.384766,4470.769043,4498.846191,4341.538574,4389.358887,0.000000,1.000000,22.000000,,,,0.000000,2.000000,2.000000,0.000000,4.000000,2.000000,2.000000,0.000000,0.000000,4.000000,4.000000,4.000000,4.000000,4.000000,4.000000,0.000000,,,,,,,,,,,,,,,,,,,,,,,,,,,,
1732157935.256535,1732157935.258597,64.000000,0.000000,4279.487305,4125.256348,4310.512695,4287.051270,4290.384766,4291.666504,4334.871582,4398.717773,4296.538574,4294.102539,4465.769043,4502.692383,4343.461426,4387.307617,0.000000,1.000000,22.000000,,,,0.000000,2.000000,2.000000,0.000000,4.000000,2.000000,2.000000,0.000000,0.000000,4.000000,4.000000,4.000000,4.000000,4.000000,4.000000,0.000000,,,,,,,,,,,,,,,,,16.000000,0.000000,0.500103,0.455505,-0.565063,0.472351,0.981077,-0.087901,-0.059578,-36.237045,44.755814,31.068817
1732157935.264344,1732157935.266405,65.000000,0.000000,4281.282227,4135.769043,4309.615234,4296.410156,4273.461426,4300.384766,4334.871582,4400.256348,4298.205078,4297.692383,4469.230957,4510.000000,4344.743652,4390.256348,1601.000000,1.000000,22.000000,,,,0.000000,2.000000,2.000000,0.000000,4.000000,2.000000,2.000000,0.000000,0.000000,4.000000,4.000000,4.000000,4.000000,4.000000,4.000000,0.000000,,,,,,,,,,,,,,,,,,,,,,,,,,,,
1732157935.272152,1732157935.274413,66.000000,0.000000,4281.025879,4135.769043,4309.615234,4294.487305,4281.794922,4291.410156,4334.871582,4400.384766,4297.051270,4289.230957,4469.358887,4507.948730,4342.563965,4390.641113,1366.000000,1.000000,22.000000,,,,0.000000,2.000000,2.000000,0.000000,4.000000,2.000000,2.000000,0.000000,0.000000,4.000000,4.000000,4.000000,4.000000,4.000000,4.000000,0.000000,,,,,,,,,,,,,,,,,,,,,,,,,,,,
1732157935.279960,1732157935.282221,67.000000,0.000000,4279.102539,4132.692383,4311.666504,4291.538574,4288.333496,4286.922852,4334.871582,4399.615234,4298.333496,4287.692383,4468.077148,4505.512695,4340.769043,4387.436035,1434.000000,1.000000,22.000000,,,,0.000000,2.000000,2.000000,0.000000,4.000000,2.000000,2.000000,0.000000,0.000000,4.000000,4.000000,4.000000,4.000000,4.000000,4.000000,0.000000,,,,,,,,,,,,,,,,,,,,,,,,,,,,
1732157935.287768,1732157935.290129,68.000000,0.000000,4279.615234,4138.461426,4311.538574,4295.128418,4283.205078,4289.487305,4334.871582,4399.102539,4300.512695,4290.897461,4472.307617,4507.692383,4342.307617,4388.974121,1427.000000,1.000000,22.000000,,,,0.000000,2.000000,2.000000,0.000000,4.000000,2.000000,2.000000,0.000000,0.000000,4.000000,4.000000,4.000000,4.000000,4.000000,4.000000,0.000000,,,,,,,,,,,,,,,,,17.000000,0.000000,0.499956,0.455627,-0.564941,0.472534,0.984007,-0.070809,-0.061043,-36.383675,44.722210,31.147409
1732157935.295576,1732157935.297938,69.000000,0.000000,4280.897461,4141.282227,4310.384766,4292.692383,4292.820313,4284.358887,4334.871582,4399.487305,4294.487305,4282.820313,4471.025879,4506.410156,4342.948730,4390.000000,1210.000000,1.000000,22.000000,,,,0.000000,2.000000,2.000000,0.000000,4.000000,2.000000,2.000000,0.000000,0.000000,4.000000,4.000000,4.000000,4.000000,4.000000,4.000000,0.000000,,,,,,,,,,,,,,,,,,,,,,,,,,,,
1732157935.303385,1732157935.305946,70.000000,0.000000,4281.153809,4138.205078,4311.666504,4285.256348,4301.922852,4283.077148,4334.871582,4400.384766,4290.256348,4277.179688,4463.589844,4504.358887,4343.077148,4387.436035,0.000000,1.000000,22.000000,,,,0.000000,2.000000,2.000000,0.000000,4.000000,2.000000,2.000000,0.000000,0.000000,4.000000,4.000000,4.000000,4.000000,4.000000,4.000000,0.000000,,,,,,,,,,,,,,,,,,,,,,,,,,,,
1732157935.311193,1732157935.313754,71.000000,0.000000,4281.922852,4144.102539,4311.538574,4286.153809,4285.897461,4287.307617,4334.871582,4399.487305,4293.461426,4283.077148,4465.769043,4506.153809,4343.205078,4390.256348,0.000000,1.000000,22.000000,,,,0.000000,2.000000,2.000000,0.000000,4.000000,2.000000,2.000000,0.000000,0.000000,4.000000,4.000000,4.000000,4.000000,4.000000,4.000000,0.000000,,,,,,,,,,,,,,,,,,,,,,,,,,,,
1732157935.319001,1732157935.321662,72.000000,0.000000,4282.948730,4153.589844,4312.051270,4292.179688,4267.307617,4285.512695,4334.871582,4399.358887,4295.641113,4290.000000,4472.948730,4506.666504,4342.436035,4397.179688,1534.000000,1.000000,22.000000,,,,0.000000,2.000000,2.000000,0.000000,4.000000,2.000000,2.000000,0.000000,0.000000,4.000000,4.000000,4.000000,4.000000,4.000000,4.000000,0.000000,,,,,,,,,,,,,,,,,18.000000,0.000000,0.499914,0.455750,-0.564880,0.472534,0.972775,-0.079111,-0.052741,-36.549110,44.779991,31.217735
1732157935.326810,1732157935.329470,73.000000,0.000000,4283.974121,4154.102539,4312.051270,4292.436035,4282.436035,4281.538574,4334.871582,4400.512695,4294.743652,4289.743652,4472.563965,4505.256348,4347.051270,4399.615234,1688.000000,1.000000,22.000000,,,,0.000000,2.000000,2.000000,0.000000,4.000000,2.000000,2.000000,0.000000,0.000000,4.000000,4.000000,4.000000,4.000000,4.000000,4.000000,0.000000,,,,,,,,,,,,,,,,,,,,,,,,,,,,
1732157935.334618,1732157935.337079,74.000000,0.000000,4282.820313,4151.666504,4311.025879,4290.897461,4300.897461,4282.051270,4334.871582,4399.615234,4294.615234,4288.205078,4471.666504,4505.641113,4350.512695,4398.846191,1546.000000,1.000000,22.000000,,,,0.000000,2.000000,2.000000,0.000000,4.000000,2.000000,2.000000,0.000000,0.000000,4.000000,4.000000,4.000000,4.000000,4.000000,4.000000,0.000000,,,,,,,,,,,,,,,,,,,,,,,,,,,,
1732157935.342426,1732157935.344887,75.000000,0.000000,4281.922852,4157.820313,4311.025879,4294.743652,4281.794922,4282.307617,4334.871582,4397.563965,4296.922852,4291.922852,4473.974121,4508.589844,4345.641113,4400.256348,1566.000000,1.000000,22.000000,,,,0.000000,2.000000,2.000000,0.000000,4.000000,2.000000,2.000000,0.000000,0.000000,4.000000,4.000000,4.000000,4.000000,4.000000,4.000000,0.000000,,,,,,,,,,,,,,,,,,,,,,,,,,,,
1732157935.350234,1732157935.352595,76.000000,0.000000,4284.871582,4168.974121,4312.307617,4296.538574,4265.641113,4282.563965,4334.871582,4399.358887,4298.333496,4293.974121,4474.230957,4507.692383,4340.769043,4400.256348,1701.000000,1.000000,22.000000,,,,0.000000,2.000000,2.000000,0.000000,4.000000,2.000000,2.000000,0.000000,0.000000,4.000000,4.000000,4.000000,4.000000,4.000000,4.000000,0.000000,,,,,,,,,,,,,,,,,19.000000,0.000000,0.499972,0.455750,-0.564880,0.472473,0.972775,-0.079111,-0.052741,-36.509777,45.018459,31.308031
1732157935.358043,1732157935.360403,77.000000,0.000000,4289.358887,4172.307617,4313.077148,4294.871582,4276.922852,4282.179688,4334.871582,4401.410156,4297.179688,4292.820313,4472.179688,4504.615234,4343.077148,4398.717773,1606.000000,1.000000,22.000000,,,,0.000000,2.000000,2.000000,0.000000,4.000000,2.000000,2.000000,0.000000,0.000000,4.000000,4.000000,4.000000,4.000000,4.000000,4.000000,0.000000,,,,,,,,,,,,,,,,,,,,,,,,,,,,
1732157935.365851,1732157935.368012,78.000000,0.000000,4288.974121,4170.000000,4312.436035,4294.871582,4286.538574,4281.410156,4334.871582,4399.615234,4295.256348,4291.666504,4471.922852,4506.666504,4345.256348,4399.358887,1546.000000,1.000000,22.000000,,,,0.000000,2.000000,2.000000,0.000000,4.000000,2.000000,2.000000,0.000000,0.000000,4.000000,4.000000,4.000000,4.000000,4.000000,4.000000,0.000000,1.000000,0.000000,1.000000,2.000000,0.000000,1.000000,2.000000,1.000000,0.000000,0.000000,4.000000,4.000000,1.000000,4.000000,1.000000,4.000000,,,,,,,,,,,,
1732157935.373659,1732157935.375820,79.000000,0.000000,4288.077148,4174.487305,4309.871582,4296.153809,4278.333496,4279.615234,4334.871582,4399.487305,4296.410156,4286.538574,4473.333496,4505.384766,4343.333496,4399.871582,1566.000000,1.000000,22.000000,,,,0.000000,2.000000,2.000000,0.000000,4.000000,2.000000,2.000000,0.000000,0.000000,4.000000,4.000000,4.000000,4.000000,4.000000,4.000000,0.000000,,,,,,,,,,,,,,,,,,,,,,,,,,,,
1732157935.381467,1732157935.383528,80.000000,0.000000,4293.461426,4184.102539,4310.641113,4296.922852,4273.077148,4278.974121,4334.871582,4400.769043,4294.615234,4280.641113,4473.846191,4502.692383,4341.538574,4397.051270,1701.000000,1.000000,22.000000,,,,0.000000,2.000000,2.000000,0.000000,4.000000,2.000000,2.000000,0.000000,0.000000,4.000000,4.000000,4.000000,4.000000,4.000000,4.000000,0.000000,,,,,,,,,,,,,,,,,20.000000,0.000000,0.499903,0.455750,-0.564941,0.472473,0.988402,-0.074228,-0.054206,-36.289585,44.803284,31.447840
1732157935.389275,1732157935.391336,81.000000,0.000000,4295.256348,4186.282227,4316.666504,4292.563965,4290.641113,4279.487305,4334.487305,4400.641113,4286.538574,4280.512695,4468.333496,4502.436035,4340.000000,4393.717773,1606.000000,1.000000,22.000000,,,,0.000000,2.000000,2.000000,0.000000,4.000000,2.000000,2.000000,0.000000,0.000000,4.000000,4.000000,4.000000,4.000000,4.000000,4.000000,0.000000,,,,,,,,,,,,,,,,,,,,,,,,,,,,
1732157935.397084,1732157935.398945,82.000000,0.000000,4287.692383,4183.205078,4316.922852,4291.025879,4299.102539,4281.025879,4335.128418,4399.743652,4286.794922,4281.282227,4466.282227,4497.948730,4341.666504,4394.358887,1546.000000,1.000000,22.000000,,,,0.000000,2.000000,2.000000,0.000000,4.000000,2.000000,2.000000,0.000000,0.000000,4.000000,4.000000,4.000000,4.000000,4.000000,4.000000,0.000000,,,,,,,,,,,,,,,,,,,,,,,,,,,,
1732157935.404892,1732157935.406753,83.000000,0.000000,4288.461426,4185.256348,4311.922852,4295.384766,4280.000000,4282.692383,4335.256348,4397.436035,4296.794922,4284.230957,4471.410156,4491.794922,4343.974121,4394.743652,1566.000000,1.000000,22.000000,,,,0.000000,2.000000,2.000000,0.000000,4.000000,2.000000,2.000000,0.000000,0.000000,4.000000,4.000000,4.000000,4.000000,4.000000,4.000000,0.000000,,,,,,,,,,,,,,,,,,,,,,,,,,,,
1732157935.412700,1732157935.414461,84.000000,0.000000,4294.487305,4188.589844,4310.512695,4296.538574,4262.051270,4282.948730,4333.717773,4396.794922,4301.153809,4292.436035,4472.436035,4491.794922,4343.077148,4391.794922,1701.000000,1.000000,22.000000,,,,0.000000,2.000000,2.000000,0.000000,4.000000,2.000000,2.000000,0.000000,0.000000,4.000000,4.000000,4.000000,4.000000,4.000000,4.000000,0.000000,,,,,,,,,,,,,,,,,21.000000,0.000000,0.499845,0.455750,-0.564941,0.472534,0.974240,-0.086925,-0.049811,-36.377899,44.878994,31.444416
1732157935.420509,1732157935.422270,85.000000,0.000000,4286.666504,4186.794922,4310.769043,4292.948730,4276.282227,4281.922852,4336.153809,4399.358887,4296.922852,4291.153809,4470.512695,4496.410156,4342.179688,4388.717773,1606.000000,1.000000,22.000000,,,,0.000000,2.000000,2.000000,0.000000,4.000000,2.000000,2.000000,0.000000,0.000000,4.000000,4.000000,4.000000,4.000000,4.000000,4.000000,0.000000,,,,,,,,,,,,,,,,,,,,,,,,,,,,
1732157935.428317,1732157935.429878,86.000000,0.000000,4280.128418,4190.641113,4309.102539,4291.538574,4297.307617,4281.794922,4339.615234,4399.743652,4292.820313,4282.820313,4473.205078,4502.820313,4343.461426,4389.871582,1546.000000,1.000000,22.000000,,,,0.000000,2.000000,2.000000,0.000000,4.000000,2.000000,2.000000,0.000000,0.000000,4.000000,4.000000,4.000000,4.000000,4.000000,4.000000,0.000000,,,,,,,,,,,,,,,,,,,,,,,,,,,,
1732157935.436125,1732157935.437686,87.000000,0.000000,4287.051270,4198.846191,4308.333496,4292.307617,4287.307617,4281.538574,4336.922852,4398.846191,4296.153809,4283.589844,4473.974121,4507.820313,4344.615234,4394.871582,1566.000000,1.000000,22.000000,,,,0.000000,2.000000,2.000000,0.000000,4.000000,2.000000,2.000000,0.000000,0.000000,4.000000,4.000000,4.000000,4.000000,4.000000,4.000000,0.000000,,,,,,,,,,,,,,,,,,,,,,,,,,,,
1732157935.443933,1732157935.445395,88.000000,0.000000,4286.410156,4200.512695,4308.589844,4292.692383,4266.666504,4280.128418,4333.846191,4399.102539,4302.948730,4293.846191,4472.179688,4506.538574,4342.051270,4395.512695,1701.000000,1.000000,22.000000,,,,0.000000,2.000000,2.000000,0.000000,4.000000,2.000000,2.000000,0.000000,0.000000,4.000000,4.000000,4.000000,4.000000,4.000000,4.000000,0.000000,,,,,,,,,,,,,,,,,22.000000,0.000000,0.499870,0.455811,-0.564819,0.472595,0.974240,-0.086925,-0.049811,-36.497765,44.960320,31.268311
1732157935.451742,1732157935.453203,89.000000,0.000000,4279.487305,4199.230957,4310.384766,4292.307617,4267.051270,4280.128418,4335.769043,4399.871582,4302.436035,4294.743652,4474.871582,4504.102539,4340.897461,4391.410156,1606.000000,1.000000,22.000000,,,,0.000000,2.000000,2.000000,0.000000,4.000000,2.000000,2.000000,0.000000,0.000000,4.000000,4.000000,4.000000,4.000000,4.000000,4.000000,0.000000,,,,,,,,,,,,,,,,,,,,,,,,,,,,
1732157935.459550,1732157935.460811,90.000000,0.000000,4283.589844,4199.615234,4311.922852,4290.256348,4282.179688,4281.410156,4336.666504,4399.743652,4293.717773,4282.563965,4474.743652,4501.410156,4342.692383,4392.948730,1546.000000,1.000000,22.000000,,,,0.000000,2.000000,2.000000,0.000000,4.000000,2.000000,2.000000,0.000000,0.000000,4.000000,4.000000,4.000000,4.000000,4.000000,4.000000,0.000000,,,,,,,,,,,,,,,,,,,,,,,,,,,,
1732157935.467358,1732157935.468619,91.000000,0.000000,4287.307617,4199.743652,4312.051270,4291.153809,4279.871582,4282.436035,4335.641113,4399.871582,4293.974121,4280.769043,4471.794922,4499.615234,4342.692383,4397.948730,1566.000000,1.000000,22.000000,,,,0.000000,2.000000,2.000000,0.000000,4.000000,2.000000,2.000000,0.000000,0.000000,4.000000,4.000000,4.000000,4.000000,4.000000,4.000000,0.000000,,,,,,,,,,,,,,,,,,,,,,,,,,,,
1732157935.475166,1732157935.476328,92.000000,0.000000,4282.692383,4199.615234,4314.487305,4293.461426,4274.358887,4283.589844,4336.538574,4399.102539,4302.563965,4289.871582,4472.563965,4497.820313,4338.974121,4390.384766,1701.000000,1.000000,22.000000,,,,0.000000,2.000000,2.000000,0.000000,4.000000,2.000000,2.000000,0.000000,0.000000,4.000000,4.000000,4.000000,4.000000,4.000000,4.000000,0.000000,,,,,,,,,,,,,,,,,23.000000,0.000000,0.499587,0.455994,-0.564819,0.472717,0.969357,-0.076181,-0.050787,-36.688190,45.094524,31.027332
1732157935.482974,1732157935.484136,93.000000,0.000000,4280.000000,4201.282227,4314.743652,4287.692383,4295.384766,4282.307617,4336.794922,4399.102539,4304.358887,4286.794922,4472.820313,4495.769043,4336.922852,4380.512695,1606.000000,1.000000,22.000000,,,,0.000000,2.000000,2.000000,0.000000,4.000000,2.000000,2.000000,0.000000,0.000000,4.000000,4.000000,4.000000,4.000000,4.000000,4.000000,0.000000,,,,,,,,,,,,,,,,,,,,,,,,,,,,
1732157935.490783,1732157935.491744,94.000000,0.000000,4279.487305,4201.922852,4311.025879,4284.102539,4297.436035,4280.256348,4336.538574,4400.384766,4298.461426,4281.666504,4472.436035,4498.846191,4343.077148,4386.666504,1546.000000,1.000000,22.000000,,,,0.000000,2.000000,2.000000,0.000000,4.000000,2.000000,2.000000,0.000000,0.000000,4.000000,4.000000,4.000000,4.000000,4.000000,4.000000,0.000000,,,,,,,,,,,,,,,,,,,,,,,,,,,,
1732157935.498591,1732157935.499553,95.000000,0.000000,4282.051270,4201.922852,4309.615234,4288.077148,4268.974121,4281.025879,4336.666504,4399.487305,4296.282227,4291.666504,4473.974121,4502.948730,4350.256348,4396.666504,1566.000000,1.000000,22.000000,,,,0.000000,2.000000,2.000000,0.000000,4.000000,2.000000,2.000000,0.000000,0.000000,4.000000,4.000000,4.000000,4.000000,4.000000,4.000000,0.000000,,,,,,,,,,,,,,,,,,,,,,,,,,,,
1732157935.506399,1732157935.507461,96.000000,0.000000,4283.461426,4201.282227,4311.153809,4290.128418,4257.948730,4283.077148,4336.538574,4399.358887,4302.051270,4297.436035,4474.615234,4503.717773,4350.384766,4396.922852,1701.000000,1.000000,22.000000,,,,0.000000,2.000000,2.000000,0.000000,4.000000,2.000000,2.000000,0.000000,0.000000,4.000000,4.000000,4.000000,4.000000,4.000000,4.000000,0.000000,,,,,,,,,,,,,,,,,24.000000,0.000000,0.499685,0.455811,-0.564880,0.472717,0.972775,-0.078135,-0.060066,-36.557434,44.751564,31.010471
1732157935.514207,1732157935.515269,97.000000,0.000000,4282.179688,4202.307617,4312.948730,4288.205078,4276.282227,4282.563965,4336.666504,4400.256348,4304.743652,4292.820313,4474.871582,4506.025879,4350.128418,4393.333496,1606.000000,1.000000,22.000000,,,,0.000000,2.000000,2.000000,0.000000,4.000000,2.000000,2.000000,0.000000,0.000000,4.000000,4.000000,4.000000,4.000000,4.000000,4.000000,0.000000,,,,,,,,,,,,,,,,,,,,,,,,,,,,
1732157935.522016,1732157935.523277,98.000000,0.000000,4281.794922,4204.743652,4314.743652,4287.948730,4283.205078,4280.897461,4336.666504,4400.897461,4303.205078,4294.230957,4475.000000,4506.922852,4351.153809,4389.230957,1546.000000,1.000000,22.000000,,,,0.000000,2.000000,2.000000,0.000000,4.000000,2.000000,2.000000,0.000000,0.000000,4.000000,4.000000,4.000000,4.000000,4.000000,4.000000,0.000000,,,,,,,,,,,,,,,,,,,,,,,,,,,,
1732157935.529824,1732157935.531085,99.000000,0.000000,4281.410156,4203.077148,4314.358887,4289.102539,4272.436035,4281.666504,4336.666504,4399.615234,4302.948730,4295.256348,4473.205078,4500.384766,4346.410156,4386.666504,1566.000000,1.000000,22.000000,,,,0.000000,2.000000,2.000000,0.000000,4.000000,2.000000,2.000000,0.000000,0.000000,4.000000,4.000000,4.000000,4.000000,4.000000,4.000000,0.000000,,,,,,,,,,,,,,,,,,,,,,,,,,,,
1732157935.537632,1732157935.538793,100.000000,0.000000,4279.487305,4200.769043,4312.820313,4287.820313,4283.205078,4281.794922,4336.666504,4399.102539,4300.641113,4285.512695,4471.666504,4498.077148,4341.025879,4386.410156,1701.000000,1.000000,22.000000,,,,0.000000,2.000000,2.000000,0.000000,4.000000,2.000000,2.000000,0.000000,0.000000,4.000000,4.000000,4.000000,4.000000,4.000000,4.000000,0.000000,,,,,,,,,,,,,,,,,25.000000,0.000000,0.499774,0.455688,-0.565002,0.472595,0.981077,-0.067391,-0.065926,-36.568188,44.640434,31.188482
1732157935.545441,1732157935.546602,101.000000,0.000000,4276.410156,4206.666504,4311.538574,4287.563965,4294.102539,4280.000000,4336.666504,4399.871582,4296.153809,4278.333496,4468.974121,4497.051270,4339.871582,4385.128418,1606.000000,1.000000,22.000000,,,,0.000000,2.000000,2.000000,0.000000,4.000000,2.000000,2.000000,0.000000,0.000000,4.000000,4.000000,4.000000,4.000000,4.000000,4.000000,0.000000,,,,,,,,,,,,,,,,,,,,,,,,,,,,
1732157935.553249,1732157935.554610,102.000000,0.000000,4275.897461,4214.230957,4311.794922,4288.589844,4277.051270,4280.128418,4336.666504,4399.358887,4296.538574,4283.717773,4466.922852,4495.384766,4339.358887,4387.948730,1546.000000,1.000000,22.000000,,,,0.000000,2.000000,2.000000,0.000000,4.000000,2.000000,2.000000,0.000000,0.000000,4.000000,4.000000,4.000000,4.000000,4.000000,4.000000,0.000000,,,,,,,,,,,,,,,,,,,,,,,,,,,,
1732157935.561057,1732157935.562418,103.000000,0.000000,4283.205078,4215.384766,4311.410156,4291.538574,4259.358887,4281.794922,4336.538574,4398.717773,4303.205078,4292.051270,4470.769043,4502.436035,4343.589844,4396.025879,1566.000000,1.000000,22.000000,,,,0.000000,2.000000,2.000000,0.000000,4.000000,2.000000,2.000000,0.000000,0.000000,4.000000,4.000000,4.000000,4.000000,4.000000,4.000000,0.000000,,,,,,,,,,,,,,,,,,,,,,,,,,,,
1732157935.568865,1732157935.570326,104.000000,0.000000,4288.717773,4216.025879,4311.025879,4294.615234,4265.641113,4281.153809,4337.051270,4400.384766,4303.846191,4292.948730,4473.846191,4507.692383,4347.307617,4397.051270,1701.000000,1.000000,22.000000,,,,0.000000,2.000000,2.000000,0.000000,4.000000,2.000000,2.000000,0.000000,0.000000,4.000000,4.000000,4.000000,4.000000,4.000000,4.000000,0.000000,,,,,,,,,,,,,,,,,26.000000,0.000000,0.499774,0.455688,-0.565002,0.472595,0.975217,-0.068856,-0.052741,-36.531898,44.745419,31.302671
1732157935.576673,1732157935.578134,105.000000,0.000000,4283.589844,4217.820313,4310.512695,4291.282227,4276.794922,4280.897461,4336.410156,4401.282227,4297.436035,4291.794922,4472.948730,4506.538574,4346.922852,4395.000000,1606.000000,1.000000,22.000000,,,,0.000000,2.000000,2.000000,0.000000,4.000000,2.000000,2.000000,0.000000,0.000000,4.000000,4.000000,4.000000,4.000000,4.000000,4.000000,0.000000,,,,,,,,,,,,,,,,,,,,,,,,,,,,
1732157935.584482,1732157935.586142,106.000000,0.000000,4280.256348,4218.077148,4312.436035,4286.282227,4271.282227,4280.256348,4335.256348,4399.487305,4294.102539,4291.282227,4475.128418,4505.641113,4347.436035,4397.692383,1546.000000,1.000000,22.000000,,,,0.000000,2.000000,2.000000,0.000000,4.000000,2.000000,2.000000,0.000000,0.000000,4.000000,4.000000,4.000000,4.000000,4.000000,4.000000,0.000000,,,,,,,,,,,,,,,,,,,,,,,,,,,,
1732157935.592290,1732157935.593950,107.000000,0.000000,4283.974121,4219.487305,4313.974121,4285.256348,4264.615234,4277.948730,4335.641113,4399.358887,4299.358887,4290.897461,4477.820313,4507.563965,4347.948730,4399.230957,1566.000000,1.000000,22.000000,,,,0.000000,2.000000,2.000000,0.000000,4.000000,2.000000,2.000000,0.000000,0.000000,4.000000,4.000000,4.000000,4.000000,4.000000,4.000000,0.000000,,,,,,,,,,,,,,,,,,,,,,,,,,,,
1732157935.600098,1732157935.601858,108.000000,0.000000,4282.563965,4219.743652,4312.436035,4285.256348,4276.153809,4276.282227,4335.897461,4400.128418,4301.922852,4291.410156,4474.743652,4507.692383,4343.205078,4397.820313,1701.000000,1.000000,22.000000,,,,0.000000,2.000000,2.000000,0.000000,4.000000,2.000000,2.000000,0.000000,0.000000,4.000000,4.000000,4.000000,4.000000,4.000000,4.000000,0.000000,,,,,,,,,,,,,,,,,27.000000,0.000000,0.499818,0.455627,-0.565063,0.472534,0.977658,-0.067879,-0.055671,-36.335838,44.730457,31.308496
1732157935.607906,1732157935.609667,109.000000,0.000000,4279.871582,4217.948730,4312.179688,4281.538574,4286.282227,4275.641113,4334.102539,4399.743652,4297.051270,4287.307617,4472.179688,4502.051270,4341.025879,4394.230957,1606.000000,1.000000,22.000000,,,,0.000000,2.000000,2.000000,0.000000,4.000000,2.000000,2.000000,0.000000,0.000000,4.000000,4.000000,4.000000,4.000000,4.000000,4.000000,0.000000,,,,,,,,,,,,,,,,,,,,,,,,,,,,
1732157935.615715,1732157935.617675,110.000000,0.000000,4280.384766,4222.307617,4312.436035,4281.153809,4272.563965,4277.051270,4333.077148,4398.589844,4295.769043,4285.000000,4470.128418,4495.641113,4341.922852,4385.897461,1546.000000,1.000000,22.000000,,,,0.000000,2.000000,2.000000,0.000000,4.000000,2.000000,2.000000,0.000000,0.000000,4.000000,4.000000,4.000000,4.000000,4.000000,4.000000,0.000000,,,,,,,,,,,,,,,,,,,,,,,,,,,,
1732157935.623523,1732157935.625483,111.000000,0.000000,4277.948730,4229.102539,4311.410156,4284.871582,4254.487305,4280.512695,4333.717773,4397.051270,4301.282227,4286.666504,4466.282227,4497.948730,4338.077148,4381.538574,1566.000000,1.000000,22.000000,,,,0.000000,2.000000,2.000000,0.000000,4.000000,2.000000,2.000000,0.000000,0.000000,4.000000,4.000000,4.000000,4.000000,4.000000,4.000000,0.000000,,,,,,,,,,,,,,,,,,,,,,,,,,,,
1732157935.631331,1732157935.633391,112.000000,0.000000,4275.769043,4229.102539,4310.897461,4284.102539,4259.871582,4279.615234,4333.717773,4398.589844,4295.897461,4283.717773,4465.128418,4499.102539,4334.743652,4382.820313,1701.000000,1.000000,22.000000,,,,0.000000,2.000000,2.000000,0.000000,4.000000,2.000000,2.000000,0.000000,0.000000,4.000000,4.000000,4.000000,4.000000,4.000000,4.000000,0.000000,,,,,,,,,,,,,,,,,28.000000,0.000000,0.500042,0.455383,-0.565369,0.472168,0.979123,-0.079600,-0.058601,-36.257030,44.766670,31.506548
1732157935.639140,1732157935.641199,113.000000,0.000000,4278.589844,4228.589844,4312.436035,4281.922852,4277.563965,4274.871582,4333.461426,4402.179688,4286.410156,4277.692383,4464.102539,4489.871582,4334.615234,4382.436035,1606.000000,1.000000,22.000000,,,,0.000000,2.000000,2.000000,0.000000,4.000000,2.000000,2.000000,0.000000,0.000000,4.000000,4.000000,4.000000,4.000000,4.000000,4.000000,0.000000,,,,,,,,,,,,,,,,,,,,,,,,,,,,
1732157935.646948,1732157935.649207,114.000000,0.000000,4279.743652,4231.153809,4310.641113,4283.846191,4282.436035,4275.641113,4333.589844,4401.666504,4289.102539,4278.846191,4461.153809,4490.128418,4334.487305,4381.410156,1546.000000,1.000000,22.000000,,,,0.000000,2.000000,2.000000,0.000000,4.000000,2.000000,2.000000,0.000000,0.000000,4.000000,4.000000,4.000000,4.000000,4.000000,4.000000,0.000000,,,,,,,,,,,,,,,,,,,,,,,,,,,,
1732157935.654756,1732157935.657015,115.000000,0.000000,4272.436035,4231.410156,4307.051270,4283.589844,4266.666504,4280.641113,4333.589844,4399.871582,4287.692383,4280.256348,4460.384766,4499.102539,4334.615234,4382.820313,1566.000000,1.000000,22.000000,,,,0.000000,2.000000,2.000000,0.000000,4.000000,2.000000,2.000000,0.000000,0.000000,4.000000,4.000000,4.000000,4.000000,4.000000,4.000000,0.000000,,,,,,,,,,,,,,,,,,,,,,,,,,,,
1732157935.662564,1732157935.664923,116.000000,0.000000,4264.743652,4230.512695,4309.615234,4281.410156,4255.769043,4282.436035,4333.589844,4401.025879,4284.102539,4276.666504,4462.563965,4497.436035,4335.256348,4384.230957,1701.000000,1.000000,22.000000,,,,0.000000,2.000000,2.000000,0.000000,4.000000,2.000000,2.000000,0.000000,0.000000,4.000000,4.000000,4.000000,4.000000,4.000000,4.000000,0.000000,,,,,,,,,,,,,,,,,29.000000,0.000000,0.500028,0.455322,-0.565430,0.472168,0.982053,-0.079600,-0.055671,-36.109859,44.612667,31.661972
1732157935.670372,1732157935.672732,117.000000,0.000000,4264.230957,4231.410156,4313.461426,4280.512695,4264.487305,4282.948730,4333.589844,4400.897461,4294.743652,4277.179688,4459.871582,4489.743652,4332.692383,4382.307617,1606.000000,1.000000,22.000000,,,,0.000000,2.000000,2.000000,0.000000,4.000000,2.000000,2.000000,0.000000,0.000000,4.000000,4.000000,4.000000,4.000000,4.000000,4.000000,0.000000,,,,,,,,,,,,,,,,,,,,,,,,,,,,
1732157935.678181,1732157935.680740,118.000000,0.000000,4267.820313,4232.436035,4309.358887,4281.153809,4272.307617,4282.692383,4333.589844,4399.230957,4299.358887,4278.974121,4458.589844,4490.256348,4329.743652,4380.128418,1546.000000,1.000000,22.000000,,,,0.000000,2.000000,2.000000,0.000000,4.000000,2.000000,2.000000,0.000000,0.000000,4.000000,4.000000,4.000000,4.000000,4.000000,4.000000,0.000000,,,,,,,,,,,,,,,,,,,,,,,,,,,,
1732157935.685989,1732157935.688548,119.000000,0.000000,4272.436035,4233.333496,4306.922852,4281.410156,4265.641113,4275.641113,4333.589844,4399.743652,4287.436035,4280.512695,4466.666504,4499.871582,4333.333496,4388.077148,1566.000000,1.000000,22.000000,,,,0.000000,2.000000,2.000000,0.000000,4.000000,2.000000,2.000000,0.000000,0.000000,4.000000,4.000000,4.000000,4.000000,4.000000,4.000000,0.000000,,,,,,,,,,,,,,,,,,,,,,,,,,,,
1732157935.693797,1732157935.696456,120.000000,0.000000,4275.769043,4235.641113,4311.666504,4280.512695,4259.230957,4266.410156,4333.589844,4399.102539,4280.384766,4279.358887,4470.128418,4501.538574,4338.333496,4396.666504,1701.000000,1.000000,22.000000,,,,0.000000,2.000000,2.000000,0.000000,4.000000,2.000000,2.000000,0.000000,0.000000,4.000000,4.000000,4.000000,4.000000,4.000000,4.000000,0.000000,,,,,,,,,,,,,,,,,30.000000,0.000000,0.500028,0.455322,-0.565430,0.472168,0.986449,-0.082041,-0.054694,-35.945652,44.562927,31.787863
1732157935.701605,1732157935.704264,121.000000,0.000000,4274.358887,4234.615234,4313.205078,4279.743652,4270.256348,4264.871582,4333.589844,4399.743652,4278.846191,4273.974121,4461.922852,4495.769043,4335.512695,4391.794922,1606.000000,1.000000,22.000000,,,,0.000000,2.000000,2.000000,0.000000,4.000000,2.000000,2.000000,0.000000,0.000000,4.000000,4.000000,4.000000,4.000000,4.000000,4.000000,0.000000,,,,,,,,,,,,,,,,,,,,,,,,,,,,
1732157935.709414,1732157935.712072,122.000000,0.000000,4274.871582,4234.102539,4309.871582,4282.179688,4285.000000,4266.410156,4333.589844,4402.692383,4285.641113,4277.179688,4461.282227,4500.128418,4334.230957,4385.256348,1546.000000,1.000000,22.000000,,,,0.000000,2.000000,2.000000,0.000000,4.000000,2.000000,2.000000,0.000000,0.000000,4.000000,4.000000,4.000000,4.000000,4.000000,4.000000,0.000000,,,,,,,,,,,,,,,,,,,,,,,,,,,,
1732157935.717222,1732157935.719881,123.000000,0.000000,4280.256348,4240.897461,4308.974121,4286.410156,4267.436035,4267.436035,4333.589844,4402.436035,4298.589844,4287.307617,4472.179688,4508.205078,4340.897461,4388.205078,1566.000000,1.000000,22.000000,,,,0.000000,2.000000,2.000000,0.000000,4.000000,2.000000,2.000000,0.000000,0.000000,4.000000,4.000000,4.000000,4.000000,4.000000,4.000000,0.000000,,,,,,,,,,,,,,,,,,,,,,,,,,,,
1732157935.725030,1732157935.727589,124.000000,0.000000,4280.256348,4246.538574,4312.436035,4285.512695,4242.948730,4271.282227,4333.589844,4398.846191,4292.820313,4285.128418,4475.384766,4506.922852,4341.153809,4389.487305,1701.000000,1.000000,22.000000,,,,0.000000,2.000000,2.000000,0.000000,4.000000,2.000000,2.000000,0.000000,0.000000,4.000000,4.000000,4.000000,4.000000,4.000000,4.000000,0.000000,,,,,,,,,,,,,,,,,31.000000,0.000000,0.500003,0.455261,-0.565552,0.472107,0.976682,-0.070321,-0.045416,-35.910980,44.554306,31.751503
1732157935.732839,1732157935.735397,125.000000,0.000000,4277.179688,4244.743652,4314.743652,4282.692383,4256.282227,4274.358887,4333.589844,4397.820313,4283.461426,4277.436035,4472.436035,4506.922852,4337.563965,4388.205078,1606.000000,1.000000,22.000000,,,,0.000000,2.000000,2.000000,0.000000,4.000000,2.000000,2.000000,0.000000,0.000000,4.000000,4.000000,4.000000,4.000000,4.000000,4.000000,0.000000,,,,,,,,,,,,,,,,,,,,,,,,,,,,
1732157935.740647,1732157935.743006,126.000000,0.000000,4279.615234,4245.512695,4313.077148,4285.769043,4269.871582,4276.410156,4333.589844,4399.358887,4294.230957,4283.205078,4473.974121,4513.589844,4342.051270,4390.384766,1546.000000,1.000000,22.000000,,,,0.000000,2.000000,2.000000,0.000000,4.000000,2.000000,2.000000,0.000000,0.000000,4.000000,4.000000,4.000000,4.000000,4.000000,4.000000,0.000000,,,,,,,,,,,,,,,,,,,,,,,,,,,,
1732157935.748455,1732157935.750814,127.000000,0.000000,4281.153809,4249.871582,4309.871582,4288.205078,4257.820313,4279.743652,4333.589844,4399.102539,4302.820313,4289.615234,4474.358887,4510.512695,4346.282227,4387.436035,22.000000,1.000000,22.000000,,,,0.000000,2.000000,2.000000,0.000000,4.000000,2.000000,2.000000,0.000000,0.000000,4.000000,4.000000,4.000000,4.000000,4.000000,4.000000,0.000000,,,,,,,,,,,,,,,,,,,,,,,,,,,,
1732157935.756263,1732157935.758522,0.000000,0.000000,4277.563965,4249.871582,4312.179688,4285.384766,4269.487305,4274.487305,4333.589844,4399.230957,4290.128418,4283.333496,4472.051270,4504.102539,4342.692383,4386.538574,0.000000,1.000000,22.000000,,,,0.000000,2.000000,2.000000,0.000000,4.000000,2.000000,2.000000,0.000000,0.000000,4.000000,4.000000,4.000000,4.000000,4.000000,4.000000,0.000000,,,,,,,,,,,,,,,,,0.000000,0.000000,0.500130,0.455627,-0.565247,0.471985,0.984984,-0.077646,-0.049811,-35.861225,44.522320,31.617050
1732157935.764071,1732157935.766330,1.000000,0.000000,4278.589844,4247.948730,4314.230957,4286.153809,4285.128418,4263.974121,4333.589844,4401.794922,4283.974121,4277.563965,4473.077148,4504.358887,4342.307617,4395.641113,1604.000000,1.000000,22.000000,,,,0.000000,2.000000,2.000000,0.000000,4.000000,2.000000,2.000000,0.000000,0.000000,4.000000,4.000000,4.000000,4.000000,4.000000,4.000000,0.000000,,,,,,,,,,,,,,,,,,,,,,,,,,,,
1732157935.771880,1732157935.773939,2.000000,0.000000,4282.820313,4250.641113,4312.563965,4292.692383,4261.794922,4266.666504,4333.589844,4402.051270,4294.102539,4285.128418,4474.743652,4506.025879,4345.641113,4396.153809,1366.000000,1.000000,22.000000,,,,0.000000,2.000000,2.000000,0.000000,4.000000,2.000000,2.000000,0.000000,0.000000,4.000000,4.000000,4.000000,4.000000,4.000000,4.000000,0.000000,,,,,,,,,,,,,,,,,,,,,,,,,,,,
1732157935.779688,1732157935.781747,3.000000,0.000000,4282.820313,4253.333496,4312.820313,4294.871582,4246.153809,4277.948730,4333.589844,4399.871582,4298.846191,4293.333496,4474.871582,4504.102539,4344.358887,4387.820313,1434.000000,1.000000,22.000000,,,,0.000000,2.000000,2.000000,0.000000,4.000000,2.000000,2.000000,0.000000,0.000000,4.000000,4.000000,4.000000,4.000000,4.000000,4.000000,0.000000,,,,,,,,,,,,,,,,,,,,,,,,,,,,
1732157935.787496,1732157935.789455,4.000000,0.000000,4281.538574,4252.692383,4314.358887,4291.282227,4266.025879,4282.948730,4333.589844,4400.769043,4295.128418,4286.794922,4472.820313,4502.563965,4341.282227,4389.615234,1424.000000,1.000000,22.000000,,,,0.000000,2.000000,2.000000,0.000000,4.000000,2.000000,2.000000,0.000000,0.000000,4.000000,4.000000,4.000000,4.000000,4.000000,4.000000,0.000000,,,,,,,,,,,,,,,,,1.000000,0.000000,0.500055,0.455811,-0.565063,0.472107,0.980100,-0.074228,-0.055183,-35.792595,44.233078,31.404810
1732157935.795304,1732157935.797263,5.000000,0.000000,4282.051270,4255.512695,4313.717773,4291.538574,4271.282227,4280.256348,4333.589844,4401.922852,4294.358887,4277.436035,4468.717773,4505.769043,4342.051270,4395.512695,1210.000000,1.000000,22.000000,,,,0.000000,2.000000,2.000000,0.000000,4.000000,2.000000,2.000000,0.000000,0.000000,4.000000,4.000000,4.000000,4.000000,4.000000,4.000000,0.000000,,,,,,,,,,,,,,,,,,,,,,,,,,,,
1732157935.803113,1732157935.805271,6.000000,0.000000,4283.333496,4262.436035,4311.794922,4295.769043,4257.948730,4276.922852,4333.589844,4400.128418,4292.948730,4277.436035,4469.743652,4508.717773,4340.641113,4395.641113,0.000000,1.000000,22.000000,,,,0.000000,2.000000,2.000000,0.000000,4.000000,2.000000,2.000000,0.000000,0.000000,4.000000,4.000000,4.000000,4.000000,4.000000,4.000000,0.000000,,,,,,,,,,,,,,,,,,,,,,,,,,,,
1732157935.810921,1732157935.813080,7.000000,0.000000,4282.820313,4260.641113,4308.589844,4292.692383,4273.205078,4273.846191,4333.589844,4399.230957,4284.487305,4277.820313,4472.179688,4507.948730,4335.256348,4394.871582,0.000000,1.000000,22.000000,,,,0.000000,2.000000,2.000000,0.000000,4.000000,2.000000,2.000000,0.000000,0.000000,4.000000,4.000000,4.000000,4.000000,4.000000,4.000000,0.000000,,,,,,,,,,,,,,,,,,,,,,,,,,,,
1732157935.818729,1732157935.820788,8.000000,0.000000,4281.025879,4253.717773,4308.333496,4286.153809,4281.666504,4270.641113,4333.589844,4400.256348,4283.974121,4275.256348,4465.769043,4506.410156,4333.077148,4392.051270,1534.000000,1.000000,22.000000,,,,0.000000,2.000000,2.000000,0.000000,4.000000,2.000000,2.000000,0.000000,0.000000,4.000000,4.000000,4.000000,4.000000,4.000000,4.000000,0.000000,,,,,,,,,,,,,,,,,2.000000,0.000000,0.500230,0.455505,-0.565308,0.471924,0.971798,-0.087413,-0.053229,-35.948666,44.557129,31.699564
1732157935.826537,1732157935.828596,9.000000,0.000000,4280.128418,4256.153809,4311.153809,4287.436035,4254.871582,4272.436035,4333.589844,4400.897461,4293.077148,4276.666504,4459.487305,4505.000000,4335.128418,4388.461426,1688.000000,1.000000,22.000000,,,,0.000000,2.000000,2.000000,0.000000,4.000000,2.000000,2.000000,0.000000,0.000000,4.000000,4.000000,4.000000,4.000000,4.000000,4.000000,0.000000,,,,,,,,,,,,,,,,,,,,,,,,,,,,
1732157935.834346,1732157935.836205,10.000000,0.000000,4280.897461,4263.205078,4311.922852,4291.410156,4245.256348,4277.948730,4333.589844,4400.897461,4295.000000,4279.102539,4466.025879,4502.820313,4334.871582,4390.512695,1546.000000,1.000000,22.000000,,,,0.000000,2.000000,2.000000,0.000000,4.000000,2.000000,2.000000,0.000000,0.000000,4.000000,4.000000,4.000000,4.000000,4.000000,4.000000,0.000000,,,,,,,,,,,,,,,,,,,,,,,,,,,,
1732157935.842154,1732157935.844013,11.000000,0.000000,4282.436035,4264.230957,4309.615234,4292.692383,4257.692383,4280.769043,4333.589844,4401.282227,4289.871582,4278.974121,4476.922852,4501.922852,4338.333496,4395.000000,1566.000000,1.000000,22.000000,,,,0.000000,2.000000,2.000000,0.000000,4.000000,2.000000,2.000000,0.000000,0.000000,4.000000,4.000000,4.000000,4.000000,4.000000,4.000000,0.000000,,,,,,,,,,,,,,,,,,,,,,,,,,,,
1732157935.849962,1732157935.851721,12.000000,0.000000,4282.820313,4259.871582,4310.384766,4289.487305,4264.102539,4279.230957,4333.589844,4399.487305,4291.538574,4280.384766,4471.666504,4502.948730,4342.307617,4396.794922,1701.000000,1.000000,22.000000,,,,0.000000,2.000000,2.000000,0.000000,4.000000,2.000000,2.000000,0.000000,0.000000,4.000000,4.000000,4.000000,4.000000,4.000000,4.000000,0.000000,,,,,,,,,,,,,,,,,3.000000,0.000000,0.500128,0.455566,-0.565247,0.472046,0.974240,-0.070321,-0.053717,-36.203419,44.577942,31.713312
1732157935.857770,1732157935.859529,13.000000,0.000000,4281.025879,4258.589844,4310.897461,4284.871582,4274.487305,4276.666504,4333.589844,4398.333496,4295.384766,4283.077148,4460.641113,4499.871582,4337.692383,4395.512695,1616.000000,1.000000,22.000000,,,,0.000000,2.000000,2.000000,0.000000,4.000000,2.000000,2.000000,0.000000,0.000000,4.000000,4.000000,4.000000,4.000000,4.000000,4.000000,0.000000,,,,,,,,,,,,,,,,,,,,,,,,,,,,
1732157935.865579,1732157935.867138,14.000000,0.000000,4278.974121,4263.333496,4310.128418,4281.794922,4273.974121,4277.051270,4333.589844,4401.410156,4290.512695,4281.153809,4465.384766,4498.589844,4337.436035,4393.205078,1546.000000,1.000000,22.000000,,,,0.000000,2.000000,2.000000,0.000000,4.000000,2.000000,2.000000,0.000000,0.000000,4.000000,4.000000,4.000000,4.000000,4.000000,4.000000,0.000000,1.000000,0.000000,2.000000,2.000000,0.000000,1.000000,2.000000,1.000000,0.000000,0.000000,4.000000,4.000000,4.000000,4.000000,1.000000,4.000000,,,,,,,,,,,,
1732157935.873387,1732157935.874946,15.000000,0.000000,4280.384766,4262.692383,4312.179688,4284.487305,4251.410156,4278.846191,4333.589844,4403.205078,4287.051270,4282.692383,4474.743652,4499.358887,4343.461426,4395.128418,1566.000000,1.000000,22.000000,,,,0.000000,2.000000,2.000000,0.000000,4.000000,2.000000,2.000000,0.000000,0.000000,4.000000,4.000000,4.000000,4.000000,4.000000,4.000000,0.000000,,,,,,,,,,,,,,,,,,,,,,,,,,,,
1732157935.881195,1732157935.882854,16.000000,0.000000,4282.948730,4258.205078,4313.077148,4288.333496,4250.128418,4279.615234,4333.589844,4400.000000,4293.717773,4291.153809,4472.820313,4499.871582,4343.461426,4396.922852,0.000000,1.000000,22.000000,,,,0.000000,2.000000,2.000000,0.000000,4.000000,2.000000,2.000000,0.000000,0.000000,4.000000,4.000000,4.000000,4.000000,4.000000,4.000000,0.000000,,,,,,,,,,,,,,,,,4.000000,0.000000,0.500097,0.455688,-0.565125,0.472107,0.968868,-0.065438,-0.065926,-36.226437,44.528133,31.749451
1732157935.889003,1732157935.890662,17.000000,0.000000,4283.333496,4260.384766,4312.563965,4288.974121,4263.717773,4278.974121,4333.589844,4398.846191,4296.666504,4293.205078,4472.820313,4503.461426,4341.922852,4394.871582,0.000000,1.000000,22.000000,,,,0.000000,2.000000,2.000000,0.000000,4.000000,2.000000,2.000000,0.000000,0.000000,4.000000,4.000000,4.000000,4.000000,4.000000,4.000000,0.000000,,,,,,,,,,,,,,,,,,,,,,,,,,,,
1732157935.896812,1732157935.898670,18.000000,0.000000,4279.615234,4263.589844,4312.820313,4290.000000,4272.563965,4280.128418,4333.589844,4402.179688,4292.820313,4283.333496,4472.820313,4504.102539,4339.743652,4394.871582,0.000000,1.000000,22.000000,,,,0.000000,2.000000,2.000000,0.000000,4.000000,2.000000,2.000000,0.000000,0.000000,4.000000,4.000000,4.000000,4.000000,4.000000,4.000000,0.000000,,,,,,,,,,,,,,,,,,,,,,,,,,,,
1732157935.904620,1732157935.906478,19.000000,0.000000,4277.307617,4260.769043,4313.717773,4288.846191,4283.205078,4279.230957,4333.589844,4401.794922,4293.205078,4280.256348,4466.153809,4501.410156,4335.256348,4396.538574,0.000000,1.000000,22.000000,,,,0.000000,2.000000,2.000000,0.000000,4.000000,2.000000,2.000000,0.000000,0.000000,4.000000,4.000000,4.000000,4.000000,4.000000,4.000000,0.000000,,,,,,,,,,,,,,,,,,,,,,,,,,,,
1732157935.912428,1732157935.914387,20.000000,0.000000,4284.230957,4262.179688,4311.410156,4289.743652,4277.051270,4278.717773,4333.589844,4399.230957,4296.922852,4290.000000,4467.948730,4503.333496,4337.179688,4396.922852,0.000000,1.000000,22.000000,,,,0.000000,2.000000,2.000000,0.000000,4.000000,2.000000,2.000000,0.000000,0.000000,4.000000,4.000000,4.000000,4.000000,4.000000,4.000000,0.000000,,,,,,,,,,,,,,,,,5.000000,0.000000,0.500055,0.455811,-0.565063,0.472107,0.968868,-0.065438,-0.065926,-35.975082,44.579453,31.662054
1732157935.920236,1732157935.922195,21.000000,0.000000,4287.563965,4266.794922,4310.128418,4295.128418,4258.205078,4281.922852,4333.589844,4400.512695,4295.641113,4291.538574,4474.743652,4506.794922,4343.461426,4397.948730,0.000000,1.000000,22.000000,,,,0.000000,2.000000,2.000000,0.000000,4.000000,2.000000,2.000000,0.000000,0.000000,4.000000,4.000000,4.000000,4.000000,4.000000,4.000000,0.000000,,,,,,,,,,,,,,,,,,,,,,,,,,,,
1732157935.928045,1732157935.930203,22.000000,0.000000,4280.769043,4265.769043,4311.410156,4296.410156,4256.794922,4281.922852,4333.589844,4400.897461,4291.794922,4283.077148,4472.692383,4505.512695,4341.666504,4399.102539,0.000000,1.000000,22.000000,,,,0.000000,2.000000,2.000000,0.000000,4.000000,2.000000,2.000000,0.000000,0.000000,4.000000,4.000000,4.000000,4.000000,4.000000,4.000000,0.000000,,,,,,,,,,,,,,,,,,,,,,,,,,,,
1732157935.935853,1732157935.938011,23.000000,0.000000,4279.102539,4263.974121,4310.641113,4289.871582,4270.769043,4279.871582,4333.589844,4399.358887,4293.205078,4280.256348,4472.820313,4504.871582,4340.384766,4397.692383,0.000000,1.000000,22.000000,,,,0.000000,2.000000,2.000000,0.000000,4.000000,2.000000,2.000000,0.000000,0.000000,4.000000,4.000000,4.000000,4.000000,4.000000,4.000000,0.000000,,,,,,,,,,,,,,,,,,,,,,,,,,,,
1732157935.943661,1732157935.945919,24.000000,0.000000,4282.820313,4263.205078,4308.846191,4285.512695,4280.897461,4278.974121,4333.589844,4399.230957,4296.922852,4283.846191,4476.666504,4506.794922,4345.384766,4398.205078,0.000000,1.000000,22.000000,,,,0.000000,2.000000,2.000000,0.000000,4.000000,2.000000,2.000000,0.000000,0.000000,4.000000,4.000000,4.000000,4.000000,4.000000,4.000000,0.000000,,,,,,,,,,,,,,,,,6.000000,0.000000,0.500024,0.455933,-0.564941,0.472168,0.974240,-0.085460,-0.051276,-36.293148,44.407692,31.559597
1732157935.951469,1732157935.953727,25.000000,0.000000,4282.948730,4263.846191,4310.769043,4290.128418,4275.256348,4277.948730,4333.589844,4400.128418,4296.922852,4287.820313,4476.538574,4510.897461,4346.025879,4405.641113,0.000000,1.000000,22.000000,,,,0.000000,2.000000,2.000000,0.000000,4.000000,2.000000,2.000000,0.000000,0.000000,4.000000,4.000000,4.000000,4.000000,4.000000,4.000000,0.000000,,,,,,,,,,,,,,,,,,,,,,,,,,,,
1732157935.959278,1732157935.961336,26.000000,0.000000,4283.717773,4267.436035,4311.538574,4293.846191,4256.538574,4279.871582,4333.589844,4398.717773,4296.538574,4291.410156,4477.051270,4514.743652,4347.436035,4410.128418,0.000000,1.000000,22.000000,,,,0.000000,2.000000,2.000000,0.000000,4.000000,2.000000,2.000000,0.000000,0.000000,4.000000,4.000000,4.000000,4.000000,4.000000,4.000000,0.000000,,,,,,,,,,,,,,,,,,,,,,,,,,,,
1732157935.967086,1732157935.969144,27.000000,0.000000,4288.974121,4267.436035,4310.769043,4291.282227,4253.461426,4276.922852,4333.589844,4398.333496,4297.436035,4291.538574,4479.358887,4511.666504,4350.128418,4408.077148,0.000000,1.000000,22.000000,,,,0.000000,2.000000,2.000000,0.000000,4.000000,2.000000,2.000000,0.000000,0.000000,4.000000,4.000000,4.000000,4.000000,4.000000,4.000000,0.000000,,,,,,,,,,,,,,,,,,,,,,,,,,,,
1732157935.974894,1732157935.977052,28.000000,0.000000,4287.820313,4264.487305,4311.666504,4286.282227,4276.538574,4269.871582,4333.589844,4400.897461,4294.615234,4281.666504,4477.692383,4506.922852,4346.666504,4404.487305,0.000000,1.000000,22.000000,,,,0.000000,2.000000,2.000000,0.000000,4.000000,2.000000,2.000000,0.000000,0.000000,4.000000,4.000000,4.000000,4.000000,4.000000,4.000000,0.000000,,,,,,,,,,,,,,,,,7.000000,0.000000,0.500124,0.455811,-0.565002,0.472107,0.986937,-0.068856,-0.041509,-36.467449,44.185230,31.343273
1732157935.982702,1732157935.984860,29.000000,0.000000,4282.563965,4264.615234,4311.538574,4286.025879,4283.205078,4272.692383,4333.589844,4401.282227,4292.563965,4277.692383,4475.384766,4506.153809,4341.922852,4399.358887,0.000000,1.000000,22.000000,,,,0.000000,2.000000,2.000000,0.000000,4.000000,2.000000,2.000000,0.000000,0.000000,4.000000,4.000000,4.000000,4.000000,4.000000,4.000000,0.000000,,,,,,,,,,,,,,,,,,,,,,,,,,,,
1732157935.990511,1732157935.992868,30.000000,0.000000,4281.153809,4265.769043,4309.615234,4291.410156,4258.461426,4281.538574,4333.589844,4399.487305,4296.794922,4286.025879,4474.102539,4505.897461,4342.436035,4396.666504,0.000000,1.000000,22.000000,,,,0.000000,2.000000,2.000000,0.000000,4.000000,2.000000,2.000000,0.000000,0.000000,4.000000,4.000000,4.000000,4.000000,4.000000,4.000000,0.000000,,,,,,,,,,,,,,,,,,,,,,,,,,,,
1732157935.998319,1732157936.000676,31.000000,0.000000,4281.282227,4267.436035,4310.256348,4291.666504,4244.358887,4277.563965,4333.589844,4399.615234,4298.077148,4289.358887,4474.487305,4504.871582,4343.717773,4400.128418,0.000000,1.000000,22.000000,,,,0.000000,2.000000,2.000000,0.000000,4.000000,2.000000,2.000000,0.000000,0.000000,4.000000,4.000000,4.000000,4.000000,4.000000,4.000000,0.000000,,,,,,,,,,,,,,,,,,,,,,,,,,,,
1732157936.006127,1732157936.008585,32.000000,0.000000,4283.205078,4273.717773,4312.436035,4287.307617,4255.769043,4274.230957,4333.589844,4401.153809,4291.794922,4282.051270,4476.922852,4506.538574,4341.538574,4402.307617,0.000000,1.000000,22.000000,,,,0.000000,2.000000,2.000000,0.000000,4.000000,2.000000,2.000000,0.000000,0.000000,4.000000,4.000000,4.000000,4.000000,4.000000,4.000000,0.000000,,,,,,,,,,,,,,,,,8.000000,0.000000,0.500135,0.455811,-0.564941,0.472168,0.973752,-0.083506,-0.048346,-36.251968,44.245037,31.404718
1732157936.013935,1732157936.016393,33.000000,0.000000,4284.358887,4271.025879,4311.922852,4287.051270,4267.692383,4277.948730,4333.589844,4399.230957,4289.230957,4277.820313,4477.948730,4507.692383,4342.051270,4399.743652,0.000000,1.000000,22.000000,,,,0.000000,2.000000,2.000000,0.000000,4.000000,2.000000,2.000000,0.000000,0.000000,4.000000,4.000000,4.000000,4.000000,4.000000,4.000000,0.000000,,,,,,,,,,,,,,,,,,,,,,,,,,,,
1732157936.021744,1732157936.024401,34.000000,0.000000,4281.922852,4264.743652,4309.615234,4287.307617,4272.307617,4272.051270,4333.589844,4396.666504,4293.589844,4280.128418,4476.666504,4505.897461,4344.615234,4399.487305,0.000000,1.000000,22.000000,,,,0.000000,2.000000,2.000000,0.000000,4.000000,2.000000,2.000000,0.000000,0.000000,4.000000,4.000000,4.000000,4.000000,4.000000,4.000000,0.000000,,,,,,,,,,,,,,,,,,,,,,,,,,,,
1732157936.029552,1732157936.032209,35.000000,0.000000,4281.794922,4270.641113,4308.589844,4288.461426,4268.461426,4267.051270,4333.589844,4398.077148,4295.384766,4281.666504,4476.282227,4505.000000,4344.743652,4399.230957,0.000000,1.000000,22.000000,,,,0.000000,2.000000,2.000000,0.000000,4.000000,2.000000,2.000000,0.000000,0.000000,4.000000,4.000000,4.000000,4.000000,4.000000,4.000000,0.000000,,,,,,,,,,,,,,,,,,,,,,,,,,,,
1732157936.037360,1732157936.040117,36.000000,0.000000,4290.256348,4275.641113,4310.769043,4295.384766,4252.820313,4277.948730,4333.589844,4399.871582,4294.615234,4282.051270,4477.436035,4509.358887,4345.128418,4400.000000,0.000000,1.000000,22.000000,,,,0.000000,2.000000,2.000000,0.000000,4.000000,2.000000,2.000000,0.000000,0.000000,4.000000,4.000000,4.000000,4.000000,4.000000,4.000000,0.000000,,,,,,,,,,,,,,,,,9.000000,0.000000,0.500149,0.455872,-0.564880,0.472168,0.979123,-0.070809,-0.042974,-36.299095,44.483479,31.327822
1732157936.045168,1732157936.047925,37.000000,0.000000,4294.358887,4270.897461,4312.051270,4297.051270,4244.615234,4282.051270,4333.589844,4399.487305,4294.871582,4282.179688,4478.717773,4512.948730,4348.077148,4402.563965,0.000000,1.000000,22.000000,,,,0.000000,2.000000,2.000000,0.000000,4.000000,2.000000,2.000000,0.000000,0.000000,4.000000,4.000000,4.000000,4.000000,4.000000,4.000000,0.000000,,,,,,,,,,,,,,,,,,,,,,,,,,,,
1732157936.052977,1732157936.055933,38.000000,0.000000,4286.282227,4269.743652,4311.794922,4287.563965,4261.410156,4269.615234,4333.589844,4399.487305,4292.179688,4277.948730,4476.794922,4508.333496,4347.179688,4400.256348,0.000000,1.000000,22.000000,,,,0.000000,2.000000,2.000000,0.000000,4.000000,2.000000,2.000000,0.000000,0.000000,4.000000,4.000000,4.000000,4.000000,4.000000,4.000000,0.000000,,,,,,,,,,,,,,,,,,,,,,,,,,,,
1732157936.060785,1732157936.063741,39.000000,0.000000,4283.461426,4271.666504,4312.179688,4283.717773,4279.102539,4264.358887,4333.589844,4401.025879,4292.179688,4276.794922,4475.769043,4504.871582,4341.025879,4396.922852,0.000000,1.000000,22.000000,,,,0.000000,2.000000,2.000000,0.000000,4.000000,2.000000,2.000000,0.000000,0.000000,4.000000,4.000000,4.000000,4.000000,4.000000,4.000000,0.000000,,,,,,,,,,,,,,,,,,,,,,,,,,,,
1732157936.068593,1732157936.071650,40.000000,0.000000,4285.897461,4269.743652,4312.692383,4292.307617,4265.512695,4274.358887,4333.589844,4401.282227,4296.025879,4282.051270,4477.436035,4510.897461,4341.282227,4400.512695,0.000000,1.000000,22.000000,,,,0.000000,2.000000,2.000000,0.000000,4.000000,2.000000,2.000000,0.000000,0.000000,4.000000,4.000000,4.000000,4.000000,4.000000,4.000000,0.000000,,,,,,,,,,,,,,,,,10.000000,0.000000,0.499960,0.456116,-0.564697,0.472351,0.986449,-0.069833,-0.043951,-36.347267,44.653286,31.200537
1732157936.076401,1732157936.079458,41.000000,0.000000,4283.846191,4275.384766,4313.205078,4296.410156,4243.974121,4277.563965,4333.589844,4399.615234,4295.000000,4282.436035,4476.794922,4515.000000,4345.256348,4403.461426,0.000000,1.000000,22.000000,,,,0.000000,2.000000,2.000000,0.000000,4.000000,2.000000,2.000000,0.000000,0.000000,4.000000,4.000000,4.000000,4.000000,4.000000,4.000000,0.000000,,,,,,,,,,,,,,,,,,,,,,,,,,,,
1732157936.084210,1732157936.087466,42.000000,0.000000,4280.641113,4277.563965,4313.846191,4288.717773,4259.615234,4270.128418,4333.589844,4399.615234,4292.051270,4277.820313,4474.358887,4509.230957,4341.666504,4403.333496,0.000000,1.000000,22.000000,,,,0.000000,2.000000,2.000000,0.000000,4.000000,2.000000,2.000000,0.000000,0.000000,4.000000,4.000000,4.000000,4.000000,4.000000,4.000000,0.000000,,,,,,,,,,,,,,,,,,,,,,,,,,,,
1732157936.092018,1732157936.095274,43.000000,0.000000,4281.153809,4269.487305,4311.666504,4285.641113,4277.563965,4270.256348,4333.589844,4400.128418,4295.256348,4278.717773,4473.846191,4503.077148,4336.666504,4400.769043,0.000000,1.000000,22.000000,,,,0.000000,2.000000,2.000000,0.000000,4.000000,2.000000,2.000000,0.000000,0.000000,4.000000,4.000000,4.000000,4.000000,4.000000,4.000000,0.000000,,,,,,,,,,,,,,,,,,,,,,,,,,,,
1732157936.099826,1732157936.102982,44.000000,0.000000,4284.230957,4270.384766,4309.743652,4289.743652,4251.666504,4275.128418,4333.589844,4398.974121,4298.333496,4282.563965,4475.000000,4507.436035,4337.948730,4399.487305,0.000000,1.000000,22.000000,,,,0.000000,2.000000,2.000000,0.000000,4.000000,2.000000,2.000000,0.000000,0.000000,4.000000,4.000000,4.000000,4.000000,4.000000,4.000000,0.000000,,,,,,,,,,,,,,,,,11.000000,0.000000,0.500004,0.456055,-0.564758,0.472290,0.973752,-0.075693,-0.042974,-36.436287,44.740826,31.147434
1732157936.107634,1732157936.110791,45.000000,0.000000,4291.153809,4278.461426,4311.153809,4287.179688,4239.743652,4268.077148,4333.589844,4398.461426,4293.974121,4281.282227,4477.307617,4513.077148,4345.384766,4407.051270,0.000000,1.000000,22.000000,,,,0.000000,2.000000,2.000000,0.000000,4.000000,2.000000,2.000000,0.000000,0.000000,4.000000,4.000000,4.000000,4.000000,4.000000,4.000000,0.000000,,,,,,,,,,,,,,,,,,,,,,,,,,,,
1732157936.115443,1732157936.118399,46.000000,0.000000,4296.153809,4278.974121,4311.538574,4285.897461,4262.179688,4263.974121,4333.589844,4400.256348,4292.563965,4281.025879,4478.589844,4515.000000,4348.589844,4413.333496,0.000000,1.000000,22.000000,,,,0.000000,2.000000,2.000000,0.000000,4.000000,2.000000,2.000000,0.000000,0.000000,4.000000,4.000000,4.000000,4.000000,4.000000,4.000000,0.000000,,,,,,,,,,,,,,,,,,,,,,,,,,,,
1732157936.123251,1732157936.126207,47.000000,0.000000,4288.333496,4274.743652,4310.384766,4293.589844,4264.102539,4275.128418,4333.589844,4400.897461,4296.794922,4283.846191,4476.538574,4515.384766,4342.307617,4406.153809,0.000000,1.000000,22.000000,,,,0.000000,2.000000,2.000000,0.000000,4.000000,2.000000,2.000000,0.000000,0.000000,4.000000,4.000000,4.000000,4.000000,4.000000,4.000000,0.000000,,,,,,,,,,,,,,,,,,,,,,,,,,,,
1732157936.131059,1732157936.134115,48.000000,0.000000,4279.230957,4277.820313,4310.512695,4293.974121,4267.692383,4282.948730,4333.589844,4400.769043,4295.000000,4281.153809,4474.230957,4510.128418,4340.512695,4397.051270,0.000000,1.000000,22.000000,,,,0.000000,2.000000,2.000000,0.000000,4.000000,2.000000,2.000000,0.000000,0.000000,4.000000,4.000000,4.000000,4.000000,4.000000,4.000000,0.000000,,,,,,,,,,,,,,,,,12.000000,0.000000,0.500016,0.456055,-0.564697,0.472351,0.968380,-0.062996,-0.047857,-36.413391,44.578403,31.159422
1732157936.138867,1732157936.141923,49.000000,0.000000,4280.897461,4279.487305,4311.410156,4286.025879,4284.743652,4277.820313,4333.589844,4402.051270,4288.461426,4275.384766,4474.230957,4505.384766,4344.615234,4399.102539,0.000000,1.000000,22.000000,,,,0.000000,2.000000,2.000000,0.000000,4.000000,2.000000,2.000000,0.000000,0.000000,4.000000,4.000000,4.000000,4.000000,4.000000,4.000000,0.000000,,,,,,,,,,,,,,,,,,,,,,,,,,,,
1732157936.146676,1732157936.149532,50.000000,0.000000,4287.051270,4278.333496,4312.051270,4287.179688,4274.487305,4277.307617,4333.589844,4402.563965,4291.025879,4278.717773,4473.717773,4506.794922,4344.487305,4402.436035,0.000000,1.000000,22.000000,,,,0.000000,2.000000,2.000000,0.000000,4.000000,2.000000,2.000000,0.000000,0.000000,4.000000,4.000000,4.000000,4.000000,4.000000,4.000000,0.000000,,,,,,,,,,,,,,,,,,,,,,,,,,,,
1732157936.154484,1732157936.157340,51.000000,0.000000,4287.051270,4280.256348,4313.077148,4293.717773,4252.307617,4280.256348,4333.589844,4401.666504,4301.025879,4285.641113,4474.871582,4508.717773,4342.692383,4399.615234,0.000000,1.000000,22.000000,,,,0.000000,2.000000,2.000000,0.000000,4.000000,2.000000,2.000000,0.000000,0.000000,4.000000,4.000000,4.000000,4.000000,4.000000,4.000000,0.000000,,,,,,,,,,,,,,,,,,,,,,,,,,,,
1732157936.162292,1732157936.165048,52.000000,0.000000,4282.307617,4281.153809,4313.333496,4291.922852,4260.384766,4279.615234,4333.589844,4401.153809,4301.282227,4283.974121,4477.051270,4507.692383,4344.230957,4400.128418,0.000000,1.000000,22.000000,,,,0.000000,2.000000,2.000000,0.000000,4.000000,2.000000,2.000000,0.000000,0.000000,4.000000,4.000000,4.000000,4.000000,4.000000,4.000000,0.000000,,,,,,,,,,,,,,,,,13.000000,0.000000,0.499744,0.456238,-0.564636,0.472534,0.969357,-0.071298,-0.051276,-36.253181,44.556839,30.889132
1732157936.170100,1732157936.172857,53.000000,0.000000,4281.153809,4279.358887,4311.794922,4286.410156,4270.769043,4275.512695,4333.589844,4401.410156,4295.512695,4280.128418,4477.307617,4508.717773,4343.589844,4402.948730,0.000000,1.000000,22.000000,,,,0.000000,2.000000,2.000000,0.000000,4.000000,2.000000,2.000000,0.000000,0.000000,4.000000,4.000000,4.000000,4.000000,4.000000,4.000000,0.000000,,,,,,,,,,,,,,,,,,,,,,,,,,,,
1732157936.177909,1732157936.180465,54.000000,0.000000,4282.563965,4277.563965,4310.641113,4285.512695,4261.025879,4275.256348,4333.589844,4400.512695,4294.487305,4282.436035,4476.410156,4509.358887,4341.410156,4401.794922,0.000000,1.000000,22.000000,,,,0.000000,2.000000,2.000000,0.000000,4.000000,2.000000,2.000000,0.000000,0.000000,4.000000,4.000000,4.000000,4.000000,4.000000,4.000000,0.000000,,,,,,,,,,,,,,,,,,,,,,,,,,,,
1732157936.185717,1732157936.188273,55.000000,0.000000,4283.333496,4277.692383,4311.666504,4288.974121,4271.538574,4277.820313,4333.589844,4398.333496,4294.615234,4281.410156,4475.384766,4504.743652,4341.410156,4397.307617,0.000000,1.000000,22.000000,,,,0.000000,2.000000,2.000000,0.000000,4.000000,2.000000,2.000000,0.000000,0.000000,4.000000,4.000000,4.000000,4.000000,4.000000,4.000000,0.000000,,,,,,,,,,,,,,,,,,,,,,,,,,,,
1732157936.193525,1732157936.196181,56.000000,0.000000,4280.256348,4277.563965,4309.487305,4289.871582,4287.820313,4278.589844,4333.589844,4398.717773,4293.846191,4280.128418,4475.769043,4504.487305,4342.307617,4395.897461,0.000000,1.000000,22.000000,,,,0.000000,2.000000,2.000000,0.000000,4.000000,2.000000,2.000000,0.000000,0.000000,4.000000,4.000000,4.000000,4.000000,4.000000,4.000000,0.000000,,,,,,,,,,,,,,,,,14.000000,0.000000,0.499440,0.456482,-0.564453,0.472839,0.984984,-0.079111,-0.051276,-36.160076,44.416042,30.985197
1732157936.201333,1732157936.203990,57.000000,0.000000,4280.000000,4276.025879,4309.230957,4287.307617,4268.333496,4279.615234,4333.589844,4401.410156,4296.538574,4285.897461,4476.666504,4507.307617,4343.974121,4397.051270,0.000000,1.000000,22.000000,,,,0.000000,2.000000,2.000000,0.000000,4.000000,2.000000,2.000000,0.000000,0.000000,4.000000,4.000000,4.000000,4.000000,4.000000,4.000000,0.000000,,,,,,,,,,,,,,,,,,,,,,,,,,,,
1732157936.209142,1732157936.211598,58.000000,0.000000,4286.153809,4276.410156,4312.948730,4288.205078,4252.051270,4281.282227,4333.589844,4401.666504,4298.077148,4288.717773,4475.256348,4506.153809,4342.436035,4396.666504,0.000000,1.000000,22.000000,,,,0.000000,2.000000,2.000000,0.000000,4.000000,2.000000,2.000000,0.000000,0.000000,4.000000,4.000000,4.000000,4.000000,4.000000,4.000000,0.000000,,,,,,,,,,,,,,,,,,,,,,,,,,,,
1732157936.216950,1732157936.219406,59.000000,0.000000,4290.769043,4279.358887,4313.974121,4293.077148,4261.666504,4281.410156,4333.589844,4399.743652,4297.948730,4290.897461,4474.102539,4508.205078,4341.025879,4397.820313,0.000000,1.000000,22.000000,,,,0.000000,2.000000,2.000000,0.000000,4.000000,2.000000,2.000000,0.000000,0.000000,4.000000,4.000000,4.000000,4.000000,4.000000,4.000000,0.000000,,,,,,,,,,,,,,,,,,,,,,,,,,,,
1732157936.224758,1732157936.227314,60.000000,0.000000,4287.436035,4280.897461,4311.025879,4290.641113,4268.333496,4279.102539,4333.589844,4398.846191,4299.230957,4294.230957,4475.769043,4508.589844,4343.974121,4395.769043,0.000000,1.000000,22.000000,,,,0.000000,2.000000,2.000000,0.000000,4.000000,2.000000,2.000000,0.000000,0.000000,4.000000,4.000000,4.000000,4.000000,4.000000,4.000000,0.000000,,,,,,,,,,,,,,,,,15.000000,0.000000,0.499440,0.456482,-0.564453,0.472839,0.991820,-0.083018,-0.049322,-36.174664,44.376991,31.168009
1732157936.232566,1732157936.235122,61.000000,0.000000,4282.436035,4278.974121,4309.615234,4283.205078,4275.512695,4277.692383,4333.589844,4399.743652,4292.307617,4285.897461,4474.743652,4499.230957,4341.282227,4391.153809,0.000000,1.000000,22.000000,,,,0.000000,2.000000,2.000000,0.000000,4.000000,2.000000,2.000000,0.000000,0.000000,4.000000,4.000000,4.000000,4.000000,4.000000,4.000000,0.000000,,,,,,,,,,,,,,,,,,,,,,,,,,,,
1732157936.240375,1732157936.243130,62.000000,0.000000,4284.102539,4278.717773,4310.897461,4283.974121,4283.077148,4278.717773,4333.589844,4401.025879,4287.179688,4275.000000,4471.025879,4498.717773,4336.410156,4390.897461,0.000000,1.000000,22.000000,,,,0.000000,2.000000,2.000000,0.000000,4.000000,2.000000,2.000000,0.000000,0.000000,4.000000,4.000000,4.000000,4.000000,4.000000,4.000000,0.000000,,,,,,,,,,,,,,,,,,,,,,,,,,,,
1732157936.248183,1732157936.250939,63.000000,0.000000,4288.717773,4280.897461,4312.179688,4292.051270,4266.538574,4280.256348,4333.589844,4400.512695,4296.922852,4278.846191,4472.307617,4510.384766,4339.487305,4395.256348,0.000000,1.000000,22.000000,,,,0.000000,2.000000,2.000000,0.000000,4.000000,2.000000,2.000000,0.000000,0.000000,4.000000,4.000000,4.000000,4.000000,4.000000,4.000000,0.000000,,,,,,,,,,,,,,,,,,,,,,,,,,,,
1732157936.255991,1732157936.258647,64.000000,0.000000,4291.922852,4281.794922,4312.820313,4295.000000,4257.307617,4279.230957,4333.589844,4400.384766,4300.128418,4283.589844,4476.922852,4509.743652,4343.461426,4400.256348,0.000000,1.000000,22.000000,,,,0.000000,2.000000,2.000000,0.000000,4.000000,2.000000,2.000000,0.000000,0.000000,4.000000,4.000000,4.000000,4.000000,4.000000,4.000000,0.000000,,,,,,,,,,,,,,,,,16.000000,0.000000,0.499627,0.456177,-0.564636,0.472717,0.965938,-0.083506,-0.045904,-36.064808,44.388699,31.251087
1732157936.263799,1732157936.266455,65.000000,0.000000,4294.358887,4281.922852,4311.666504,4294.102539,4268.461426,4276.153809,4333.589844,4401.794922,4291.025879,4278.717773,4476.794922,4506.794922,4341.794922,4403.974121,1604.000000,1.000000,22.000000,,,,0.000000,2.000000,2.000000,0.000000,4.000000,2.000000,2.000000,0.000000,0.000000,4.000000,4.000000,4.000000,4.000000,4.000000,4.000000,0.000000,,,,,,,,,,,,,,,,,,,,,,,,,,,,
1732157936.271608,1732157936.274064,66.000000,0.000000,4293.205078,4280.512695,4313.589844,4293.205078,4264.102539,4277.179688,4333.589844,4403.461426,4294.230957,4279.358887,4475.256348,4515.000000,4341.410156,4404.871582,1366.000000,1.000000,22.000000,,,,0.000000,2.000000,2.000000,0.000000,4.000000,2.000000,2.000000,0.000000,0.000000,4.000000,4.000000,4.000000,4.000000,4.000000,4.000000,0.000000,,,,,,,,,,,,,,,,,,,,,,,,,,,,
1732157936.279416,1732157936.281872,67.000000,0.000000,4287.051270,4279.871582,4314.358887,4290.384766,4271.025879,4278.333496,4333.589844,4401.410156,4296.025879,4282.563965,4474.743652,4512.307617,4342.307617,4401.153809,1431.000000,1.000000,22.000000,,,,0.000000,2.000000,2.000000,0.000000,4.000000,2.000000,2.000000,0.000000,0.000000,4.000000,4.000000,4.000000,4.000000,4.000000,4.000000,0.000000,,,,,,,,,,,,,,,,,,,,,,,,,,,,
1732157936.287224,1732157936.289580,68.000000,0.000000,4280.641113,4282.563965,4310.128418,4287.179688,4291.410156,4275.128418,4333.589844,4397.563965,4283.333496,4279.487305,4473.589844,4503.205078,4340.897461,4395.384766,1426.000000,1.000000,22.000000,,,,0.000000,2.000000,2.000000,0.000000,4.000000,2.000000,2.000000,0.000000,0.000000,4.000000,4.000000,4.000000,4.000000,4.000000,4.000000,0.000000,,,,,,,,,,,,,,,,,17.000000,0.000000,0.499683,0.456116,-0.564636,0.472717,0.982542,-0.083995,-0.048834,-36.020828,44.439846,31.360048
1732157936.295032,1732157936.297388,69.000000,0.000000,4282.179688,4280.384766,4310.256348,4287.563965,4271.922852,4273.589844,4333.589844,4396.794922,4285.256348,4281.666504,4474.358887,4504.615234,4341.282227,4390.384766,1210.000000,1.000000,22.000000,,,,0.000000,2.000000,2.000000,0.000000,4.000000,2.000000,2.000000,0.000000,0.000000,4.000000,4.000000,4.000000,4.000000,4.000000,4.000000,0.000000,,,,,,,,,,,,,,,,,,,,,,,,,,,,
1732157936.302841,1732157936.305396,70.000000,0.000000,4283.589844,4278.974121,4312.436035,4288.077148,4251.025879,4278.589844,4333.589844,4398.589844,4299.230957,4288.205078,4475.512695,4506.922852,4342.563965,4388.846191,0.000000,1.000000,22.000000,,,,0.000000,2.000000,2.000000,0.000000,4.000000,2.000000,2.000000,0.000000,0.000000,4.000000,4.000000,4.000000,4.000000,4.000000,4.000000,0.000000,,,,,,,,,,,,,,,,,,,,,,,,,,,,
1732157936.310649,1732157936.313205,71.000000,0.000000,4281.666504,4288.333496,4308.077148,4288.717773,4275.256348,4279.102539,4333.589844,4398.717773,4298.846191,4285.256348,4474.487305,4504.102539,4341.794922,4388.974121,0.000000,1.000000,22.000000,,,,0.000000,2.000000,2.000000,0.000000,4.000000,2.000000,2.000000,0.000000,0.000000,4.000000,4.000000,4.000000,4.000000,4.000000,4.000000,0.000000,,,,,,,,,,,,,,,,,,,,,,,,,,,,
1732157936.318457,1732157936.321113,72.000000,0.000000,4281.025879,4292.563965,4305.641113,4292.692383,4282.307617,4270.897461,4333.589844,4398.333496,4292.307617,4278.333496,4474.102539,4504.743652,4341.153809,4387.436035,1528.000000,1.000000,22.000000,,,,0.000000,2.000000,2.000000,0.000000,4.000000,2.000000,2.000000,0.000000,0.000000,4.000000,4.000000,4.000000,4.000000,4.000000,4.000000,0.000000,,,,,,,,,,,,,,,,,18.000000,0.000000,0.499480,0.456299,-0.564514,0.472900,0.971798,-0.076670,-0.057624,-36.085205,44.334606,31.301638
1732157936.326265,1732157936.328921,73.000000,0.000000,4281.282227,4287.563965,4309.487305,4295.641113,4256.410156,4270.000000,4333.589844,4400.897461,4296.282227,4283.846191,4477.051270,4507.820313,4341.666504,4390.384766,1688.000000,1.000000,22.000000,,,,0.000000,2.000000,2.000000,0.000000,4.000000,2.000000,2.000000,0.000000,0.000000,4.000000,4.000000,4.000000,4.000000,4.000000,4.000000,0.000000,,,,,,,,,,,,,,,,,,,,,,,,,,,,
1732157936.334074,1732157936.336929,74.000000,0.000000,4282.563965,4290.384766,4312.307617,4295.256348,4256.922852,4277.948730,4333.589844,4400.769043,4299.487305,4290.128418,4479.487305,4508.333496,4341.794922,4396.153809,1546.000000,1.000000,22.000000,,,,0.000000,2.000000,2.000000,0.000000,4.000000,2.000000,2.000000,0.000000,0.000000,4.000000,4.000000,4.000000,4.000000,4.000000,4.000000,0.000000,,,,,,,,,,,,,,,,,,,,,,,,,,,,
1732157936.341882,1732157936.344737,75.000000,0.000000,4282.820313,4296.666504,4311.410156,4296.025879,4270.641113,4281.794922,4333.589844,4398.974121,4295.000000,4284.487305,4479.102539,4506.794922,4343.333496,4398.333496,1566.000000,1.000000,22.000000,,,,0.000000,2.000000,2.000000,0.000000,4.000000,2.000000,2.000000,0.000000,0.000000,4.000000,4.000000,4.000000,4.000000,4.000000,4.000000,0.000000,,,,,,,,,,,,,,,,,,,,,,,,,,,,
1732157936.349690,1732157936.352645,76.000000,0.000000,4282.051270,4290.769043,4311.025879,4296.153809,4262.948730,4274.871582,4333.589844,4401.025879,4291.282227,4278.461426,4475.256348,4504.743652,4341.538574,4397.692383,1701.000000,1.000000,22.000000,,,,0.000000,2.000000,2.000000,0.000000,4.000000,2.000000,2.000000,0.000000,0.000000,4.000000,4.000000,4.000000,4.000000,4.000000,4.000000,0.000000,,,,,,,,,,,,,,,,,19.000000,0.000000,0.499436,0.456360,-0.564453,0.472961,0.971798,-0.076670,-0.057624,-36.195683,44.524364,31.212660
1732157936.357498,1732157936.360453,77.000000,0.000000,4282.820313,4286.666504,4311.153809,4290.256348,4270.384766,4267.051270,4333.589844,4401.922852,4290.000000,4280.000000,4471.922852,4502.051270,4334.615234,4394.230957,1611.000000,1.000000,22.000000,,,,0.000000,2.000000,2.000000,0.000000,4.000000,2.000000,2.000000,0.000000,0.000000,4.000000,4.000000,4.000000,4.000000,4.000000,4.000000,0.000000,,,,,,,,,,,,,,,,,,,,,,,,,,,,
1732157936.365307,1732157936.368461,78.000000,0.000000,4283.461426,4293.077148,4311.922852,4289.102539,4287.948730,4269.871582,4333.589844,4400.512695,4291.922852,4278.717773,4472.307617,4498.589844,4333.205078,4387.948730,1546.000000,1.000000,22.000000,,,,0.000000,2.000000,2.000000,0.000000,4.000000,2.000000,2.000000,0.000000,0.000000,4.000000,4.000000,4.000000,4.000000,4.000000,4.000000,0.000000,1.000000,0.000000,1.000000,2.000000,0.000000,1.000000,2.000000,1.000000,0.000000,0.000000,4.000000,4.000000,4.000000,4.000000,1.000000,4.000000,,,,,,,,,,,,
1732157936.373115,1732157936.376270,79.000000,0.000000,4281.922852,4293.589844,4313.205078,4296.282227,4275.641113,4279.358887,4333.589844,4400.512695,4294.615234,4271.410156,4468.717773,4495.000000,4333.333496,4383.077148,1566.000000,1.000000,22.000000,,,,0.000000,2.000000,2.000000,0.000000,4.000000,2.000000,2.000000,0.000000,0.000000,4.000000,4.000000,4.000000,4.000000,4.000000,4.000000,0.000000,,,,,,,,,,,,,,,,,,,,,,,,,,,,
1732157936.380923,1732157936.384178,80.000000,0.000000,4279.615234,4290.897461,4311.538574,4297.436035,4254.615234,4283.974121,4333.589844,4401.282227,4296.282227,4268.846191,4466.282227,4496.025879,4328.205078,4382.563965,1701.000000,1.000000,22.000000,,,,0.000000,2.000000,2.000000,0.000000,4.000000,2.000000,2.000000,0.000000,0.000000,4.000000,4.000000,4.000000,4.000000,4.000000,4.000000,0.000000,,,,,,,,,,,,,,,,,20.000000,0.000000,0.499409,0.456238,-0.564575,0.472961,0.984007,-0.076181,-0.052741,-36.411835,44.551403,31.405588
1732157936.388731,1732157936.391986,81.000000,0.000000,4279.102539,4293.077148,4310.641113,4286.922852,4263.461426,4276.794922,4333.589844,4400.512695,4293.846191,4273.846191,4470.641113,4496.794922,4328.205078,4388.205078,1611.000000,1.000000,22.000000,,,,0.000000,2.000000,2.000000,0.000000,4.000000,2.000000,2.000000,0.000000,0.000000,4.000000,4.000000,4.000000,4.000000,4.000000,4.000000,0.000000,,,,,,,,,,,,,,,,,,,,,,,,,,,,
1732157936.396540,1732157936.399994,82.000000,0.000000,4282.307617,4294.615234,4310.897461,4285.128418,4281.025879,4265.384766,4333.589844,4400.256348,4291.282227,4278.589844,4474.102539,4496.538574,4341.410156,4395.256348,1546.000000,1.000000,22.000000,,,,0.000000,2.000000,2.000000,0.000000,4.000000,2.000000,2.000000,0.000000,0.000000,4.000000,4.000000,4.000000,4.000000,4.000000,4.000000,0.000000,,,,,,,,,,,,,,,,,,,,,,,,,,,,
1732157936.404348,1732157936.407802,83.000000,0.000000,4288.333496,4294.743652,4312.051270,4296.153809,4270.769043,4263.717773,4333.589844,4400.256348,4294.102539,4282.051270,4477.563965,4501.922852,4353.205078,4398.717773,1566.000000,1.000000,22.000000,,,,0.000000,2.000000,2.000000,0.000000,4.000000,2.000000,2.000000,0.000000,0.000000,4.000000,4.000000,4.000000,4.000000,4.000000,4.000000,0.000000,,,,,,,,,,,,,,,,,,,,,,,,,,,,
1732157936.412156,1732157936.415710,84.000000,0.000000,4290.128418,4296.025879,4312.179688,4298.974121,4256.922852,4273.846191,4333.589844,4399.358887,4296.666504,4285.384766,4481.922852,4509.358887,4350.897461,4400.897461,1701.000000,1.000000,22.000000,,,,0.000000,2.000000,2.000000,0.000000,4.000000,2.000000,2.000000,0.000000,0.000000,4.000000,4.000000,4.000000,4.000000,4.000000,4.000000,0.000000,,,,,,,,,,,,,,,,,21.000000,0.000000,0.499396,0.456177,-0.564636,0.472961,0.984007,-0.080088,-0.064461,-36.296921,44.606636,31.391859
1732157936.419964,1732157936.423518,85.000000,0.000000,4284.102539,4291.410156,4311.410156,4292.563965,4264.102539,4279.487305,4333.589844,4400.384766,4296.025879,4284.487305,4477.820313,4507.436035,4342.563965,4396.538574,1611.000000,1.000000,22.000000,,,,0.000000,2.000000,2.000000,0.000000,4.000000,2.000000,2.000000,0.000000,0.000000,4.000000,4.000000,4.000000,4.000000,4.000000,4.000000,0.000000,,,,,,,,,,,,,,,,,,,,,,,,,,,,
1732157936.427773,1732157936.431526,86.000000,0.000000,4278.589844,4288.333496,4311.025879,4291.922852,4268.589844,4275.897461,4333.589844,4401.282227,4295.641113,4281.410156,4472.692383,4497.563965,4339.743652,4388.974121,1546.000000,1.000000,22.000000,,,,0.000000,2.000000,2.000000,0.000000,4.000000,2.000000,2.000000,0.000000,0.000000,4.000000,4.000000,4.000000,4.000000,4.000000,4.000000,0.000000,,,,,,,,,,,,,,,,,,,,,,,,,,,,
1732157936.435581,1732157936.439335,87.000000,0.000000,4279.743652,4290.000000,4310.512695,4290.769043,4266.410156,4272.563965,4333.589844,4401.410156,4296.282227,4283.077148,4477.436035,4496.794922,4343.077148,4393.077148,1566.000000,1.000000,22.000000,,,,0.000000,2.000000,2.000000,0.000000,4.000000,2.000000,2.000000,0.000000,0.000000,4.000000,4.000000,4.000000,4.000000,4.000000,4.000000,0.000000,,,,,,,,,,,,,,,,,,,,,,,,,,,,
1732157936.443389,1732157936.447043,88.000000,0.000000,4279.743652,4284.871582,4309.615234,4283.589844,4280.897461,4273.333496,4333.589844,4401.153809,4296.025879,4284.230957,4477.307617,4499.615234,4340.769043,4397.051270,1701.000000,1.000000,22.000000,,,,0.000000,2.000000,2.000000,0.000000,4.000000,2.000000,2.000000,0.000000,0.000000,4.000000,4.000000,4.000000,4.000000,4.000000,4.000000,0.000000,,,,,,,,,,,,,,,,,22.000000,0.000000,0.499340,0.456238,-0.564636,0.472961,0.984007,-0.080088,-0.064461,-36.082172,44.618042,31.380739
1732157936.451197,1732157936.454851,89.000000,0.000000,4275.128418,4279.615234,4308.077148,4282.436035,4287.820313,4277.948730,4333.589844,4400.384766,4295.256348,4280.512695,4471.666504,4495.384766,4336.794922,4391.922852,1611.000000,1.000000,22.000000,,,,0.000000,2.000000,2.000000,0.000000,4.000000,2.000000,2.000000,0.000000,0.000000,4.000000,4.000000,4.000000,4.000000,4.000000,4.000000,0.000000,,,,,,,,,,,,,,,,,,,,,,,,,,,,
1732157936.459005,1732157936.462460,90.000000,0.000000,4275.641113,4282.563965,4309.358887,4289.102539,4263.974121,4281.025879,4333.589844,4399.871582,4294.871582,4279.871582,4472.948730,4493.974121,4340.641113,4394.871582,1546.000000,1.000000,22.000000,,,,0.000000,2.000000,2.000000,0.000000,4.000000,2.000000,2.000000,0.000000,0.000000,4.000000,4.000000,4.000000,4.000000,4.000000,4.000000,0.000000,,,,,,,,,,,,,,,,,,,,,,,,,,,,
1732157936.466814,1732157936.470268,91.000000,0.000000,4280.128418,4283.205078,4313.077148,4289.743652,4252.436035,4280.000000,4333.589844,4399.743652,4294.743652,4282.307617,4476.153809,4501.025879,4341.538574,4398.461426,1566.000000,1.000000,22.000000,,,,0.000000,2.000000,2.000000,0.000000,4.000000,2.000000,2.000000,0.000000,0.000000,4.000000,4.000000,4.000000,4.000000,4.000000,4.000000,0.000000,,,,,,,,,,,,,,,,,,,,,,,,,,,,
1732157936.474622,1732157936.477976,92.000000,0.000000,4277.051270,4279.743652,4310.769043,4283.077148,4274.615234,4279.230957,4333.589844,4399.615234,4291.794922,4279.871582,4472.692383,4500.769043,4333.461426,4389.358887,1701.000000,1.000000,22.000000,,,,0.000000,2.000000,2.000000,0.000000,4.000000,2.000000,2.000000,0.000000,0.000000,4.000000,4.000000,4.000000,4.000000,4.000000,4.000000,0.000000,,,,,,,,,,,,,,,,,23.000000,0.000000,0.499543,0.456055,-0.564758,0.472778,0.968380,-0.092785,-0.048346,-36.071560,44.502281,31.541733
1732157936.482430,1732157936.485784,93.000000,0.000000,4274.615234,4279.487305,4306.666504,4280.000000,4285.000000,4278.974121,4333.589844,4399.102539,4290.000000,4278.461426,4470.128418,4495.384766,4332.563965,4386.153809,1611.000000,1.000000,22.000000,,,,0.000000,2.000000,2.000000,0.000000,4.000000,2.000000,2.000000,0.000000,0.000000,4.000000,4.000000,4.000000,4.000000,4.000000,4.000000,0.000000,,,,,,,,,,,,,,,,,,,,,,,,,,,,
1732157936.490239,1732157936.493393,94.000000,0.000000,4279.871582,4285.769043,4308.717773,4286.282227,4262.563965,4278.717773,4333.589844,4400.641113,4293.974121,4283.333496,4475.128418,4503.461426,4345.897461,4396.282227,1546.000000,1.000000,22.000000,,,,0.000000,2.000000,2.000000,0.000000,4.000000,2.000000,2.000000,0.000000,0.000000,4.000000,4.000000,4.000000,4.000000,4.000000,4.000000,0.000000,,,,,,,,,,,,,,,,,,,,,,,,,,,,
1732157936.498047,1732157936.501201,95.000000,0.000000,4282.563965,4290.128418,4311.025879,4289.871582,4257.051270,4279.487305,4333.589844,4400.769043,4296.666504,4285.000000,4478.717773,4509.487305,4350.512695,4401.282227,1566.000000,1.000000,22.000000,,,,0.000000,2.000000,2.000000,0.000000,4.000000,2.000000,2.000000,0.000000,0.000000,4.000000,4.000000,4.000000,4.000000,4.000000,4.000000,0.000000,,,,,,,,,,,,,,,,,,,,,,,,,,,,
1732157936.505855,1732157936.508909,96.000000,0.000000,4279.871582,4287.563965,4309.743652,4286.922852,4276.922852,4280.256348,4333.589844,4398.717773,4293.333496,4280.384766,4476.282227,4504.871582,4341.794922,4397.820313,1701.000000,1.000000,22.000000,,,,0.000000,2.000000,2.000000,0.000000,4.000000,2.000000,2.000000,0.000000,0.000000,4.000000,4.000000,4.000000,4.000000,4.000000,4.000000,0.000000,,,,,,,,,,,,,,,,,24.000000,0.000000,0.499383,0.456116,-0.564697,0.472961,0.973752,-0.088390,-0.046881,-36.169628,44.555180,31.613804
1732157936.513663,1732157936.516717,97.000000,0.000000,4280.256348,4288.205078,4310.512695,4287.307617,4270.384766,4278.077148,4333.589844,4399.487305,4291.410156,4278.461426,4475.128418,4502.179688,4339.358887,4394.871582,1611.000000,1.000000,22.000000,,,,0.000000,2.000000,2.000000,0.000000,4.000000,2.000000,2.000000,0.000000,0.000000,4.000000,4.000000,4.000000,4.000000,4.000000,4.000000,0.000000,,,,,,,,,,,,,,,,,,,,,,,,,,,,
1732157936.521472,1732157936.524326,98.000000,0.000000,4282.692383,4288.589844,4314.102539,4291.025879,4242.692383,4274.102539,4333.589844,4402.179688,4294.615234,4282.179688,4479.743652,4506.410156,4344.102539,4396.538574,1546.000000,1.000000,22.000000,,,,0.000000,2.000000,2.000000,0.000000,4.000000,2.000000,2.000000,0.000000,0.000000,4.000000,4.000000,4.000000,4.000000,4.000000,4.000000,0.000000,,,,,,,,,,,,,,,,,,,,,,,,,,,,
1732157936.529280,1732157936.532134,99.000000,0.000000,4282.179688,4281.794922,4312.051270,4289.102539,4249.615234,4271.153809,4333.589844,4402.436035,4292.563965,4285.769043,4481.282227,4508.589844,4347.051270,4400.384766,1566.000000,1.000000,22.000000,,,,0.000000,2.000000,2.000000,0.000000,4.000000,2.000000,2.000000,0.000000,0.000000,4.000000,4.000000,4.000000,4.000000,4.000000,4.000000,0.000000,,,,,,,,,,,,,,,,,,,,,,,,,,,,
1732157936.537088,1732157936.539842,100.000000,0.000000,4280.512695,4278.717773,4309.487305,4284.102539,4279.487305,4269.487305,4333.589844,4401.025879,4288.589844,4285.256348,4477.820313,4508.589844,4345.897461,4398.846191,1701.000000,1.000000,22.000000,,,,0.000000,2.000000,2.000000,0.000000,4.000000,2.000000,2.000000,0.000000,0.000000,4.000000,4.000000,4.000000,4.000000,4.000000,4.000000,0.000000,,,,,,,,,,,,,,,,,25.000000,0.000000,0.499383,0.456116,-0.564697,0.472961,0.977658,-0.084971,-0.057624,-36.099068,44.583031,31.537180
1732157936.544896,1732157936.547651,101.000000,0.000000,4280.512695,4281.922852,4310.641113,4285.512695,4277.436035,4272.179688,4333.589844,4399.230957,4292.051270,4282.563965,4475.641113,4508.717773,4343.589844,4394.358887,1611.000000,1.000000,22.000000,,,,0.000000,2.000000,2.000000,0.000000,4.000000,2.000000,2.000000,0.000000,0.000000,4.000000,4.000000,4.000000,4.000000,4.000000,4.000000,0.000000,,,,,,,,,,,,,,,,,,,,,,,,,,,,
1732157936.552704,1732157936.555659,102.000000,0.000000,4281.282227,4281.410156,4311.410156,4288.589844,4255.384766,4278.077148,4333.461426,4398.974121,4289.743652,4280.000000,4476.025879,4506.282227,4343.333496,4396.025879,1546.000000,1.000000,22.000000,,,,0.000000,2.000000,2.000000,0.000000,4.000000,2.000000,2.000000,0.000000,0.000000,4.000000,4.000000,4.000000,4.000000,4.000000,4.000000,0.000000,,,,,,,,,,,,,,,,,,,,,,,,,,,,
1732157936.560513,1732157936.563467,103.000000,0.000000,4281.538574,4279.743652,4310.000000,4287.563965,4254.615234,4277.307617,4333.717773,4401.153809,4285.256348,4285.641113,4477.179688,4508.205078,4343.846191,4399.743652,1566.000000,1.000000,22.000000,,,,0.000000,2.000000,2.000000,0.000000,4.000000,2.000000,2.000000,0.000000,0.000000,4.000000,4.000000,4.000000,4.000000,4.000000,4.000000,0.000000,,,,,,,,,,,,,,,,,,,,,,,,,,,,
1732157936.568321,1732157936.571175,104.000000,0.000000,4281.538574,4282.051270,4309.230957,4286.538574,4266.025879,4270.384766,4333.846191,4400.384766,4294.743652,4296.153809,4477.051270,4510.512695,4344.487305,4399.487305,1701.000000,1.000000,22.000000,,,,0.000000,2.000000,2.000000,0.000000,4.000000,2.000000,2.000000,0.000000,0.000000,4.000000,4.000000,4.000000,4.000000,4.000000,4.000000,0.000000,,,,,,,,,,,,,,,,,26.000000,0.000000,0.499191,0.456299,-0.564514,0.473206,0.977658,-0.075693,-0.041509,-36.365246,44.377254,31.561783
1732157936.576129,1732157936.578983,105.000000,0.000000,4280.897461,4282.563965,4308.974121,4283.333496,4269.358887,4271.922852,4333.077148,4397.948730,4295.769043,4292.307617,4473.974121,4503.205078,4344.102539,4398.974121,1611.000000,1.000000,22.000000,,,,0.000000,2.000000,2.000000,0.000000,4.000000,2.000000,2.000000,0.000000,0.000000,4.000000,4.000000,4.000000,4.000000,4.000000,4.000000,0.000000,,,,,,,,,,,,,,,,,,,,,,,,,,,,
1732157936.583938,1732157936.586592,106.000000,0.000000,4278.461426,4280.128418,4308.846191,4280.128418,4285.769043,4278.461426,4334.230957,4398.077148,4276.666504,4276.538574,4470.512695,4493.205078,4337.436035,4397.179688,1546.000000,1.000000,22.000000,,,,0.000000,2.000000,2.000000,0.000000,4.000000,2.000000,2.000000,0.000000,0.000000,4.000000,4.000000,4.000000,4.000000,4.000000,4.000000,0.000000,,,,,,,,,,,,,,,,,,,,,,,,,,,,
1732157936.591746,1732157936.594400,107.000000,0.000000,4278.589844,4280.769043,4311.282227,4285.384766,4294.871582,4278.717773,4335.384766,4398.717773,4276.922852,4275.000000,4472.692383,4494.487305,4335.641113,4395.897461,1566.000000,1.000000,22.000000,,,,0.000000,2.000000,2.000000,0.000000,4.000000,2.000000,2.000000,0.000000,0.000000,4.000000,4.000000,4.000000,4.000000,4.000000,4.000000,0.000000,,,,,,,,,,,,,,,,,,,,,,,,,,,,
1732157936.599554,1732157936.602108,108.000000,0.000000,4282.051270,4289.230957,4312.563965,4294.487305,4270.641113,4278.974121,4334.743652,4400.256348,4293.974121,4287.820313,4476.538574,4503.461426,4346.794922,4402.179688,1701.000000,1.000000,22.000000,,,,0.000000,2.000000,2.000000,0.000000,4.000000,2.000000,2.000000,0.000000,0.000000,4.000000,4.000000,4.000000,4.000000,4.000000,4.000000,0.000000,,,,,,,,,,,,,,,,,27.000000,0.000000,0.499280,0.456177,-0.564636,0.473083,0.985472,-0.085460,-0.051276,-35.930847,44.465576,31.388378
1732157936.607362,1732157936.609916,109.000000,0.000000,4283.333496,4296.794922,4310.512695,4295.641113,4259.871582,4279.615234,4332.948730,4401.922852,4290.384766,4285.897461,4476.282227,4500.384766,4349.871582,4406.538574,1611.000000,1.000000,22.000000,,,,0.000000,2.000000,2.000000,0.000000,4.000000,2.000000,2.000000,0.000000,0.000000,4.000000,4.000000,4.000000,4.000000,4.000000,4.000000,0.000000,,,,,,,,,,,,,,,,,,,,,,,,,,,,
1732157936.615171,1732157936.617525,110.000000,0.000000,4281.410156,4293.077148,4310.769043,4292.307617,4270.769043,4281.922852,4332.307617,4400.384766,4284.487305,4277.563965,4474.487305,4495.512695,4341.410156,4400.384766,1546.000000,1.000000,22.000000,,,,0.000000,2.000000,2.000000,0.000000,4.000000,2.000000,2.000000,0.000000,0.000000,4.000000,4.000000,4.000000,4.000000,4.000000,4.000000,0.000000,,,,,,,,,,,,,,,,,,,,,,,,,,,,
1732157936.622979,1732157936.625333,111.000000,0.000000,4279.615234,4283.974121,4311.410156,4286.025879,4275.384766,4281.282227,4333.077148,4399.358887,4293.205078,4283.846191,4473.717773,4498.333496,4340.897461,4396.025879,1566.000000,1.000000,22.000000,,,,0.000000,2.000000,2.000000,0.000000,4.000000,2.000000,2.000000,0.000000,0.000000,4.000000,4.000000,4.000000,4.000000,4.000000,4.000000,0.000000,,,,,,,,,,,,,,,,,,,,,,,,,,,,
1732157936.630787,1732157936.633241,112.000000,0.000000,4279.487305,4282.051270,4312.179688,4282.563965,4282.692383,4270.384766,4334.102539,4399.871582,4298.717773,4289.871582,4474.102539,4500.512695,4343.461426,4401.153809,1701.000000,1.000000,22.000000,,,,0.000000,2.000000,2.000000,0.000000,4.000000,2.000000,2.000000,0.000000,0.000000,4.000000,4.000000,4.000000,4.000000,4.000000,4.000000,0.000000,,,,,,,,,,,,,,,,,28.000000,0.000000,0.499178,0.456238,-0.564575,0.473206,0.974240,-0.071298,-0.060554,-35.763988,44.398785,31.371252
1732157936.638595,1732157936.641049,113.000000,0.000000,4284.743652,4290.256348,4313.205078,4289.743652,4283.205078,4264.358887,4335.256348,4399.358887,4293.077148,4283.717773,4475.897461,4502.051270,4342.820313,4407.563965,1611.000000,1.000000,22.000000,,,,0.000000,2.000000,2.000000,0.000000,4.000000,2.000000,2.000000,0.000000,0.000000,4.000000,4.000000,4.000000,4.000000,4.000000,4.000000,0.000000,,,,,,,,,,,,,,,,,,,,,,,,,,,,
1732157936.646403,1732157936.649057,114.000000,0.000000,4290.641113,4296.410156,4312.179688,4297.051270,4263.589844,4274.487305,4335.641113,4398.205078,4286.666504,4280.256348,4478.333496,4507.179688,4346.666504,4412.179688,1546.000000,1.000000,22.000000,,,,0.000000,2.000000,2.000000,0.000000,4.000000,2.000000,2.000000,0.000000,0.000000,4.000000,4.000000,4.000000,4.000000,4.000000,4.000000,0.000000,,,,,,,,,,,,,,,,,,,,,,,,,,,,
1732157936.654212,1732157936.656866,115.000000,0.000000,4288.846191,4293.589844,4311.666504,4294.487305,4256.153809,4282.692383,4335.641113,4399.487305,4288.717773,4282.563965,4477.563965,4507.820313,4347.179688,4412.820313,1566.000000,1.000000,22.000000,,,,0.000000,2.000000,2.000000,0.000000,4.000000,2.000000,2.000000,0.000000,0.000000,4.000000,4.000000,4.000000,4.000000,4.000000,4.000000,0.000000,,,,,,,,,,,,,,,,,,,,,,,,,,,,
1732157936.662020,1732157936.664774,116.000000,0.000000,4280.641113,4292.307617,4311.025879,4292.692383,4277.179688,4279.615234,4336.025879,4399.615234,4294.871582,4278.333496,4473.589844,4497.563965,4340.897461,4405.128418,1701.000000,1.000000,22.000000,,,,0.000000,2.000000,2.000000,0.000000,4.000000,2.000000,2.000000,0.000000,0.000000,4.000000,4.000000,4.000000,4.000000,4.000000,4.000000,0.000000,,,,,,,,,,,,,,,,,29.000000,0.000000,0.499178,0.456238,-0.564575,0.473206,0.974240,-0.071298,-0.060554,-35.793831,44.269680,31.477381
1732157936.669828,1732157936.672582,117.000000,0.000000,4277.436035,4294.743652,4311.282227,4293.717773,4286.666504,4277.948730,4336.538574,4398.077148,4298.205078,4277.948730,4471.794922,4495.512695,4339.743652,4399.358887,1611.000000,1.000000,22.000000,,,,0.000000,2.000000,2.000000,0.000000,4.000000,2.000000,2.000000,0.000000,0.000000,4.000000,4.000000,4.000000,4.000000,4.000000,4.000000,0.000000,,,,,,,,,,,,,,,,,,,,,,,,,,,,
1732157936.677637,1732157936.680190,118.000000,0.000000,4283.333496,4295.128418,4310.128418,4292.820313,4269.871582,4280.641113,4335.769043,4397.307617,4298.205078,4287.563965,4475.897461,4505.000000,4342.948730,4403.077148,1546.000000,1.000000,22.000000,,,,0.000000,2.000000,2.000000,0.000000,4.000000,2.000000,2.000000,0.000000,0.000000,4.000000,4.000000,4.000000,4.000000,4.000000,4.000000,0.000000,,,,,,,,,,,,,,,,,,,,,,,,,,,,
1732157936.685445,1732157936.687999,119.000000,0.000000,4288.717773,4294.358887,4310.512695,4293.974121,4257.179688,4282.051270,4334.487305,4398.333496,4298.846191,4288.717773,4480.000000,4508.333496,4343.846191,4406.666504,1566.000000,1.000000,22.000000,,,,0.000000,2.000000,2.000000,0.000000,4.000000,2.000000,2.000000,0.000000,0.000000,4.000000,4.000000,4.000000,4.000000,4.000000,4.000000,0.000000,,,,,,,,,,,,,,,,,,,,,,,,,,,,
1732157936.693253,1732157936.695707,120.000000,0.000000,4289.358887,4294.358887,4310.641113,4296.282227,4269.487305,4281.666504,4334.871582,4398.589844,4297.051270,4280.897461,4477.948730,4505.769043,4343.205078,4403.846191,1701.000000,1.000000,22.000000,,,,0.000000,2.000000,2.000000,0.000000,4.000000,2.000000,2.000000,0.000000,0.000000,4.000000,4.000000,4.000000,4.000000,4.000000,4.000000,0.000000,,,,,,,,,,,,,,,,,30.000000,0.000000,0.499291,0.456177,-0.564575,0.473145,0.970822,-0.074228,-0.043951,-35.706333,44.340107,31.588345
1732157936.701061,1732157936.703515,121.000000,0.000000,4293.846191,4295.897461,4309.871582,4297.051270,4278.846191,4280.256348,4335.000000,4399.102539,4293.846191,4279.871582,4476.025879,4507.563965,4344.102539,4400.512695,1611.000000,1.000000,22.000000,,,,0.000000,2.000000,2.000000,0.000000,4.000000,2.000000,2.000000,0.000000,0.000000,4.000000,4.000000,4.000000,4.000000,4.000000,4.000000,0.000000,,,,,,,,,,,,,,,,,,,,,,,,,,,,
1732157936.708870,1732157936.711124,122.000000,0.000000,4298.077148,4296.666504,4309.743652,4296.922852,4274.743652,4280.128418,4334.358887,4401.282227,4294.487305,4283.077148,4477.307617,4510.897461,4342.179688,4399.358887,1546.000000,1.000000,22.000000,,,,0.000000,2.000000,2.000000,0.000000,4.000000,2.000000,2.000000,0.000000,0.000000,4.000000,4.000000,4.000000,4.000000,4.000000,4.000000,0.000000,,,,,,,,,,,,,,,,,,,,,,,,,,,,
1732157936.716678,1732157936.718932,123.000000,0.000000,4287.436035,4295.000000,4310.384766,4294.615234,4289.230957,4275.641113,4335.384766,4401.666504,4296.666504,4280.128418,4476.282227,4504.615234,4339.871582,4397.051270,1566.000000,1.000000,22.000000,,,,0.000000,2.000000,2.000000,0.000000,4.000000,2.000000,2.000000,0.000000,0.000000,4.000000,4.000000,4.000000,4.000000,4.000000,4.000000,0.000000,,,,,,,,,,,,,,,,,,,,,,,,,,,,
1732157936.724486,1732157936.726840,124.000000,0.000000,4282.436035,4292.948730,4309.743652,4292.948730,4289.871582,4272.436035,4334.615234,4400.512695,4295.384766,4281.153809,4474.743652,4500.769043,4341.282227,4397.692383,1701.000000,1.000000,22.000000,,,,0.000000,2.000000,2.000000,0.000000,4.000000,2.000000,2.000000,0.000000,0.000000,4.000000,4.000000,4.000000,4.000000,4.000000,4.000000,0.000000,,,,,,,,,,,,,,,,,31.000000,0.000000,0.499438,0.456055,-0.564697,0.472961,0.986449,-0.065926,-0.057624,-35.873798,44.543819,31.723227
1732157936.732294,1732157936.734648,125.000000,0.000000,4292.179688,4293.461426,4308.205078,4295.769043,4263.974121,4277.948730,4332.563965,4399.871582,4294.615234,4287.436035,4476.025879,4505.128418,4344.743652,4399.615234,1611.000000,1.000000,22.000000,,,,0.000000,2.000000,2.000000,0.000000,4.000000,2.000000,2.000000,0.000000,0.000000,4.000000,4.000000,4.000000,4.000000,4.000000,4.000000,0.000000,,,,,,,,,,,,,,,,,,,,,,,,,,,,
1732157936.740102,1732157936.742656,126.000000,0.000000,4291.025879,4294.358887,4311.538574,4297.563965,4268.461426,4281.666504,4333.846191,4400.000000,4297.436035,4284.615234,4476.666504,4507.692383,4344.743652,4398.205078,1546.000000,1.000000,22.000000,,,,0.000000,2.000000,2.000000,0.000000,4.000000,2.000000,2.000000,0.000000,0.000000,4.000000,4.000000,4.000000,4.000000,4.000000,4.000000,0.000000,,,,,,,,,,,,,,,,,,,,,,,,,,,,
1732157936.747911,1732157936.750464,127.000000,0.000000,4282.563965,4294.871582,4314.871582,4296.538574,4288.717773,4279.871582,4335.641113,4400.512695,4296.025879,4278.461426,4476.153809,4504.743652,4343.461426,4397.179688,22.000000,1.000000,22.000000,,,,0.000000,2.000000,2.000000,0.000000,4.000000,2.000000,2.000000,0.000000,0.000000,4.000000,4.000000,4.000000,4.000000,4.000000,4.000000,0.000000,,,,,,,,,,,,,,,,,,,,,,,,,,,,
1732157936.755719,1732157936.758372,0.000000,0.000000,4287.051270,4294.487305,4312.692383,4296.025879,4275.128418,4278.974121,4334.102539,4399.743652,4292.563965,4278.461426,4477.051270,4503.974121,4342.692383,4397.820313,0.000000,1.000000,22.000000,,,,0.000000,2.000000,2.000000,0.000000,4.000000,2.000000,2.000000,0.000000,0.000000,4.000000,4.000000,4.000000,4.000000,4.000000,4.000000,0.000000,,,,,,,,,,,,,,,,,0.000000,0.000000,0.499529,0.455994,-0.564819,0.472778,0.986449,-0.065926,-0.057624,-36.074444,44.643829,31.862480
1732157936.763527,1732157936.766181,1.000000,0.000000,4293.333496,4293.589844,4309.743652,4296.282227,4252.692383,4279.487305,4333.589844,4400.000000,4295.897461,4281.282227,4478.846191,4505.897461,4342.820313,4399.230957,1603.000000,1.000000,22.000000,,,,0.000000,2.000000,2.000000,0.000000,4.000000,2.000000,2.000000,0.000000,0.000000,4.000000,4.000000,4.000000,4.000000,4.000000,4.000000,0.000000,,,,,,,,,,,,,,,,,,,,,,,,,,,,
1732157936.771335,1732157936.774189,2.000000,0.000000,4288.974121,4292.948730,4311.282227,4296.410156,4265.000000,4279.487305,4335.384766,4401.538574,4297.948730,4282.948730,4478.717773,4505.256348,4342.948730,4399.615234,1366.000000,1.000000,22.000000,,,,0.000000,2.000000,2.000000,0.000000,4.000000,2.000000,2.000000,0.000000,0.000000,4.000000,4.000000,4.000000,4.000000,4.000000,4.000000,0.000000,,,,,,,,,,,,,,,,,,,,,,,,,,,,
1732157936.779144,1732157936.781997,3.000000,0.000000,4287.179688,4292.436035,4312.692383,4295.384766,4288.077148,4279.487305,4335.256348,4400.897461,4294.230957,4281.282227,4477.692383,4504.615234,4342.692383,4398.846191,1426.000000,1.000000,22.000000,,,,0.000000,2.000000,2.000000,0.000000,4.000000,2.000000,2.000000,0.000000,0.000000,4.000000,4.000000,4.000000,4.000000,4.000000,4.000000,0.000000,,,,,,,,,,,,,,,,,,,,,,,,,,,,
1732157936.786952,1732157936.789905,4.000000,0.000000,4293.461426,4295.256348,4311.025879,4295.769043,4283.974121,4276.538574,4334.615234,4399.230957,4293.589844,4280.256348,4482.692383,4506.538574,4345.897461,4404.487305,1432.000000,1.000000,22.000000,,,,0.000000,2.000000,2.000000,0.000000,4.000000,2.000000,2.000000,0.000000,0.000000,4.000000,4.000000,4.000000,4.000000,4.000000,4.000000,0.000000,,,,,,,,,,,,,,,,,1.000000,0.000000,0.499730,0.455750,-0.564941,0.472656,0.973752,-0.081065,-0.048346,-36.281967,44.774834,31.730276
1732157936.794760,1732157936.797713,5.000000,0.000000,4296.922852,4296.922852,4310.897461,4298.205078,4260.769043,4275.641113,4334.871582,4399.230957,4295.000000,4286.666504,4488.846191,4506.666504,4350.769043,4411.922852,1210.000000,1.000000,22.000000,,,,0.000000,2.000000,2.000000,0.000000,4.000000,2.000000,2.000000,0.000000,0.000000,4.000000,4.000000,4.000000,4.000000,4.000000,4.000000,0.000000,,,,,,,,,,,,,,,,,,,,,,,,,,,,
1732157936.802569,1732157936.805721,6.000000,0.000000,4290.769043,4290.384766,4312.436035,4296.410156,4256.282227,4278.461426,4334.871582,4400.256348,4293.846191,4290.641113,4487.948730,4508.974121,4351.538574,4408.461426,0.000000,1.000000,22.000000,,,,0.000000,2.000000,2.000000,0.000000,4.000000,2.000000,2.000000,0.000000,0.000000,4.000000,4.000000,4.000000,4.000000,4.000000,4.000000,0.000000,,,,,,,,,,,,,,,,,,,,,,,,,,,,
1732157936.810377,1732157936.813529,7.000000,0.000000,4286.794922,4287.820313,4311.410156,4293.461426,4273.589844,4279.615234,4334.871582,4403.205078,4293.717773,4283.846191,4488.205078,4512.948730,4351.025879,4403.077148,0.000000,1.000000,22.000000,,,,0.000000,2.000000,2.000000,0.000000,4.000000,2.000000,2.000000,0.000000,0.000000,4.000000,4.000000,4.000000,4.000000,4.000000,4.000000,0.000000,,,,,,,,,,,,,,,,,,,,,,,,,,,,
1732157936.818185,1732157936.821437,8.000000,0.000000,4290.769043,4292.948730,4310.256348,4296.538574,4275.256348,4280.897461,4334.743652,4403.205078,4294.871582,4279.871582,4487.820313,4511.922852,4348.205078,4406.282227,1528.000000,1.000000,22.000000,,,,0.000000,2.000000,2.000000,0.000000,4.000000,2.000000,2.000000,0.000000,0.000000,4.000000,4.000000,4.000000,4.000000,4.000000,4.000000,0.000000,,,,,,,,,,,,,,,,,2.000000,0.000000,0.499438,0.456055,-0.564697,0.472961,0.968380,-0.079600,-0.052741,-36.351727,44.755951,31.534857
1732157936.825993,1732157936.829246,9.000000,0.000000,4285.384766,4292.948730,4311.153809,4296.410156,4282.948730,4281.666504,4334.871582,4398.717773,4294.358887,4283.846191,4478.717773,4506.666504,4344.487305,4403.333496,1688.000000,1.000000,22.000000,,,,0.000000,2.000000,2.000000,0.000000,4.000000,2.000000,2.000000,0.000000,0.000000,4.000000,4.000000,4.000000,4.000000,4.000000,4.000000,0.000000,,,,,,,,,,,,,,,,,,,,,,,,,,,,
1732157936.833801,1732157936.837054,10.000000,0.000000,4278.333496,4290.512695,4311.794922,4292.563965,4298.333496,4279.102539,4335.128418,4402.563965,4296.666504,4289.615234,4478.205078,4508.461426,4346.410156,4396.282227,1546.000000,1.000000,22.000000,,,,0.000000,2.000000,2.000000,0.000000,4.000000,2.000000,2.000000,0.000000,0.000000,4.000000,4.000000,4.000000,4.000000,4.000000,4.000000,0.000000,,,,,,,,,,,,,,,,,,,,,,,,,,,,
1732157936.841610,1732157936.844862,11.000000,0.000000,4286.922852,4295.128418,4312.051270,4296.922852,4282.179688,4279.871582,4334.487305,4406.538574,4298.846191,4292.692383,4489.230957,4512.563965,4351.410156,4399.230957,1566.000000,1.000000,22.000000,,,,0.000000,2.000000,2.000000,0.000000,4.000000,2.000000,2.000000,0.000000,0.000000,4.000000,4.000000,4.000000,4.000000,4.000000,4.000000,0.000000,,,,,,,,,,,,,,,,,,,,,,,,,,,,
1732157936.849418,1732157936.852570,12.000000,0.000000,4295.384766,4298.205078,4311.666504,4301.794922,4261.922852,4282.692383,4334.871582,4402.948730,4297.948730,4293.846191,4491.025879,4515.000000,4351.666504,4404.102539,1701.000000,1.000000,22.000000,,,,0.000000,2.000000,2.000000,0.000000,4.000000,2.000000,2.000000,0.000000,0.000000,4.000000,4.000000,4.000000,4.000000,4.000000,4.000000,0.000000,,,,,,,,,,,,,,,,,3.000000,0.000000,0.499672,0.455750,-0.564941,0.472717,0.969845,-0.080576,-0.043951,-36.333229,44.685654,31.729900
1732157936.857226,1732157936.860379,13.000000,0.000000,4291.922852,4296.538574,4310.769043,4299.358887,4269.487305,4282.179688,4336.153809,4401.666504,4298.974121,4296.410156,4487.948730,4517.563965,4351.410156,4406.153809,1608.000000,1.000000,22.000000,,,,0.000000,2.000000,2.000000,0.000000,4.000000,2.000000,2.000000,0.000000,0.000000,4.000000,4.000000,4.000000,4.000000,4.000000,4.000000,0.000000,,,,,,,,,,,,,,,,,,,,,,,,,,,,
1732157936.865034,1732157936.867987,14.000000,0.000000,4285.897461,4296.410156,4310.128418,4294.487305,4288.077148,4280.128418,4335.512695,4402.436035,4296.025879,4291.538574,4490.897461,4516.282227,4352.051270,4407.692383,1546.000000,1.000000,22.000000,,,,0.000000,2.000000,2.000000,0.000000,4.000000,2.000000,2.000000,0.000000,0.000000,4.000000,4.000000,4.000000,4.000000,4.000000,4.000000,0.000000,1.000000,0.000000,1.000000,2.000000,0.000000,1.000000,2.000000,2.000000,0.000000,0.000000,4.000000,4.000000,4.000000,4.000000,1.000000,4.000000,,,,,,,,,,,,
1732157936.872843,1732157936.875795,15.000000,0.000000,4284.230957,4297.563965,4311.410156,4295.769043,4287.436035,4279.102539,4333.974121,4399.871582,4291.410156,4282.563965,4488.461426,4511.922852,4350.769043,4404.487305,1566.000000,1.000000,22.000000,,,,0.000000,2.000000,2.000000,0.000000,4.000000,2.000000,2.000000,0.000000,0.000000,4.000000,4.000000,4.000000,4.000000,4.000000,4.000000,0.000000,,,,,,,,,,,,,,,,,,,,,,,,,,,,
1732157936.880651,1732157936.883503,16.000000,0.000000,4288.333496,4298.846191,4311.922852,4302.307617,4272.563965,4279.615234,4334.358887,4399.615234,4295.641113,4285.256348,4480.512695,4508.717773,4349.871582,4399.358887,0.000000,1.000000,22.000000,,,,0.000000,2.000000,2.000000,0.000000,4.000000,2.000000,2.000000,0.000000,0.000000,4.000000,4.000000,4.000000,4.000000,4.000000,4.000000,0.000000,,,,,,,,,,,,,,,,,4.000000,0.000000,0.499514,0.455872,-0.564880,0.472839,0.976682,-0.093273,-0.053229,-36.396584,44.713711,31.464552
1732157936.888459,1732157936.891312,17.000000,0.000000,4292.563965,4303.333496,4310.641113,4304.743652,4264.487305,4282.051270,4334.615234,4402.563965,4303.333496,4289.871582,4477.179688,4506.922852,4351.025879,4399.743652,0.000000,1.000000,22.000000,,,,0.000000,2.000000,2.000000,0.000000,4.000000,2.000000,2.000000,0.000000,0.000000,4.000000,4.000000,4.000000,4.000000,4.000000,4.000000,0.000000,,,,,,,,,,,,,,,,,,,,,,,,,,,,
1732157936.896268,1732157936.898920,18.000000,0.000000,4293.205078,4305.384766,4308.717773,4301.666504,4272.051270,4281.922852,4335.128418,4400.128418,4295.641113,4283.717773,4476.153809,4505.512695,4348.974121,4401.153809,0.000000,1.000000,22.000000,,,,0.000000,2.000000,2.000000,0.000000,4.000000,2.000000,2.000000,0.000000,0.000000,4.000000,4.000000,4.000000,4.000000,4.000000,4.000000,0.000000,,,,,,,,,,,,,,,,,,,,,,,,,,,,
1732157936.904076,1732157936.906728,19.000000,0.000000,4293.333496,4303.333496,4310.384766,4301.666504,4288.589844,4278.461426,4334.615234,4399.487305,4283.717773,4275.512695,4473.077148,4505.128418,4345.512695,4398.077148,0.000000,1.000000,22.000000,,,,0.000000,2.000000,2.000000,0.000000,4.000000,2.000000,2.000000,0.000000,0.000000,4.000000,4.000000,4.000000,4.000000,4.000000,4.000000,0.000000,,,,,,,,,,,,,,,,,,,,,,,,,,,,
1732157936.911884,1732157936.914437,20.000000,0.000000,4293.974121,4304.487305,4312.307617,4304.102539,4289.615234,4277.563965,4332.563965,4400.897461,4285.512695,4275.256348,4473.205078,4506.794922,4345.769043,4397.692383,0.000000,1.000000,22.000000,,,,0.000000,2.000000,2.000000,0.000000,4.000000,2.000000,2.000000,0.000000,0.000000,4.000000,4.000000,4.000000,4.000000,4.000000,4.000000,0.000000,,,,,,,,,,,,,,,,,5.000000,0.000000,0.499421,0.455872,-0.564758,0.473083,0.988890,-0.075204,-0.054694,-36.336231,44.719772,31.482954
1732157936.919692,1732157936.922245,21.000000,0.000000,4294.871582,4308.974121,4310.897461,4305.384766,4274.358887,4280.384766,4332.692383,4400.256348,4289.743652,4277.692383,4476.282227,4509.102539,4347.948730,4399.487305,0.000000,1.000000,22.000000,,,,0.000000,2.000000,2.000000,0.000000,4.000000,2.000000,2.000000,0.000000,0.000000,4.000000,4.000000,4.000000,4.000000,4.000000,4.000000,0.000000,,,,,,,,,,,,,,,,,,,,,,,,,,,,
1732157936.927500,1732157936.929853,22.000000,0.000000,4297.307617,4309.487305,4310.384766,4307.692383,4264.102539,4281.025879,4335.000000,4400.000000,4290.128418,4281.922852,4477.820313,4509.487305,4347.948730,4397.692383,0.000000,1.000000,22.000000,,,,0.000000,2.000000,2.000000,0.000000,4.000000,2.000000,2.000000,0.000000,0.000000,4.000000,4.000000,4.000000,4.000000,4.000000,4.000000,0.000000,,,,,,,,,,,,,,,,,,,,,,,,,,,,
1732157936.935309,1732157936.937661,23.000000,0.000000,4298.205078,4304.487305,4312.820313,4305.256348,4272.692383,4279.102539,4335.256348,4398.077148,4292.820313,4282.820313,4477.436035,4510.256348,4346.282227,4400.256348,0.000000,1.000000,22.000000,,,,0.000000,2.000000,2.000000,0.000000,4.000000,2.000000,2.000000,0.000000,0.000000,4.000000,4.000000,4.000000,4.000000,4.000000,4.000000,0.000000,,,,,,,,,,,,,,,,,,,,,,,,,,,,
1732157936.943117,1732157936.945570,24.000000,0.000000,4297.820313,4303.205078,4312.307617,4302.820313,4275.512695,4278.461426,4335.000000,4398.077148,4295.384766,4280.641113,4476.794922,4513.717773,4345.000000,4405.897461,0.000000,1.000000,22.000000,,,,0.000000,2.000000,2.000000,0.000000,4.000000,2.000000,2.000000,0.000000,0.000000,4.000000,4.000000,4.000000,4.000000,4.000000,4.000000,0.000000,,,,,,,,,,,,,,,,,6.000000,0.000000,0.499534,0.455811,-0.564758,0.473022,0.984495,-0.070809,-0.052252,-36.322350,44.659683,31.541193
1732157936.950925,1732157936.953378,25.000000,0.000000,4297.563965,4303.333496,4310.128418,4300.641113,4276.922852,4279.102539,4335.897461,4399.358887,4293.974121,4281.538574,4475.769043,4512.307617,4342.948730,4401.538574,0.000000,1.000000,22.000000,,,,0.000000,2.000000,2.000000,0.000000,4.000000,2.000000,2.000000,0.000000,0.000000,4.000000,4.000000,4.000000,4.000000,4.000000,4.000000,0.000000,,,,,,,,,,,,,,,,,,,,,,,,,,,,
1732157936.958733,1732157936.960986,26.000000,0.000000,4295.256348,4298.077148,4311.410156,4296.794922,4293.846191,4280.000000,4336.538574,4398.461426,4294.615234,4281.666504,4475.256348,4506.538574,4341.538574,4394.102539,0.000000,1.000000,22.000000,,,,0.000000,2.000000,2.000000,0.000000,4.000000,2.000000,2.000000,0.000000,0.000000,4.000000,4.000000,4.000000,4.000000,4.000000,4.000000,0.000000,,,,,,,,,,,,,,,,,,,,,,,,,,,,
1732157936.966542,1732157936.968794,27.000000,0.000000,4296.153809,4298.205078,4313.205078,4299.871582,4289.487305,4281.794922,4336.153809,4397.948730,4296.538574,4280.641113,4476.410156,4508.589844,4341.410156,4397.051270,0.000000,1.000000,22.000000,,,,0.000000,2.000000,2.000000,0.000000,4.000000,2.000000,2.000000,0.000000,0.000000,4.000000,4.000000,4.000000,4.000000,4.000000,4.000000,0.000000,,,,,,,,,,,,,,,,,,,,,,,,,,,,
1732157936.974350,1732157936.976503,28.000000,0.000000,4297.436035,4305.256348,4311.538574,4303.077148,4267.692383,4282.563965,4335.897461,4399.358887,4291.666504,4278.461426,4478.077148,4515.384766,4341.666504,4401.410156,0.000000,1.000000,22.000000,,,,0.000000,2.000000,2.000000,0.000000,4.000000,2.000000,2.000000,0.000000,0.000000,4.000000,4.000000,4.000000,4.000000,4.000000,4.000000,0.000000,,,,,,,,,,,,,,,,,7.000000,0.000000,0.499650,0.455811,-0.564758,0.472900,0.981077,-0.076181,-0.063973,-36.329437,44.692677,31.711700
1732157936.982158,1732157936.984311,29.000000,0.000000,4294.230957,4303.461426,4308.846191,4297.820313,4261.794922,4282.051270,4335.641113,4399.358887,4291.922852,4280.000000,4479.487305,4514.230957,4344.487305,4398.717773,0.000000,1.000000,22.000000,,,,0.000000,2.000000,2.000000,0.000000,4.000000,2.000000,2.000000,0.000000,0.000000,4.000000,4.000000,4.000000,4.000000,4.000000,4.000000,0.000000,,,,,,,,,,,,,,,,,,,,,,,,,,,,
1732157936.989967,1732157936.991919,30.000000,0.000000,4291.410156,4294.358887,4311.410156,4290.897461,4276.666504,4279.487305,4335.384766,4400.000000,4297.051270,4285.256348,4479.102539,4508.846191,4342.948730,4396.410156,0.000000,1.000000,22.000000,,,,0.000000,2.000000,2.000000,0.000000,4.000000,2.000000,2.000000,0.000000,0.000000,4.000000,4.000000,4.000000,4.000000,4.000000,4.000000,0.000000,,,,,,,,,,,,,,,,,,,,,,,,,,,,
1732157936.997775,1732157936.999728,31.000000,0.000000,4290.256348,4298.205078,4314.871582,4291.153809,4292.436035,4276.153809,4334.743652,4401.025879,4296.410156,4287.820313,4477.436035,4505.897461,4340.769043,4396.666504,0.000000,1.000000,22.000000,,,,0.000000,2.000000,2.000000,0.000000,4.000000,2.000000,2.000000,0.000000,0.000000,4.000000,4.000000,4.000000,4.000000,4.000000,4.000000,0.000000,,,,,,,,,,,,,,,,,,,,,,,,,,,,
1732157937.005583,1732157937.007436,32.000000,0.000000,4292.307617,4306.025879,4311.794922,4296.025879,4281.666504,4276.922852,4334.615234,4398.974121,4293.717773,4292.692383,4479.743652,4506.153809,4346.538574,4400.512695,0.000000,1.000000,22.000000,,,,0.000000,2.000000,2.000000,0.000000,4.000000,2.000000,2.000000,0.000000,0.000000,4.000000,4.000000,4.000000,4.000000,4.000000,4.000000,0.000000,,,,,,,,,,,,,,,,,8.000000,0.000000,0.499619,0.455933,-0.564636,0.472961,0.969845,-0.069833,-0.058113,-36.266842,44.846069,31.734810
1732157937.013391,1732157937.015244,33.000000,0.000000,4293.333496,4301.922852,4308.846191,4296.153809,4259.615234,4281.282227,4334.743652,4398.589844,4295.897461,4294.102539,4482.051270,4506.410156,4351.666504,4403.205078,0.000000,1.000000,22.000000,,,,0.000000,2.000000,2.000000,0.000000,4.000000,2.000000,2.000000,0.000000,0.000000,4.000000,4.000000,4.000000,4.000000,4.000000,4.000000,0.000000,,,,,,,,,,,,,,,,,,,,,,,,,,,,
1732157937.021199,1732157937.022852,34.000000,0.000000,4285.128418,4295.769043,4311.410156,4286.666504,4263.461426,4282.948730,4335.384766,4400.897461,4297.051270,4284.743652,4478.077148,4505.769043,4346.153809,4400.000000,0.000000,1.000000,22.000000,,,,0.000000,2.000000,2.000000,0.000000,4.000000,2.000000,2.000000,0.000000,0.000000,4.000000,4.000000,4.000000,4.000000,4.000000,4.000000,0.000000,,,,,,,,,,,,,,,,,,,,,,,,,,,,
1732157937.029008,1732157937.030661,35.000000,0.000000,4281.153809,4297.692383,4311.666504,4284.743652,4275.897461,4281.282227,4336.538574,4399.487305,4294.743652,4279.102539,4473.846191,4505.512695,4341.153809,4396.153809,0.000000,1.000000,22.000000,,,,0.000000,2.000000,2.000000,0.000000,4.000000,2.000000,2.000000,0.000000,0.000000,4.000000,4.000000,4.000000,4.000000,4.000000,4.000000,0.000000,,,,,,,,,,,,,,,,,,,,,,,,,,,,
1732157937.036816,1732157937.038369,36.000000,0.000000,4291.922852,4304.102539,4310.384766,4295.897461,4281.538574,4280.384766,4336.538574,4398.333496,4296.410156,4283.974121,4474.871582,4506.538574,4344.102539,4395.769043,0.000000,1.000000,22.000000,,,,0.000000,2.000000,2.000000,0.000000,4.000000,2.000000,2.000000,0.000000,0.000000,4.000000,4.000000,4.000000,4.000000,4.000000,4.000000,0.000000,,,,,,,,,,,,,,,,,9.000000,0.000000,0.499534,0.456177,-0.564514,0.472961,0.981565,-0.062996,-0.056159,-36.037811,44.770313,31.695196
1732157937.044624,1732157937.046177,37.000000,0.000000,4297.692383,4306.538574,4311.410156,4297.436035,4291.025879,4279.487305,4335.000000,4399.487305,4296.794922,4283.077148,4476.410156,4508.333496,4344.743652,4399.102539,0.000000,1.000000,22.000000,,,,0.000000,2.000000,2.000000,0.000000,4.000000,2.000000,2.000000,0.000000,0.000000,4.000000,4.000000,4.000000,4.000000,4.000000,4.000000,0.000000,,,,,,,,,,,,,,,,,,,,,,,,,,,,
1732157937.052432,1732157937.054185,38.000000,0.000000,4293.077148,4304.743652,4310.769043,4292.307617,4281.922852,4278.589844,4335.000000,4399.615234,4291.666504,4277.948730,4476.410156,4507.563965,4343.205078,4402.307617,0.000000,1.000000,22.000000,,,,0.000000,2.000000,2.000000,0.000000,4.000000,2.000000,2.000000,0.000000,0.000000,4.000000,4.000000,4.000000,4.000000,4.000000,4.000000,0.000000,,,,,,,,,,,,,,,,,,,,,,,,,,,,
1732157937.060241,1732157937.061993,39.000000,0.000000,4291.794922,4302.436035,4308.974121,4292.692383,4259.487305,4278.974121,4336.538574,4398.974121,4288.717773,4283.974121,4476.794922,4506.922852,4344.487305,4399.871582,0.000000,1.000000,22.000000,,,,0.000000,2.000000,2.000000,0.000000,4.000000,2.000000,2.000000,0.000000,0.000000,4.000000,4.000000,4.000000,4.000000,4.000000,4.000000,0.000000,,,,,,,,,,,,,,,,,,,,,,,,,,,,
1732157937.068049,1732157937.069902,40.000000,0.000000,4293.589844,4302.948730,4310.512695,4294.487305,4263.589844,4277.051270,4335.641113,4398.589844,4288.077148,4288.205078,4474.615234,4505.256348,4343.205078,4396.922852,0.000000,1.000000,22.000000,,,,0.000000,2.000000,2.000000,0.000000,4.000000,2.000000,2.000000,0.000000,0.000000,4.000000,4.000000,4.000000,4.000000,4.000000,4.000000,0.000000,,,,,,,,,,,,,,,,,10.000000,0.000000,0.499649,0.456177,-0.564514,0.472839,0.977658,-0.078135,-0.047369,-36.028957,44.628956,31.636442
1732157937.075857,1732157937.077710,41.000000,0.000000,4295.769043,4304.230957,4312.563965,4295.384766,4274.487305,4274.230957,4332.948730,4397.436035,4289.615234,4283.461426,4473.974121,4503.589844,4341.922852,4401.282227,0.000000,1.000000,22.000000,,,,0.000000,2.000000,2.000000,0.000000,4.000000,2.000000,2.000000,0.000000,0.000000,4.000000,4.000000,4.000000,4.000000,4.000000,4.000000,0.000000,,,,,,,,,,,,,,,,,,,,,,,,,,,,
1732157937.083665,1732157937.085318,42.000000,0.000000,4293.333496,4300.128418,4311.410156,4293.333496,4274.743652,4275.384766,4334.102539,4398.333496,4293.205078,4278.974121,4475.256348,4507.692383,4339.487305,4403.461426,0.000000,1.000000,22.000000,,,,0.000000,2.000000,2.000000,0.000000,4.000000,2.000000,2.000000,0.000000,0.000000,4.000000,4.000000,4.000000,4.000000,4.000000,4.000000,0.000000,,,,,,,,,,,,,,,,,,,,,,,,,,,,
1732157937.091474,1732157937.093126,43.000000,0.000000,4284.615234,4297.179688,4307.307617,4290.128418,4292.179688,4284.230957,4336.794922,4400.769043,4294.871582,4277.692383,4473.846191,4508.589844,4335.512695,4397.820313,0.000000,1.000000,22.000000,,,,0.000000,2.000000,2.000000,0.000000,4.000000,2.000000,2.000000,0.000000,0.000000,4.000000,4.000000,4.000000,4.000000,4.000000,4.000000,0.000000,,,,,,,,,,,,,,,,,,,,,,,,,,,,
1732157937.099282,1732157937.100835,44.000000,0.000000,4277.436035,4299.358887,4307.307617,4292.179688,4301.922852,4290.897461,4336.025879,4400.897461,4293.717773,4278.589844,4471.538574,4502.436035,4335.512695,4394.615234,0.000000,1.000000,22.000000,,,,0.000000,2.000000,2.000000,0.000000,4.000000,2.000000,2.000000,0.000000,0.000000,4.000000,4.000000,4.000000,4.000000,4.000000,4.000000,0.000000,,,,,,,,,,,,,,,,,11.000000,0.000000,0.499738,0.456055,-0.564636,0.472717,0.983030,-0.072763,-0.062019,-36.118458,44.699455,31.895517
1732157937.107090,1732157937.108643,45.000000,0.000000,4279.871582,4300.897461,4312.820313,4295.897461,4275.128418,4288.333496,4334.615234,4399.615234,4295.128418,4280.128418,4471.794922,4497.948730,4338.589844,4396.666504,0.000000,1.000000,22.000000,,,,0.000000,2.000000,2.000000,0.000000,4.000000,2.000000,2.000000,0.000000,0.000000,4.000000,4.000000,4.000000,4.000000,4.000000,4.000000,0.000000,,,,,,,,,,,,,,,,,,,,,,,,,,,,
1732157937.114898,1732157937.116651,46.000000,0.000000,4288.717773,4303.846191,4312.563965,4295.769043,4262.307617,4284.615234,4335.000000,4399.743652,4297.179688,4281.538574,4474.358887,4500.128418,4342.307617,4397.820313,0.000000,1.000000,22.000000,,,,0.000000,2.000000,2.000000,0.000000,4.000000,2.000000,2.000000,0.000000,0.000000,4.000000,4.000000,4.000000,4.000000,4.000000,4.000000,0.000000,,,,,,,,,,,,,,,,,,,,,,,,,,,,
1732157937.122707,1732157937.124459,47.000000,0.000000,4290.256348,4305.512695,4308.974121,4295.256348,4271.922852,4282.692383,4335.128418,4401.666504,4294.487305,4282.692383,4476.410156,4505.512695,4345.384766,4397.436035,0.000000,1.000000,22.000000,,,,0.000000,2.000000,2.000000,0.000000,4.000000,2.000000,2.000000,0.000000,0.000000,4.000000,4.000000,4.000000,4.000000,4.000000,4.000000,0.000000,,,,,,,,,,,,,,,,,,,,,,,,,,,,
1732157937.130515,1732157937.132367,48.000000,0.000000,4281.922852,4298.205078,4310.897461,4293.077148,4279.871582,4280.769043,4335.128418,4401.666504,4293.846191,4282.179688,4473.205078,4507.307617,4343.846191,4396.922852,0.000000,1.000000,22.000000,,,,0.000000,2.000000,2.000000,0.000000,4.000000,2.000000,2.000000,0.000000,0.000000,4.000000,4.000000,4.000000,4.000000,4.000000,4.000000,0.000000,,,,,,,,,,,,,,,,,12.000000,0.000000,0.499607,0.456299,-0.564453,0.472839,0.980100,-0.080088,-0.044439,-36.239285,44.588223,31.665369
1732157937.138323,1732157937.140175,49.000000,0.000000,4281.153809,4295.384766,4312.179688,4291.538574,4291.025879,4279.615234,4334.743652,4398.974121,4295.897461,4279.615234,4469.871582,4504.230957,4340.128418,4396.794922,0.000000,1.000000,22.000000,,,,0.000000,2.000000,2.000000,0.000000,4.000000,2.000000,2.000000,0.000000,0.000000,4.000000,4.000000,4.000000,4.000000,4.000000,4.000000,0.000000,,,,,,,,,,,,,,,,,,,,,,,,,,,,
1732157937.146131,1732157937.148183,50.000000,0.000000,4292.820313,4306.025879,4309.871582,4299.102539,4289.358887,4280.128418,4334.871582,4398.589844,4297.307617,4283.589844,4474.230957,4503.077148,4343.589844,4397.051270,0.000000,1.000000,22.000000,,,,0.000000,2.000000,2.000000,0.000000,4.000000,2.000000,2.000000,0.000000,0.000000,4.000000,4.000000,4.000000,4.000000,4.000000,4.000000,0.000000,,,,,,,,,,,,,,,,,,,,,,,,,,,,
1732157937.153940,1732157937.155992,51.000000,0.000000,4298.077148,4311.282227,4311.025879,4305.128418,4266.922852,4279.743652,4335.256348,4401.282227,4297.307617,4288.717773,4479.358887,4506.794922,4347.051270,4397.179688,0.000000,1.000000,22.000000,,,,0.000000,2.000000,2.000000,0.000000,4.000000,2.000000,2.000000,0.000000,0.000000,4.000000,4.000000,4.000000,4.000000,4.000000,4.000000,0.000000,,,,,,,,,,,,,,,,,,,,,,,,,,,,
1732157937.161748,1732157937.163900,52.000000,0.000000,4292.948730,4310.769043,4311.538574,4302.692383,4266.153809,4279.743652,4335.256348,4401.410156,4295.897461,4284.358887,4477.563965,4506.922852,4341.282227,4398.589844,0.000000,1.000000,22.000000,,,,0.000000,2.000000,2.000000,0.000000,4.000000,2.000000,2.000000,0.000000,0.000000,4.000000,4.000000,4.000000,4.000000,4.000000,4.000000,0.000000,,,,,,,,,,,,,,,,,13.000000,0.000000,0.499575,0.456421,-0.564331,0.472900,0.975705,-0.071298,-0.054206,-36.352154,44.636463,31.488949
1732157937.169556,1732157937.171708,53.000000,0.000000,4285.384766,4308.077148,4308.589844,4298.205078,4281.282227,4281.410156,4334.230957,4398.717773,4293.846191,4280.769043,4474.615234,4504.615234,4338.846191,4397.436035,0.000000,1.000000,22.000000,,,,0.000000,2.000000,2.000000,0.000000,4.000000,2.000000,2.000000,0.000000,0.000000,4.000000,4.000000,4.000000,4.000000,4.000000,4.000000,0.000000,,,,,,,,,,,,,,,,,,,,,,,,,,,,
1732157937.177364,1732157937.179716,54.000000,0.000000,4279.743652,4300.000000,4308.333496,4293.974121,4289.487305,4282.436035,4333.589844,4398.077148,4293.205078,4283.077148,4473.846191,4505.769043,4342.948730,4388.205078,0.000000,1.000000,22.000000,,,,0.000000,2.000000,2.000000,0.000000,4.000000,2.000000,2.000000,0.000000,0.000000,4.000000,4.000000,4.000000,4.000000,4.000000,4.000000,0.000000,,,,,,,,,,,,,,,,,,,,,,,,,,,,
1732157937.185173,1732157937.187524,55.000000,0.000000,4280.512695,4299.102539,4312.051270,4293.205078,4296.666504,4282.563965,4334.487305,4400.128418,4294.487305,4282.563965,4473.333496,4505.769043,4343.846191,4382.948730,0.000000,1.000000,22.000000,,,,0.000000,2.000000,2.000000,0.000000,4.000000,2.000000,2.000000,0.000000,0.000000,4.000000,4.000000,4.000000,4.000000,4.000000,4.000000,0.000000,,,,,,,,,,,,,,,,,,,,,,,,,,,,
1732157937.192981,1732157937.195432,56.000000,0.000000,4283.461426,4307.692383,4312.692383,4295.897461,4282.436035,4280.512695,4335.769043,4401.153809,4295.256348,4282.948730,4472.436035,4504.487305,4340.000000,4390.384766,0.000000,1.000000,22.000000,,,,0.000000,2.000000,2.000000,0.000000,4.000000,2.000000,2.000000,0.000000,0.000000,4.000000,4.000000,4.000000,4.000000,4.000000,4.000000,0.000000,,,,,,,,,,,,,,,,,14.000000,0.000000,0.499419,0.456604,-0.564270,0.472961,0.975705,-0.071298,-0.054206,-36.090244,44.492199,31.284382
1732157937.200789,1732157937.203240,57.000000,0.000000,4285.641113,4308.589844,4311.282227,4297.307617,4262.820313,4280.128418,4335.384766,4400.512695,4296.666504,4286.025879,4473.077148,4506.666504,4339.358887,4398.077148,0.000000,1.000000,22.000000,,,,0.000000,2.000000,2.000000,0.000000,4.000000,2.000000,2.000000,0.000000,0.000000,4.000000,4.000000,4.000000,4.000000,4.000000,4.000000,0.000000,,,,,,,,,,,,,,,,,,,,,,,,,,,,
1732157937.208597,1732157937.211248,58.000000,0.000000,4289.487305,4305.769043,4311.025879,4296.538574,4268.974121,4281.538574,4335.000000,4400.384766,4297.563965,4284.358887,4475.641113,4510.256348,4340.256348,4397.692383,0.000000,1.000000,22.000000,,,,0.000000,2.000000,2.000000,0.000000,4.000000,2.000000,2.000000,0.000000,0.000000,4.000000,4.000000,4.000000,4.000000,4.000000,4.000000,0.000000,,,,,,,,,,,,,,,,,,,,,,,,,,,,
1732157937.216406,1732157937.219057,59.000000,0.000000,4293.077148,4306.922852,4311.666504,4297.179688,4284.358887,4279.358887,4336.282227,4400.641113,4294.102539,4279.615234,4476.794922,4509.230957,4336.410156,4396.666504,0.000000,1.000000,22.000000,,,,0.000000,2.000000,2.000000,0.000000,4.000000,2.000000,2.000000,0.000000,0.000000,4.000000,4.000000,4.000000,4.000000,4.000000,4.000000,0.000000,,,,,,,,,,,,,,,,,,,,,,,,,,,,
1732157937.224214,1732157937.226965,60.000000,0.000000,4293.205078,4306.538574,4311.794922,4300.641113,4292.563965,4277.307617,4335.512695,4400.384766,4292.563965,4277.948730,4473.846191,4506.794922,4334.871582,4396.922852,0.000000,1.000000,22.000000,,,,0.000000,2.000000,2.000000,0.000000,4.000000,2.000000,2.000000,0.000000,0.000000,4.000000,4.000000,4.000000,4.000000,4.000000,4.000000,0.000000,,,,,,,,,,,,,,,,,15.000000,0.000000,0.499432,0.456665,-0.564209,0.472961,0.983518,-0.077158,-0.051764,-36.178097,44.490349,31.253683
1732157937.232022,1732157937.234773,61.000000,0.000000,4294.102539,4306.282227,4311.794922,4302.179688,4285.769043,4279.230957,4333.589844,4400.256348,4296.282227,4280.128418,4472.820313,4508.333496,4338.974121,4396.666504,0.000000,1.000000,22.000000,,,,0.000000,2.000000,2.000000,0.000000,4.000000,2.000000,2.000000,0.000000,0.000000,4.000000,4.000000,4.000000,4.000000,4.000000,4.000000,0.000000,,,,,,,,,,,,,,,,,,,,,,,,,,,,
1732157937.239830,1732157937.242781,62.000000,0.000000,4295.512695,4308.333496,4313.974121,4299.871582,4267.051270,4284.102539,4335.384766,4399.743652,4297.820313,4282.563965,4476.153809,4507.948730,4343.333496,4397.820313,0.000000,1.000000,22.000000,,,,0.000000,2.000000,2.000000,0.000000,4.000000,2.000000,2.000000,0.000000,0.000000,4.000000,4.000000,4.000000,4.000000,4.000000,4.000000,0.000000,,,,,,,,,,,,,,,,,,,,,,,,,,,,
1732157937.247639,1732157937.250589,63.000000,0.000000,4289.743652,4306.025879,4313.717773,4296.410156,4271.794922,4287.820313,4336.025879,4400.128418,4295.512695,4281.538574,4473.077148,4505.512695,4342.179688,4397.051270,0.000000,1.000000,22.000000,,,,0.000000,2.000000,2.000000,0.000000,4.000000,2.000000,2.000000,0.000000,0.000000,4.000000,4.000000,4.000000,4.000000,4.000000,4.000000,0.000000,,,,,,,,,,,,,,,,,,,,,,,,,,,,
1732157937.255447,1732157937.258297,64.000000,0.000000,4280.769043,4300.384766,4311.538574,4297.692383,4298.846191,4291.282227,4334.102539,4401.538574,4293.974121,4278.717773,4463.205078,4505.128418,4335.256348,4394.487305,0.000000,1.000000,22.000000,,,,0.000000,2.000000,2.000000,0.000000,4.000000,2.000000,2.000000,0.000000,0.000000,4.000000,4.000000,4.000000,4.000000,4.000000,4.000000,0.000000,,,,,,,,,,,,,,,,,16.000000,0.000000,0.499259,0.456665,-0.564209,0.473145,0.975217,-0.083995,-0.047369,-36.249260,44.537182,31.613817
1732157937.263255,1732157937.266106,65.000000,0.000000,4279.871582,4300.512695,4310.897461,4299.358887,4296.922852,4294.871582,4334.871582,4401.025879,4293.717773,4278.333496,4458.974121,4502.307617,4333.333496,4394.615234,1601.000000,1.000000,22.000000,,,,0.000000,2.000000,2.000000,0.000000,4.000000,2.000000,2.000000,0.000000,0.000000,4.000000,4.000000,4.000000,4.000000,4.000000,4.000000,0.000000,,,,,,,,,,,,,,,,,,,,,,,,,,,,
1732157937.271063,1732157937.273714,66.000000,0.000000,4282.307617,4302.820313,4312.307617,4297.692383,4280.256348,4298.205078,4336.025879,4400.384766,4292.692383,4280.128418,4464.871582,4502.051270,4336.666504,4394.230957,1366.000000,1.000000,22.000000,,,,0.000000,2.000000,2.000000,0.000000,4.000000,2.000000,2.000000,0.000000,0.000000,4.000000,4.000000,4.000000,4.000000,4.000000,4.000000,0.000000,,,,,,,,,,,,,,,,,,,,,,,,,,,,
1732157937.278872,1732157937.281522,67.000000,0.000000,4280.128418,4301.922852,4312.436035,4297.051270,4277.692383,4295.897461,4335.128418,4400.128418,4292.820313,4281.666504,4471.922852,4507.179688,4338.846191,4395.128418,1422.000000,1.000000,22.000000,,,,0.000000,2.000000,2.000000,0.000000,4.000000,2.000000,2.000000,0.000000,0.000000,4.000000,4.000000,4.000000,4.000000,4.000000,4.000000,0.000000,,,,,,,,,,,,,,,,,,,,,,,,,,,,
1732157937.286680,1732157937.289231,68.000000,0.000000,4282.563965,4302.563965,4310.512695,4296.410156,4279.102539,4286.410156,4334.871582,4398.589844,4292.436035,4283.077148,4474.615234,4507.820313,4345.641113,4399.871582,1427.000000,1.000000,22.000000,,,,0.000000,2.000000,2.000000,0.000000,4.000000,2.000000,2.000000,0.000000,0.000000,4.000000,4.000000,4.000000,4.000000,4.000000,4.000000,0.000000,,,,,,,,,,,,,,,,,17.000000,0.000000,0.499214,0.456726,-0.564148,0.473206,0.967403,-0.064949,-0.042974,-36.470234,44.630119,31.578857
1732157937.294488,1732157937.297039,69.000000,0.000000,4290.128418,4304.230957,4309.230957,4294.871582,4289.487305,4278.717773,4333.846191,4397.692383,4291.538574,4280.769043,4473.974121,4504.487305,4350.384766,4399.615234,1210.000000,1.000000,22.000000,,,,0.000000,2.000000,2.000000,0.000000,4.000000,2.000000,2.000000,0.000000,0.000000,4.000000,4.000000,4.000000,4.000000,4.000000,4.000000,0.000000,,,,,,,,,,,,,,,,,,,,,,,,,,,,
1732157937.302296,1732157937.304647,70.000000,0.000000,4291.794922,4302.307617,4310.256348,4293.846191,4295.256348,4278.846191,4333.077148,4400.897461,4291.922852,4280.128418,4472.307617,4504.871582,4344.230957,4398.846191,0.000000,1.000000,22.000000,,,,0.000000,2.000000,2.000000,0.000000,4.000000,2.000000,2.000000,0.000000,0.000000,4.000000,4.000000,4.000000,4.000000,4.000000,4.000000,0.000000,,,,,,,,,,,,,,,,,,,,,,,,,,,,
1732157937.310104,1732157937.312455,71.000000,0.000000,4292.436035,4299.743652,4310.512695,4297.051270,4283.205078,4283.846191,4333.974121,4403.333496,4291.282227,4283.205078,4474.615234,4506.922852,4341.794922,4408.333496,0.000000,1.000000,22.000000,,,,0.000000,2.000000,2.000000,0.000000,4.000000,2.000000,2.000000,0.000000,0.000000,4.000000,4.000000,4.000000,4.000000,4.000000,4.000000,0.000000,,,,,,,,,,,,,,,,,,,,,,,,,,,,
1732157937.317913,1732157937.320164,72.000000,0.000000,4294.102539,4300.769043,4310.897461,4299.743652,4272.820313,4285.000000,4334.230957,4400.128418,4291.794922,4283.461426,4477.692383,4505.641113,4349.615234,4415.769043,1533.000000,1.000000,22.000000,,,,0.000000,2.000000,2.000000,0.000000,4.000000,2.000000,2.000000,0.000000,0.000000,4.000000,4.000000,4.000000,4.000000,4.000000,4.000000,0.000000,,,,,,,,,,,,,,,,,18.000000,0.000000,0.499203,0.456726,-0.564209,0.473145,0.968380,-0.084483,-0.056159,-36.127556,44.700397,31.785542
1732157937.325721,1732157937.327972,73.000000,0.000000,4290.897461,4301.153809,4312.307617,4297.179688,4275.512695,4282.307617,4334.487305,4396.410156,4298.717773,4287.307617,4476.025879,4500.512695,4351.666504,4411.538574,1691.000000,1.000000,22.000000,,,,0.000000,2.000000,2.000000,0.000000,4.000000,2.000000,2.000000,0.000000,0.000000,4.000000,4.000000,4.000000,4.000000,4.000000,4.000000,0.000000,,,,,,,,,,,,,,,,,,,,,,,,,,,,
1732157937.333529,1732157937.335580,74.000000,0.000000,4288.589844,4300.128418,4313.461426,4294.230957,4285.641113,4281.666504,4334.615234,4398.846191,4302.307617,4293.333496,4472.948730,4498.589844,4346.538574,4403.589844,1546.000000,1.000000,22.000000,,,,0.000000,2.000000,2.000000,0.000000,4.000000,2.000000,2.000000,0.000000,0.000000,4.000000,4.000000,4.000000,4.000000,4.000000,4.000000,0.000000,,,,,,,,,,,,,,,,,,,,,,,,,,,,
1732157937.341338,1732157937.343389,75.000000,0.000000,4292.051270,4299.358887,4312.179688,4294.871582,4298.974121,4281.410156,4333.717773,4402.307617,4295.641113,4288.589844,4474.230957,4498.717773,4344.358887,4399.102539,1566.000000,1.000000,22.000000,,,,0.000000,2.000000,2.000000,0.000000,4.000000,2.000000,2.000000,0.000000,0.000000,4.000000,4.000000,4.000000,4.000000,4.000000,4.000000,0.000000,,,,,,,,,,,,,,,,,,,,,,,,,,,,
1732157937.349146,1732157937.351097,76.000000,0.000000,4293.717773,4303.589844,4311.410156,4298.717773,4290.000000,4281.794922,4334.230957,4400.256348,4291.666504,4279.871582,4475.384766,4498.333496,4343.077148,4400.256348,1701.000000,1.000000,22.000000,,,,0.000000,2.000000,2.000000,0.000000,4.000000,2.000000,2.000000,0.000000,0.000000,4.000000,4.000000,4.000000,4.000000,4.000000,4.000000,0.000000,,,,,,,,,,,,,,,,,19.000000,0.000000,0.499172,0.456848,-0.564087,0.473206,0.983030,-0.080576,-0.055183,-36.311653,44.693989,31.707956
1732157937.356954,1732157937.358905,77.000000,0.000000,4292.948730,4307.436035,4312.051270,4300.512695,4271.666504,4282.948730,4336.922852,4398.077148,4295.769043,4280.769043,4473.846191,4502.948730,4341.538574,4401.282227,1609.000000,1.000000,22.000000,,,,0.000000,2.000000,2.000000,0.000000,4.000000,2.000000,2.000000,0.000000,0.000000,4.000000,4.000000,4.000000,4.000000,4.000000,4.000000,0.000000,,,,,,,,,,,,,,,,,,,,,,,,,,,,
1732157937.364762,1732157937.366913,78.000000,0.000000,4294.358887,4303.589844,4313.717773,4299.743652,4287.948730,4283.461426,4336.794922,4399.871582,4297.179688,4285.384766,4475.897461,4509.871582,4345.641113,4401.922852,1546.000000,1.000000,22.000000,,,,0.000000,2.000000,2.000000,0.000000,4.000000,2.000000,2.000000,0.000000,0.000000,4.000000,4.000000,4.000000,4.000000,4.000000,4.000000,0.000000,1.000000,0.000000,2.000000,2.000000,0.000000,1.000000,1.000000,1.000000,0.000000,0.000000,1.000000,3.000000,1.000000,4.000000,1.000000,4.000000,,,,,,,,,,,,
1732157937.372571,1732157937.374721,79.000000,0.000000,4294.871582,4301.794922,4314.102539,4298.461426,4298.846191,4281.794922,4335.897461,4402.436035,4295.000000,4287.307617,4477.948730,4508.205078,4350.897461,4405.128418,1566.000000,1.000000,22.000000,,,,0.000000,2.000000,2.000000,0.000000,4.000000,2.000000,2.000000,0.000000,0.000000,4.000000,4.000000,4.000000,4.000000,4.000000,4.000000,0.000000,,,,,,,,,,,,,,,,,,,,,,,,,,,,
1732157937.380379,1732157937.382430,80.000000,0.000000,4294.102539,4305.897461,4312.179688,4297.820313,4272.436035,4281.410156,4336.922852,4401.794922,4296.794922,4289.743652,4480.384766,4505.128418,4350.641113,4408.205078,1701.000000,1.000000,22.000000,,,,0.000000,2.000000,2.000000,0.000000,4.000000,2.000000,2.000000,0.000000,0.000000,4.000000,4.000000,4.000000,4.000000,4.000000,4.000000,0.000000,,,,,,,,,,,,,,,,,20.000000,0.000000,0.498910,0.457031,-0.563965,0.473450,0.982053,-0.097180,-0.054206,-36.172440,44.572128,31.611776
1732157937.388187,1732157937.390238,81.000000,0.000000,4295.897461,4307.692383,4311.666504,4296.794922,4267.051270,4281.153809,4336.922852,4399.102539,4299.743652,4291.538574,4484.102539,4503.974121,4348.846191,4410.512695,1609.000000,1.000000,22.000000,,,,0.000000,2.000000,2.000000,0.000000,4.000000,2.000000,2.000000,0.000000,0.000000,4.000000,4.000000,4.000000,4.000000,4.000000,4.000000,0.000000,,,,,,,,,,,,,,,,,,,,,,,,,,,,
1732157937.395995,1732157937.397846,82.000000,0.000000,4296.282227,4303.846191,4311.794922,4296.410156,4287.307617,4279.871582,4334.102539,4399.102539,4297.051270,4288.717773,4481.794922,4498.846191,4350.256348,4411.153809,1546.000000,1.000000,22.000000,,,,0.000000,2.000000,2.000000,0.000000,4.000000,2.000000,2.000000,0.000000,0.000000,4.000000,4.000000,4.000000,4.000000,4.000000,4.000000,0.000000,,,,,,,,,,,,,,,,,,,,,,,,,,,,
1732157937.403803,1732157937.405654,83.000000,0.000000,4290.000000,4300.769043,4313.461426,4297.307617,4285.384766,4280.897461,4332.948730,4401.666504,4294.743652,4283.589844,4476.282227,4500.128418,4348.974121,4406.410156,1566.000000,1.000000,22.000000,,,,0.000000,2.000000,2.000000,0.000000,4.000000,2.000000,2.000000,0.000000,0.000000,4.000000,4.000000,4.000000,4.000000,4.000000,4.000000,0.000000,,,,,,,,,,,,,,,,,,,,,,,,,,,,
1732157937.411612,1732157937.413363,84.000000,0.000000,4288.846191,4305.000000,4315.641113,4297.436035,4282.820313,4282.948730,4335.769043,4401.410156,4298.077148,4284.358887,4478.077148,4500.769043,4348.974121,4403.974121,1701.000000,1.000000,22.000000,,,,0.000000,2.000000,2.000000,0.000000,4.000000,2.000000,2.000000,0.000000,0.000000,4.000000,4.000000,4.000000,4.000000,4.000000,4.000000,0.000000,,,,,,,,,,,,,,,,,21.000000,0.000000,0.498910,0.457031,-0.563965,0.473450,0.990355,-0.081065,-0.047857,-36.044674,44.413425,31.413874
1732157937.419420,1732157937.421171,85.000000,0.000000,4293.077148,4307.563965,4313.717773,4296.538574,4304.871582,4282.051270,4335.512695,4398.974121,4294.743652,4282.948730,4477.436035,4496.025879,4350.384766,4405.384766,1609.000000,1.000000,22.000000,,,,0.000000,2.000000,2.000000,0.000000,4.000000,2.000000,2.000000,0.000000,0.000000,4.000000,4.000000,4.000000,4.000000,4.000000,4.000000,0.000000,,,,,,,,,,,,,,,,,,,,,,,,,,,,
1732157937.427228,1732157937.428779,86.000000,0.000000,4291.538574,4303.589844,4310.512695,4295.256348,4305.384766,4282.307617,4333.205078,4399.358887,4289.487305,4279.230957,4472.692383,4500.256348,4348.205078,4402.436035,1546.000000,1.000000,22.000000,,,,0.000000,2.000000,2.000000,0.000000,4.000000,2.000000,2.000000,0.000000,0.000000,4.000000,4.000000,4.000000,4.000000,4.000000,4.000000,0.000000,,,,,,,,,,,,,,,,,,,,,,,,,,,,
1732157937.435037,1732157937.436588,87.000000,0.000000,4290.128418,4303.717773,4311.794922,4296.538574,4276.282227,4288.077148,4334.358887,4402.179688,4299.230957,4287.948730,4483.589844,4509.358887,4349.871582,4404.358887,1566.000000,1.000000,22.000000,,,,0.000000,2.000000,2.000000,0.000000,4.000000,2.000000,2.000000,0.000000,0.000000,4.000000,4.000000,4.000000,4.000000,4.000000,4.000000,0.000000,,,,,,,,,,,,,,,,,,,,,,,,,,,,
1732157937.442845,1732157937.444296,88.000000,0.000000,4294.743652,4305.384766,4313.333496,4297.051270,4279.487305,4289.615234,4336.025879,4401.153809,4306.282227,4292.179688,4490.000000,4509.102539,4352.307617,4411.794922,1701.000000,1.000000,22.000000,,,,0.000000,2.000000,2.000000,0.000000,4.000000,2.000000,2.000000,0.000000,0.000000,4.000000,4.000000,4.000000,4.000000,4.000000,4.000000,0.000000,,,,,,,,,,,,,,,,,22.000000,0.000000,0.498897,0.456970,-0.564026,0.473450,0.988402,-0.073251,-0.054694,-36.061188,44.566540,31.481903
1732157937.450653,1732157937.452104,89.000000,0.000000,4295.641113,4300.384766,4312.563965,4294.358887,4297.692383,4282.051270,4335.897461,4399.358887,4295.512695,4280.769043,4478.461426,4504.871582,4349.615234,4412.436035,1609.000000,1.000000,22.000000,,,,0.000000,2.000000,2.000000,0.000000,4.000000,2.000000,2.000000,0.000000,0.000000,4.000000,4.000000,4.000000,4.000000,4.000000,4.000000,0.000000,,,,,,,,,,,,,,,,,,,,,,,,,,,,
1732157937.458461,1732157937.460112,90.000000,0.000000,4293.461426,4296.666504,4311.922852,4292.948730,4273.589844,4281.282227,4335.641113,4401.666504,4295.000000,4284.230957,4479.615234,4505.641113,4350.897461,4409.871582,1546.000000,1.000000,22.000000,,,,0.000000,2.000000,2.000000,0.000000,4.000000,2.000000,2.000000,0.000000,0.000000,4.000000,4.000000,4.000000,4.000000,4.000000,4.000000,0.000000,,,,,,,,,,,,,,,,,,,,,,,,,,,,
1732157937.466270,1732157937.467920,91.000000,0.000000,4293.589844,4298.205078,4311.410156,4293.077148,4256.666504,4286.025879,4335.000000,4402.436035,4307.179688,4296.538574,4488.205078,4505.128418,4351.282227,4406.922852,1566.000000,1.000000,22.000000,,,,0.000000,2.000000,2.000000,0.000000,4.000000,2.000000,2.000000,0.000000,0.000000,4.000000,4.000000,4.000000,4.000000,4.000000,4.000000,0.000000,,,,,,,,,,,,,,,,,,,,,,,,,,,,
1732157937.474078,1732157937.475828,92.000000,0.000000,4293.077148,4299.615234,4312.307617,4296.666504,4277.563965,4286.410156,4334.615234,4399.743652,4303.846191,4288.461426,4485.512695,4504.358887,4346.282227,4405.897461,1701.000000,1.000000,22.000000,,,,0.000000,2.000000,2.000000,0.000000,4.000000,2.000000,2.000000,0.000000,0.000000,4.000000,4.000000,4.000000,4.000000,4.000000,4.000000,0.000000,,,,,,,,,,,,,,,,,23.000000,0.000000,0.498936,0.457153,-0.563843,0.473450,0.982053,-0.080576,-0.047369,-36.131229,44.587231,31.347008
1732157937.481886,1732157937.483637,93.000000,0.000000,4294.743652,4304.358887,4311.922852,4301.410156,4282.948730,4285.769043,4335.256348,4399.487305,4295.000000,4284.743652,4485.128418,4505.384766,4346.922852,4411.794922,1609.000000,1.000000,22.000000,,,,0.000000,2.000000,2.000000,0.000000,4.000000,2.000000,2.000000,0.000000,0.000000,4.000000,4.000000,4.000000,4.000000,4.000000,4.000000,0.000000,,,,,,,,,,,,,,,,,,,,,,,,,,,,
1732157937.489694,1732157937.491645,94.000000,0.000000,4294.358887,4302.051270,4310.769043,4299.743652,4286.282227,4285.256348,4334.230957,4401.794922,4296.922852,4288.846191,4487.563965,4505.512695,4349.487305,4410.256348,1546.000000,1.000000,22.000000,,,,0.000000,2.000000,2.000000,0.000000,4.000000,2.000000,2.000000,0.000000,0.000000,4.000000,4.000000,4.000000,4.000000,4.000000,4.000000,0.000000,,,,,,,,,,,,,,,,,,,,,,,,,,,,
1732157937.497502,1732157937.499453,95.000000,0.000000,4291.025879,4295.512695,4312.436035,4292.179688,4304.230957,4282.436035,4332.563965,4400.897461,4297.051270,4283.717773,4483.846191,4504.358887,4348.589844,4400.897461,1566.000000,1.000000,22.000000,,,,0.000000,2.000000,2.000000,0.000000,4.000000,2.000000,2.000000,0.000000,0.000000,4.000000,4.000000,4.000000,4.000000,4.000000,4.000000,0.000000,,,,,,,,,,,,,,,,,,,,,,,,,,,,
1732157937.505311,1732157937.507361,96.000000,0.000000,4292.436035,4299.743652,4312.948730,4294.487305,4289.487305,4281.538574,4333.461426,4398.846191,4296.922852,4284.871582,4486.153809,4510.641113,4350.000000,4404.871582,1701.000000,1.000000,22.000000,,,,0.000000,2.000000,2.000000,0.000000,4.000000,2.000000,2.000000,0.000000,0.000000,4.000000,4.000000,4.000000,4.000000,4.000000,4.000000,0.000000,,,,,,,,,,,,,,,,,24.000000,0.000000,0.499084,0.457031,-0.563965,0.473267,0.983518,-0.074228,-0.051764,-36.182961,44.467323,31.396076
1732157937.513119,1732157937.515169,97.000000,0.000000,4296.410156,4302.948730,4311.025879,4303.077148,4266.538574,4282.820313,4335.897461,4399.615234,4299.871582,4290.000000,4490.384766,4518.333496,4350.384766,4414.487305,1609.000000,1.000000,22.000000,,,,0.000000,2.000000,2.000000,0.000000,4.000000,2.000000,2.000000,0.000000,0.000000,4.000000,4.000000,4.000000,4.000000,4.000000,4.000000,0.000000,,,,,,,,,,,,,,,,,,,,,,,,,,,,
1732157937.520927,1732157937.523177,98.000000,0.000000,4296.538574,4299.871582,4311.153809,4303.589844,4275.000000,4281.666504,4336.153809,4400.512695,4298.333496,4282.948730,4486.922852,4516.153809,4349.358887,4413.717773,1546.000000,1.000000,22.000000,,,,0.000000,2.000000,2.000000,0.000000,4.000000,2.000000,2.000000,0.000000,0.000000,4.000000,4.000000,4.000000,4.000000,4.000000,4.000000,0.000000,,,,,,,,,,,,,,,,,,,,,,,,,,,,
1732157937.528736,1732157937.530985,99.000000,0.000000,4295.000000,4301.538574,4311.922852,4300.000000,4283.205078,4282.820313,4334.230957,4399.230957,4296.282227,4279.487305,4488.717773,4510.769043,4351.922852,4412.179688,1566.000000,1.000000,22.000000,,,,0.000000,2.000000,2.000000,0.000000,4.000000,2.000000,2.000000,0.000000,0.000000,4.000000,4.000000,4.000000,4.000000,4.000000,4.000000,0.000000,,,,,,,,,,,,,,,,,,,,,,,,,,,,
1732157937.536544,1732157937.538894,100.000000,0.000000,4296.153809,4302.820313,4311.666504,4299.871582,4290.769043,4283.077148,4334.615234,4398.846191,4297.436035,4283.589844,4487.692383,4510.256348,4350.256348,4413.589844,1701.000000,1.000000,22.000000,,,,0.000000,2.000000,2.000000,0.000000,4.000000,2.000000,2.000000,0.000000,0.000000,4.000000,4.000000,4.000000,4.000000,4.000000,4.000000,0.000000,,,,,,,,,,,,,,,,,25.000000,0.000000,0.499084,0.457031,-0.563965,0.473267,0.976193,-0.082530,-0.060554,-36.299866,44.370201,31.555822
1732157937.544352,1732157937.546702,101.000000,0.000000,4295.897461,4300.256348,4311.794922,4301.666504,4297.051270,4280.000000,4336.025879,4400.256348,4295.641113,4279.102539,4479.743652,4509.230957,4345.769043,4408.205078,1609.000000,1.000000,22.000000,,,,0.000000,2.000000,2.000000,0.000000,4.000000,2.000000,2.000000,0.000000,0.000000,4.000000,4.000000,4.000000,4.000000,4.000000,4.000000,0.000000,,,,,,,,,,,,,,,,,,,,,,,,,,,,
1732157937.552160,1732157937.554710,102.000000,0.000000,4294.615234,4300.512695,4311.282227,4300.512695,4278.461426,4282.563965,4335.256348,4400.000000,4295.128418,4277.051270,4479.230957,4506.153809,4349.743652,4403.974121,1546.000000,1.000000,22.000000,,,,0.000000,2.000000,2.000000,0.000000,4.000000,2.000000,2.000000,0.000000,0.000000,4.000000,4.000000,4.000000,4.000000,4.000000,4.000000,0.000000,,,,,,,,,,,,,,,,,,,,,,,,,,,,
1732157937.559969,1732157937.562518,103.000000,0.000000,4293.461426,4300.384766,4309.230957,4297.948730,4264.358887,4286.410156,4335.000000,4399.358887,4297.692383,4281.666504,4480.769043,4505.256348,4351.794922,4407.436035,1566.000000,1.000000,22.000000,,,,0.000000,2.000000,2.000000,0.000000,4.000000,2.000000,2.000000,0.000000,0.000000,4.000000,4.000000,4.000000,4.000000,4.000000,4.000000,0.000000,,,,,,,,,,,,,,,,,,,,,,,,,,,,
1732157937.567777,1732157937.570426,104.000000,0.000000,4291.282227,4295.384766,4311.282227,4295.128418,4272.563965,4282.948730,4336.282227,4399.871582,4297.179688,4282.692383,4477.692383,4505.512695,4344.615234,4406.666504,1701.000000,1.000000,22.000000,,,,0.000000,2.000000,2.000000,0.000000,4.000000,2.000000,2.000000,0.000000,0.000000,4.000000,4.000000,4.000000,4.000000,4.000000,4.000000,0.000000,,,,,,,,,,,,,,,,,26.000000,0.000000,0.498867,0.457153,-0.563904,0.473450,0.978635,-0.080088,-0.054694,-36.057892,44.541527,31.418549
1732157937.575585,1732157937.578234,105.000000,0.000000,4290.641113,4297.051270,4312.820313,4294.102539,4286.025879,4278.077148,4335.384766,4399.358887,4295.256348,4281.794922,4476.666504,4507.563965,4342.051270,4400.384766,1609.000000,1.000000,22.000000,,,,0.000000,2.000000,2.000000,0.000000,4.000000,2.000000,2.000000,0.000000,0.000000,4.000000,4.000000,4.000000,4.000000,4.000000,4.000000,0.000000,,,,,,,,,,,,,,,,,,,,,,,,,,,,
1732157937.583393,1732157937.586242,106.000000,0.000000,4292.692383,4300.769043,4311.794922,4296.282227,4295.512695,4280.641113,4333.974121,4399.871582,4296.794922,4279.743652,4476.922852,4507.179688,4344.615234,4400.000000,1546.000000,1.000000,22.000000,,,,0.000000,2.000000,2.000000,0.000000,4.000000,2.000000,2.000000,0.000000,0.000000,4.000000,4.000000,4.000000,4.000000,4.000000,4.000000,0.000000,,,,,,,,,,,,,,,,,,,,,,,,,,,,
1732157937.591201,1732157937.594050,107.000000,0.000000,4293.974121,4297.948730,4311.666504,4296.410156,4281.794922,4285.256348,4335.000000,4401.025879,4297.436035,4278.717773,4475.641113,4504.743652,4342.307617,4406.538574,1566.000000,1.000000,22.000000,,,,0.000000,2.000000,2.000000,0.000000,4.000000,2.000000,2.000000,0.000000,0.000000,4.000000,4.000000,4.000000,4.000000,4.000000,4.000000,0.000000,,,,,,,,,,,,,,,,,,,,,,,,,,,,
1732157937.599010,1732157937.601959,108.000000,0.000000,4293.974121,4296.025879,4312.179688,4295.641113,4259.743652,4285.641113,4335.769043,4399.743652,4295.641113,4281.153809,4480.897461,4510.128418,4343.077148,4410.384766,1701.000000,1.000000,22.000000,,,,0.000000,2.000000,2.000000,0.000000,4.000000,2.000000,2.000000,0.000000,0.000000,4.000000,4.000000,4.000000,4.000000,4.000000,4.000000,0.000000,,,,,,,,,,,,,,,,,27.000000,0.000000,0.498910,0.457031,-0.563965,0.473450,0.981077,-0.078135,-0.046392,-35.950226,44.688637,31.440691
1732157937.606818,1732157937.609767,109.000000,0.000000,4296.794922,4298.205078,4312.051270,4299.487305,4268.589844,4283.461426,4335.384766,4398.846191,4295.000000,4282.051270,4488.717773,4521.922852,4349.743652,4411.922852,1609.000000,1.000000,22.000000,,,,0.000000,2.000000,2.000000,0.000000,4.000000,2.000000,2.000000,0.000000,0.000000,4.000000,4.000000,4.000000,4.000000,4.000000,4.000000,0.000000,,,,,,,,,,,,,,,,,,,,,,,,,,,,
1732157937.614626,1732157937.617775,110.000000,0.000000,4297.820313,4298.974121,4313.846191,4302.692383,4287.692383,4280.256348,4335.641113,4400.512695,4296.410156,4280.512695,4486.922852,4525.128418,4349.743652,4413.717773,1546.000000,1.000000,22.000000,,,,0.000000,2.000000,2.000000,0.000000,4.000000,2.000000,2.000000,0.000000,0.000000,4.000000,4.000000,4.000000,4.000000,4.000000,4.000000,0.000000,,,,,,,,,,,,,,,,,,,,,,,,,,,,
1732157937.622435,1732157937.625583,111.000000,0.000000,4297.692383,4298.717773,4317.563965,4302.563965,4282.307617,4283.589844,4336.025879,4402.307617,4296.410156,4282.692383,4484.743652,4518.846191,4343.077148,4414.743652,1566.000000,1.000000,22.000000,,,,0.000000,2.000000,2.000000,0.000000,4.000000,2.000000,2.000000,0.000000,0.000000,4.000000,4.000000,4.000000,4.000000,4.000000,4.000000,0.000000,,,,,,,,,,,,,,,,,,,,,,,,,,,,
1732157937.630243,1732157937.633491,112.000000,0.000000,4303.589844,4301.025879,4314.871582,4303.333496,4276.282227,4291.282227,4335.769043,4401.538574,4296.794922,4282.051270,4488.589844,4520.897461,4342.563965,4414.102539,1701.000000,1.000000,22.000000,,,,0.000000,2.000000,2.000000,0.000000,4.000000,2.000000,2.000000,0.000000,0.000000,4.000000,4.000000,4.000000,4.000000,4.000000,4.000000,0.000000,,,,,,,,,,,,,,,,,28.000000,0.000000,0.498966,0.456970,-0.563965,0.473450,0.978635,-0.083995,-0.050299,-36.213017,44.684464,31.420294
1732157937.638051,1732157937.641299,113.000000,0.000000,4305.000000,4298.717773,4311.666504,4303.077148,4292.307617,4287.820313,4335.897461,4400.897461,4304.102539,4280.897461,4485.641113,4523.205078,4344.230957,4412.563965,1609.000000,1.000000,22.000000,,,,0.000000,2.000000,2.000000,0.000000,4.000000,2.000000,2.000000,0.000000,0.000000,4.000000,4.000000,4.000000,4.000000,4.000000,4.000000,0.000000,,,,,,,,,,,,,,,,,,,,,,,,,,,,
1732157937.645859,1732157937.648908,114.000000,0.000000,4298.846191,4295.641113,4313.205078,4299.871582,4303.974121,4279.487305,4335.897461,4401.153809,4306.922852,4284.871582,4478.846191,4512.051270,4342.948730,4410.384766,1546.000000,1.000000,22.000000,,,,0.000000,2.000000,2.000000,0.000000,4.000000,2.000000,2.000000,0.000000,0.000000,4.000000,4.000000,4.000000,4.000000,4.000000,4.000000,0.000000,,,,,,,,,,,,,,,,,,,,,,,,,,,,
1732157937.653668,1732157937.656716,115.000000,0.000000,4297.307617,4297.307617,4314.358887,4300.897461,4282.948730,4284.487305,4335.897461,4400.256348,4299.230957,4286.538574,4483.461426,4506.666504,4342.948730,4410.000000,1566.000000,1.000000,22.000000,,,,0.000000,2.000000,2.000000,0.000000,4.000000,2.000000,2.000000,0.000000,0.000000,4.000000,4.000000,4.000000,4.000000,4.000000,4.000000,0.000000,,,,,,,,,,,,,,,,,,,,,,,,,,,,
1732157937.661476,1732157937.664424,116.000000,0.000000,4298.846191,4295.512695,4310.769043,4302.563965,4263.846191,4292.307617,4335.897461,4399.102539,4296.153809,4287.563965,4489.743652,4516.153809,4343.205078,4413.461426,1701.000000,1.000000,22.000000,,,,0.000000,2.000000,2.000000,0.000000,4.000000,2.000000,2.000000,0.000000,0.000000,4.000000,4.000000,4.000000,4.000000,4.000000,4.000000,0.000000,,,,,,,,,,,,,,,,,29.000000,0.000000,0.498908,0.456970,-0.563965,0.473511,0.987425,-0.083506,-0.048834,-36.235874,44.719414,31.523771
1732157937.669284,1732157937.672232,117.000000,0.000000,4296.153809,4294.102539,4310.256348,4300.641113,4272.820313,4287.179688,4335.897461,4400.641113,4303.589844,4294.615234,4488.205078,4522.948730,4342.307617,4413.974121,1609.000000,1.000000,22.000000,,,,0.000000,2.000000,2.000000,0.000000,4.000000,2.000000,2.000000,0.000000,0.000000,4.000000,4.000000,4.000000,4.000000,4.000000,4.000000,0.000000,,,,,,,,,,,,,,,,,,,,,,,,,,,,
1732157937.677092,1732157937.679841,118.000000,0.000000,4294.615234,4301.282227,4315.128418,4301.410156,4282.948730,4282.948730,4335.897461,4401.794922,4307.051270,4293.589844,4487.948730,4515.641113,4343.205078,4410.256348,1546.000000,1.000000,22.000000,,,,0.000000,2.000000,2.000000,0.000000,4.000000,2.000000,2.000000,0.000000,0.000000,4.000000,4.000000,4.000000,4.000000,4.000000,4.000000,0.000000,,,,,,,,,,,,,,,,,,,,,,,,,,,,
1732157937.684900,1732157937.687649,119.000000,0.000000,4296.538574,4303.461426,4316.025879,4302.179688,4290.641113,4284.102539,4335.897461,4401.282227,4299.487305,4281.538574,4486.410156,4510.256348,4341.922852,4409.871582,1566.000000,1.000000,22.000000,,,,0.000000,2.000000,2.000000,0.000000,4.000000,2.000000,2.000000,0.000000,0.000000,4.000000,4.000000,4.000000,4.000000,4.000000,4.000000,0.000000,,,,,,,,,,,,,,,,,,,,,,,,,,,,
1732157937.692709,1732157937.695357,120.000000,0.000000,4297.179688,4296.410156,4310.769043,4301.666504,4292.563965,4282.563965,4335.897461,4401.538574,4299.102539,4286.666504,4483.589844,4516.666504,4341.794922,4413.974121,1701.000000,1.000000,22.000000,,,,0.000000,2.000000,2.000000,0.000000,4.000000,2.000000,2.000000,0.000000,0.000000,4.000000,4.000000,4.000000,4.000000,4.000000,4.000000,0.000000,,,,,,,,,,,,,,,,,30.000000,0.000000,0.499011,0.456909,-0.564026,0.473389,0.970333,-0.078135,-0.054206,-36.476059,44.836060,31.455921
1732157937.700517,1732157937.703166,121.000000,0.000000,4296.794922,4294.743652,4309.487305,4300.897461,4274.102539,4281.922852,4335.897461,4401.282227,4304.871582,4297.436035,4487.692383,4522.179688,4348.205078,4413.974121,1609.000000,1.000000,22.000000,,,,0.000000,2.000000,2.000000,0.000000,4.000000,2.000000,2.000000,0.000000,0.000000,4.000000,4.000000,4.000000,4.000000,4.000000,4.000000,0.000000,,,,,,,,,,,,,,,,,,,,,,,,,,,,
1732157937.708325,1732157937.710774,122.000000,0.000000,4296.794922,4297.179688,4314.615234,4298.205078,4269.102539,4282.179688,4335.769043,4399.487305,4300.897461,4288.846191,4490.128418,4520.256348,4352.051270,4410.384766,1546.000000,1.000000,22.000000,,,,0.000000,2.000000,2.000000,0.000000,4.000000,2.000000,2.000000,0.000000,0.000000,4.000000,4.000000,4.000000,4.000000,4.000000,4.000000,0.000000,,,,,,,,,,,,,,,,,,,,,,,,,,,,
1732157937.716133,1732157937.718582,123.000000,0.000000,4297.692383,4296.410156,4315.769043,4299.230957,4279.743652,4281.538574,4335.769043,4399.230957,4295.897461,4282.436035,4486.666504,4519.487305,4350.512695,4413.461426,1566.000000,1.000000,22.000000,,,,0.000000,2.000000,2.000000,0.000000,4.000000,2.000000,2.000000,0.000000,0.000000,4.000000,4.000000,4.000000,4.000000,4.000000,4.000000,0.000000,,,,,,,,,,,,,,,,,,,,,,,,,,,,
1732157937.723942,1732157937.726291,124.000000,0.000000,4297.820313,4294.743652,4312.563965,4300.000000,4276.922852,4282.051270,4335.897461,4401.153809,4297.436035,4287.436035,4486.666504,4523.974121,4350.512695,4415.000000,1701.000000,1.000000,22.000000,,,,0.000000,2.000000,2.000000,0.000000,4.000000,2.000000,2.000000,0.000000,0.000000,4.000000,4.000000,4.000000,4.000000,4.000000,4.000000,0.000000,,,,,,,,,,,,,,,,,31.000000,0.000000,0.499172,0.456848,-0.564087,0.473206,0.983030,-0.086925,-0.054206,-36.437275,44.780540,31.384296
1732157937.731750,1732157937.734099,125.000000,0.000000,4294.358887,4294.871582,4311.922852,4295.384766,4290.128418,4283.205078,4335.897461,4401.410156,4296.153809,4284.358887,4488.205078,4521.410156,4349.743652,4405.128418,1609.000000,1.000000,22.000000,,,,0.000000,2.000000,2.000000,0.000000,4.000000,2.000000,2.000000,0.000000,0.000000,4.000000,4.000000,4.000000,4.000000,4.000000,4.000000,0.000000,,,,,,,,,,,,,,,,,,,,,,,,,,,,
1732157937.739558,1732157937.741707,126.000000,0.000000,4295.512695,4298.461426,4311.922852,4298.077148,4303.333496,4284.230957,4335.641113,4400.641113,4293.846191,4277.307617,4487.563965,4518.974121,4348.589844,4402.307617,1546.000000,1.000000,22.000000,,,,0.000000,2.000000,2.000000,0.000000,4.000000,2.000000,2.000000,0.000000,0.000000,4.000000,4.000000,4.000000,4.000000,4.000000,4.000000,0.000000,,,,,,,,,,,,,,,,,,,,,,,,,,,,
1732157937.747367,1732157937.749515,127.000000,0.000000,4302.820313,4301.666504,4311.410156,4309.615234,4280.512695,4284.871582,4336.153809,4400.769043,4299.230957,4284.487305,4488.846191,4523.461426,4351.025879,4412.692383,22.000000,1.000000,22.000000,,,,0.000000,2.000000,2.000000,0.000000,4.000000,2.000000,2.000000,0.000000,0.000000,4.000000,4.000000,4.000000,4.000000,4.000000,4.000000,0.000000,,,,,,,,,,,,,,,,,,,,,,,,,,,,
1732157937.755175,1732157937.757224,0.000000,0.000000,4303.333496,4299.615234,4314.871582,4310.256348,4268.717773,4282.436035,4336.410156,4400.769043,4304.615234,4293.717773,4489.102539,4527.179688,4352.948730,4415.384766,0.000000,1.000000,22.000000,,,,0.000000,2.000000,2.000000,0.000000,4.000000,2.000000,2.000000,0.000000,0.000000,4.000000,4.000000,4.000000,4.000000,4.000000,4.000000,0.000000,,,,,,,,,,,,,,,,,0.000000,0.000000,0.499158,0.456787,-0.564148,0.473206,0.983030,-0.086925,-0.054206,-36.442528,44.670570,31.651279
1732157937.762983,1732157937.765032,1.000000,0.000000,4296.922852,4296.410156,4315.512695,4303.974121,4279.743652,4281.410156,4336.282227,4400.641113,4308.077148,4292.051270,4488.077148,4525.000000,4348.974121,4410.512695,1598.000000,1.000000,22.000000,,,,0.000000,2.000000,2.000000,0.000000,4.000000,2.000000,2.000000,0.000000,0.000000,4.000000,4.000000,4.000000,4.000000,4.000000,4.000000,0.000000,,,,,,,,,,,,,,,,,,,,,,,,,,,,
1732157937.770791,1732157937.773040,2.000000,0.000000,4294.615234,4296.922852,4312.948730,4303.205078,4281.282227,4284.358887,4334.743652,4400.000000,4305.512695,4284.487305,4487.948730,4521.410156,4345.641113,4412.179688,1366.000000,1.000000,22.000000,,,,0.000000,2.000000,2.000000,0.000000,4.000000,2.000000,2.000000,0.000000,0.000000,4.000000,4.000000,4.000000,4.000000,4.000000,4.000000,0.000000,,,,,,,,,,,,,,,,,,,,,,,,,,,,
1732157937.778599,1732157937.780848,3.000000,0.000000,4297.563965,4297.051270,4314.102539,4301.025879,4288.077148,4281.410156,4333.846191,4400.256348,4297.563965,4280.384766,4487.692383,4520.641113,4345.128418,4415.384766,1421.000000,1.000000,22.000000,,,,0.000000,2.000000,2.000000,0.000000,4.000000,2.000000,2.000000,0.000000,0.000000,4.000000,4.000000,4.000000,4.000000,4.000000,4.000000,0.000000,,,,,,,,,,,,,,,,,,,,,,,,,,,,
1732157937.786408,1732157937.788756,4.000000,0.000000,4298.077148,4297.820313,4315.512695,4299.487305,4295.897461,4279.743652,4337.948730,4400.769043,4295.641113,4283.205078,4489.615234,4520.769043,4345.256348,4415.128418,1421.000000,1.000000,22.000000,,,,0.000000,2.000000,2.000000,0.000000,4.000000,2.000000,2.000000,0.000000,0.000000,4.000000,4.000000,4.000000,4.000000,4.000000,4.000000,0.000000,,,,,,,,,,,,,,,,,1.000000,0.000000,0.499158,0.456787,-0.564148,0.473206,0.970333,-0.077158,-0.044439,-36.401779,44.518162,31.579203
1732157937.794216,1732157937.796564,5.000000,0.000000,4295.769043,4298.077148,4311.410156,4303.077148,4276.410156,4284.743652,4340.000000,4399.743652,4297.179688,4284.358887,4488.717773,4523.589844,4343.717773,4415.128418,1210.000000,1.000000,22.000000,,,,0.000000,2.000000,2.000000,0.000000,4.000000,2.000000,2.000000,0.000000,0.000000,4.000000,4.000000,4.000000,4.000000,4.000000,4.000000,0.000000,,,,,,,,,,,,,,,,,,,,,,,,,,,,
1732157937.802024,1732157937.804572,6.000000,0.000000,4294.615234,4295.128418,4310.769043,4303.205078,4264.743652,4286.666504,4335.769043,4399.487305,4296.282227,4282.051270,4478.589844,4522.436035,4337.692383,4414.230957,0.000000,1.000000,22.000000,,,,0.000000,2.000000,2.000000,0.000000,4.000000,2.000000,2.000000,0.000000,0.000000,4.000000,4.000000,4.000000,4.000000,4.000000,4.000000,0.000000,,,,,,,,,,,,,,,,,,,,,,,,,,,,
1732157937.809832,1732157937.812381,7.000000,0.000000,4294.743652,4294.230957,4312.179688,4300.384766,4281.666504,4290.641113,4333.846191,4399.871582,4296.538574,4278.846191,4470.128418,4512.820313,4333.205078,4412.179688,0.000000,1.000000,22.000000,,,,0.000000,2.000000,2.000000,0.000000,4.000000,2.000000,2.000000,0.000000,0.000000,4.000000,4.000000,4.000000,4.000000,4.000000,4.000000,0.000000,,,,,,,,,,,,,,,,,,,,,,,,,,,,
1732157937.817641,1732157937.820289,8.000000,0.000000,4296.282227,4296.410156,4311.025879,4302.820313,4283.461426,4294.743652,4336.666504,4398.974121,4298.589844,4279.358887,4477.563965,4516.410156,4336.794922,4412.051270,1533.000000,1.000000,22.000000,,,,0.000000,2.000000,2.000000,0.000000,4.000000,2.000000,2.000000,0.000000,0.000000,4.000000,4.000000,4.000000,4.000000,4.000000,4.000000,0.000000,,,,,,,,,,,,,,,,,2.000000,0.000000,0.499000,0.456909,-0.564087,0.473328,0.974728,-0.088390,-0.046881,-36.385441,44.444714,31.487488
1732157937.825449,1732157937.828097,9.000000,0.000000,4299.487305,4296.794922,4312.948730,4307.436035,4274.487305,4288.077148,4336.282227,4400.000000,4297.307617,4281.794922,4489.358887,4528.846191,4345.641113,4415.641113,1691.000000,1.000000,22.000000,,,,0.000000,2.000000,2.000000,0.000000,4.000000,2.000000,2.000000,0.000000,0.000000,4.000000,4.000000,4.000000,4.000000,4.000000,4.000000,0.000000,,,,,,,,,,,,,,,,,,,,,,,,,,,,
1732157937.833257,1732157937.835705,10.000000,0.000000,4302.692383,4295.384766,4314.487305,4305.000000,4290.641113,4278.205078,4334.615234,4402.948730,4295.897461,4281.538574,4490.769043,4530.256348,4350.256348,4421.794922,1546.000000,1.000000,22.000000,,,,0.000000,2.000000,2.000000,0.000000,4.000000,2.000000,2.000000,0.000000,0.000000,4.000000,4.000000,4.000000,4.000000,4.000000,4.000000,0.000000,,,,,,,,,,,,,,,,,,,,,,,,,,,,
1732157937.841066,1732157937.843514,11.000000,0.000000,4304.487305,4297.692383,4312.307617,4302.179688,4298.205078,4280.641113,4335.769043,4402.563965,4295.897461,4279.487305,4487.179688,4526.410156,4348.974121,4423.205078,1566.000000,1.000000,22.000000,,,,0.000000,2.000000,2.000000,0.000000,4.000000,2.000000,2.000000,0.000000,0.000000,4.000000,4.000000,4.000000,4.000000,4.000000,4.000000,0.000000,,,,,,,,,,,,,,,,,,,,,,,,,,,,
1732157937.848874,1732157937.851422,12.000000,0.000000,4303.205078,4300.769043,4314.102539,4306.153809,4274.487305,4285.769043,4335.641113,4400.512695,4296.153809,4280.512695,4488.846191,4528.589844,4348.461426,4417.307617,1701.000000,1.000000,22.000000,,,,0.000000,2.000000,2.000000,0.000000,4.000000,2.000000,2.000000,0.000000,0.000000,4.000000,4.000000,4.000000,4.000000,4.000000,4.000000,0.000000,,,,,,,,,,,,,,,,,3.000000,0.000000,0.499043,0.456787,-0.564148,0.473328,0.972287,-0.068368,-0.050787,-36.597206,44.518551,31.743198
1732157937.856682,1732157937.859230,13.000000,0.000000,4299.615234,4298.717773,4317.692383,4308.717773,4260.897461,4283.589844,4335.769043,4401.025879,4296.538574,4282.692383,4491.410156,4527.051270,4349.615234,4413.077148,1601.000000,1.000000,22.000000,,,,0.000000,2.000000,2.000000,0.000000,4.000000,2.000000,2.000000,0.000000,0.000000,4.000000,4.000000,4.000000,4.000000,4.000000,4.000000,0.000000,,,,,,,,,,,,,,,,,,,,,,,,,,,,
1732157937.864490,1732157937.867238,14.000000,0.000000,4296.922852,4296.922852,4314.487305,4307.179688,4281.666504,4280.384766,4336.282227,4401.153809,4296.282227,4281.025879,4483.974121,4522.948730,4346.922852,4412.179688,1546.000000,1.000000,22.000000,,,,0.000000,2.000000,2.000000,0.000000,4.000000,2.000000,2.000000,0.000000,0.000000,4.000000,4.000000,4.000000,4.000000,4.000000,4.000000,0.000000,1.000000,0.000000,2.000000,2.000000,0.000000,1.000000,1.000000,1.000000,0.000000,0.000000,1.000000,3.000000,4.000000,4.000000,1.000000,4.000000,,,,,,,,,,,,
1732157937.872298,1732157937.875046,15.000000,0.000000,4295.769043,4298.077148,4310.512695,4305.000000,4300.769043,4280.000000,4335.512695,4401.153809,4297.179688,4277.563965,4477.179688,4521.282227,4343.461426,4410.641113,1566.000000,1.000000,22.000000,,,,0.000000,2.000000,2.000000,0.000000,4.000000,2.000000,2.000000,0.000000,0.000000,4.000000,4.000000,4.000000,4.000000,4.000000,4.000000,0.000000,,,,,,,,,,,,,,,,,,,,,,,,,,,,
1732157937.880107,1732157937.882954,16.000000,0.000000,4294.487305,4297.948730,4313.589844,4304.230957,4284.487305,4283.974121,4334.743652,4401.538574,4297.307617,4277.563965,4477.179688,4514.871582,4342.051270,4410.769043,0.000000,1.000000,22.000000,,,,0.000000,2.000000,2.000000,0.000000,4.000000,2.000000,2.000000,0.000000,0.000000,4.000000,4.000000,4.000000,4.000000,4.000000,4.000000,0.000000,,,,,,,,,,,,,,,,,4.000000,0.000000,0.499290,0.456543,-0.564331,0.473083,0.979612,-0.065438,-0.050299,-36.483738,44.546692,31.760324
1732157937.887915,1732157937.890762,17.000000,0.000000,4293.461426,4295.897461,4315.897461,4300.512695,4263.717773,4284.871582,4335.000000,4402.051270,4297.051270,4279.615234,4477.179688,4515.000000,4336.922852,4411.538574,0.000000,1.000000,22.000000,,,,0.000000,2.000000,2.000000,0.000000,4.000000,2.000000,2.000000,0.000000,0.000000,4.000000,4.000000,4.000000,4.000000,4.000000,4.000000,0.000000,,,,,,,,,,,,,,,,,,,,,,,,,,,,
1732157937.895723,1732157937.898770,18.000000,0.000000,4293.205078,4295.769043,4312.051270,4297.436035,4278.461426,4280.769043,4335.128418,4401.538574,4298.077148,4279.743652,4480.769043,4521.666504,4338.333496,4411.410156,0.000000,1.000000,22.000000,,,,0.000000,2.000000,2.000000,0.000000,4.000000,2.000000,2.000000,0.000000,0.000000,4.000000,4.000000,4.000000,4.000000,4.000000,4.000000,0.000000,,,,,,,,,,,,,,,,,,,,,,,,,,,,
1732157937.903531,1732157937.906579,19.000000,0.000000,4292.692383,4295.000000,4309.487305,4295.000000,4294.487305,4279.743652,4334.743652,4399.743652,4298.461426,4284.871582,4488.461426,4522.563965,4349.615234,4413.333496,0.000000,1.000000,22.000000,,,,0.000000,2.000000,2.000000,0.000000,4.000000,2.000000,2.000000,0.000000,0.000000,4.000000,4.000000,4.000000,4.000000,4.000000,4.000000,0.000000,,,,,,,,,,,,,,,,,,,,,,,,,,,,
1732157937.911340,1732157937.914487,20.000000,0.000000,4291.538574,4291.794922,4311.794922,4293.589844,4271.538574,4281.794922,4335.384766,4398.589844,4297.436035,4291.794922,4489.102539,4522.436035,4354.615234,4416.025879,0.000000,1.000000,22.000000,,,,0.000000,2.000000,2.000000,0.000000,4.000000,2.000000,2.000000,0.000000,0.000000,4.000000,4.000000,4.000000,4.000000,4.000000,4.000000,0.000000,,,,,,,,,,,,,,,,,5.000000,0.000000,0.499190,0.456665,-0.564270,0.473145,0.973752,-0.085948,-0.050787,-36.458496,44.711155,31.504196
1732157937.919148,1732157937.922295,21.000000,0.000000,4294.102539,4294.615234,4312.692383,4296.153809,4252.692383,4282.563965,4336.153809,4399.743652,4298.717773,4292.692383,4487.051270,4523.461426,4352.692383,4413.974121,0.000000,1.000000,22.000000,,,,0.000000,2.000000,2.000000,0.000000,4.000000,2.000000,2.000000,0.000000,0.000000,4.000000,4.000000,4.000000,4.000000,4.000000,4.000000,0.000000,,,,,,,,,,,,,,,,,,,,,,,,,,,,
1732157937.926956,1732157937.930303,22.000000,0.000000,4296.794922,4297.307617,4310.256348,4296.538574,4276.922852,4282.307617,4336.666504,4401.025879,4299.743652,4291.666504,4488.461426,4517.948730,4352.563965,4413.205078,0.000000,1.000000,22.000000,,,,0.000000,2.000000,2.000000,0.000000,4.000000,2.000000,2.000000,0.000000,0.000000,4.000000,4.000000,4.000000,4.000000,4.000000,4.000000,0.000000,,,,,,,,,,,,,,,,,,,,,,,,,,,,
1732157937.934765,1732157937.938111,23.000000,0.000000,4288.846191,4288.077148,4311.153809,4294.487305,4293.974121,4281.153809,4336.666504,4400.641113,4297.820313,4288.333496,4486.538574,4512.436035,4351.410156,4415.256348,0.000000,1.000000,22.000000,,,,0.000000,2.000000,2.000000,0.000000,4.000000,2.000000,2.000000,0.000000,0.000000,4.000000,4.000000,4.000000,4.000000,4.000000,4.000000,0.000000,,,,,,,,,,,,,,,,,,,,,,,,,,,,
1732157937.942573,1732157937.946019,24.000000,0.000000,4283.077148,4284.743652,4312.436035,4293.077148,4275.384766,4281.410156,4336.282227,4399.871582,4300.128418,4282.692383,4485.641113,4512.179688,4350.256348,4408.205078,0.000000,1.000000,22.000000,,,,0.000000,2.000000,2.000000,0.000000,4.000000,2.000000,2.000000,0.000000,0.000000,4.000000,4.000000,4.000000,4.000000,4.000000,4.000000,0.000000,,,,,,,,,,,,,,,,,6.000000,0.000000,0.499302,0.456543,-0.564270,0.473145,0.969357,-0.083018,-0.051276,-36.431381,44.629368,31.431732
1732157937.950381,1732157937.953827,25.000000,0.000000,4286.025879,4290.384766,4312.563965,4295.256348,4256.922852,4284.871582,4336.282227,4400.641113,4303.717773,4281.025879,4484.358887,4513.589844,4347.820313,4398.974121,0.000000,1.000000,22.000000,,,,0.000000,2.000000,2.000000,0.000000,4.000000,2.000000,2.000000,0.000000,0.000000,4.000000,4.000000,4.000000,4.000000,4.000000,4.000000,0.000000,,,,,,,,,,,,,,,,,,,,,,,,,,,,
1732157937.958189,1732157937.961835,26.000000,0.000000,4285.000000,4289.487305,4314.615234,4296.410156,4265.897461,4283.333496,4336.666504,4402.563965,4299.743652,4282.436035,4479.230957,4512.436035,4345.641113,4402.563965,0.000000,1.000000,22.000000,,,,0.000000,2.000000,2.000000,0.000000,4.000000,2.000000,2.000000,0.000000,0.000000,4.000000,4.000000,4.000000,4.000000,4.000000,4.000000,0.000000,,,,,,,,,,,,,,,,,,,,,,,,,,,,
1732157937.965997,1732157937.969644,27.000000,0.000000,4280.769043,4283.717773,4314.230957,4292.948730,4279.102539,4281.794922,4335.769043,4402.436035,4293.461426,4280.384766,4476.538574,4512.051270,4346.666504,4409.358887,0.000000,1.000000,22.000000,,,,0.000000,2.000000,2.000000,0.000000,4.000000,2.000000,2.000000,0.000000,0.000000,4.000000,4.000000,4.000000,4.000000,4.000000,4.000000,0.000000,,,,,,,,,,,,,,,,,,,,,,,,,,,,
1732157937.973806,1732157937.977552,28.000000,0.000000,4286.410156,4284.871582,4311.153809,4291.153809,4276.153809,4291.666504,4335.000000,4402.051270,4297.692383,4284.230957,4478.974121,4515.384766,4345.769043,4410.256348,0.000000,1.000000,22.000000,,,,0.000000,2.000000,2.000000,0.000000,4.000000,2.000000,2.000000,0.000000,0.000000,4.000000,4.000000,4.000000,4.000000,4.000000,4.000000,0.000000,,,,,,,,,,,,,,,,,7.000000,0.000000,0.499212,0.456665,-0.564148,0.473267,0.970333,-0.077158,-0.052741,-36.307751,44.578121,31.313036
1732157937.981614,1732157937.985360,29.000000,0.000000,4293.333496,4288.717773,4313.205078,4295.000000,4287.051270,4295.512695,4335.897461,4404.230957,4305.256348,4293.205078,4481.153809,4517.563965,4346.282227,4409.615234,0.000000,1.000000,22.000000,,,,0.000000,2.000000,2.000000,0.000000,4.000000,2.000000,2.000000,0.000000,0.000000,4.000000,4.000000,4.000000,4.000000,4.000000,4.000000,0.000000,,,,,,,,,,,,,,,,,,,,,,,,,,,,
1732157937.989422,1732157937.993368,30.000000,0.000000,4291.794922,4292.051270,4316.538574,4299.358887,4302.051270,4286.794922,4336.794922,4402.820313,4300.384766,4291.922852,4479.102539,4513.205078,4350.128418,4409.230957,0.000000,1.000000,22.000000,,,,0.000000,2.000000,2.000000,0.000000,4.000000,2.000000,2.000000,0.000000,0.000000,4.000000,4.000000,4.000000,4.000000,4.000000,4.000000,0.000000,,,,,,,,,,,,,,,,,,,,,,,,,,,,
1732157937.997230,1732157938.001176,31.000000,0.000000,4290.769043,4292.948730,4312.948730,4297.307617,4286.666504,4286.538574,4336.153809,4399.358887,4293.461426,4288.461426,4478.846191,4512.179688,4349.871582,4409.487305,0.000000,1.000000,22.000000,,,,0.000000,2.000000,2.000000,0.000000,4.000000,2.000000,2.000000,0.000000,0.000000,4.000000,4.000000,4.000000,4.000000,4.000000,4.000000,0.000000,,,,,,,,,,,,,,,,,,,,,,,,,,,,
1732157938.005039,1732157938.008884,32.000000,0.000000,4292.948730,4290.128418,4311.282227,4298.077148,4270.641113,4293.461426,4336.153809,4399.871582,4300.128418,4294.871582,4480.128418,4515.769043,4348.846191,4412.051270,0.000000,1.000000,22.000000,,,,0.000000,2.000000,2.000000,0.000000,4.000000,2.000000,2.000000,0.000000,0.000000,4.000000,4.000000,4.000000,4.000000,4.000000,4.000000,0.000000,,,,,,,,,,,,,,,,,8.000000,0.000000,0.499022,0.456909,-0.563965,0.473450,0.976193,-0.071786,-0.055671,-36.359280,44.534946,31.238560
1732157938.012847,1732157938.016693,33.000000,0.000000,4295.256348,4291.666504,4315.000000,4305.000000,4279.358887,4293.846191,4336.922852,4402.563965,4304.871582,4297.948730,4480.256348,4513.077148,4349.615234,4412.692383,0.000000,1.000000,22.000000,,,,0.000000,2.000000,2.000000,0.000000,4.000000,2.000000,2.000000,0.000000,0.000000,4.000000,4.000000,4.000000,4.000000,4.000000,4.000000,0.000000,,,,,,,,,,,,,,,,,,,,,,,,,,,,
1732157938.020655,1732157938.024301,34.000000,0.000000,4295.512695,4293.974121,4314.487305,4304.743652,4284.743652,4293.846191,4336.538574,4402.563965,4298.333496,4294.743652,4482.692383,4514.230957,4349.871582,4412.820313,0.000000,1.000000,22.000000,,,,0.000000,2.000000,2.000000,0.000000,4.000000,2.000000,2.000000,0.000000,0.000000,4.000000,4.000000,4.000000,4.000000,4.000000,4.000000,0.000000,,,,,,,,,,,,,,,,,,,,,,,,,,,,
1732157938.028463,1732157938.032109,35.000000,0.000000,4294.743652,4293.846191,4310.384766,4297.692383,4282.692383,4292.307617,4335.512695,4400.000000,4294.871582,4292.563965,4485.256348,4517.563965,4349.871582,4414.743652,0.000000,1.000000,22.000000,,,,0.000000,2.000000,2.000000,0.000000,4.000000,2.000000,2.000000,0.000000,0.000000,4.000000,4.000000,4.000000,4.000000,4.000000,4.000000,0.000000,,,,,,,,,,,,,,,,,,,,,,,,,,,,
1732157938.036272,1732157938.039818,36.000000,0.000000,4294.615234,4288.461426,4311.922852,4294.615234,4297.692383,4285.128418,4335.384766,4400.128418,4298.333496,4287.563965,4478.717773,4510.128418,4346.410156,4413.589844,0.000000,1.000000,22.000000,,,,0.000000,2.000000,2.000000,0.000000,4.000000,2.000000,2.000000,0.000000,0.000000,4.000000,4.000000,4.000000,4.000000,4.000000,4.000000,0.000000,,,,,,,,,,,,,,,,,9.000000,0.000000,0.499091,0.456909,-0.563904,0.473450,0.971310,-0.061531,-0.049811,-36.154350,44.398304,31.209900
1732157938.044080,1732157938.047626,37.000000,0.000000,4293.717773,4281.922852,4312.948730,4296.666504,4297.692383,4283.205078,4336.282227,4402.179688,4300.512695,4283.461426,4473.846191,4504.230957,4342.820313,4413.717773,0.000000,1.000000,22.000000,,,,0.000000,2.000000,2.000000,0.000000,4.000000,2.000000,2.000000,0.000000,0.000000,4.000000,4.000000,4.000000,4.000000,4.000000,4.000000,0.000000,,,,,,,,,,,,,,,,,,,,,,,,,,,,
1732157938.051888,1732157938.055234,38.000000,0.000000,4293.461426,4285.897461,4310.641113,4297.563965,4274.615234,4286.666504,4336.922852,4402.948730,4298.077148,4285.384766,4476.538574,4507.563965,4346.025879,4416.538574,0.000000,1.000000,22.000000,,,,0.000000,2.000000,2.000000,0.000000,4.000000,2.000000,2.000000,0.000000,0.000000,4.000000,4.000000,4.000000,4.000000,4.000000,4.000000,0.000000,,,,,,,,,,,,,,,,,,,,,,,,,,,,
1732157938.059696,1732157938.063042,39.000000,0.000000,4290.512695,4295.897461,4312.307617,4297.051270,4270.384766,4288.846191,4336.025879,4401.410156,4299.487305,4287.692383,4478.205078,4509.871582,4348.589844,4414.743652,0.000000,1.000000,22.000000,,,,0.000000,2.000000,2.000000,0.000000,4.000000,2.000000,2.000000,0.000000,0.000000,4.000000,4.000000,4.000000,4.000000,4.000000,4.000000,0.000000,,,,,,,,,,,,,,,,,,,,,,,,,,,,
1732157938.067505,1732157938.070751,40.000000,0.000000,4285.769043,4292.948730,4315.128418,4296.282227,4283.461426,4288.589844,4335.128418,4400.256348,4302.692383,4285.384766,4480.384766,4507.563965,4348.461426,4413.077148,0.000000,1.000000,22.000000,,,,0.000000,2.000000,2.000000,0.000000,4.000000,2.000000,2.000000,0.000000,0.000000,4.000000,4.000000,4.000000,4.000000,4.000000,4.000000,0.000000,,,,,,,,,,,,,,,,,10.000000,0.000000,0.499091,0.456909,-0.563904,0.473450,0.966915,-0.077646,-0.056648,-36.033356,44.257629,31.186686
1732157938.075313,1732157938.078559,41.000000,0.000000,4285.128418,4282.692383,4313.589844,4294.102539,4285.897461,4283.846191,4335.128418,4399.743652,4298.717773,4284.102539,4481.153809,4506.922852,4350.384766,4413.333496,0.000000,1.000000,22.000000,,,,0.000000,2.000000,2.000000,0.000000,4.000000,2.000000,2.000000,0.000000,0.000000,4.000000,4.000000,4.000000,4.000000,4.000000,4.000000,0.000000,,,,,,,,,,,,,,,,,,,,,,,,,,,,
1732157938.083121,1732157938.086167,42.000000,0.000000,4290.641113,4287.436035,4312.692383,4295.769043,4279.615234,4280.512695,4335.897461,4399.743652,4293.717773,4284.102539,4477.692383,4509.358887,4351.282227,4412.948730,0.000000,1.000000,22.000000,,,,0.000000,2.000000,2.000000,0.000000,4.000000,2.000000,2.000000,0.000000,0.000000,4.000000,4.000000,4.000000,4.000000,4.000000,4.000000,0.000000,,,,,,,,,,,,,,,,,,,,,,,,,,,,
1732157938.090929,1732157938.093976,43.000000,0.000000,4294.871582,4296.794922,4312.948730,4298.205078,4292.307617,4281.025879,4335.897461,4401.153809,4297.307617,4281.794922,4478.717773,4512.051270,4349.230957,4413.077148,0.000000,1.000000,22.000000,,,,0.000000,2.000000,2.000000,0.000000,4.000000,2.000000,2.000000,0.000000,0.000000,4.000000,4.000000,4.000000,4.000000,4.000000,4.000000,0.000000,,,,,,,,,,,,,,,,,,,,,,,,,,,,
1732157938.098738,1732157938.101684,44.000000,0.000000,4293.717773,4294.615234,4312.307617,4297.307617,4305.897461,4281.410156,4335.641113,4400.641113,4297.692383,4282.820313,4484.102539,4512.948730,4349.230957,4414.743652,0.000000,1.000000,22.000000,,,,0.000000,2.000000,2.000000,0.000000,4.000000,2.000000,2.000000,0.000000,0.000000,4.000000,4.000000,4.000000,4.000000,4.000000,4.000000,0.000000,,,,,,,,,,,,,,,,,11.000000,0.000000,0.499067,0.456848,-0.564026,0.473389,0.962520,-0.082041,-0.044927,-35.983685,44.342010,31.391214
1732157938.106546,1732157938.109492,45.000000,0.000000,4292.436035,4291.922852,4312.692383,4297.563965,4288.589844,4280.256348,4335.897461,4399.615234,4297.563965,4289.743652,4488.205078,4518.077148,4351.794922,4415.384766,0.000000,1.000000,22.000000,,,,0.000000,2.000000,2.000000,0.000000,4.000000,2.000000,2.000000,0.000000,0.000000,4.000000,4.000000,4.000000,4.000000,4.000000,4.000000,0.000000,,,,,,,,,,,,,,,,,,,,,,,,,,,,
1732157938.114354,1732157938.117101,46.000000,0.000000,4295.769043,4292.307617,4312.948730,4300.769043,4268.333496,4281.282227,4335.897461,4400.128418,4308.077148,4297.563965,4490.256348,4524.871582,4352.948730,4413.974121,0.000000,1.000000,22.000000,,,,0.000000,2.000000,2.000000,0.000000,4.000000,2.000000,2.000000,0.000000,0.000000,4.000000,4.000000,4.000000,4.000000,4.000000,4.000000,0.000000,,,,,,,,,,,,,,,,,,,,,,,,,,,,
1732157938.122162,1732157938.124909,47.000000,0.000000,4293.589844,4289.487305,4312.563965,4300.256348,4276.922852,4283.846191,4335.897461,4400.384766,4305.769043,4295.512695,4485.512695,4520.384766,4350.384766,4412.307617,0.000000,1.000000,22.000000,,,,0.000000,2.000000,2.000000,0.000000,4.000000,2.000000,2.000000,0.000000,0.000000,4.000000,4.000000,4.000000,4.000000,4.000000,4.000000,0.000000,,,,,,,,,,,,,,,,,,,,,,,,,,,,
1732157938.129971,1732157938.132617,48.000000,0.000000,4284.615234,4287.563965,4311.153809,4295.128418,4285.897461,4283.846191,4336.025879,4400.384766,4291.922852,4290.512695,4482.051270,4508.077148,4348.461426,4411.538574,0.000000,1.000000,22.000000,,,,0.000000,2.000000,2.000000,0.000000,4.000000,2.000000,2.000000,0.000000,0.000000,4.000000,4.000000,4.000000,4.000000,4.000000,4.000000,0.000000,,,,,,,,,,,,,,,,,12.000000,0.000000,0.499212,0.456665,-0.564148,0.473267,0.964473,-0.074228,-0.055183,-36.051785,44.463696,31.535217
1732157938.137779,1732157938.140425,49.000000,0.000000,4281.538574,4288.205078,4310.128418,4293.333496,4275.512695,4284.743652,4335.769043,4401.538574,4297.051270,4295.512695,4487.948730,4505.000000,4352.436035,4413.717773,0.000000,1.000000,22.000000,,,,0.000000,2.000000,2.000000,0.000000,4.000000,2.000000,2.000000,0.000000,0.000000,4.000000,4.000000,4.000000,4.000000,4.000000,4.000000,0.000000,,,,,,,,,,,,,,,,,,,,,,,,,,,,
1732157938.145587,1732157938.148433,50.000000,0.000000,4282.820313,4284.871582,4310.384766,4293.974121,4285.641113,4288.077148,4335.769043,4400.769043,4305.897461,4296.666504,4490.384766,4507.051270,4355.128418,4412.051270,0.000000,1.000000,22.000000,,,,0.000000,2.000000,2.000000,0.000000,4.000000,2.000000,2.000000,0.000000,0.000000,4.000000,4.000000,4.000000,4.000000,4.000000,4.000000,0.000000,,,,,,,,,,,,,,,,,,,,,,,,,,,,
1732157938.153395,1732157938.156241,51.000000,0.000000,4280.897461,4284.102539,4312.692383,4294.358887,4306.282227,4284.743652,4336.410156,4398.846191,4296.153809,4286.410156,4486.410156,4503.589844,4352.563965,4406.410156,0.000000,1.000000,22.000000,,,,0.000000,2.000000,2.000000,0.000000,4.000000,2.000000,2.000000,0.000000,0.000000,4.000000,4.000000,4.000000,4.000000,4.000000,4.000000,0.000000,,,,,,,,,,,,,,,,,,,,,,,,,,,,
1732157938.161204,1732157938.164150,52.000000,0.000000,4285.128418,4288.846191,4313.333496,4297.179688,4293.589844,4280.641113,4335.128418,4402.820313,4292.179688,4285.000000,4486.025879,4502.563965,4351.153809,4408.205078,0.000000,1.000000,22.000000,,,,0.000000,2.000000,2.000000,0.000000,4.000000,2.000000,2.000000,0.000000,0.000000,4.000000,4.000000,4.000000,4.000000,4.000000,4.000000,0.000000,,,,,,,,,,,,,,,,,13.000000,0.000000,0.499326,0.456604,-0.564148,0.473206,0.978147,-0.068856,-0.044927,-36.153614,44.485596,31.441860
1732157938.169012,1732157938.171958,53.000000,0.000000,4295.000000,4289.230957,4313.205078,4303.333496,4273.333496,4286.282227,4333.974121,4405.384766,4306.153809,4295.769043,4490.384766,4511.282227,4353.333496,4413.461426,0.000000,1.000000,22.000000,,,,0.000000,2.000000,2.000000,0.000000,4.000000,2.000000,2.000000,0.000000,0.000000,4.000000,4.000000,4.000000,4.000000,4.000000,4.000000,0.000000,,,,,,,,,,,,,,,,,,,,,,,,,,,,
1732157938.176820,1732157938.179966,54.000000,0.000000,4295.256348,4285.384766,4313.077148,4309.102539,4278.717773,4288.589844,4335.128418,4401.025879,4311.922852,4298.077148,4489.487305,4515.641113,4354.871582,4413.077148,0.000000,1.000000,22.000000,,,,0.000000,2.000000,2.000000,0.000000,4.000000,2.000000,2.000000,0.000000,0.000000,4.000000,4.000000,4.000000,4.000000,4.000000,4.000000,0.000000,,,,,,,,,,,,,,,,,,,,,,,,,,,,
1732157938.184628,1732157938.187774,55.000000,0.000000,4290.897461,4281.666504,4311.794922,4305.128418,4282.307617,4281.538574,4335.128418,4400.128418,4310.897461,4295.897461,4488.974121,4510.128418,4353.205078,4410.769043,0.000000,1.000000,22.000000,,,,0.000000,2.000000,2.000000,0.000000,4.000000,2.000000,2.000000,0.000000,0.000000,4.000000,4.000000,4.000000,4.000000,4.000000,4.000000,0.000000,,,,,,,,,,,,,,,,,,,,,,,,,,,,
1732157938.192437,1732157938.195682,56.000000,0.000000,4291.282227,4282.436035,4310.641113,4296.538574,4276.666504,4281.666504,4333.589844,4403.717773,4311.410156,4298.846191,4489.743652,4508.333496,4351.282227,4411.666504,0.000000,1.000000,22.000000,,,,0.000000,2.000000,2.000000,0.000000,4.000000,2.000000,2.000000,0.000000,0.000000,4.000000,4.000000,4.000000,4.000000,4.000000,4.000000,0.000000,,,,,,,,,,,,,,,,,14.000000,0.000000,0.499440,0.456543,-0.564148,0.473145,0.978147,-0.068856,-0.044927,-36.251091,44.646664,31.642906
1732157938.200245,1732157938.203490,57.000000,0.000000,4288.717773,4284.743652,4310.384766,4294.487305,4294.358887,4285.897461,4333.846191,4403.461426,4301.666504,4290.384766,4481.922852,4508.461426,4347.563965,4411.538574,0.000000,1.000000,22.000000,,,,0.000000,2.000000,2.000000,0.000000,4.000000,2.000000,2.000000,0.000000,0.000000,4.000000,4.000000,4.000000,4.000000,4.000000,4.000000,0.000000,,,,,,,,,,,,,,,,,,,,,,,,,,,,
1732157938.208053,1732157938.211099,58.000000,0.000000,4284.230957,4282.563965,4312.948730,4298.077148,4303.077148,4286.410156,4335.000000,4400.897461,4292.307617,4283.333496,4478.974121,4505.641113,4345.641113,4410.256348,0.000000,1.000000,22.000000,,,,0.000000,2.000000,2.000000,0.000000,4.000000,2.000000,2.000000,0.000000,0.000000,4.000000,4.000000,4.000000,4.000000,4.000000,4.000000,0.000000,,,,,,,,,,,,,,,,,,,,,,,,,,,,
1732157938.215861,1732157938.218907,59.000000,0.000000,4284.102539,4282.179688,4313.589844,4300.769043,4276.922852,4286.666504,4335.128418,4401.666504,4298.717773,4292.436035,4488.717773,4508.974121,4349.358887,4411.922852,0.000000,1.000000,22.000000,,,,0.000000,2.000000,2.000000,0.000000,4.000000,2.000000,2.000000,0.000000,0.000000,4.000000,4.000000,4.000000,4.000000,4.000000,4.000000,0.000000,,,,,,,,,,,,,,,,,,,,,,,,,,,,
1732157938.223670,1732157938.226815,60.000000,0.000000,4283.461426,4285.128418,4310.256348,4298.717773,4270.000000,4287.692383,4335.641113,4402.436035,4306.282227,4298.333496,4488.974121,4514.358887,4351.153809,4411.025879,0.000000,1.000000,22.000000,,,,0.000000,2.000000,2.000000,0.000000,4.000000,2.000000,2.000000,0.000000,0.000000,4.000000,4.000000,4.000000,4.000000,4.000000,4.000000,0.000000,,,,,,,,,,,,,,,,,15.000000,0.000000,0.499542,0.456482,-0.564209,0.473022,0.983030,-0.077158,-0.050787,-36.178387,44.517132,31.550755
1732157938.231478,1732157938.234623,61.000000,0.000000,4281.666504,4285.769043,4310.769043,4295.897461,4285.512695,4289.230957,4336.025879,4400.384766,4300.897461,4293.974121,4478.974121,4510.512695,4350.256348,4410.000000,0.000000,1.000000,22.000000,,,,0.000000,2.000000,2.000000,0.000000,4.000000,2.000000,2.000000,0.000000,0.000000,4.000000,4.000000,4.000000,4.000000,4.000000,4.000000,0.000000,,,,,,,,,,,,,,,,,,,,,,,,,,,,
1732157938.239286,1732157938.242631,62.000000,0.000000,4284.615234,4281.922852,4316.282227,4298.077148,4282.436035,4289.358887,4336.025879,4399.743652,4299.487305,4288.589844,4482.307617,4506.922852,4349.743652,4412.820313,0.000000,1.000000,22.000000,,,,0.000000,2.000000,2.000000,0.000000,4.000000,2.000000,2.000000,0.000000,0.000000,4.000000,4.000000,4.000000,4.000000,4.000000,4.000000,0.000000,,,,,,,,,,,,,,,,,,,,,,,,,,,,
1732157938.247094,1732157938.250439,63.000000,0.000000,4289.230957,4282.179688,4315.897461,4299.358887,4284.871582,4282.948730,4336.025879,4401.794922,4301.538574,4285.641113,4490.256348,4507.436035,4350.128418,4414.230957,0.000000,1.000000,22.000000,,,,0.000000,2.000000,2.000000,0.000000,4.000000,2.000000,2.000000,0.000000,0.000000,4.000000,4.000000,4.000000,4.000000,4.000000,4.000000,0.000000,,,,,,,,,,,,,,,,,,,,,,,,,,,,
1732157938.254903,1732157938.258348,64.000000,0.000000,4289.358887,4288.205078,4310.384766,4297.820313,4297.820313,4278.846191,4335.641113,4402.051270,4294.487305,4285.000000,4487.436035,4505.384766,4348.333496,4411.410156,0.000000,1.000000,22.000000,,,,0.000000,2.000000,2.000000,0.000000,4.000000,2.000000,2.000000,0.000000,0.000000,4.000000,4.000000,4.000000,4.000000,4.000000,4.000000,0.000000,,,,,,,,,,,,,,,,,16.000000,0.000000,0.499618,0.456299,-0.564392,0.472900,0.976682,-0.081065,-0.054694,-36.106159,44.450542,31.596111
1732157938.262711,1732157938.266156,65.000000,0.000000,4287.692383,4291.410156,4309.230957,4300.384766,4287.436035,4284.743652,4335.512695,4399.487305,4297.692383,4292.692383,4487.051270,4505.256348,4349.487305,4412.692383,1601.000000,1.000000,22.000000,,,,0.000000,2.000000,2.000000,0.000000,4.000000,2.000000,2.000000,0.000000,0.000000,4.000000,4.000000,4.000000,4.000000,4.000000,4.000000,0.000000,,,,,,,,,,,,,,,,,,,,,,,,,,,,
1732157938.270519,1732157938.274164,66.000000,0.000000,4287.563965,4286.282227,4310.769043,4300.128418,4271.922852,4286.538574,4335.641113,4399.487305,4310.897461,4301.922852,4489.743652,4507.948730,4351.794922,4415.128418,1366.000000,1.000000,22.000000,,,,0.000000,2.000000,2.000000,0.000000,4.000000,2.000000,2.000000,0.000000,0.000000,4.000000,4.000000,4.000000,4.000000,4.000000,4.000000,0.000000,,,,,,,,,,,,,,,,,,,,,,,,,,,,
1732157938.278327,1732157938.281972,67.000000,0.000000,4288.333496,4280.512695,4310.769043,4295.769043,4273.461426,4281.538574,4335.641113,4400.256348,4305.512695,4296.794922,4488.333496,4507.692383,4351.153809,4412.563965,1421.000000,1.000000,22.000000,,,,0.000000,2.000000,2.000000,0.000000,4.000000,2.000000,2.000000,0.000000,0.000000,4.000000,4.000000,4.000000,4.000000,4.000000,4.000000,0.000000,,,,,,,,,,,,,,,,,,,,,,,,,,,,
1732157938.286136,1732157938.289880,68.000000,0.000000,4289.743652,4280.256348,4311.410156,4295.512695,4288.461426,4281.410156,4335.512695,4400.897461,4292.820313,4282.820313,4486.922852,4507.051270,4351.025879,4411.538574,1424.000000,1.000000,22.000000,,,,0.000000,2.000000,2.000000,0.000000,4.000000,2.000000,2.000000,0.000000,0.000000,4.000000,4.000000,4.000000,4.000000,4.000000,4.000000,0.000000,,,,,,,,,,,,,,,,,17.000000,0.000000,0.499573,0.456360,-0.564331,0.472961,0.984984,-0.068368,-0.052741,-36.240990,44.381607,31.597849
1732157938.293944,1732157938.297688,69.000000,0.000000,4294.358887,4279.743652,4312.307617,4296.025879,4297.948730,4283.589844,4335.128418,4401.794922,4298.461426,4284.102539,4488.333496,4508.205078,4350.641113,4413.333496,1210.000000,1.000000,22.000000,,,,0.000000,2.000000,2.000000,0.000000,4.000000,2.000000,2.000000,0.000000,0.000000,4.000000,4.000000,4.000000,4.000000,4.000000,4.000000,0.000000,,,,,,,,,,,,,,,,,,,,,,,,,,,,
1732157938.301752,1732157938.305696,70.000000,0.000000,4292.436035,4277.692383,4312.820313,4294.743652,4284.615234,4282.051270,4334.615234,4400.897461,4306.410156,4297.436035,4489.871582,4507.820313,4349.487305,4413.077148,0.000000,1.000000,22.000000,,,,0.000000,2.000000,2.000000,0.000000,4.000000,2.000000,2.000000,0.000000,0.000000,4.000000,4.000000,4.000000,4.000000,4.000000,4.000000,0.000000,,,,,,,,,,,,,,,,,,,,,,,,,,,,
1732157938.309560,1732157938.313505,71.000000,0.000000,4285.256348,4277.820313,4312.179688,4295.641113,4270.128418,4283.077148,4334.358887,4399.487305,4305.897461,4298.333496,4490.512695,4508.717773,4353.846191,4412.051270,0.000000,1.000000,22.000000,,,,0.000000,2.000000,2.000000,0.000000,4.000000,2.000000,2.000000,0.000000,0.000000,4.000000,4.000000,4.000000,4.000000,4.000000,4.000000,0.000000,,,,,,,,,,,,,,,,,,,,,,,,,,,,
1732157938.317369,1732157938.321413,72.000000,0.000000,4288.461426,4281.538574,4312.436035,4296.153809,4272.307617,4286.153809,4335.512695,4400.512695,4303.846191,4293.589844,4490.384766,4510.000000,4357.051270,4413.333496,1533.000000,1.000000,22.000000,,,,0.000000,2.000000,2.000000,0.000000,4.000000,2.000000,2.000000,0.000000,0.000000,4.000000,4.000000,4.000000,4.000000,4.000000,4.000000,0.000000,,,,,,,,,,,,,,,,,18.000000,0.000000,0.499415,0.456482,-0.564270,0.473083,0.974240,-0.089855,-0.063484,-36.353535,44.340767,31.642591
1732157938.325177,1732157938.329221,73.000000,0.000000,4293.077148,4280.384766,4313.205078,4294.358887,4284.743652,4283.205078,4336.153809,4400.897461,4299.871582,4295.641113,4489.102539,4504.230957,4353.333496,4415.769043,1691.000000,1.000000,22.000000,,,,0.000000,2.000000,2.000000,0.000000,4.000000,2.000000,2.000000,0.000000,0.000000,4.000000,4.000000,4.000000,4.000000,4.000000,4.000000,0.000000,,,,,,,,,,,,,,,,,,,,,,,,,,,,
1732157938.332985,1732157938.336829,74.000000,0.000000,4286.282227,4277.436035,4312.692383,4294.487305,4294.615234,4279.871582,4335.769043,4400.000000,4298.461426,4292.436035,4488.077148,4499.615234,4350.641113,4415.641113,1546.000000,1.000000,22.000000,,,,0.000000,2.000000,2.000000,0.000000,4.000000,2.000000,2.000000,0.000000,0.000000,4.000000,4.000000,4.000000,4.000000,4.000000,4.000000,0.000000,,,,,,,,,,,,,,,,,,,,,,,,,,,,
1732157938.340793,1732157938.344637,75.000000,0.000000,4285.384766,4279.358887,4313.205078,4296.025879,4282.307617,4280.384766,4335.897461,4401.410156,4300.128418,4285.641113,4489.230957,4504.871582,4351.922852,4413.077148,1566.000000,1.000000,22.000000,,,,0.000000,2.000000,2.000000,0.000000,4.000000,2.000000,2.000000,0.000000,0.000000,4.000000,4.000000,4.000000,4.000000,4.000000,4.000000,0.000000,,,,,,,,,,,,,,,,,,,,,,,,,,,,
1732157938.348602,1732157938.352346,76.000000,0.000000,4288.846191,4281.922852,4314.487305,4296.410156,4262.563965,4281.666504,4335.641113,4402.307617,4296.153809,4285.384766,4489.871582,4507.563965,4351.794922,4412.692383,1701.000000,1.000000,22.000000,,,,0.000000,2.000000,2.000000,0.000000,4.000000,2.000000,2.000000,0.000000,0.000000,4.000000,4.000000,4.000000,4.000000,4.000000,4.000000,0.000000,,,,,,,,,,,,,,,,,19.000000,0.000000,0.499952,0.455872,-0.564697,0.472595,0.971798,-0.078135,-0.046881,-36.261364,44.457687,31.875500
1732157938.356410,1732157938.360154,77.000000,0.000000,4283.461426,4280.769043,4312.436035,4295.000000,4269.358887,4282.179688,4335.384766,4401.666504,4295.256348,4289.230957,4488.717773,4503.717773,4350.384766,4414.871582,1609.000000,1.000000,22.000000,,,,0.000000,2.000000,2.000000,0.000000,4.000000,2.000000,2.000000,0.000000,0.000000,4.000000,4.000000,4.000000,4.000000,4.000000,4.000000,0.000000,,,,,,,,,,,,,,,,,,,,,,,,,,,,
1732157938.364218,1732157938.367762,78.000000,0.000000,4284.871582,4278.717773,4309.871582,4294.358887,4279.871582,4280.641113,4336.282227,4401.153809,4302.436035,4291.922852,4490.512695,4503.846191,4350.512695,4415.256348,1546.000000,1.000000,22.000000,,,,0.000000,2.000000,2.000000,0.000000,4.000000,2.000000,2.000000,0.000000,0.000000,4.000000,4.000000,4.000000,4.000000,4.000000,4.000000,0.000000,1.000000,0.000000,2.000000,2.000000,0.000000,1.000000,1.000000,1.000000,0.000000,0.000000,1.000000,3.000000,4.000000,4.000000,1.000000,4.000000,,,,,,,,,,,,
1732157938.372026,1732157938.375571,79.000000,0.000000,4290.769043,4277.692383,4312.307617,4294.358887,4283.974121,4281.538574,4335.128418,4400.769043,4303.077148,4289.487305,4491.025879,4507.051270,4350.256348,4413.846191,1566.000000,1.000000,22.000000,,,,0.000000,2.000000,2.000000,0.000000,4.000000,2.000000,2.000000,0.000000,0.000000,4.000000,4.000000,4.000000,4.000000,4.000000,4.000000,0.000000,,,,,,,,,,,,,,,,,,,,,,,,,,,,
1732157938.379835,1732157938.383279,80.000000,0.000000,4284.102539,4277.307617,4315.384766,4293.077148,4291.922852,4285.512695,4332.692383,4401.282227,4300.641113,4288.717773,4487.179688,4505.641113,4349.615234,4411.922852,1701.000000,1.000000,22.000000,,,,0.000000,2.000000,2.000000,0.000000,4.000000,2.000000,2.000000,0.000000,0.000000,4.000000,4.000000,4.000000,4.000000,4.000000,4.000000,0.000000,,,,,,,,,,,,,,,,,20.000000,0.000000,0.499952,0.455872,-0.564697,0.472595,0.983030,-0.068856,-0.047369,-36.306705,44.402393,32.214153
1732157938.387643,1732157938.391087,81.000000,0.000000,4280.384766,4279.358887,4315.384766,4293.461426,4277.563965,4285.128418,4334.230957,4401.410156,4303.974121,4294.102539,4488.333496,4505.512695,4350.128418,4411.410156,1609.000000,1.000000,22.000000,,,,0.000000,2.000000,2.000000,0.000000,4.000000,2.000000,2.000000,0.000000,0.000000,4.000000,4.000000,4.000000,4.000000,4.000000,4.000000,0.000000,,,,,,,,,,,,,,,,,,,,,,,,,,,,
1732157938.395451,1732157938.398696,82.000000,0.000000,4286.538574,4281.538574,4314.487305,4295.256348,4263.077148,4281.922852,4336.153809,4401.025879,4304.615234,4293.846191,4488.589844,4507.051270,4351.282227,4412.948730,1546.000000,1.000000,22.000000,,,,0.000000,2.000000,2.000000,0.000000,4.000000,2.000000,2.000000,0.000000,0.000000,4.000000,4.000000,4.000000,4.000000,4.000000,4.000000,0.000000,,,,,,,,,,,,,,,,,,,,,,,,,,,,
1732157938.403259,1732157938.406504,83.000000,0.000000,4284.230957,4280.000000,4315.256348,4294.871582,4281.666504,4282.179688,4334.358887,4404.102539,4302.563965,4287.307617,4480.641113,4506.282227,4347.436035,4414.230957,1566.000000,1.000000,22.000000,,,,0.000000,2.000000,2.000000,0.000000,4.000000,2.000000,2.000000,0.000000,0.000000,4.000000,4.000000,4.000000,4.000000,4.000000,4.000000,0.000000,,,,,,,,,,,,,,,,,,,,,,,,,,,,
1732157938.411068,1732157938.414212,84.000000,0.000000,4280.128418,4278.077148,4313.333496,4294.871582,4284.230957,4283.846191,4333.077148,4405.128418,4306.666504,4290.641113,4480.641113,4505.512695,4343.333496,4413.974121,1701.000000,1.000000,22.000000,,,,0.000000,2.000000,2.000000,0.000000,4.000000,2.000000,2.000000,0.000000,0.000000,4.000000,4.000000,4.000000,4.000000,4.000000,4.000000,0.000000,,,,,,,,,,,,,,,,,21.000000,0.000000,0.499852,0.455994,-0.564636,0.472656,0.971310,-0.074228,-0.057624,-36.248428,44.199272,31.888466
1732157938.418876,1732157938.422020,85.000000,0.000000,4284.615234,4278.974121,4310.512695,4295.000000,4272.820313,4281.922852,4333.589844,4400.000000,4306.538574,4295.897461,4489.230957,4506.538574,4349.358887,4413.077148,1609.000000,1.000000,22.000000,,,,0.000000,2.000000,2.000000,0.000000,4.000000,2.000000,2.000000,0.000000,0.000000,4.000000,4.000000,4.000000,4.000000,4.000000,4.000000,0.000000,,,,,,,,,,,,,,,,,,,,,,,,,,,,
1732157938.426684,1732157938.429629,86.000000,0.000000,4287.179688,4280.641113,4310.384766,4293.333496,4291.794922,4278.717773,4333.846191,4398.077148,4296.153809,4289.743652,4488.333496,4507.820313,4353.717773,4416.153809,1546.000000,1.000000,22.000000,,,,0.000000,2.000000,2.000000,0.000000,4.000000,2.000000,2.000000,0.000000,0.000000,4.000000,4.000000,4.000000,4.000000,4.000000,4.000000,0.000000,,,,,,,,,,,,,,,,,,,,,,,,,,,,
1732157938.434492,1732157938.437437,87.000000,0.000000,4284.743652,4279.487305,4310.512695,4291.666504,4296.922852,4279.358887,4333.333496,4401.153809,4294.358887,4290.512695,4485.512695,4507.948730,4350.128418,4420.897461,1566.000000,1.000000,22.000000,,,,0.000000,2.000000,2.000000,0.000000,4.000000,2.000000,2.000000,0.000000,0.000000,4.000000,4.000000,4.000000,4.000000,4.000000,4.000000,0.000000,,,,,,,,,,,,,,,,,,,,,,,,,,,,
1732157938.442301,1732157938.445145,88.000000,0.000000,4290.512695,4278.717773,4308.077148,4292.563965,4263.205078,4282.179688,4333.333496,4399.615234,4300.256348,4297.436035,4490.128418,4509.358887,4352.307617,4420.384766,1701.000000,1.000000,22.000000,,,,0.000000,2.000000,2.000000,0.000000,4.000000,2.000000,2.000000,0.000000,0.000000,4.000000,4.000000,4.000000,4.000000,4.000000,4.000000,0.000000,,,,,,,,,,,,,,,,,22.000000,0.000000,0.499488,0.456604,-0.564209,0.472961,0.968868,-0.082041,-0.049811,-36.179562,44.384743,31.694656
1732157938.450109,1732157938.452953,89.000000,0.000000,4293.717773,4280.000000,4308.205078,4295.769043,4257.948730,4283.077148,4334.230957,4398.077148,4306.794922,4296.794922,4492.051270,4510.384766,4356.410156,4418.717773,1609.000000,1.000000,22.000000,,,,0.000000,2.000000,2.000000,0.000000,4.000000,2.000000,2.000000,0.000000,0.000000,4.000000,4.000000,4.000000,4.000000,4.000000,4.000000,0.000000,,,,,,,,,,,,,,,,,,,,,,,,,,,,
1732157938.457917,1732157938.460562,90.000000,0.000000,4287.436035,4280.769043,4311.282227,4296.282227,4289.487305,4280.256348,4335.128418,4401.922852,4312.563965,4293.205078,4489.358887,4508.077148,4352.307617,4419.230957,1546.000000,1.000000,22.000000,,,,0.000000,2.000000,2.000000,0.000000,4.000000,2.000000,2.000000,0.000000,0.000000,4.000000,4.000000,4.000000,4.000000,4.000000,4.000000,0.000000,,,,,,,,,,,,,,,,,,,,,,,,,,,,
1732157938.465725,1732157938.468370,91.000000,0.000000,4285.256348,4280.128418,4311.666504,4294.102539,4287.563965,4280.256348,4336.282227,4402.820313,4307.307617,4294.230957,4487.436035,4506.538574,4348.717773,4416.922852,1566.000000,1.000000,22.000000,,,,0.000000,2.000000,2.000000,0.000000,4.000000,2.000000,2.000000,0.000000,0.000000,4.000000,4.000000,4.000000,4.000000,4.000000,4.000000,0.000000,,,,,,,,,,,,,,,,,,,,,,,,,,,,
1732157938.473534,1732157938.476278,92.000000,0.000000,4290.000000,4282.436035,4311.794922,4297.563965,4264.487305,4284.871582,4336.922852,4400.128418,4297.563965,4295.000000,4486.538574,4506.025879,4351.025879,4412.563965,1701.000000,1.000000,22.000000,,,,0.000000,2.000000,2.000000,0.000000,4.000000,2.000000,2.000000,0.000000,0.000000,4.000000,4.000000,4.000000,4.000000,4.000000,4.000000,0.000000,,,,,,,,,,,,,,,,,23.000000,0.000000,0.499227,0.456787,-0.564087,0.473206,0.964962,-0.085948,-0.050299,-36.218777,44.531643,31.506004
1732157938.481342,1732157938.484086,93.000000,0.000000,4292.820313,4287.051270,4311.282227,4303.717773,4276.153809,4286.282227,4336.794922,4399.102539,4302.307617,4294.487305,4487.436035,4508.205078,4355.769043,4411.922852,1609.000000,1.000000,22.000000,,,,0.000000,2.000000,2.000000,0.000000,4.000000,2.000000,2.000000,0.000000,0.000000,4.000000,4.000000,4.000000,4.000000,4.000000,4.000000,0.000000,,,,,,,,,,,,,,,,,,,,,,,,,,,,
1732157938.489150,1732157938.492094,94.000000,0.000000,4294.743652,4287.563965,4312.051270,4302.307617,4286.666504,4283.077148,4335.769043,4401.666504,4311.410156,4294.743652,4489.102539,4512.948730,4360.512695,4414.230957,1546.000000,1.000000,22.000000,,,,0.000000,2.000000,2.000000,0.000000,4.000000,2.000000,2.000000,0.000000,0.000000,4.000000,4.000000,4.000000,4.000000,4.000000,4.000000,0.000000,,,,,,,,,,,,,,,,,,,,,,,,,,,,
1732157938.496958,1732157938.499903,95.000000,0.000000,4293.077148,4282.436035,4312.948730,4296.794922,4278.846191,4280.512695,4334.615234,4402.563965,4308.974121,4294.230957,4487.820313,4511.794922,4358.205078,4413.974121,1566.000000,1.000000,22.000000,,,,0.000000,2.000000,2.000000,0.000000,4.000000,2.000000,2.000000,0.000000,0.000000,4.000000,4.000000,4.000000,4.000000,4.000000,4.000000,0.000000,,,,,,,,,,,,,,,,,,,,,,,,,,,,
1732157938.504767,1732157938.507811,96.000000,0.000000,4284.230957,4279.615234,4312.051270,4294.615234,4292.436035,4278.846191,4334.358887,4401.282227,4302.436035,4294.871582,4486.794922,4506.282227,4350.641113,4411.794922,1701.000000,1.000000,22.000000,,,,0.000000,2.000000,2.000000,0.000000,4.000000,2.000000,2.000000,0.000000,0.000000,4.000000,4.000000,4.000000,4.000000,4.000000,4.000000,0.000000,,,,,,,,,,,,,,,,,24.000000,0.000000,0.499296,0.456787,-0.564026,0.473206,0.964962,-0.085948,-0.050299,-36.335545,44.303963,31.409864
1732157938.512575,1732157938.515619,97.000000,0.000000,4280.641113,4283.205078,4311.538574,4294.487305,4296.282227,4277.436035,4335.769043,4401.922852,4299.487305,4293.589844,4488.333496,4506.794922,4349.871582,4412.179688,1609.000000,1.000000,22.000000,,,,0.000000,2.000000,2.000000,0.000000,4.000000,2.000000,2.000000,0.000000,0.000000,4.000000,4.000000,4.000000,4.000000,4.000000,4.000000,0.000000,,,,,,,,,,,,,,,,,,,,,,,,,,,,
1732157938.520383,1732157938.523227,98.000000,0.000000,4282.436035,4283.333496,4313.461426,4294.230957,4270.384766,4279.102539,4336.410156,4403.077148,4296.922852,4287.563965,4484.743652,4509.871582,4350.512695,4412.563965,1546.000000,1.000000,22.000000,,,,0.000000,2.000000,2.000000,0.000000,4.000000,2.000000,2.000000,0.000000,0.000000,4.000000,4.000000,4.000000,4.000000,4.000000,4.000000,0.000000,,,,,,,,,,,,,,,,,,,,,,,,,,,,
1732157938.528191,1732157938.531035,99.000000,0.000000,4280.384766,4279.102539,4314.615234,4294.487305,4265.769043,4283.333496,4334.230957,4400.769043,4296.538574,4281.538574,4475.000000,4502.307617,4343.205078,4402.692383,1566.000000,1.000000,22.000000,,,,0.000000,2.000000,2.000000,0.000000,4.000000,2.000000,2.000000,0.000000,0.000000,4.000000,4.000000,4.000000,4.000000,4.000000,4.000000,0.000000,,,,,,,,,,,,,,,,,,,,,,,,,,,,
1732157938.536000,1732157938.538744,100.000000,0.000000,4279.358887,4280.641113,4313.205078,4295.384766,4280.000000,4288.589844,4333.205078,4399.102539,4303.974121,4280.641113,4472.307617,4492.692383,4337.692383,4395.128418,1701.000000,1.000000,22.000000,,,,0.000000,2.000000,2.000000,0.000000,4.000000,2.000000,2.000000,0.000000,0.000000,4.000000,4.000000,4.000000,4.000000,4.000000,4.000000,0.000000,,,,,,,,,,,,,,,,,25.000000,0.000000,0.499227,0.456787,-0.564087,0.473206,0.975217,-0.073739,-0.054694,-36.511791,44.397877,31.645323
1732157938.543808,1732157938.546552,101.000000,0.000000,4279.230957,4282.436035,4311.410156,4295.384766,4289.487305,4289.743652,4334.487305,4399.487305,4307.692383,4281.666504,4474.358887,4490.512695,4341.538574,4404.102539,1609.000000,1.000000,22.000000,,,,0.000000,2.000000,2.000000,0.000000,4.000000,2.000000,2.000000,0.000000,0.000000,4.000000,4.000000,4.000000,4.000000,4.000000,4.000000,0.000000,,,,,,,,,,,,,,,,,,,,,,,,,,,,
1732157938.551616,1732157938.554160,102.000000,0.000000,4282.307617,4282.307617,4311.538574,4295.384766,4298.333496,4283.205078,4335.000000,4399.102539,4299.102539,4283.333496,4476.410156,4493.461426,4348.077148,4414.102539,1546.000000,1.000000,22.000000,,,,0.000000,2.000000,2.000000,0.000000,4.000000,2.000000,2.000000,0.000000,0.000000,4.000000,4.000000,4.000000,4.000000,4.000000,4.000000,0.000000,,,,,,,,,,,,,,,,,,,,,,,,,,,,
1732157938.559424,1732157938.561969,103.000000,0.000000,4287.051270,4285.512695,4313.461426,4298.461426,4292.436035,4278.589844,4334.615234,4400.000000,4297.820313,4289.743652,4483.846191,4501.538574,4350.641113,4414.487305,1566.000000,1.000000,22.000000,,,,0.000000,2.000000,2.000000,0.000000,4.000000,2.000000,2.000000,0.000000,0.000000,4.000000,4.000000,4.000000,4.000000,4.000000,4.000000,0.000000,,,,,,,,,,,,,,,,,,,,,,,,,,,,
1732157938.567232,1732157938.569877,104.000000,0.000000,4288.717773,4288.333496,4313.846191,4301.025879,4268.589844,4281.538574,4334.743652,4401.666504,4305.128418,4289.358887,4487.692383,4508.717773,4351.025879,4413.589844,1701.000000,1.000000,22.000000,,,,0.000000,2.000000,2.000000,0.000000,4.000000,2.000000,2.000000,0.000000,0.000000,4.000000,4.000000,4.000000,4.000000,4.000000,4.000000,0.000000,,,,,,,,,,,,,,,,,26.000000,0.000000,0.499419,0.456604,-0.564270,0.472961,0.985960,-0.058601,-0.052252,-36.671215,44.707279,31.702711
1732157938.575041,1732157938.577685,105.000000,0.000000,4287.820313,4283.333496,4311.794922,4297.820313,4275.512695,4282.563965,4335.256348,4400.384766,4300.641113,4281.410156,4478.077148,4500.769043,4350.641113,4412.820313,1609.000000,1.000000,22.000000,,,,0.000000,2.000000,2.000000,0.000000,4.000000,2.000000,2.000000,0.000000,0.000000,4.000000,4.000000,4.000000,4.000000,4.000000,4.000000,0.000000,,,,,,,,,,,,,,,,,,,,,,,,,,,,
1732157938.582849,1732157938.585693,106.000000,0.000000,4288.205078,4280.769043,4310.769043,4294.871582,4298.461426,4278.717773,4335.256348,4399.615234,4296.410156,4285.128418,4472.820313,4490.641113,4350.641113,4410.897461,1546.000000,1.000000,22.000000,,,,0.000000,2.000000,2.000000,0.000000,4.000000,2.000000,2.000000,0.000000,0.000000,4.000000,4.000000,4.000000,4.000000,4.000000,4.000000,0.000000,,,,,,,,,,,,,,,,,,,,,,,,,,,,
1732157938.590657,1732157938.593501,107.000000,0.000000,4288.589844,4283.333496,4310.897461,4296.282227,4281.538574,4278.461426,4334.615234,4401.538574,4303.846191,4296.025879,4482.820313,4500.128418,4350.384766,4411.410156,1566.000000,1.000000,22.000000,,,,0.000000,2.000000,2.000000,0.000000,4.000000,2.000000,2.000000,0.000000,0.000000,4.000000,4.000000,4.000000,4.000000,4.000000,4.000000,0.000000,,,,,,,,,,,,,,,,,,,,,,,,,,,,
1732157938.598466,1732157938.601409,108.000000,0.000000,4289.358887,4281.538574,4312.692383,4296.282227,4259.743652,4280.769043,4335.000000,4402.307617,4304.102539,4292.948730,4487.051270,4509.743652,4347.563965,4413.461426,1701.000000,1.000000,22.000000,,,,0.000000,2.000000,2.000000,0.000000,4.000000,2.000000,2.000000,0.000000,0.000000,4.000000,4.000000,4.000000,4.000000,4.000000,4.000000,0.000000,,,,,,,,,,,,,,,,,27.000000,0.000000,0.499477,0.456604,-0.564270,0.472900,0.985960,-0.058601,-0.052252,-36.508686,44.814564,31.787531
1732157938.606274,1732157938.609217,109.000000,0.000000,4293.717773,4281.153809,4311.538574,4298.333496,4267.820313,4283.589844,4335.769043,4401.025879,4300.512695,4289.743652,4481.538574,4505.641113,4344.230957,4414.743652,1609.000000,1.000000,22.000000,,,,0.000000,2.000000,2.000000,0.000000,4.000000,2.000000,2.000000,0.000000,0.000000,4.000000,4.000000,4.000000,4.000000,4.000000,4.000000,0.000000,,,,,,,,,,,,,,,,,,,,,,,,,,,,
1732157938.614082,1732157938.616826,110.000000,0.000000,4295.256348,4283.461426,4310.769043,4300.512695,4286.025879,4285.128418,4334.487305,4401.410156,4302.179688,4293.333496,4480.897461,4507.051270,4343.461426,4417.051270,1546.000000,1.000000,22.000000,,,,0.000000,2.000000,2.000000,0.000000,4.000000,2.000000,2.000000,0.000000,0.000000,4.000000,4.000000,4.000000,4.000000,4.000000,4.000000,0.000000,,,,,,,,,,,,,,,,,,,,,,,,,,,,
1732157938.621890,1732157938.624634,111.000000,0.000000,4288.974121,4285.256348,4315.000000,4299.358887,4297.436035,4281.794922,4334.102539,4403.589844,4301.538574,4288.717773,4480.897461,4508.974121,4342.307617,4411.922852,1566.000000,1.000000,22.000000,,,,0.000000,2.000000,2.000000,0.000000,4.000000,2.000000,2.000000,0.000000,0.000000,4.000000,4.000000,4.000000,4.000000,4.000000,4.000000,0.000000,,,,,,,,,,,,,,,,,,,,,,,,,,,,
1732157938.629699,1732157938.632342,112.000000,0.000000,4282.436035,4288.589844,4314.615234,4299.871582,4289.487305,4281.922852,4336.025879,4403.205078,4306.025879,4289.102539,4477.436035,4501.153809,4340.000000,4402.948730,1701.000000,1.000000,22.000000,,,,0.000000,2.000000,2.000000,0.000000,4.000000,2.000000,2.000000,0.000000,0.000000,4.000000,4.000000,4.000000,4.000000,4.000000,4.000000,0.000000,,,,,,,,,,,,,,,,,28.000000,0.000000,0.499492,0.456726,-0.564209,0.472839,0.973752,-0.067391,-0.057136,-36.760368,44.849796,31.384565
1732157938.637507,1732157938.640151,113.000000,0.000000,4284.102539,4286.410156,4310.384766,4299.487305,4266.794922,4288.589844,4335.256348,4398.589844,4313.461426,4298.717773,4478.846191,4498.077148,4342.820313,4404.102539,1609.000000,1.000000,22.000000,,,,0.000000,2.000000,2.000000,0.000000,4.000000,2.000000,2.000000,0.000000,0.000000,4.000000,4.000000,4.000000,4.000000,4.000000,4.000000,0.000000,,,,,,,,,,,,,,,,,,,,,,,,,,,,
1732157938.645315,1732157938.648159,114.000000,0.000000,4291.538574,4279.871582,4312.563965,4295.128418,4265.256348,4289.743652,4333.461426,4397.563965,4308.461426,4296.410156,4486.538574,4505.128418,4350.128418,4412.179688,1546.000000,1.000000,22.000000,,,,0.000000,2.000000,2.000000,0.000000,4.000000,2.000000,2.000000,0.000000,0.000000,4.000000,4.000000,4.000000,4.000000,4.000000,4.000000,0.000000,,,,,,,,,,,,,,,,,,,,,,,,,,,,
1732157938.653123,1732157938.655967,115.000000,0.000000,4293.717773,4279.358887,4314.743652,4293.846191,4283.077148,4282.563965,4334.102539,4403.846191,4304.487305,4289.743652,4489.102539,4516.666504,4352.692383,4413.974121,1566.000000,1.000000,22.000000,,,,0.000000,2.000000,2.000000,0.000000,4.000000,2.000000,2.000000,0.000000,0.000000,4.000000,4.000000,4.000000,4.000000,4.000000,4.000000,0.000000,,,,,,,,,,,,,,,,,,,,,,,,,,,,
1732157938.660931,1732157938.663875,116.000000,0.000000,4287.948730,4283.077148,4310.256348,4297.051270,4279.358887,4280.641113,4334.871582,4408.333496,4311.666504,4295.000000,4490.641113,4521.410156,4351.538574,4411.794922,1701.000000,1.000000,22.000000,,,,0.000000,2.000000,2.000000,0.000000,4.000000,2.000000,2.000000,0.000000,0.000000,4.000000,4.000000,4.000000,4.000000,4.000000,4.000000,0.000000,,,,,,,,,,,,,,,,,29.000000,0.000000,0.499233,0.456543,-0.564331,0.473145,0.973263,-0.080576,-0.063484,-36.587566,44.703335,31.399832
1732157938.668740,1732157938.671683,117.000000,0.000000,4281.794922,4281.282227,4310.641113,4296.282227,4282.051270,4282.820313,4335.256348,4407.692383,4312.563965,4298.974121,4490.128418,4512.436035,4350.512695,4413.205078,1609.000000,1.000000,22.000000,,,,0.000000,2.000000,2.000000,0.000000,4.000000,2.000000,2.000000,0.000000,0.000000,4.000000,4.000000,4.000000,4.000000,4.000000,4.000000,0.000000,,,,,,,,,,,,,,,,,,,,,,,,,,,,
1732157938.676548,1732157938.679691,118.000000,0.000000,4279.743652,4279.230957,4314.871582,4293.717773,4302.051270,4280.384766,4335.897461,4403.846191,4306.025879,4294.615234,4481.666504,4504.230957,4346.282227,4410.769043,1546.000000,1.000000,22.000000,,,,0.000000,2.000000,2.000000,0.000000,4.000000,2.000000,2.000000,0.000000,0.000000,4.000000,4.000000,4.000000,4.000000,4.000000,4.000000,0.000000,,,,,,,,,,,,,,,,,,,,,,,,,,,,
1732157938.684356,1732157938.687499,119.000000,0.000000,4279.230957,4279.871582,4314.487305,4294.487305,4291.666504,4282.692383,4334.358887,4400.512695,4301.666504,4294.102539,4474.487305,4505.000000,4341.410156,4405.256348,1566.000000,1.000000,22.000000,,,,0.000000,2.000000,2.000000,0.000000,4.000000,2.000000,2.000000,0.000000,0.000000,4.000000,4.000000,4.000000,4.000000,4.000000,4.000000,0.000000,,,,,,,,,,,,,,,,,,,,,,,,,,,,
1732157938.692165,1732157938.695407,120.000000,0.000000,4280.384766,4279.743652,4312.820313,4296.666504,4267.436035,4291.922852,4333.333496,4400.384766,4305.512695,4297.051270,4475.641113,4506.922852,4346.410156,4405.512695,1701.000000,1.000000,22.000000,,,,0.000000,2.000000,2.000000,0.000000,4.000000,2.000000,2.000000,0.000000,0.000000,4.000000,4.000000,4.000000,4.000000,4.000000,4.000000,0.000000,,,,,,,,,,,,,,,,,30.000000,0.000000,0.499122,0.456299,-0.564575,0.473206,0.975705,-0.070809,-0.053717,-36.307594,44.636368,31.258863
1732157938.699973,1732157938.703216,121.000000,0.000000,4283.333496,4279.230957,4312.820313,4297.307617,4271.153809,4296.794922,4335.256348,4402.307617,4311.282227,4297.179688,4478.717773,4507.307617,4349.871582,4406.538574,1609.000000,1.000000,22.000000,,,,0.000000,2.000000,2.000000,0.000000,4.000000,2.000000,2.000000,0.000000,0.000000,4.000000,4.000000,4.000000,4.000000,4.000000,4.000000,0.000000,,,,,,,,,,,,,,,,,,,,,,,,,,,,
1732157938.707781,1732157938.711224,122.000000,0.000000,4281.153809,4277.692383,4312.563965,4295.512695,4295.512695,4296.025879,4336.410156,4402.563965,4304.358887,4292.820313,4475.769043,4502.563965,4344.487305,4403.589844,1546.000000,1.000000,22.000000,,,,0.000000,2.000000,2.000000,0.000000,4.000000,2.000000,2.000000,0.000000,0.000000,4.000000,4.000000,4.000000,4.000000,4.000000,4.000000,0.000000,,,,,,,,,,,,,,,,,,,,,,,,,,,,
1732157938.715589,1732157938.719032,123.000000,0.000000,4278.205078,4277.948730,4312.948730,4294.358887,4304.230957,4291.282227,4335.000000,4401.410156,4292.307617,4290.384766,4471.666504,4496.538574,4343.333496,4401.410156,1566.000000,1.000000,22.000000,,,,0.000000,2.000000,2.000000,0.000000,4.000000,2.000000,2.000000,0.000000,0.000000,4.000000,4.000000,4.000000,4.000000,4.000000,4.000000,0.000000,,,,,,,,,,,,,,,,,,,,,,,,,,,,
1732157938.723398,1732157938.726940,124.000000,0.000000,4282.948730,4279.871582,4315.000000,4296.025879,4283.717773,4285.128418,4333.589844,4402.436035,4298.077148,4293.589844,4473.205078,4496.922852,4350.256348,4403.333496,1701.000000,1.000000,22.000000,,,,0.000000,2.000000,2.000000,0.000000,4.000000,2.000000,2.000000,0.000000,0.000000,4.000000,4.000000,4.000000,4.000000,4.000000,4.000000,0.000000,,,,,,,,,,,,,,,,,31.000000,0.000000,0.499066,0.456360,-0.564575,0.473206,0.964473,-0.074228,-0.044927,-36.154152,44.325459,31.431347
1732157938.731206,1732157938.734748,125.000000,0.000000,4288.333496,4283.205078,4314.102539,4298.974121,4268.077148,4282.307617,4333.589844,4403.077148,4306.410156,4297.563965,4476.153809,4498.333496,4355.512695,4406.538574,1609.000000,1.000000,22.000000,,,,0.000000,2.000000,2.000000,0.000000,4.000000,2.000000,2.000000,0.000000,0.000000,4.000000,4.000000,4.000000,4.000000,4.000000,4.000000,0.000000,,,,,,,,,,,,,,,,,,,,,,,,,,,,
1732157938.739014,1732157938.742357,126.000000,0.000000,4290.897461,4285.256348,4312.692383,4301.666504,4289.230957,4283.077148,4333.846191,4401.282227,4298.974121,4297.436035,4476.410156,4501.282227,4353.461426,4410.769043,1546.000000,1.000000,22.000000,,,,0.000000,2.000000,2.000000,0.000000,4.000000,2.000000,2.000000,0.000000,0.000000,4.000000,4.000000,4.000000,4.000000,4.000000,4.000000,0.000000,,,,,,,,,,,,,,,,,,,,,,,,,,,,
1732157938.746822,1732157938.750165,127.000000,0.000000,4291.410156,4282.820313,4312.692383,4300.256348,4299.487305,4280.128418,4333.589844,4399.615234,4298.589844,4295.769043,4477.820313,4508.974121,4349.743652,4414.230957,22.000000,1.000000,22.000000,,,,0.000000,2.000000,2.000000,0.000000,4.000000,2.000000,2.000000,0.000000,0.000000,4.000000,4.000000,4.000000,4.000000,4.000000,4.000000,0.000000,,,,,,,,,,,,,,,,,,,,,,,,,,,,
1732157938.754630,1732157938.757873,0.000000,0.000000,4292.051270,4280.256348,4313.205078,4298.717773,4270.897461,4280.512695,4333.461426,4401.410156,4305.897461,4296.153809,4479.230957,4510.000000,4350.384766,4415.641113,0.000000,1.000000,22.000000,,,,0.000000,2.000000,2.000000,0.000000,4.000000,2.000000,2.000000,0.000000,0.000000,4.000000,4.000000,4.000000,4.000000,4.000000,4.000000,0.000000,,,,,,,,,,,,,,,,,0.000000,0.000000,0.499008,0.456360,-0.564575,0.473267,0.969845,-0.085460,-0.059089,-36.124863,44.231956,31.571056
1732157938.762439,1732157938.765681,1.000000,0.000000,4287.692383,4282.051270,4312.563965,4299.358887,4265.128418,4289.487305,4333.974121,4401.666504,4298.974121,4294.743652,4475.128418,4501.153809,4348.717773,4414.487305,1604.000000,1.000000,22.000000,,,,0.000000,2.000000,2.000000,0.000000,4.000000,2.000000,2.000000,0.000000,0.000000,4.000000,4.000000,4.000000,4.000000,4.000000,4.000000,0.000000,,,,,,,,,,,,,,,,,,,,,,,,,,,,
1732157938.770247,1732157938.773290,2.000000,0.000000,4282.692383,4283.589844,4312.307617,4300.512695,4289.102539,4295.384766,4333.717773,4399.487305,4293.717773,4290.641113,4472.436035,4496.153809,4344.743652,4412.820313,1366.000000,1.000000,22.000000,,,,0.000000,2.000000,2.000000,0.000000,4.000000,2.000000,2.000000,0.000000,0.000000,4.000000,4.000000,4.000000,4.000000,4.000000,4.000000,0.000000,,,,,,,,,,,,,,,,,,,,,,,,,,,,
1732157938.778055,1732157938.781098,3.000000,0.000000,4287.307617,4281.282227,4312.692383,4304.102539,4293.589844,4295.641113,4333.205078,4400.384766,4303.461426,4291.794922,4475.769043,4493.077148,4346.666504,4411.410156,1421.000000,1.000000,22.000000,,,,0.000000,2.000000,2.000000,0.000000,4.000000,2.000000,2.000000,0.000000,0.000000,4.000000,4.000000,4.000000,4.000000,4.000000,4.000000,0.000000,,,,,,,,,,,,,,,,,,,,,,,,,,,,
1732157938.785864,1732157938.788806,4.000000,0.000000,4290.256348,4280.512695,4313.461426,4304.358887,4290.384766,4292.051270,4335.000000,4404.615234,4304.615234,4293.077148,4476.538574,4488.205078,4345.641113,4406.282227,1424.000000,1.000000,22.000000,,,,0.000000,2.000000,2.000000,0.000000,4.000000,2.000000,2.000000,0.000000,0.000000,4.000000,4.000000,4.000000,4.000000,4.000000,4.000000,0.000000,,,,,,,,,,,,,,,,,1.000000,0.000000,0.499244,0.456116,-0.564819,0.472961,0.984984,-0.083018,-0.061043,-36.024471,44.237885,31.727556
1732157938.793672,1732157938.796614,5.000000,0.000000,4282.820313,4282.051270,4313.589844,4297.820313,4296.666504,4287.051270,4336.666504,4405.769043,4297.307617,4289.871582,4472.436035,4488.077148,4339.743652,4403.461426,1210.000000,1.000000,22.000000,,,,0.000000,2.000000,2.000000,0.000000,4.000000,2.000000,2.000000,0.000000,0.000000,4.000000,4.000000,4.000000,4.000000,4.000000,4.000000,0.000000,,,,,,,,,,,,,,,,,,,,,,,,,,,,
1732157938.801480,1732157938.804223,6.000000,0.000000,4277.948730,4282.179688,4312.820313,4295.256348,4287.948730,4284.871582,4335.384766,4402.948730,4306.922852,4292.179688,4473.974121,4490.128418,4346.282227,4409.102539,0.000000,1.000000,22.000000,,,,0.000000,2.000000,2.000000,0.000000,4.000000,2.000000,2.000000,0.000000,0.000000,4.000000,4.000000,4.000000,4.000000,4.000000,4.000000,0.000000,,,,,,,,,,,,,,,,,,,,,,,,,,,,
1732157938.809288,1732157938.812031,7.000000,0.000000,4280.897461,4278.846191,4311.922852,4293.589844,4287.307617,4284.102539,4333.461426,4401.538574,4314.102539,4297.051270,4482.436035,4489.358887,4354.358887,4413.077148,0.000000,1.000000,22.000000,,,,0.000000,2.000000,2.000000,0.000000,4.000000,2.000000,2.000000,0.000000,0.000000,4.000000,4.000000,4.000000,4.000000,4.000000,4.000000,0.000000,,,,,,,,,,,,,,,,,,,,,,,,,,,,
1732157938.817097,1732157938.819739,8.000000,0.000000,4281.922852,4276.922852,4311.282227,4287.436035,4302.307617,4279.743652,4334.102539,4401.282227,4303.205078,4294.102539,4487.948730,4491.410156,4351.153809,4410.512695,1533.000000,1.000000,22.000000,,,,0.000000,2.000000,2.000000,0.000000,4.000000,2.000000,2.000000,0.000000,0.000000,4.000000,4.000000,4.000000,4.000000,4.000000,4.000000,0.000000,,,,,,,,,,,,,,,,,2.000000,0.000000,0.499187,0.456116,-0.564819,0.473022,0.989379,-0.082530,-0.050299,-36.041489,44.202686,31.680986
1732157938.824905,1732157938.827548,9.000000,0.000000,4282.948730,4277.948730,4312.563965,4287.179688,4288.717773,4277.820313,4335.256348,4399.358887,4301.538574,4291.538574,4486.538574,4499.358887,4351.794922,4410.897461,1691.000000,1.000000,22.000000,,,,0.000000,2.000000,2.000000,0.000000,4.000000,2.000000,2.000000,0.000000,0.000000,4.000000,4.000000,4.000000,4.000000,4.000000,4.000000,0.000000,,,,,,,,,,,,,,,,,,,,,,,,,,,,
1732157938.832713,1732157938.835156,10.000000,0.000000,4283.846191,4278.333496,4315.641113,4292.820313,4268.077148,4284.615234,4335.384766,4399.487305,4311.794922,4295.128418,4485.769043,4502.436035,4359.230957,4413.974121,1546.000000,1.000000,22.000000,,,,0.000000,2.000000,2.000000,0.000000,4.000000,2.000000,2.000000,0.000000,0.000000,4.000000,4.000000,4.000000,4.000000,4.000000,4.000000,0.000000,,,,,,,,,,,,,,,,,,,,,,,,,,,,
1732157938.840521,1732157938.842964,11.000000,0.000000,4283.461426,4278.333496,4313.846191,4291.538574,4275.769043,4292.948730,4335.512695,4402.179688,4313.846191,4298.333496,4487.820313,4498.205078,4357.820313,4412.436035,1566.000000,1.000000,22.000000,,,,0.000000,2.000000,2.000000,0.000000,4.000000,2.000000,2.000000,0.000000,0.000000,4.000000,4.000000,4.000000,4.000000,4.000000,4.000000,0.000000,,,,,,,,,,,,,,,,,,,,,,,,,,,,
1732157938.848329,1732157938.850673,12.000000,0.000000,4286.922852,4276.282227,4310.769043,4292.307617,4281.025879,4292.179688,4336.538574,4401.538574,4313.846191,4300.256348,4486.410156,4498.846191,4351.410156,4411.410156,1701.000000,1.000000,22.000000,,,,0.000000,2.000000,2.000000,0.000000,4.000000,2.000000,2.000000,0.000000,0.000000,4.000000,4.000000,4.000000,4.000000,4.000000,4.000000,0.000000,,,,,,,,,,,,,,,,,3.000000,0.000000,0.499274,0.455933,-0.564941,0.472961,0.992797,-0.086436,-0.056648,-36.191940,44.195843,31.709932
1732157938.856138,1732157938.858481,13.000000,0.000000,4288.205078,4274.743652,4312.820313,4295.769043,4279.358887,4282.948730,4336.922852,4399.871582,4314.487305,4299.358887,4478.974121,4502.051270,4350.256348,4411.922852,1608.000000,1.000000,22.000000,,,,0.000000,2.000000,2.000000,0.000000,4.000000,2.000000,2.000000,0.000000,0.000000,4.000000,4.000000,4.000000,4.000000,4.000000,4.000000,0.000000,,,,,,,,,,,,,,,,,,,,,,,,,,,,
1732157938.863946,1732157938.866089,14.000000,0.000000,4288.205078,4277.436035,4314.743652,4295.384766,4295.512695,4280.897461,4336.025879,4401.410156,4308.333496,4294.102539,4476.025879,4500.384766,4351.538574,4409.743652,1546.000000,1.000000,22.000000,,,,0.000000,2.000000,2.000000,0.000000,4.000000,2.000000,2.000000,0.000000,0.000000,4.000000,4.000000,4.000000,4.000000,4.000000,4.000000,0.000000,1.000000,0.000000,2.000000,2.000000,0.000000,1.000000,1.000000,1.000000,0.000000,0.000000,1.000000,4.000000,4.000000,4.000000,1.000000,3.000000,,,,,,,,,,,,
1732157938.871754,1732157938.873897,15.000000,0.000000,4295.128418,4279.871582,4313.205078,4295.512695,4297.051270,4287.563965,4335.256348,4401.666504,4306.794922,4290.384766,4485.000000,4502.563965,4351.410156,4409.487305,1566.000000,1.000000,22.000000,,,,0.000000,2.000000,2.000000,0.000000,4.000000,2.000000,2.000000,0.000000,0.000000,4.000000,4.000000,4.000000,4.000000,4.000000,4.000000,0.000000,,,,,,,,,,,,,,,,,,,,,,,,,,,,
1732157938.879563,1732157938.881606,16.000000,0.000000,4296.538574,4277.307617,4312.820313,4298.846191,4273.205078,4294.871582,4335.256348,4399.615234,4315.000000,4295.641113,4490.128418,4508.333496,4349.871582,4413.846191,0.000000,1.000000,22.000000,,,,0.000000,2.000000,2.000000,0.000000,4.000000,2.000000,2.000000,0.000000,0.000000,4.000000,4.000000,4.000000,4.000000,4.000000,4.000000,0.000000,,,,,,,,,,,,,,,,,4.000000,0.000000,0.499465,0.455750,-0.565125,0.472717,0.976682,-0.076670,-0.040532,-36.415470,44.358631,31.848379
1732157938.887371,1732157938.889414,17.000000,0.000000,4285.384766,4275.384766,4314.615234,4297.307617,4271.794922,4295.769043,4336.282227,4401.538574,4312.563965,4297.179688,4481.282227,4509.487305,4347.563965,4411.282227,0.000000,1.000000,22.000000,,,,0.000000,2.000000,2.000000,0.000000,4.000000,2.000000,2.000000,0.000000,0.000000,4.000000,4.000000,4.000000,4.000000,4.000000,4.000000,0.000000,,,,,,,,,,,,,,,,,,,,,,,,,,,,
1732157938.895179,1732157938.897422,18.000000,0.000000,4280.128418,4276.922852,4315.641113,4293.205078,4294.743652,4287.692383,4337.051270,4404.743652,4300.000000,4285.897461,4474.358887,4506.538574,4346.410156,4404.487305,0.000000,1.000000,22.000000,,,,0.000000,2.000000,2.000000,0.000000,4.000000,2.000000,2.000000,0.000000,0.000000,4.000000,4.000000,4.000000,4.000000,4.000000,4.000000,0.000000,,,,,,,,,,,,,,,,,,,,,,,,,,,,
1732157938.902987,1732157938.905230,19.000000,0.000000,4288.077148,4279.102539,4316.153809,4294.102539,4292.051270,4280.384766,4335.897461,4402.179688,4297.051270,4281.025879,4481.922852,4507.307617,4347.179688,4408.205078,0.000000,1.000000,22.000000,,,,0.000000,2.000000,2.000000,0.000000,4.000000,2.000000,2.000000,0.000000,0.000000,4.000000,4.000000,4.000000,4.000000,4.000000,4.000000,0.000000,,,,,,,,,,,,,,,,,,,,,,,,,,,,
1732157938.910796,1732157938.913138,20.000000,0.000000,4292.820313,4281.153809,4313.205078,4297.692383,4264.743652,4280.384766,4335.384766,4400.897461,4305.641113,4290.128418,4490.128418,4512.179688,4348.589844,4413.974121,0.000000,1.000000,22.000000,,,,0.000000,2.000000,2.000000,0.000000,4.000000,2.000000,2.000000,0.000000,0.000000,4.000000,4.000000,4.000000,4.000000,4.000000,4.000000,0.000000,,,,,,,,,,,,,,,,,5.000000,0.000000,0.499642,0.455505,-0.565369,0.472473,0.969357,-0.067391,-0.069344,-36.633198,44.418827,31.785521
1732157938.918604,1732157938.920946,21.000000,0.000000,4285.641113,4281.282227,4309.358887,4296.025879,4258.589844,4281.282227,4336.410156,4405.512695,4312.179688,4294.358887,4485.128418,4512.179688,4350.000000,4412.692383,0.000000,1.000000,22.000000,,,,0.000000,2.000000,2.000000,0.000000,4.000000,2.000000,2.000000,0.000000,0.000000,4.000000,4.000000,4.000000,4.000000,4.000000,4.000000,0.000000,,,,,,,,,,,,,,,,,,,,,,,,,,,,
1732157938.926412,1732157938.928555,22.000000,0.000000,4280.128418,4278.333496,4309.358887,4291.794922,4275.769043,4282.820313,4336.794922,4404.615234,4311.410156,4292.948730,4477.179688,4502.820313,4351.282227,4409.743652,0.000000,1.000000,22.000000,,,,0.000000,2.000000,2.000000,0.000000,4.000000,2.000000,2.000000,0.000000,0.000000,4.000000,4.000000,4.000000,4.000000,4.000000,4.000000,0.000000,,,,,,,,,,,,,,,,,,,,,,,,,,,,
1732157938.934220,1732157938.936363,23.000000,0.000000,4281.282227,4277.948730,4310.897461,4291.538574,4276.794922,4287.179688,4336.922852,4400.128418,4309.230957,4291.794922,4475.256348,4493.077148,4348.333496,4405.641113,0.000000,1.000000,22.000000,,,,0.000000,2.000000,2.000000,0.000000,4.000000,2.000000,2.000000,0.000000,0.000000,4.000000,4.000000,4.000000,4.000000,4.000000,4.000000,0.000000,,,,,,,,,,,,,,,,,,,,,,,,,,,,
1732157938.942028,1732157938.944071,24.000000,0.000000,4280.256348,4280.512695,4311.794922,4292.436035,4272.820313,4286.153809,4336.538574,4402.307617,4309.230957,4286.282227,4476.025879,4495.641113,4342.436035,4402.820313,0.000000,1.000000,22.000000,,,,0.000000,2.000000,2.000000,0.000000,4.000000,2.000000,2.000000,0.000000,0.000000,4.000000,4.000000,4.000000,4.000000,4.000000,4.000000,0.000000,,,,,,,,,,,,,,,,,6.000000,0.000000,0.499611,0.455627,-0.565247,0.472534,0.976193,-0.068368,-0.055183,-36.512890,44.307583,31.699604
1732157938.949837,1732157938.951880,25.000000,0.000000,4282.820313,4273.205078,4311.025879,4291.922852,4292.051270,4279.743652,4334.871582,4403.077148,4307.307617,4283.461426,4475.000000,4501.666504,4341.794922,4406.410156,0.000000,1.000000,22.000000,,,,0.000000,2.000000,2.000000,0.000000,4.000000,2.000000,2.000000,0.000000,0.000000,4.000000,4.000000,4.000000,4.000000,4.000000,4.000000,0.000000,,,,,,,,,,,,,,,,,,,,,,,,,,,,
1732157938.957645,1732157938.959488,26.000000,0.000000,4290.897461,4266.538574,4310.641113,4294.743652,4294.615234,4279.871582,4335.000000,4399.487305,4302.307617,4287.692383,4475.000000,4501.666504,4346.794922,4411.153809,0.000000,1.000000,22.000000,,,,0.000000,2.000000,2.000000,0.000000,4.000000,2.000000,2.000000,0.000000,0.000000,4.000000,4.000000,4.000000,4.000000,4.000000,4.000000,0.000000,,,,,,,,,,,,,,,,,,,,,,,,,,,,
1732157938.965453,1732157938.967296,27.000000,0.000000,4295.384766,4272.179688,4315.512695,4298.205078,4268.717773,4283.974121,4336.538574,4399.615234,4306.410156,4293.077148,4481.538574,4508.077148,4351.410156,4413.974121,0.000000,1.000000,22.000000,,,,0.000000,2.000000,2.000000,0.000000,4.000000,2.000000,2.000000,0.000000,0.000000,4.000000,4.000000,4.000000,4.000000,4.000000,4.000000,0.000000,,,,,,,,,,,,,,,,,,,,,,,,,,,,
1732157938.973261,1732157938.975204,28.000000,0.000000,4294.743652,4275.000000,4319.871582,4301.153809,4257.692383,4285.128418,4336.282227,4402.179688,4311.410156,4295.384766,4490.128418,4517.563965,4351.666504,4415.384766,0.000000,1.000000,22.000000,,,,0.000000,2.000000,2.000000,0.000000,4.000000,2.000000,2.000000,0.000000,0.000000,4.000000,4.000000,4.000000,4.000000,4.000000,4.000000,0.000000,,,,,,,,,,,,,,,,,7.000000,0.000000,0.499523,0.455750,-0.565125,0.472656,0.980100,-0.078623,-0.050299,-36.697109,44.467476,31.655014
1732157938.981070,1732157938.983012,29.000000,0.000000,4295.512695,4272.179688,4314.743652,4300.897461,4278.717773,4282.436035,4335.384766,4403.077148,4300.256348,4285.897461,4486.538574,4514.871582,4347.179688,4414.230957,0.000000,1.000000,22.000000,,,,0.000000,2.000000,2.000000,0.000000,4.000000,2.000000,2.000000,0.000000,0.000000,4.000000,4.000000,4.000000,4.000000,4.000000,4.000000,0.000000,,,,,,,,,,,,,,,,,,,,,,,,,,,,
1732157938.988878,1732157938.991020,30.000000,0.000000,4296.025879,4277.051270,4311.794922,4301.410156,4293.717773,4278.717773,4335.256348,4402.179688,4293.205078,4278.333496,4480.000000,4506.410156,4344.743652,4417.948730,0.000000,1.000000,22.000000,,,,0.000000,2.000000,2.000000,0.000000,4.000000,2.000000,2.000000,0.000000,0.000000,4.000000,4.000000,4.000000,4.000000,4.000000,4.000000,0.000000,,,,,,,,,,,,,,,,,,,,,,,,,,,,
1732157938.996686,1732157938.998829,31.000000,0.000000,4296.794922,4282.948730,4315.384766,4307.051270,4277.051270,4279.230957,4334.743652,4400.512695,4303.589844,4287.948730,4487.179688,4507.436035,4349.230957,4422.692383,0.000000,1.000000,22.000000,,,,0.000000,2.000000,2.000000,0.000000,4.000000,2.000000,2.000000,0.000000,0.000000,4.000000,4.000000,4.000000,4.000000,4.000000,4.000000,0.000000,,,,,,,,,,,,,,,,,,,,,,,,,,,,
1732157939.004495,1732157939.006737,32.000000,0.000000,4298.077148,4280.256348,4316.153809,4307.563965,4257.563965,4282.179688,4334.615234,4402.436035,4310.512695,4293.461426,4491.153809,4510.512695,4351.922852,4418.846191,0.000000,1.000000,22.000000,,,,0.000000,2.000000,2.000000,0.000000,4.000000,2.000000,2.000000,0.000000,0.000000,4.000000,4.000000,4.000000,4.000000,4.000000,4.000000,0.000000,,,,,,,,,,,,,,,,,8.000000,0.000000,0.499640,0.455444,-0.565369,0.472534,0.983518,-0.086436,-0.052252,-36.846325,44.563656,31.735561
1732157939.012303,1732157939.014545,33.000000,0.000000,4293.717773,4278.717773,4312.051270,4299.230957,4273.461426,4281.025879,4334.871582,4403.846191,4300.897461,4281.025879,4480.128418,4503.205078,4348.717773,4412.692383,0.000000,1.000000,22.000000,,,,0.000000,2.000000,2.000000,0.000000,4.000000,2.000000,2.000000,0.000000,0.000000,4.000000,4.000000,4.000000,4.000000,4.000000,4.000000,0.000000,,,,,,,,,,,,,,,,,,,,,,,,,,,,
1732157939.020111,1732157939.022553,34.000000,0.000000,4292.179688,4278.333496,4310.128418,4295.512695,4292.820313,4278.717773,4334.743652,4401.025879,4295.384766,4278.974121,4475.512695,4498.589844,4347.692383,4411.666504,0.000000,1.000000,22.000000,,,,0.000000,2.000000,2.000000,0.000000,4.000000,2.000000,2.000000,0.000000,0.000000,4.000000,4.000000,4.000000,4.000000,4.000000,4.000000,0.000000,,,,,,,,,,,,,,,,,,,,,,,,,,,,
1732157939.027919,1732157939.030361,35.000000,0.000000,4295.256348,4277.948730,4311.025879,4299.615234,4273.589844,4280.000000,4334.871582,4400.128418,4303.333496,4290.256348,4481.922852,4503.077148,4350.256348,4410.897461,0.000000,1.000000,22.000000,,,,0.000000,2.000000,2.000000,0.000000,4.000000,2.000000,2.000000,0.000000,0.000000,4.000000,4.000000,4.000000,4.000000,4.000000,4.000000,0.000000,,,,,,,,,,,,,,,,,,,,,,,,,,,,
1732157939.035727,1732157939.038070,36.000000,0.000000,4288.333496,4279.230957,4312.563965,4300.384766,4262.436035,4283.205078,4334.871582,4404.487305,4308.077148,4291.282227,4481.282227,4505.897461,4351.410156,4412.307617,0.000000,1.000000,22.000000,,,,0.000000,2.000000,2.000000,0.000000,4.000000,2.000000,2.000000,0.000000,0.000000,4.000000,4.000000,4.000000,4.000000,4.000000,4.000000,0.000000,,,,,,,,,,,,,,,,,9.000000,0.000000,0.499709,0.455444,-0.565308,0.472534,0.983518,-0.086436,-0.052252,-36.707188,44.563229,31.792471
1732157939.043536,1732157939.045878,37.000000,0.000000,4281.282227,4279.871582,4311.410156,4302.179688,4279.871582,4286.282227,4334.871582,4406.538574,4299.358887,4282.563965,4476.025879,4501.025879,4350.384766,4413.333496,0.000000,1.000000,22.000000,,,,0.000000,2.000000,2.000000,0.000000,4.000000,2.000000,2.000000,0.000000,0.000000,4.000000,4.000000,4.000000,4.000000,4.000000,4.000000,0.000000,,,,,,,,,,,,,,,,,,,,,,,,,,,,
1732157939.051344,1732157939.053886,38.000000,0.000000,4288.717773,4281.538574,4312.820313,4308.461426,4286.410156,4287.692383,4334.871582,4406.922852,4293.077148,4279.743652,4476.410156,4498.333496,4347.436035,4408.461426,0.000000,1.000000,22.000000,,,,0.000000,2.000000,2.000000,0.000000,4.000000,2.000000,2.000000,0.000000,0.000000,4.000000,4.000000,4.000000,4.000000,4.000000,4.000000,0.000000,,,,,,,,,,,,,,,,,,,,,,,,,,,,
1732157939.059152,1732157939.061694,39.000000,0.000000,4295.641113,4281.410156,4316.538574,4308.333496,4292.436035,4283.974121,4334.871582,4406.025879,4300.897461,4283.333496,4476.922852,4499.743652,4342.820313,4402.051270,0.000000,1.000000,22.000000,,,,0.000000,2.000000,2.000000,0.000000,4.000000,2.000000,2.000000,0.000000,0.000000,4.000000,4.000000,4.000000,4.000000,4.000000,4.000000,0.000000,,,,,,,,,,,,,,,,,,,,,,,,,,,,
1732157939.066960,1732157939.069602,40.000000,0.000000,4292.820313,4280.512695,4313.589844,4305.256348,4302.307617,4281.794922,4334.871582,4402.436035,4305.128418,4282.307617,4473.846191,4498.205078,4338.461426,4400.897461,0.000000,1.000000,22.000000,,,,0.000000,2.000000,2.000000,0.000000,4.000000,2.000000,2.000000,0.000000,0.000000,4.000000,4.000000,4.000000,4.000000,4.000000,4.000000,0.000000,,,,,,,,,,,,,,,,,10.000000,0.000000,0.499640,0.455444,-0.565369,0.472534,0.979612,-0.086436,-0.047857,-36.701157,44.479546,31.833569
1732157939.074769,1732157939.077410,41.000000,0.000000,4291.410156,4282.051270,4310.256348,4307.820313,4287.436035,4282.820313,4334.871582,4400.128418,4300.000000,4277.948730,4472.051270,4494.230957,4337.179688,4401.538574,0.000000,1.000000,22.000000,,,,0.000000,2.000000,2.000000,0.000000,4.000000,2.000000,2.000000,0.000000,0.000000,4.000000,4.000000,4.000000,4.000000,4.000000,4.000000,0.000000,,,,,,,,,,,,,,,,,,,,,,,,,,,,
1732157939.082577,1732157939.085418,42.000000,0.000000,4289.487305,4281.282227,4312.820313,4306.794922,4272.051270,4281.153809,4334.743652,4402.436035,4295.769043,4278.846191,4471.666504,4492.692383,4337.051270,4399.358887,0.000000,1.000000,22.000000,,,,0.000000,2.000000,2.000000,0.000000,4.000000,2.000000,2.000000,0.000000,0.000000,4.000000,4.000000,4.000000,4.000000,4.000000,4.000000,0.000000,,,,,,,,,,,,,,,,,,,,,,,,,,,,
1732157939.090385,1732157939.093226,43.000000,0.000000,4288.077148,4280.256348,4315.128418,4301.282227,4278.974121,4286.153809,4334.871582,4405.256348,4296.025879,4280.256348,4471.153809,4494.358887,4334.871582,4399.487305,0.000000,1.000000,22.000000,,,,0.000000,2.000000,2.000000,0.000000,4.000000,2.000000,2.000000,0.000000,0.000000,4.000000,4.000000,4.000000,4.000000,4.000000,4.000000,0.000000,,,,,,,,,,,,,,,,,,,,,,,,,,,,
1732157939.098194,1732157939.101135,44.000000,0.000000,4294.487305,4285.641113,4313.077148,4307.307617,4282.820313,4294.615234,4335.000000,4402.436035,4298.717773,4279.743652,4472.307617,4499.230957,4336.025879,4405.769043,0.000000,1.000000,22.000000,,,,0.000000,2.000000,2.000000,0.000000,4.000000,2.000000,2.000000,0.000000,0.000000,4.000000,4.000000,4.000000,4.000000,4.000000,4.000000,0.000000,,,,,,,,,,,,,,,,,11.000000,0.000000,0.499784,0.455261,-0.565491,0.472412,0.990355,-0.083995,-0.052252,-36.479603,44.433434,31.951857
1732157939.106002,1732157939.108943,45.000000,0.000000,4297.692383,4289.743652,4310.256348,4313.077148,4291.410156,4289.487305,4334.615234,4400.512695,4296.410156,4278.717773,4472.948730,4499.487305,4340.512695,4408.461426,0.000000,1.000000,22.000000,,,,0.000000,2.000000,2.000000,0.000000,4.000000,2.000000,2.000000,0.000000,0.000000,4.000000,4.000000,4.000000,4.000000,4.000000,4.000000,0.000000,,,,,,,,,,,,,,,,,,,,,,,,,,,,
1732157939.113810,1732157939.116751,46.000000,0.000000,4294.871582,4288.846191,4310.897461,4309.230957,4302.436035,4281.025879,4335.256348,4402.692383,4294.487305,4278.461426,4473.333496,4495.641113,4342.179688,4406.922852,0.000000,1.000000,22.000000,,,,0.000000,2.000000,2.000000,0.000000,4.000000,2.000000,2.000000,0.000000,0.000000,4.000000,4.000000,4.000000,4.000000,4.000000,4.000000,0.000000,,,,,,,,,,,,,,,,,,,,,,,,,,,,
1732157939.121618,1732157939.124559,47.000000,0.000000,4295.641113,4294.102539,4315.512695,4309.487305,4281.666504,4284.230957,4336.410156,4402.692383,4297.563965,4279.743652,4475.000000,4501.666504,4341.794922,4409.102539,0.000000,1.000000,22.000000,,,,0.000000,2.000000,2.000000,0.000000,4.000000,2.000000,2.000000,0.000000,0.000000,4.000000,4.000000,4.000000,4.000000,4.000000,4.000000,0.000000,,,,,,,,,,,,,,,,,,,,,,,,,,,,
1732157939.129426,1732157939.132268,48.000000,0.000000,4297.436035,4295.128418,4317.820313,4312.948730,4266.538574,4287.307617,4335.769043,4400.128418,4300.128418,4281.794922,4473.717773,4505.641113,4342.948730,4410.769043,0.000000,1.000000,22.000000,,,,0.000000,2.000000,2.000000,0.000000,4.000000,2.000000,2.000000,0.000000,0.000000,4.000000,4.000000,4.000000,4.000000,4.000000,4.000000,0.000000,,,,,,,,,,,,,,,,,12.000000,0.000000,0.499813,0.455078,-0.565613,0.472412,0.968380,-0.074228,-0.057624,-36.336811,44.351082,32.032669
1732157939.137235,1732157939.140076,49.000000,0.000000,4295.000000,4287.948730,4315.897461,4311.153809,4291.666504,4283.077148,4335.000000,4400.512695,4295.641113,4280.641113,4471.922852,4495.769043,4342.563965,4411.153809,0.000000,1.000000,22.000000,,,,0.000000,2.000000,2.000000,0.000000,4.000000,2.000000,2.000000,0.000000,0.000000,4.000000,4.000000,4.000000,4.000000,4.000000,4.000000,0.000000,,,,,,,,,,,,,,,,,,,,,,,,,,,,
1732157939.145043,1732157939.148084,50.000000,0.000000,4293.717773,4287.179688,4315.256348,4308.461426,4295.384766,4280.128418,4336.153809,4403.077148,4291.666504,4278.333496,4473.077148,4488.717773,4342.436035,4412.179688,0.000000,1.000000,22.000000,,,,0.000000,2.000000,2.000000,0.000000,4.000000,2.000000,2.000000,0.000000,0.000000,4.000000,4.000000,4.000000,4.000000,4.000000,4.000000,0.000000,,,,,,,,,,,,,,,,,,,,,,,,,,,,
1732157939.152851,1732157939.155892,51.000000,0.000000,4293.461426,4287.436035,4315.769043,4306.538574,4265.128418,4281.025879,4336.538574,4402.692383,4296.282227,4278.846191,4473.333496,4491.794922,4342.179688,4406.538574,0.000000,1.000000,22.000000,,,,0.000000,2.000000,2.000000,0.000000,4.000000,2.000000,2.000000,0.000000,0.000000,4.000000,4.000000,4.000000,4.000000,4.000000,4.000000,0.000000,,,,,,,,,,,,,,,,,,,,,,,,,,,,
1732157939.160659,1732157939.163600,52.000000,0.000000,4292.692383,4284.743652,4313.974121,4304.230957,4259.102539,4284.871582,4335.641113,4399.487305,4299.743652,4279.743652,4471.794922,4493.333496,4340.512695,4404.102539,0.000000,1.000000,22.000000,,,,0.000000,2.000000,2.000000,0.000000,4.000000,2.000000,2.000000,0.000000,0.000000,4.000000,4.000000,4.000000,4.000000,4.000000,4.000000,0.000000,,,,,,,,,,,,,,,,,13.000000,0.000000,0.499744,0.455078,-0.565674,0.472412,0.968380,-0.074228,-0.057624,-36.304485,44.537708,32.026463
1732157939.168468,1732157939.171408,53.000000,0.000000,4292.692383,4285.256348,4312.563965,4303.205078,4287.179688,4285.641113,4335.897461,4401.025879,4296.538574,4278.846191,4472.692383,4492.307617,4340.769043,4408.333496,0.000000,1.000000,22.000000,,,,0.000000,2.000000,2.000000,0.000000,4.000000,2.000000,2.000000,0.000000,0.000000,4.000000,4.000000,4.000000,4.000000,4.000000,4.000000,0.000000,,,,,,,,,,,,,,,,,,,,,,,,,,,,
1732157939.176276,1732157939.179017,54.000000,0.000000,4294.102539,4283.077148,4310.512695,4300.769043,4299.743652,4281.410156,4335.256348,4405.128418,4295.128418,4277.820313,4473.077148,4493.461426,4341.025879,4406.666504,0.000000,1.000000,22.000000,,,,0.000000,2.000000,2.000000,0.000000,4.000000,2.000000,2.000000,0.000000,0.000000,4.000000,4.000000,4.000000,4.000000,4.000000,4.000000,0.000000,,,,,,,,,,,,,,,,,,,,,,,,,,,,
1732157939.184084,1732157939.186825,55.000000,0.000000,4294.230957,4280.641113,4311.410156,4300.897461,4279.743652,4285.256348,4334.743652,4404.230957,4297.051270,4279.102539,4472.820313,4492.179688,4341.282227,4403.717773,0.000000,1.000000,22.000000,,,,0.000000,2.000000,2.000000,0.000000,4.000000,2.000000,2.000000,0.000000,0.000000,4.000000,4.000000,4.000000,4.000000,4.000000,4.000000,0.000000,,,,,,,,,,,,,,,,,,,,,,,,,,,,
1732157939.191893,1732157939.194533,56.000000,0.000000,4294.615234,4286.410156,4312.436035,4307.820313,4268.846191,4290.384766,4336.025879,4401.922852,4298.205078,4281.153809,4472.692383,4492.820313,4341.922852,4404.871582,0.000000,1.000000,22.000000,,,,0.000000,2.000000,2.000000,0.000000,4.000000,2.000000,2.000000,0.000000,0.000000,4.000000,4.000000,4.000000,4.000000,4.000000,4.000000,0.000000,,,,,,,,,,,,,,,,,14.000000,0.000000,0.499934,0.454895,-0.565857,0.472168,0.969845,-0.076181,-0.057136,-36.123299,44.573879,31.954769
1732157939.199701,1732157939.202342,57.000000,0.000000,4294.743652,4288.461426,4310.256348,4308.077148,4276.794922,4284.230957,4336.410156,4402.436035,4295.000000,4279.230957,4471.922852,4492.948730,4339.615234,4400.512695,0.000000,1.000000,22.000000,,,,0.000000,2.000000,2.000000,0.000000,4.000000,2.000000,2.000000,0.000000,0.000000,4.000000,4.000000,4.000000,4.000000,4.000000,4.000000,0.000000,,,,,,,,,,,,,,,,,,,,,,,,,,,,
1732157939.207509,1732157939.209950,58.000000,0.000000,4289.102539,4281.666504,4311.794922,4300.000000,4277.692383,4281.794922,4335.128418,4402.820313,4295.128418,4277.563965,4471.282227,4491.282227,4336.538574,4396.282227,0.000000,1.000000,22.000000,,,,0.000000,2.000000,2.000000,0.000000,4.000000,2.000000,2.000000,0.000000,0.000000,4.000000,4.000000,4.000000,4.000000,4.000000,4.000000,0.000000,,,,,,,,,,,,,,,,,,,,,,,,,,,,
1732157939.215317,1732157939.217758,59.000000,0.000000,4281.025879,4278.589844,4313.077148,4296.410156,4290.512695,4291.410156,4334.743652,4402.436035,4305.256348,4280.128418,4467.436035,4490.897461,4333.974121,4398.205078,0.000000,1.000000,22.000000,,,,0.000000,2.000000,2.000000,0.000000,4.000000,2.000000,2.000000,0.000000,0.000000,4.000000,4.000000,4.000000,4.000000,4.000000,4.000000,0.000000,,,,,,,,,,,,,,,,,,,,,,,,,,,,
1732157939.223125,1732157939.225467,60.000000,0.000000,4280.641113,4278.461426,4311.538574,4300.769043,4303.205078,4294.871582,4334.743652,4402.948730,4307.820313,4281.282227,4465.897461,4490.769043,4332.692383,4399.102539,0.000000,1.000000,22.000000,,,,0.000000,2.000000,2.000000,0.000000,4.000000,2.000000,2.000000,0.000000,0.000000,4.000000,4.000000,4.000000,4.000000,4.000000,4.000000,0.000000,,,,,,,,,,,,,,,,,15.000000,0.000000,0.499980,0.454895,-0.565918,0.472046,0.980588,-0.077158,-0.063973,-35.984871,44.646507,31.803362
1732157939.230934,1732157939.233275,61.000000,0.000000,4285.769043,4280.128418,4311.025879,4302.436035,4277.436035,4287.436035,4334.102539,4401.538574,4299.615234,4280.384766,4470.897461,4491.410156,4337.307617,4399.358887,0.000000,1.000000,22.000000,,,,0.000000,2.000000,2.000000,0.000000,4.000000,2.000000,2.000000,0.000000,0.000000,4.000000,4.000000,4.000000,4.000000,4.000000,4.000000,0.000000,,,,,,,,,,,,,,,,,,,,,,,,,,,,
1732157939.238742,1732157939.240883,62.000000,0.000000,4289.743652,4282.820313,4311.282227,4299.743652,4266.666504,4281.282227,4333.974121,4401.025879,4300.000000,4280.769043,4474.487305,4496.538574,4344.487305,4404.615234,0.000000,1.000000,22.000000,,,,0.000000,2.000000,2.000000,0.000000,4.000000,2.000000,2.000000,0.000000,0.000000,4.000000,4.000000,4.000000,4.000000,4.000000,4.000000,0.000000,,,,,,,,,,,,,,,,,,,,,,,,,,,,
1732157939.246550,1732157939.248691,63.000000,0.000000,4293.205078,4282.563965,4311.666504,4305.000000,4287.307617,4279.871582,4334.487305,4401.282227,4306.153809,4282.692383,4474.230957,4503.974121,4345.128418,4410.384766,0.000000,1.000000,22.000000,,,,0.000000,2.000000,2.000000,0.000000,4.000000,2.000000,2.000000,0.000000,0.000000,4.000000,4.000000,4.000000,4.000000,4.000000,4.000000,0.000000,,,,,,,,,,,,,,,,,,,,,,,,,,,,
1732157939.254358,1732157939.256400,64.000000,0.000000,4296.538574,4284.487305,4313.589844,4312.179688,4276.153809,4281.794922,4334.230957,4401.153809,4301.410156,4282.307617,4477.051270,4508.077148,4342.563965,4412.820313,0.000000,1.000000,22.000000,,,,0.000000,2.000000,2.000000,0.000000,4.000000,2.000000,2.000000,0.000000,0.000000,4.000000,4.000000,4.000000,4.000000,4.000000,4.000000,0.000000,,,,,,,,,,,,,,,,,16.000000,0.000000,0.499980,0.454895,-0.565918,0.472046,0.984495,-0.079600,-0.055183,-36.022747,44.585339,31.710724
1732157939.262167,1732157939.264208,65.000000,0.000000,4297.307617,4291.410156,4314.102539,4314.358887,4264.871582,4284.615234,4333.846191,4401.666504,4293.717773,4279.102539,4478.461426,4507.820313,4342.436035,4413.205078,1598.000000,1.000000,22.000000,,,,0.000000,2.000000,2.000000,0.000000,4.000000,2.000000,2.000000,0.000000,0.000000,4.000000,4.000000,4.000000,4.000000,4.000000,4.000000,0.000000,,,,,,,,,,,,,,,,,,,,,,,,,,,,
1732157939.269975,1732157939.271816,66.000000,0.000000,4296.922852,4290.641113,4312.820313,4315.128418,4281.410156,4283.333496,4335.512695,4400.641113,4293.333496,4276.538574,4475.000000,4506.282227,4341.538574,4413.461426,1366.000000,1.000000,22.000000,,,,0.000000,2.000000,2.000000,0.000000,4.000000,2.000000,2.000000,0.000000,0.000000,4.000000,4.000000,4.000000,4.000000,4.000000,4.000000,0.000000,,,,,,,,,,,,,,,,,,,,,,,,,,,,
1732157939.277783,1732157939.279625,67.000000,0.000000,4297.179688,4282.179688,4311.282227,4312.820313,4280.769043,4281.153809,4336.794922,4398.333496,4294.102539,4277.948730,4475.384766,4506.025879,4342.692383,4414.230957,1422.000000,1.000000,22.000000,,,,0.000000,2.000000,2.000000,0.000000,4.000000,2.000000,2.000000,0.000000,0.000000,4.000000,4.000000,4.000000,4.000000,4.000000,4.000000,0.000000,,,,,,,,,,,,,,,,,,,,,,,,,,,,
1732157939.285591,1732157939.287333,68.000000,0.000000,4296.922852,4279.871582,4311.794922,4304.358887,4284.871582,4281.153809,4334.487305,4401.282227,4295.641113,4279.615234,4475.897461,4505.897461,4342.820313,4412.563965,1426.000000,1.000000,22.000000,,,,0.000000,2.000000,2.000000,0.000000,4.000000,2.000000,2.000000,0.000000,0.000000,4.000000,4.000000,4.000000,4.000000,4.000000,4.000000,0.000000,,,,,,,,,,,,,,,,,17.000000,0.000000,0.499892,0.455017,-0.565796,0.472168,0.982053,-0.075204,-0.062019,-36.130093,44.300789,31.475687
1732157939.293400,1732157939.295141,69.000000,0.000000,4293.846191,4285.641113,4315.256348,4303.205078,4298.846191,4281.410156,4333.333496,4406.282227,4300.897461,4281.282227,4476.025879,4505.512695,4344.230957,4412.563965,1210.000000,1.000000,22.000000,,,,0.000000,2.000000,2.000000,0.000000,4.000000,2.000000,2.000000,0.000000,0.000000,4.000000,4.000000,4.000000,4.000000,4.000000,4.000000,0.000000,,,,,,,,,,,,,,,,,,,,,,,,,,,,
1732157939.301208,1732157939.302749,70.000000,0.000000,4291.410156,4286.410156,4316.282227,4308.974121,4276.282227,4282.051270,4335.769043,4401.922852,4302.948730,4283.717773,4477.436035,4505.641113,4347.179688,4414.743652,0.000000,1.000000,22.000000,,,,0.000000,2.000000,2.000000,0.000000,4.000000,2.000000,2.000000,0.000000,0.000000,4.000000,4.000000,4.000000,4.000000,4.000000,4.000000,0.000000,,,,,,,,,,,,,,,,,,,,,,,,,,,,
1732157939.309016,1732157939.310558,71.000000,0.000000,4293.974121,4281.794922,4310.512695,4308.333496,4257.436035,4282.307617,4336.282227,4395.769043,4298.333496,4285.641113,4476.666504,4501.153809,4346.666504,4413.333496,0.000000,1.000000,22.000000,,,,0.000000,2.000000,2.000000,0.000000,4.000000,2.000000,2.000000,0.000000,0.000000,4.000000,4.000000,4.000000,4.000000,4.000000,4.000000,0.000000,,,,,,,,,,,,,,,,,,,,,,,,,,,,
1732157939.316824,1732157939.318466,72.000000,0.000000,4295.000000,4281.410156,4309.487305,4306.666504,4276.410156,4279.743652,4334.743652,4399.615234,4299.487305,4283.974121,4476.538574,4499.102539,4346.282227,4411.794922,1536.000000,1.000000,22.000000,,,,0.000000,2.000000,2.000000,0.000000,4.000000,2.000000,2.000000,0.000000,0.000000,4.000000,4.000000,4.000000,4.000000,4.000000,4.000000,0.000000,,,,,,,,,,,,,,,,,18.000000,0.000000,0.499852,0.455200,-0.565735,0.472107,0.966427,-0.068856,-0.060554,-36.167042,44.628639,31.431973
1732157939.324633,1732157939.326274,73.000000,0.000000,4292.307617,4282.179688,4314.743652,4310.256348,4285.384766,4278.717773,4334.743652,4402.948730,4304.230957,4280.897461,4477.436035,4501.794922,4345.897461,4411.538574,1690.000000,1.000000,22.000000,,,,0.000000,2.000000,2.000000,0.000000,4.000000,2.000000,2.000000,0.000000,0.000000,4.000000,4.000000,4.000000,4.000000,4.000000,4.000000,0.000000,,,,,,,,,,,,,,,,,,,,,,,,,,,,
1732157939.332441,1732157939.334282,74.000000,0.000000,4291.538574,4281.538574,4313.846191,4307.436035,4273.717773,4281.153809,4335.256348,4399.871582,4301.282227,4281.538574,4476.025879,4499.230957,4343.205078,4407.436035,1551.000000,1.000000,22.000000,,,,0.000000,2.000000,2.000000,0.000000,4.000000,2.000000,2.000000,0.000000,0.000000,4.000000,4.000000,4.000000,4.000000,4.000000,4.000000,0.000000,,,,,,,,,,,,,,,,,,,,,,,,,,,,
1732157939.340249,1732157939.342090,75.000000,0.000000,4290.384766,4280.641113,4311.153809,4298.077148,4286.025879,4280.769043,4334.871582,4400.769043,4295.384766,4281.538574,4473.461426,4492.051270,4341.282227,4401.025879,1566.000000,1.000000,22.000000,,,,0.000000,2.000000,2.000000,0.000000,4.000000,2.000000,2.000000,0.000000,0.000000,4.000000,4.000000,4.000000,4.000000,4.000000,4.000000,0.000000,,,,,,,,,,,,,,,,,,,,,,,,,,,,
1732157939.348057,1732157939.349998,76.000000,0.000000,4289.102539,4280.128418,4314.615234,4297.307617,4306.922852,4279.358887,4334.871582,4402.307617,4294.358887,4277.051270,4474.102539,4491.282227,4341.025879,4404.871582,1701.000000,1.000000,22.000000,,,,0.000000,2.000000,2.000000,0.000000,4.000000,2.000000,2.000000,0.000000,0.000000,4.000000,4.000000,4.000000,4.000000,4.000000,4.000000,0.000000,,,,,,,,,,,,,,,,,19.000000,0.000000,0.499717,0.455322,-0.565552,0.472351,0.981565,-0.080576,-0.048834,-36.246971,44.660866,31.408232
1732157939.355866,1732157939.357806,77.000000,0.000000,4291.666504,4280.769043,4317.436035,4304.743652,4288.717773,4280.256348,4335.000000,4401.282227,4296.410156,4276.922852,4474.871582,4494.102539,4341.666504,4412.948730,1613.000000,1.000000,22.000000,,,,0.000000,2.000000,2.000000,0.000000,4.000000,2.000000,2.000000,0.000000,0.000000,4.000000,4.000000,4.000000,4.000000,4.000000,4.000000,0.000000,,,,,,,,,,,,,,,,,,,,,,,,,,,,
1732157939.363674,1732157939.365814,78.000000,0.000000,4294.230957,4284.358887,4313.846191,4307.051270,4264.487305,4282.179688,4335.000000,4402.692383,4296.922852,4282.307617,4473.077148,4492.820313,4342.692383,4408.461426,1551.000000,1.000000,22.000000,,,,0.000000,2.000000,2.000000,0.000000,4.000000,2.000000,2.000000,0.000000,0.000000,4.000000,4.000000,4.000000,4.000000,4.000000,4.000000,0.000000,1.000000,0.000000,2.000000,1.000000,0.000000,1.000000,1.000000,1.000000,0.000000,0.000000,4.000000,4.000000,4.000000,4.000000,1.000000,4.000000,,,,,,,,,,,,
1732157939.371482,1732157939.373623,79.000000,0.000000,4291.153809,4283.846191,4311.666504,4300.769043,4285.256348,4281.922852,4335.000000,4402.179688,4298.077148,4281.538574,4471.666504,4492.051270,4341.282227,4397.436035,1566.000000,1.000000,22.000000,,,,0.000000,2.000000,2.000000,0.000000,4.000000,2.000000,2.000000,0.000000,0.000000,4.000000,4.000000,4.000000,4.000000,4.000000,4.000000,0.000000,,,,,,,,,,,,,,,,,,,,,,,,,,,,
1732157939.379290,1732157939.381531,80.000000,0.000000,4290.256348,4279.871582,4312.436035,4299.487305,4299.615234,4280.641113,4335.000000,4399.358887,4300.384766,4279.230957,4472.436035,4493.077148,4339.487305,4401.153809,1701.000000,1.000000,22.000000,,,,0.000000,2.000000,2.000000,0.000000,4.000000,2.000000,2.000000,0.000000,0.000000,4.000000,4.000000,4.000000,4.000000,4.000000,4.000000,0.000000,,,,,,,,,,,,,,,,,20.000000,0.000000,0.499717,0.455322,-0.565552,0.472351,0.986937,-0.069344,-0.049322,-36.206711,44.701969,31.374001
1732157939.387099,1732157939.389339,81.000000,0.000000,4294.615234,4281.538574,4311.410156,4306.538574,4271.922852,4282.820313,4335.000000,4401.282227,4300.000000,4282.436035,4471.538574,4494.358887,4339.230957,4410.769043,1613.000000,1.000000,22.000000,,,,0.000000,2.000000,2.000000,0.000000,4.000000,2.000000,2.000000,0.000000,0.000000,4.000000,4.000000,4.000000,4.000000,4.000000,4.000000,0.000000,,,,,,,,,,,,,,,,,,,,,,,,,,,,
1732157939.394907,1732157939.397347,82.000000,0.000000,4292.820313,4282.820313,4310.897461,4305.384766,4265.769043,4283.974121,4335.000000,4402.436035,4296.538574,4283.461426,4467.307617,4493.205078,4337.179688,4407.948730,1551.000000,1.000000,22.000000,,,,0.000000,2.000000,2.000000,0.000000,4.000000,2.000000,2.000000,0.000000,0.000000,4.000000,4.000000,4.000000,4.000000,4.000000,4.000000,0.000000,,,,,,,,,,,,,,,,,,,,,,,,,,,,
1732157939.402715,1732157939.405155,83.000000,0.000000,4288.333496,4281.410156,4312.051270,4298.717773,4283.589844,4280.256348,4335.000000,4399.487305,4295.769043,4280.256348,4463.077148,4490.897461,4338.589844,4402.820313,1566.000000,1.000000,22.000000,,,,0.000000,2.000000,2.000000,0.000000,4.000000,2.000000,2.000000,0.000000,0.000000,4.000000,4.000000,4.000000,4.000000,4.000000,4.000000,0.000000,,,,,,,,,,,,,,,,,,,,,,,,,,,,
1732157939.410523,1732157939.413063,84.000000,0.000000,4291.794922,4281.922852,4311.794922,4302.563965,4282.051270,4283.077148,4335.000000,4399.230957,4296.794922,4280.641113,4464.230957,4491.922852,4341.922852,4404.487305,1701.000000,1.000000,22.000000,,,,0.000000,2.000000,2.000000,0.000000,4.000000,2.000000,2.000000,0.000000,0.000000,4.000000,4.000000,4.000000,4.000000,4.000000,4.000000,0.000000,,,,,,,,,,,,,,,,,21.000000,0.000000,0.499660,0.455322,-0.565552,0.472412,0.971798,-0.083018,-0.047857,-36.182438,44.708595,31.407940
1732157939.418332,1732157939.420872,85.000000,0.000000,4296.666504,4281.794922,4312.051270,4306.282227,4290.769043,4287.948730,4335.000000,4400.512695,4296.025879,4280.897461,4469.743652,4493.461426,4339.358887,4407.692383,1613.000000,1.000000,22.000000,,,,0.000000,2.000000,2.000000,0.000000,4.000000,2.000000,2.000000,0.000000,0.000000,4.000000,4.000000,4.000000,4.000000,4.000000,4.000000,0.000000,,,,,,,,,,,,,,,,,,,,,,,,,,,,
1732157939.426140,1732157939.428880,86.000000,0.000000,4295.512695,4281.922852,4311.666504,4299.743652,4303.717773,4284.230957,4335.000000,4399.358887,4295.384766,4281.025879,4473.846191,4494.230957,4338.461426,4409.743652,1551.000000,1.000000,22.000000,,,,0.000000,2.000000,2.000000,0.000000,4.000000,2.000000,2.000000,0.000000,0.000000,4.000000,4.000000,4.000000,4.000000,4.000000,4.000000,0.000000,,,,,,,,,,,,,,,,,,,,,,,,,,,,
1732157939.433948,1732157939.436688,87.000000,0.000000,4295.897461,4286.538574,4313.717773,4300.897461,4286.538574,4282.051270,4335.000000,4397.179688,4297.820313,4289.230957,4474.615234,4493.974121,4342.563965,4414.615234,1566.000000,1.000000,22.000000,,,,0.000000,2.000000,2.000000,0.000000,4.000000,2.000000,2.000000,0.000000,0.000000,4.000000,4.000000,4.000000,4.000000,4.000000,4.000000,0.000000,,,,,,,,,,,,,,,,,,,,,,,,,,,,
1732157939.441756,1732157939.444596,88.000000,0.000000,4299.487305,4290.512695,4315.897461,4308.589844,4271.025879,4284.615234,4335.000000,4396.538574,4301.282227,4292.307617,4475.000000,4492.948730,4343.077148,4419.230957,1701.000000,1.000000,22.000000,,,,0.000000,2.000000,2.000000,0.000000,4.000000,2.000000,2.000000,0.000000,0.000000,4.000000,4.000000,4.000000,4.000000,4.000000,4.000000,0.000000,,,,,,,,,,,,,,,,,22.000000,0.000000,0.499560,0.455444,-0.565491,0.472473,0.976193,-0.084971,-0.063484,-35.879440,44.852295,31.382099
1732157939.449565,1732157939.452404,89.000000,0.000000,4298.589844,4287.179688,4314.487305,4305.512695,4275.128418,4283.077148,4335.000000,4399.102539,4300.641113,4282.820313,4475.641113,4491.410156,4340.128418,4417.692383,1613.000000,1.000000,22.000000,,,,0.000000,2.000000,2.000000,0.000000,4.000000,2.000000,2.000000,0.000000,0.000000,4.000000,4.000000,4.000000,4.000000,4.000000,4.000000,0.000000,,,,,,,,,,,,,,,,,,,,,,,,,,,,
1732157939.457373,1732157939.460412,90.000000,0.000000,4294.487305,4282.820313,4312.692383,4298.846191,4288.077148,4281.153809,4335.000000,4401.025879,4297.307617,4282.051270,4475.000000,4490.512695,4339.871582,4414.358887,1551.000000,1.000000,22.000000,,,,0.000000,2.000000,2.000000,0.000000,4.000000,2.000000,2.000000,0.000000,0.000000,4.000000,4.000000,4.000000,4.000000,4.000000,4.000000,0.000000,,,,,,,,,,,,,,,,,,,,,,,,,,,,
1732157939.465181,1732157939.468220,91.000000,0.000000,4293.717773,4282.436035,4312.307617,4299.743652,4298.589844,4282.307617,4335.000000,4400.128418,4298.077148,4289.230957,4474.743652,4495.641113,4342.563965,4413.205078,1566.000000,1.000000,22.000000,,,,0.000000,2.000000,2.000000,0.000000,4.000000,2.000000,2.000000,0.000000,0.000000,4.000000,4.000000,4.000000,4.000000,4.000000,4.000000,0.000000,,,,,,,,,,,,,,,,,,,,,,,,,,,,
1732157939.472989,1732157939.476128,92.000000,0.000000,4296.794922,4285.128418,4312.820313,4302.179688,4288.205078,4282.051270,4335.000000,4400.641113,4299.487305,4290.256348,4475.128418,4498.077148,4342.820313,4417.436035,1701.000000,1.000000,22.000000,,,,0.000000,2.000000,2.000000,0.000000,4.000000,2.000000,2.000000,0.000000,0.000000,4.000000,4.000000,4.000000,4.000000,4.000000,4.000000,0.000000,,,,,,,,,,,,,,,,,23.000000,0.000000,0.499460,0.455566,-0.565430,0.472534,0.976193,-0.084971,-0.063484,-35.799015,44.817024,31.251167
1732157939.480798,1732157939.483937,93.000000,0.000000,4298.846191,4284.358887,4315.128418,4302.436035,4273.205078,4282.307617,4335.000000,4401.410156,4301.410156,4289.102539,4474.358887,4495.384766,4340.641113,4420.512695,1613.000000,1.000000,22.000000,,,,0.000000,2.000000,2.000000,0.000000,4.000000,2.000000,2.000000,0.000000,0.000000,4.000000,4.000000,4.000000,4.000000,4.000000,4.000000,0.000000,,,,,,,,,,,,,,,,,,,,,,,,,,,,
1732157939.488606,1732157939.491845,94.000000,0.000000,4297.948730,4284.358887,4315.897461,4303.974121,4275.256348,4283.077148,4335.000000,4400.128418,4305.641113,4289.487305,4475.000000,4498.333496,4342.692383,4420.769043,1551.000000,1.000000,22.000000,,,,0.000000,2.000000,2.000000,0.000000,4.000000,2.000000,2.000000,0.000000,0.000000,4.000000,4.000000,4.000000,4.000000,4.000000,4.000000,0.000000,,,,,,,,,,,,,,,,,,,,,,,,,,,,
1732157939.496414,1732157939.499653,95.000000,0.000000,4296.153809,4289.615234,4314.871582,4307.307617,4281.153809,4282.051270,4335.000000,4399.358887,4301.922852,4286.410156,4474.871582,4499.871582,4343.974121,4418.974121,1566.000000,1.000000,22.000000,,,,0.000000,2.000000,2.000000,0.000000,4.000000,2.000000,2.000000,0.000000,0.000000,4.000000,4.000000,4.000000,4.000000,4.000000,4.000000,0.000000,,,,,,,,,,,,,,,,,,,,,,,,,,,,
1732157939.504222,1732157939.507361,96.000000,0.000000,4295.641113,4288.717773,4316.282227,4303.333496,4290.897461,4279.743652,4335.000000,4400.128418,4293.461426,4281.922852,4472.820313,4492.692383,4339.230957,4415.512695,1701.000000,1.000000,22.000000,,,,0.000000,2.000000,2.000000,0.000000,4.000000,2.000000,2.000000,0.000000,0.000000,4.000000,4.000000,4.000000,4.000000,4.000000,4.000000,0.000000,,,,,,,,,,,,,,,,,24.000000,0.000000,0.499358,0.455627,-0.565369,0.472656,0.980100,-0.074228,-0.053717,-36.082199,44.918457,31.208445
1732157939.512030,1732157939.515169,97.000000,0.000000,4296.538574,4281.410156,4315.256348,4297.563965,4292.436035,4278.205078,4335.000000,4400.128418,4294.743652,4279.871582,4471.666504,4490.641113,4337.179688,4414.871582,1613.000000,1.000000,22.000000,,,,0.000000,2.000000,2.000000,0.000000,4.000000,2.000000,2.000000,0.000000,0.000000,4.000000,4.000000,4.000000,4.000000,4.000000,4.000000,0.000000,,,,,,,,,,,,,,,,,,,,,,,,,,,,
1732157939.519839,1732157939.522778,98.000000,0.000000,4295.897461,4280.256348,4314.871582,4302.948730,4270.897461,4281.153809,4335.000000,4399.615234,4298.846191,4280.384766,4472.563965,4494.487305,4338.974121,4414.615234,1551.000000,1.000000,22.000000,,,,0.000000,2.000000,2.000000,0.000000,4.000000,2.000000,2.000000,0.000000,0.000000,4.000000,4.000000,4.000000,4.000000,4.000000,4.000000,0.000000,,,,,,,,,,,,,,,,,,,,,,,,,,,,
1732157939.527647,1732157939.530586,99.000000,0.000000,4295.128418,4286.794922,4315.641113,4310.384766,4265.512695,4282.307617,4335.000000,4398.205078,4297.307617,4282.436035,4473.589844,4491.666504,4339.230957,4413.205078,1566.000000,1.000000,22.000000,,,,0.000000,2.000000,2.000000,0.000000,4.000000,2.000000,2.000000,0.000000,0.000000,4.000000,4.000000,4.000000,4.000000,4.000000,4.000000,0.000000,,,,,,,,,,,,,,,,,,,,,,,,,,,,
1732157939.535455,1732157939.538294,100.000000,0.000000,4295.897461,4286.538574,4313.077148,4309.615234,4277.307617,4282.436035,4335.000000,4399.230957,4295.000000,4281.794922,4474.615234,4488.333496,4341.410156,4414.230957,1701.000000,1.000000,22.000000,,,,0.000000,2.000000,2.000000,0.000000,4.000000,2.000000,2.000000,0.000000,0.000000,4.000000,4.000000,4.000000,4.000000,4.000000,4.000000,0.000000,,,,,,,,,,,,,,,,,25.000000,0.000000,0.499122,0.455872,-0.565125,0.472961,0.967892,-0.090831,-0.051764,-36.101582,44.885616,31.133841
1732157939.543264,1732157939.546103,101.000000,0.000000,4296.282227,4282.563965,4312.563965,4307.051270,4285.512695,4280.128418,4335.000000,4401.153809,4295.897461,4278.846191,4475.897461,4491.153809,4346.666504,4415.897461,1613.000000,1.000000,22.000000,,,,0.000000,2.000000,2.000000,0.000000,4.000000,2.000000,2.000000,0.000000,0.000000,4.000000,4.000000,4.000000,4.000000,4.000000,4.000000,0.000000,,,,,,,,,,,,,,,,,,,,,,,,,,,,
1732157939.551072,1732157939.553711,102.000000,0.000000,4295.769043,4284.358887,4314.743652,4304.358887,4292.692383,4272.436035,4335.000000,4399.487305,4295.384766,4278.461426,4475.000000,4497.307617,4344.743652,4415.769043,1551.000000,1.000000,22.000000,,,,0.000000,2.000000,2.000000,0.000000,4.000000,2.000000,2.000000,0.000000,0.000000,4.000000,4.000000,4.000000,4.000000,4.000000,4.000000,0.000000,,,,,,,,,,,,,,,,,,,,,,,,,,,,
1732157939.558880,1732157939.561519,103.000000,0.000000,4297.307617,4284.871582,4311.025879,4303.846191,4279.487305,4271.282227,4335.000000,4397.820313,4296.153809,4279.615234,4473.333496,4499.871582,4341.282227,4418.717773,1566.000000,1.000000,22.000000,,,,0.000000,2.000000,2.000000,0.000000,4.000000,2.000000,2.000000,0.000000,0.000000,4.000000,4.000000,4.000000,4.000000,4.000000,4.000000,0.000000,,,,,,,,,,,,,,,,,,,,,,,,,,,,
1732157939.566688,1732157939.569228,104.000000,0.000000,4296.666504,4282.436035,4307.948730,4305.897461,4259.358887,4277.563965,4335.000000,4399.871582,4298.974121,4282.948730,4475.256348,4498.461426,4348.974121,4422.948730,1701.000000,1.000000,22.000000,,,,0.000000,2.000000,2.000000,0.000000,4.000000,2.000000,2.000000,0.000000,0.000000,4.000000,4.000000,4.000000,4.000000,4.000000,4.000000,0.000000,,,,,,,,,,,,,,,,,26.000000,0.000000,0.499124,0.455933,-0.565125,0.472900,0.963008,-0.080576,-0.051276,-36.043949,44.710682,31.013411
1732157939.574497,1732157939.577036,105.000000,0.000000,4294.743652,4281.794922,4312.307617,4302.179688,4265.256348,4279.102539,4335.000000,4401.538574,4299.230957,4284.358887,4476.922852,4496.922852,4352.051270,4418.846191,1613.000000,1.000000,22.000000,,,,0.000000,2.000000,2.000000,0.000000,4.000000,2.000000,2.000000,0.000000,0.000000,4.000000,4.000000,4.000000,4.000000,4.000000,4.000000,0.000000,,,,,,,,,,,,,,,,,,,,,,,,,,,,
1732157939.582305,1732157939.584644,106.000000,0.000000,4295.641113,4282.051270,4313.333496,4298.077148,4281.282227,4276.025879,4335.000000,4399.615234,4296.538574,4281.922852,4475.128418,4497.948730,4344.102539,4413.717773,1551.000000,1.000000,22.000000,,,,0.000000,2.000000,2.000000,0.000000,4.000000,2.000000,2.000000,0.000000,0.000000,4.000000,4.000000,4.000000,4.000000,4.000000,4.000000,0.000000,,,,,,,,,,,,,,,,,,,,,,,,,,,,
1732157939.590113,1732157939.592452,107.000000,0.000000,4295.897461,4278.717773,4311.538574,4302.820313,4290.128418,4275.384766,4335.128418,4399.102539,4297.179688,4280.641113,4473.846191,4497.692383,4340.384766,4414.743652,1566.000000,1.000000,22.000000,,,,0.000000,2.000000,2.000000,0.000000,4.000000,2.000000,2.000000,0.000000,0.000000,4.000000,4.000000,4.000000,4.000000,4.000000,4.000000,0.000000,,,,,,,,,,,,,,,,,,,,,,,,,,,,
1732157939.597921,1732157939.600161,108.000000,0.000000,4294.102539,4279.487305,4311.282227,4307.051270,4284.615234,4277.051270,4334.871582,4400.128418,4298.461426,4281.025879,4473.974121,4500.000000,4341.538574,4415.384766,1701.000000,1.000000,22.000000,,,,0.000000,2.000000,2.000000,0.000000,4.000000,2.000000,2.000000,0.000000,0.000000,4.000000,4.000000,4.000000,4.000000,4.000000,4.000000,0.000000,,,,,,,,,,,,,,,,,27.000000,0.000000,0.499024,0.456055,-0.565063,0.472961,0.963008,-0.080576,-0.051276,-36.162266,44.670654,31.042530
1732157939.605729,1732157939.607969,109.000000,0.000000,4293.974121,4283.077148,4312.051270,4306.410156,4268.974121,4281.025879,4334.871582,4399.871582,4295.769043,4280.384766,4472.436035,4501.666504,4341.025879,4413.717773,1613.000000,1.000000,22.000000,,,,0.000000,2.000000,2.000000,0.000000,4.000000,2.000000,2.000000,0.000000,0.000000,4.000000,4.000000,4.000000,4.000000,4.000000,4.000000,0.000000,,,,,,,,,,,,,,,,,,,,,,,,,,,,
1732157939.613538,1732157939.615577,110.000000,0.000000,4294.230957,4281.794922,4311.666504,4305.641113,4269.230957,4282.820313,4335.384766,4400.128418,4298.974121,4282.692383,4473.333496,4500.641113,4343.205078,4412.563965,1551.000000,1.000000,22.000000,,,,0.000000,2.000000,2.000000,0.000000,4.000000,2.000000,2.000000,0.000000,0.000000,4.000000,4.000000,4.000000,4.000000,4.000000,4.000000,0.000000,,,,,,,,,,,,,,,,,,,,,,,,,,,,
1732157939.621346,1732157939.623385,111.000000,0.000000,4292.692383,4280.641113,4308.846191,4303.333496,4280.384766,4281.025879,4334.487305,4401.666504,4306.666504,4287.563965,4476.025879,4499.358887,4346.282227,4412.436035,1566.000000,1.000000,22.000000,,,,0.000000,2.000000,2.000000,0.000000,4.000000,2.000000,2.000000,0.000000,0.000000,4.000000,4.000000,4.000000,4.000000,4.000000,4.000000,0.000000,,,,,,,,,,,,,,,,,,,,,,,,,,,,
1732157939.629154,1732157939.631294,112.000000,0.000000,4292.179688,4280.384766,4308.461426,4302.563965,4288.589844,4280.897461,4333.717773,4401.794922,4301.282227,4282.179688,4475.256348,4496.025879,4342.692383,4413.461426,1701.000000,1.000000,22.000000,,,,0.000000,2.000000,2.000000,0.000000,4.000000,2.000000,2.000000,0.000000,0.000000,4.000000,4.000000,4.000000,4.000000,4.000000,4.000000,0.000000,,,,,,,,,,,,,,,,,28.000000,0.000000,0.498879,0.456238,-0.564941,0.473083,0.978147,-0.067879,-0.056159,-36.459766,44.649895,31.056116
1732157939.636963,1732157939.639102,113.000000,0.000000,4295.897461,4282.436035,4311.538574,4304.487305,4293.717773,4280.769043,4334.871582,4400.128418,4294.615234,4277.820313,4475.641113,4500.512695,4343.461426,4415.128418,1613.000000,1.000000,22.000000,,,,0.000000,2.000000,2.000000,0.000000,4.000000,2.000000,2.000000,0.000000,0.000000,4.000000,4.000000,4.000000,4.000000,4.000000,4.000000,0.000000,,,,,,,,,,,,,,,,,,,,,,,,,,,,
1732157939.644771,1732157939.647110,114.000000,0.000000,4296.666504,4285.769043,4313.077148,4308.077148,4279.230957,4281.025879,4336.153809,4402.179688,4307.436035,4286.794922,4477.820313,4504.743652,4348.717773,4415.384766,1551.000000,1.000000,22.000000,,,,0.000000,2.000000,2.000000,0.000000,4.000000,2.000000,2.000000,0.000000,0.000000,4.000000,4.000000,4.000000,4.000000,4.000000,4.000000,0.000000,,,,,,,,,,,,,,,,,,,,,,,,,,,,
1732157939.652579,1732157939.654918,115.000000,0.000000,4291.922852,4284.230957,4311.666504,4306.025879,4263.077148,4280.897461,4335.256348,4403.589844,4314.743652,4290.769043,4475.641113,4495.512695,4346.025879,4412.307617,1566.000000,1.000000,22.000000,,,,0.000000,2.000000,2.000000,0.000000,4.000000,2.000000,2.000000,0.000000,0.000000,4.000000,4.000000,4.000000,4.000000,4.000000,4.000000,0.000000,,,,,,,,,,,,,,,,,,,,,,,,,,,,
1732157939.660387,1732157939.662626,116.000000,0.000000,4291.153809,4280.128418,4311.666504,4298.333496,4267.692383,4277.436035,4333.974121,4400.000000,4301.025879,4287.820313,4473.717773,4489.487305,4341.666504,4411.410156,1701.000000,1.000000,22.000000,,,,0.000000,2.000000,2.000000,0.000000,4.000000,2.000000,2.000000,0.000000,0.000000,4.000000,4.000000,4.000000,4.000000,4.000000,4.000000,0.000000,,,,,,,,,,,,,,,,,29.000000,0.000000,0.498879,0.456238,-0.564941,0.473083,0.974240,-0.080088,-0.057136,-36.450745,44.666416,31.133787
1732157939.668196,1732157939.670435,117.000000,0.000000,4293.974121,4280.128418,4313.333496,4295.384766,4273.205078,4276.153809,4333.589844,4398.333496,4294.487305,4287.820313,4475.512695,4493.717773,4343.205078,4413.589844,1613.000000,1.000000,22.000000,,,,0.000000,2.000000,2.000000,0.000000,4.000000,2.000000,2.000000,0.000000,0.000000,4.000000,4.000000,4.000000,4.000000,4.000000,4.000000,0.000000,,,,,,,,,,,,,,,,,,,,,,,,,,,,
1732157939.676004,1732157939.678043,118.000000,0.000000,4292.051270,4281.410156,4313.333496,4296.282227,4289.615234,4278.461426,4334.230957,4400.256348,4299.230957,4284.102539,4474.743652,4493.205078,4343.974121,4409.743652,1551.000000,1.000000,22.000000,,,,0.000000,2.000000,2.000000,0.000000,4.000000,2.000000,2.000000,0.000000,0.000000,4.000000,4.000000,4.000000,4.000000,4.000000,4.000000,0.000000,,,,,,,,,,,,,,,,,,,,,,,,,,,,
1732157939.683812,1732157939.685851,119.000000,0.000000,4290.256348,4279.230957,4312.436035,4297.563965,4295.512695,4279.743652,4335.128418,4400.256348,4297.563965,4278.461426,4471.025879,4491.538574,4339.743652,4405.641113,1566.000000,1.000000,22.000000,,,,0.000000,2.000000,2.000000,0.000000,4.000000,2.000000,2.000000,0.000000,0.000000,4.000000,4.000000,4.000000,4.000000,4.000000,4.000000,0.000000,,,,,,,,,,,,,,,,,,,,,,,,,,,,
1732157939.691620,1732157939.693559,120.000000,0.000000,4295.256348,4280.128418,4311.666504,4297.563965,4270.512695,4281.025879,4334.487305,4398.717773,4294.743652,4279.615234,4470.384766,4497.051270,4337.563965,4410.128418,1701.000000,1.000000,22.000000,,,,0.000000,2.000000,2.000000,0.000000,4.000000,2.000000,2.000000,0.000000,0.000000,4.000000,4.000000,4.000000,4.000000,4.000000,4.000000,0.000000,,,,,,,,,,,,,,,,,30.000000,0.000000,0.498879,0.456238,-0.564941,0.473083,0.971798,-0.071786,-0.062019,-36.523438,44.571465,31.266701
1732157939.699428,1732157939.701368,121.000000,0.000000,4293.974121,4281.538574,4311.153809,4297.179688,4270.256348,4280.897461,4334.743652,4401.025879,4295.641113,4280.000000,4472.436035,4498.461426,4340.641113,4414.230957,1613.000000,1.000000,22.000000,,,,0.000000,2.000000,2.000000,0.000000,4.000000,2.000000,2.000000,0.000000,0.000000,4.000000,4.000000,4.000000,4.000000,4.000000,4.000000,0.000000,,,,,,,,,,,,,,,,,,,,,,,,,,,,
1732157939.707237,1732157939.708976,122.000000,0.000000,4283.846191,4278.333496,4311.538574,4297.307617,4283.717773,4278.974121,4336.025879,4402.563965,4297.563965,4278.333496,4473.461426,4495.128418,4344.487305,4412.692383,1551.000000,1.000000,22.000000,,,,0.000000,2.000000,2.000000,0.000000,4.000000,2.000000,2.000000,0.000000,0.000000,4.000000,4.000000,4.000000,4.000000,4.000000,4.000000,0.000000,,,,,,,,,,,,,,,,,,,,,,,,,,,,
1732157939.715045,1732157939.716784,123.000000,0.000000,4282.051270,4276.922852,4312.820313,4300.128418,4266.025879,4279.615234,4335.641113,4400.256348,4302.051270,4281.025879,4472.948730,4495.769043,4343.846191,4412.948730,1566.000000,1.000000,22.000000,,,,0.000000,2.000000,2.000000,0.000000,4.000000,2.000000,2.000000,0.000000,0.000000,4.000000,4.000000,4.000000,4.000000,4.000000,4.000000,0.000000,,,,,,,,,,,,,,,,,,,,,,,,,,,,
1732157939.722853,1732157939.724692,124.000000,0.000000,4290.897461,4279.871582,4314.102539,4299.615234,4260.128418,4280.769043,4333.205078,4400.128418,4302.051270,4280.641113,4471.922852,4496.666504,4336.922852,4413.077148,1701.000000,1.000000,22.000000,,,,0.000000,2.000000,2.000000,0.000000,4.000000,2.000000,2.000000,0.000000,0.000000,4.000000,4.000000,4.000000,4.000000,4.000000,4.000000,0.000000,,,,,,,,,,,,,,,,,31.000000,0.000000,0.498709,0.456360,-0.564941,0.473145,0.967403,-0.073739,-0.043951,-36.518986,44.589550,31.532694
1732157939.730662,1732157939.732501,125.000000,0.000000,4296.410156,4281.538574,4312.820313,4297.307617,4277.436035,4279.615234,4332.307617,4401.153809,4295.384766,4278.717773,4471.410156,4499.102539,4333.589844,4411.025879,1613.000000,1.000000,22.000000,,,,0.000000,2.000000,2.000000,0.000000,4.000000,2.000000,2.000000,0.000000,0.000000,4.000000,4.000000,4.000000,4.000000,4.000000,4.000000,0.000000,,,,,,,,,,,,,,,,,,,,,,,,,,,,
1732157939.738470,1732157939.740109,126.000000,0.000000,4292.948730,4279.743652,4311.025879,4297.307617,4274.871582,4278.974121,4334.230957,4400.897461,4295.000000,4279.615234,4472.051270,4501.153809,4335.641113,4412.051270,1551.000000,1.000000,22.000000,,,,0.000000,2.000000,2.000000,0.000000,4.000000,2.000000,2.000000,0.000000,0.000000,4.000000,4.000000,4.000000,4.000000,4.000000,4.000000,0.000000,,,,,,,,,,,,,,,,,,,,,,,,,,,,
1732157939.746278,1732157939.747917,127.000000,0.000000,4290.897461,4277.436035,4310.769043,4294.871582,4282.051270,4278.974121,4335.512695,4399.615234,4298.846191,4280.000000,4473.205078,4498.589844,4335.641113,4412.948730,22.000000,1.000000,22.000000,,,,0.000000,2.000000,2.000000,0.000000,4.000000,2.000000,2.000000,0.000000,0.000000,4.000000,4.000000,4.000000,4.000000,4.000000,4.000000,0.000000,,,,,,,,,,,,,,,,,,,,,,,,,,,,
1732157939.754086,1732157939.755626,0.000000,0.000000,4292.948730,4278.333496,4312.436035,4295.641113,4298.077148,4278.205078,4335.641113,4399.102539,4297.179688,4278.333496,4473.589844,4498.077148,4334.743652,4412.563965,0.000000,1.000000,22.000000,,,,0.000000,2.000000,2.000000,0.000000,4.000000,2.000000,2.000000,0.000000,0.000000,4.000000,4.000000,4.000000,4.000000,4.000000,4.000000,0.000000,,,,,,,,,,,,,,,,,0.000000,0.000000,0.499046,0.455994,-0.565247,0.472778,0.980100,-0.083506,-0.056159,-36.525375,44.662537,31.656483
1732157939.761895,1732157939.763434,1.000000,0.000000,4293.717773,4281.538574,4313.461426,4301.538574,4277.692383,4280.128418,4336.282227,4399.615234,4293.333496,4276.922852,4472.948730,4500.897461,4334.230957,4412.948730,1599.000000,1.000000,22.000000,,,,0.000000,2.000000,2.000000,0.000000,4.000000,2.000000,2.000000,0.000000,0.000000,4.000000,4.000000,4.000000,4.000000,4.000000,4.000000,0.000000,,,,,,,,,,,,,,,,,,,,,,,,,,,,
1732157939.769703,1732157939.771442,2.000000,0.000000,4294.358887,4281.410156,4313.717773,4302.307617,4256.538574,4282.307617,4336.282227,4400.769043,4295.256348,4277.692383,4473.589844,4502.692383,4335.256348,4411.922852,1366.000000,1.000000,22.000000,,,,0.000000,2.000000,2.000000,0.000000,4.000000,2.000000,2.000000,0.000000,0.000000,4.000000,4.000000,4.000000,4.000000,4.000000,4.000000,0.000000,,,,,,,,,,,,,,,,,,,,,,,,,,,,
1732157939.777511,1732157939.779250,3.000000,0.000000,4291.282227,4278.461426,4312.179688,4296.538574,4267.563965,4278.846191,4335.256348,4400.000000,4302.051270,4281.153809,4473.589844,4501.282227,4337.948730,4408.974121,1421.000000,1.000000,22.000000,,,,0.000000,2.000000,2.000000,0.000000,4.000000,2.000000,2.000000,0.000000,0.000000,4.000000,4.000000,4.000000,4.000000,4.000000,4.000000,0.000000,,,,,,,,,,,,,,,,,,,,,,,,,,,,
1732157939.785319,1732157939.787158,4.000000,0.000000,4286.410156,4277.563965,4311.025879,4294.743652,4285.000000,4275.641113,4334.487305,4399.615234,4304.102539,4281.538574,4471.538574,4499.487305,4337.051270,4409.102539,1426.000000,1.000000,22.000000,,,,0.000000,2.000000,2.000000,0.000000,4.000000,2.000000,2.000000,0.000000,0.000000,4.000000,4.000000,4.000000,4.000000,4.000000,4.000000,0.000000,,,,,,,,,,,,,,,,,1.000000,0.000000,0.499223,0.455750,-0.565491,0.472534,0.976193,-0.071298,-0.072763,-36.610554,44.764988,31.783417
1732157939.793127,1732157939.794966,5.000000,0.000000,4288.974121,4279.358887,4313.461426,4298.589844,4283.077148,4279.871582,4334.743652,4400.384766,4300.384766,4278.974121,4471.538574,4501.922852,4335.769043,4411.410156,1210.000000,1.000000,22.000000,,,,0.000000,2.000000,2.000000,0.000000,4.000000,2.000000,2.000000,0.000000,0.000000,4.000000,4.000000,4.000000,4.000000,4.000000,4.000000,0.000000,,,,,,,,,,,,,,,,,,,,,,,,,,,,
1732157939.800936,1732157939.802974,6.000000,0.000000,4292.436035,4280.256348,4314.615234,4300.897461,4270.641113,4283.333496,4335.641113,4399.871582,4302.820313,4284.230957,4473.717773,4506.025879,4339.615234,4410.641113,0.000000,1.000000,22.000000,,,,0.000000,2.000000,2.000000,0.000000,4.000000,2.000000,2.000000,0.000000,0.000000,4.000000,4.000000,4.000000,4.000000,4.000000,4.000000,0.000000,,,,,,,,,,,,,,,,,,,,,,,,,,,,
1732157939.808744,1732157939.810782,7.000000,0.000000,4291.538574,4280.512695,4311.538574,4300.256348,4262.692383,4281.153809,4335.384766,4399.743652,4306.410156,4289.871582,4474.102539,4502.307617,4342.820313,4410.384766,0.000000,1.000000,22.000000,,,,0.000000,2.000000,2.000000,0.000000,4.000000,2.000000,2.000000,0.000000,0.000000,4.000000,4.000000,4.000000,4.000000,4.000000,4.000000,0.000000,,,,,,,,,,,,,,,,,,,,,,,,,,,,
1732157939.816552,1732157939.818691,8.000000,0.000000,4292.692383,4280.256348,4311.410156,4297.563965,4268.717773,4280.897461,4334.743652,4401.666504,4300.256348,4283.717773,4472.563965,4495.641113,4339.230957,4411.410156,1536.000000,1.000000,22.000000,,,,0.000000,2.000000,2.000000,0.000000,4.000000,2.000000,2.000000,0.000000,0.000000,4.000000,4.000000,4.000000,4.000000,4.000000,4.000000,0.000000,,,,,,,,,,,,,,,,,2.000000,0.000000,0.499337,0.455688,-0.565491,0.472473,0.974728,-0.065926,-0.042974,-36.484550,44.847973,31.811235
1732157939.824360,1732157939.826499,9.000000,0.000000,4295.897461,4278.846191,4312.692383,4298.589844,4286.666504,4281.153809,4335.128418,4402.692383,4294.743652,4276.794922,4471.538574,4497.051270,4335.384766,4411.794922,1690.000000,1.000000,22.000000,,,,0.000000,2.000000,2.000000,0.000000,4.000000,2.000000,2.000000,0.000000,0.000000,4.000000,4.000000,4.000000,4.000000,4.000000,4.000000,0.000000,,,,,,,,,,,,,,,,,,,,,,,,,,,,
1732157939.832169,1732157939.834507,10.000000,0.000000,4296.025879,4279.871582,4311.153809,4300.384766,4287.948730,4278.077148,4334.102539,4401.025879,4297.563965,4277.692383,4471.410156,4499.487305,4335.897461,4413.461426,1551.000000,1.000000,22.000000,,,,0.000000,2.000000,2.000000,0.000000,4.000000,2.000000,2.000000,0.000000,0.000000,4.000000,4.000000,4.000000,4.000000,4.000000,4.000000,0.000000,,,,,,,,,,,,,,,,,,,,,,,,,,,,
1732157939.839977,1732157939.842315,11.000000,0.000000,4294.743652,4282.307617,4311.282227,4300.256348,4268.461426,4277.948730,4331.538574,4400.128418,4298.589844,4279.743652,4472.179688,4499.743652,4340.769043,4413.846191,1566.000000,1.000000,22.000000,,,,0.000000,2.000000,2.000000,0.000000,4.000000,2.000000,2.000000,0.000000,0.000000,4.000000,4.000000,4.000000,4.000000,4.000000,4.000000,0.000000,,,,,,,,,,,,,,,,,,,,,,,,,,,,
1732157939.847785,1732157939.850223,12.000000,0.000000,4293.717773,4282.948730,4311.538574,4300.256348,4258.974121,4281.153809,4331.538574,4399.230957,4293.974121,4279.230957,4472.692383,4501.153809,4342.179688,4411.282227,1701.000000,1.000000,22.000000,,,,0.000000,2.000000,2.000000,0.000000,4.000000,2.000000,2.000000,0.000000,0.000000,4.000000,4.000000,4.000000,4.000000,4.000000,4.000000,0.000000,,,,,,,,,,,,,,,,,3.000000,0.000000,0.499426,0.455566,-0.565613,0.472351,0.980100,-0.074228,-0.040532,-36.450817,44.746861,31.937099
1732157939.855594,1732157939.858031,13.000000,0.000000,4294.230957,4282.563965,4312.051270,4300.384766,4267.563965,4280.256348,4332.051270,4396.922852,4294.615234,4280.384766,4472.948730,4504.615234,4335.769043,4411.282227,1616.000000,1.000000,22.000000,,,,0.000000,2.000000,2.000000,0.000000,4.000000,2.000000,2.000000,0.000000,0.000000,4.000000,4.000000,4.000000,4.000000,4.000000,4.000000,0.000000,,,,,,,,,,,,,,,,,,,,,,,,,,,,
1732157939.863402,1732157939.866039,14.000000,0.000000,4296.410156,4282.436035,4313.333496,4301.666504,4273.077148,4277.436035,4331.025879,4397.051270,4302.307617,4283.974121,4473.461426,4506.025879,4336.794922,4414.102539,1551.000000,1.000000,22.000000,,,,0.000000,2.000000,2.000000,0.000000,4.000000,2.000000,2.000000,0.000000,0.000000,4.000000,4.000000,4.000000,4.000000,4.000000,4.000000,0.000000,1.000000,0.000000,2.000000,1.000000,0.000000,1.000000,2.000000,1.000000,0.000000,0.000000,4.000000,3.000000,4.000000,4.000000,1.000000,1.000000,,,,,,,,,,,,
1732157939.871210,1732157939.873848,15.000000,0.000000,4295.641113,4281.666504,4311.282227,4300.128418,4278.717773,4277.179688,4333.077148,4401.410156,4303.461426,4285.512695,4474.102539,4504.871582,4343.589844,4412.307617,1566.000000,1.000000,22.000000,,,,0.000000,2.000000,2.000000,0.000000,4.000000,2.000000,2.000000,0.000000,0.000000,4.000000,4.000000,4.000000,4.000000,4.000000,4.000000,0.000000,,,,,,,,,,,,,,,,,,,,,,,,,,,,
1732157939.879018,1732157939.881756,16.000000,0.000000,4294.358887,4281.538574,4308.717773,4297.307617,4285.641113,4278.846191,4335.769043,4402.307617,4296.410156,4281.025879,4475.384766,4505.512695,4343.077148,4411.153809,0.000000,1.000000,22.000000,,,,0.000000,2.000000,2.000000,0.000000,4.000000,2.000000,2.000000,0.000000,0.000000,4.000000,4.000000,4.000000,4.000000,4.000000,4.000000,0.000000,,,,,,,,,,,,,,,,,4.000000,0.000000,0.499458,0.455505,-0.565735,0.472229,0.975705,-0.081553,-0.060066,-36.431831,44.403290,31.697384
1732157939.886826,1732157939.889564,17.000000,0.000000,4294.871582,4281.794922,4311.794922,4296.410156,4272.948730,4280.384766,4334.743652,4397.820313,4296.025879,4281.666504,4475.384766,4505.000000,4340.769043,4414.358887,0.000000,1.000000,22.000000,,,,0.000000,2.000000,2.000000,0.000000,4.000000,2.000000,2.000000,0.000000,0.000000,4.000000,4.000000,4.000000,4.000000,4.000000,4.000000,0.000000,,,,,,,,,,,,,,,,,,,,,,,,,,,,
1732157939.894635,1732157939.897572,18.000000,0.000000,4292.307617,4280.641113,4314.230957,4297.692383,4256.538574,4280.641113,4333.461426,4400.384766,4301.794922,4288.846191,4474.102539,4502.051270,4343.205078,4413.077148,0.000000,1.000000,22.000000,,,,0.000000,2.000000,2.000000,0.000000,4.000000,2.000000,2.000000,0.000000,0.000000,4.000000,4.000000,4.000000,4.000000,4.000000,4.000000,0.000000,,,,,,,,,,,,,,,,,,,,,,,,,,,,
1732157939.902443,1732157939.905380,19.000000,0.000000,4292.820313,4280.641113,4311.666504,4297.948730,4270.769043,4280.512695,4334.615234,4405.769043,4297.179688,4284.871582,4474.743652,4501.922852,4337.820313,4406.025879,0.000000,1.000000,22.000000,,,,0.000000,2.000000,2.000000,0.000000,4.000000,2.000000,2.000000,0.000000,0.000000,4.000000,4.000000,4.000000,4.000000,4.000000,4.000000,0.000000,,,,,,,,,,,,,,,,,,,,,,,,,,,,
1732157939.910251,1732157939.913088,20.000000,0.000000,4294.358887,4281.538574,4310.897461,4296.410156,4293.589844,4278.589844,4335.384766,4402.436035,4290.897461,4276.153809,4471.538574,4500.769043,4328.846191,4401.410156,0.000000,1.000000,22.000000,,,,0.000000,2.000000,2.000000,0.000000,4.000000,2.000000,2.000000,0.000000,0.000000,4.000000,4.000000,4.000000,4.000000,4.000000,4.000000,0.000000,,,,,,,,,,,,,,,,,5.000000,0.000000,0.499458,0.455505,-0.565735,0.472229,0.971310,-0.079600,-0.045904,-36.401447,44.304996,31.683214
1732157939.918059,1732157939.920897,21.000000,0.000000,4286.794922,4277.563965,4312.179688,4294.102539,4283.461426,4279.487305,4334.743652,4398.333496,4299.615234,4279.358887,4464.358887,4496.153809,4330.512695,4403.461426,0.000000,1.000000,22.000000,,,,0.000000,2.000000,2.000000,0.000000,4.000000,2.000000,2.000000,0.000000,0.000000,4.000000,4.000000,4.000000,4.000000,4.000000,4.000000,0.000000,,,,,,,,,,,,,,,,,,,,,,,,,,,,
1732157939.925868,1732157939.928505,22.000000,0.000000,4283.846191,4274.358887,4310.256348,4295.000000,4262.307617,4284.487305,4333.974121,4400.641113,4306.922852,4283.205078,4464.743652,4501.538574,4335.000000,4405.384766,0.000000,1.000000,22.000000,,,,0.000000,2.000000,2.000000,0.000000,4.000000,2.000000,2.000000,0.000000,0.000000,4.000000,4.000000,4.000000,4.000000,4.000000,4.000000,0.000000,,,,,,,,,,,,,,,,,,,,,,,,,,,,
1732157939.933676,1732157939.936313,23.000000,0.000000,4293.717773,4278.077148,4309.358887,4302.436035,4261.922852,4284.871582,4333.461426,4401.538574,4299.615234,4279.615234,4472.692383,4509.743652,4339.102539,4406.794922,0.000000,1.000000,22.000000,,,,0.000000,2.000000,2.000000,0.000000,4.000000,2.000000,2.000000,0.000000,0.000000,4.000000,4.000000,4.000000,4.000000,4.000000,4.000000,0.000000,,,,,,,,,,,,,,,,,,,,,,,,,,,,
1732157939.941484,1732157939.944022,24.000000,0.000000,4297.692383,4281.025879,4311.666504,4304.743652,4277.307617,4281.025879,4334.487305,4398.205078,4290.897461,4278.333496,4474.230957,4507.692383,4343.974121,4410.641113,0.000000,1.000000,22.000000,,,,0.000000,2.000000,2.000000,0.000000,4.000000,2.000000,2.000000,0.000000,0.000000,4.000000,4.000000,4.000000,4.000000,4.000000,4.000000,0.000000,,,,,,,,,,,,,,,,,6.000000,0.000000,0.499447,0.455505,-0.565796,0.472168,0.970333,-0.085460,-0.055183,-36.466839,44.257050,31.770071
1732157939.949293,1732157939.951830,25.000000,0.000000,4291.794922,4279.871582,4313.717773,4298.077148,4286.922852,4278.717773,4335.000000,4398.974121,4291.922852,4279.230957,4467.051270,4504.871582,4340.512695,4413.589844,0.000000,1.000000,22.000000,,,,0.000000,2.000000,2.000000,0.000000,4.000000,2.000000,2.000000,0.000000,0.000000,4.000000,4.000000,4.000000,4.000000,4.000000,4.000000,0.000000,,,,,,,,,,,,,,,,,,,,,,,,,,,,
1732157939.957101,1732157939.959438,26.000000,0.000000,4293.846191,4279.615234,4312.179688,4297.307617,4276.538574,4278.589844,4334.615234,4402.436035,4295.256348,4279.487305,4465.384766,4507.820313,4334.871582,4417.179688,0.000000,1.000000,22.000000,,,,0.000000,2.000000,2.000000,0.000000,4.000000,2.000000,2.000000,0.000000,0.000000,4.000000,4.000000,4.000000,4.000000,4.000000,4.000000,0.000000,,,,,,,,,,,,,,,,,,,,,,,,,,,,
1732157939.964909,1732157939.967246,27.000000,0.000000,4298.974121,4278.974121,4311.410156,4302.948730,4259.487305,4280.256348,4334.743652,4400.897461,4295.256348,4281.153809,4471.153809,4506.794922,4340.128418,4419.743652,0.000000,1.000000,22.000000,,,,0.000000,2.000000,2.000000,0.000000,4.000000,2.000000,2.000000,0.000000,0.000000,4.000000,4.000000,4.000000,4.000000,4.000000,4.000000,0.000000,,,,,,,,,,,,,,,,,,,,,,,,,,,,
1732157939.972717,1732157939.974955,28.000000,0.000000,4297.051270,4278.205078,4313.589844,4306.410156,4261.025879,4282.563965,4334.871582,4398.333496,4295.897461,4282.179688,4473.077148,4505.641113,4344.358887,4416.410156,0.000000,1.000000,22.000000,,,,0.000000,2.000000,2.000000,0.000000,4.000000,2.000000,2.000000,0.000000,0.000000,4.000000,4.000000,4.000000,4.000000,4.000000,4.000000,0.000000,,,,,,,,,,,,,,,,,7.000000,0.000000,0.499681,0.455261,-0.566040,0.471863,0.969845,-0.075693,-0.064949,-36.519806,44.401543,31.790424
1732157939.980525,1732157939.982763,29.000000,0.000000,4299.487305,4282.692383,4314.358887,4305.384766,4275.512695,4279.230957,4334.615234,4401.153809,4296.794922,4281.538574,4472.436035,4506.410156,4341.666504,4412.692383,0.000000,1.000000,22.000000,,,,0.000000,2.000000,2.000000,0.000000,4.000000,2.000000,2.000000,0.000000,0.000000,4.000000,4.000000,4.000000,4.000000,4.000000,4.000000,0.000000,,,,,,,,,,,,,,,,,,,,,,,,,,,,
1732157939.988334,1732157939.990371,30.000000,0.000000,4305.512695,4283.974121,4313.717773,4302.051270,4279.615234,4277.307617,4334.487305,4402.436035,4296.153809,4281.794922,4475.384766,4507.179688,4342.179688,4415.384766,0.000000,1.000000,22.000000,,,,0.000000,2.000000,2.000000,0.000000,4.000000,2.000000,2.000000,0.000000,0.000000,4.000000,4.000000,4.000000,4.000000,4.000000,4.000000,0.000000,,,,,,,,,,,,,,,,,,,,,,,,,,,,
1732157939.996142,1732157939.998179,31.000000,0.000000,4302.563965,4277.563965,4311.282227,4302.179688,4274.358887,4281.025879,4335.000000,4400.641113,4296.794922,4283.846191,4475.897461,4510.512695,4342.436035,4416.794922,0.000000,1.000000,22.000000,,,,0.000000,2.000000,2.000000,0.000000,4.000000,2.000000,2.000000,0.000000,0.000000,4.000000,4.000000,4.000000,4.000000,4.000000,4.000000,0.000000,,,,,,,,,,,,,,,,,,,,,,,,,,,,
1732157940.003950,1732157940.005888,32.000000,0.000000,4295.641113,4278.205078,4310.256348,4304.230957,4278.205078,4280.384766,4334.358887,4402.692383,4303.333496,4291.025879,4472.436035,4512.692383,4342.051270,4413.846191,0.000000,1.000000,22.000000,,,,0.000000,2.000000,2.000000,0.000000,4.000000,2.000000,2.000000,0.000000,0.000000,4.000000,4.000000,4.000000,4.000000,4.000000,4.000000,0.000000,,,,,,,,,,,,,,,,,8.000000,0.000000,0.499336,0.455627,-0.565796,0.472168,0.968868,-0.082041,-0.056648,-36.564377,44.711914,31.605244
1732157940.011758,1732157940.013696,33.000000,0.000000,4297.692383,4282.436035,4311.410156,4302.820313,4293.205078,4277.820313,4332.948730,4402.692383,4304.871582,4293.846191,4472.307617,4508.717773,4341.538574,4412.820313,0.000000,1.000000,22.000000,,,,0.000000,2.000000,2.000000,0.000000,4.000000,2.000000,2.000000,0.000000,0.000000,4.000000,4.000000,4.000000,4.000000,4.000000,4.000000,0.000000,,,,,,,,,,,,,,,,,,,,,,,,,,,,
1732157940.019567,1732157940.021304,34.000000,0.000000,4303.461426,4284.871582,4312.179688,4302.563965,4288.077148,4279.487305,4333.974121,4399.487305,4298.205078,4286.922852,4473.589844,4505.897461,4339.743652,4416.666504,0.000000,1.000000,22.000000,,,,0.000000,2.000000,2.000000,0.000000,4.000000,2.000000,2.000000,0.000000,0.000000,4.000000,4.000000,4.000000,4.000000,4.000000,4.000000,0.000000,,,,,,,,,,,,,,,,,,,,,,,,,,,,
1732157940.027375,1732157940.029113,35.000000,0.000000,4303.974121,4289.487305,4311.666504,4308.846191,4260.256348,4282.051270,4336.025879,4398.589844,4296.922852,4286.282227,4474.230957,4509.487305,4339.487305,4419.487305,0.000000,1.000000,22.000000,,,,0.000000,2.000000,2.000000,0.000000,4.000000,2.000000,2.000000,0.000000,0.000000,4.000000,4.000000,4.000000,4.000000,4.000000,4.000000,0.000000,,,,,,,,,,,,,,,,,,,,,,,,,,,,
1732157940.035183,1732157940.037021,36.000000,0.000000,4301.282227,4288.333496,4312.692383,4308.205078,4256.666504,4280.769043,4335.897461,4399.358887,4298.077148,4289.230957,4475.000000,4508.461426,4338.461426,4415.384766,0.000000,1.000000,22.000000,,,,0.000000,2.000000,2.000000,0.000000,4.000000,2.000000,2.000000,0.000000,0.000000,4.000000,4.000000,4.000000,4.000000,4.000000,4.000000,0.000000,,,,,,,,,,,,,,,,,9.000000,0.000000,0.499147,0.455872,-0.565613,0.472351,0.968868,-0.082041,-0.056648,-36.457146,44.544987,31.173580
1732157940.042992,1732157940.044829,37.000000,0.000000,4298.717773,4280.000000,4314.230957,4296.922852,4275.512695,4279.487305,4334.615234,4399.487305,4296.153809,4286.922852,4474.871582,4505.384766,4335.769043,4411.922852,0.000000,1.000000,22.000000,,,,0.000000,2.000000,2.000000,0.000000,4.000000,2.000000,2.000000,0.000000,0.000000,4.000000,4.000000,4.000000,4.000000,4.000000,4.000000,0.000000,,,,,,,,,,,,,,,,,,,,,,,,,,,,
1732157940.050800,1732157940.052437,38.000000,0.000000,4296.794922,4278.461426,4317.179688,4295.000000,4271.922852,4281.922852,4333.846191,4401.538574,4295.769043,4286.666504,4475.128418,4507.948730,4337.563965,4414.743652,0.000000,1.000000,22.000000,,,,0.000000,2.000000,2.000000,0.000000,4.000000,2.000000,2.000000,0.000000,0.000000,4.000000,4.000000,4.000000,4.000000,4.000000,4.000000,0.000000,,,,,,,,,,,,,,,,,,,,,,,,,,,,
1732157940.058608,1732157940.060246,39.000000,0.000000,4297.436035,4281.282227,4317.948730,4298.589844,4272.307617,4281.666504,4333.974121,4401.922852,4293.589844,4285.769043,4473.717773,4505.000000,4341.282227,4414.358887,0.000000,1.000000,22.000000,,,,0.000000,2.000000,2.000000,0.000000,4.000000,2.000000,2.000000,0.000000,0.000000,4.000000,4.000000,4.000000,4.000000,4.000000,4.000000,0.000000,,,,,,,,,,,,,,,,,,,,,,,,,,,,
1732157940.066416,1732157940.068154,40.000000,0.000000,4301.794922,4280.641113,4312.948730,4294.871582,4294.743652,4277.051270,4334.871582,4400.256348,4291.538574,4279.871582,4471.538574,4498.974121,4338.589844,4411.282227,0.000000,1.000000,22.000000,,,,0.000000,2.000000,2.000000,0.000000,4.000000,2.000000,2.000000,0.000000,0.000000,4.000000,4.000000,4.000000,4.000000,4.000000,4.000000,0.000000,,,,,,,,,,,,,,,,,10.000000,0.000000,0.499234,0.455688,-0.565735,0.472290,0.973752,-0.079600,-0.059578,-36.395287,44.443104,31.298933
1732157940.074224,1732157940.075962,41.000000,0.000000,4304.487305,4281.282227,4312.051270,4295.512695,4283.846191,4277.307617,4334.615234,4400.897461,4295.128418,4280.641113,4471.282227,4503.589844,4337.179688,4413.717773,0.000000,1.000000,22.000000,,,,0.000000,2.000000,2.000000,0.000000,4.000000,2.000000,2.000000,0.000000,0.000000,4.000000,4.000000,4.000000,4.000000,4.000000,4.000000,0.000000,,,,,,,,,,,,,,,,,,,,,,,,,,,,
1732157940.082033,1732157940.083570,42.000000,0.000000,4303.974121,4281.794922,4314.615234,4304.615234,4257.563965,4282.563965,4333.205078,4399.871582,4296.410156,4284.871582,4468.974121,4510.384766,4338.205078,4414.871582,0.000000,1.000000,22.000000,,,,0.000000,2.000000,2.000000,0.000000,4.000000,2.000000,2.000000,0.000000,0.000000,4.000000,4.000000,4.000000,4.000000,4.000000,4.000000,0.000000,,,,,,,,,,,,,,,,,,,,,,,,,,,,
1732157940.089841,1732157940.091378,43.000000,0.000000,4304.615234,4280.256348,4312.436035,4307.436035,4275.512695,4282.307617,4332.692383,4400.256348,4293.333496,4281.153809,4464.871582,4501.025879,4336.794922,4412.051270,0.000000,1.000000,22.000000,,,,0.000000,2.000000,2.000000,0.000000,4.000000,2.000000,2.000000,0.000000,0.000000,4.000000,4.000000,4.000000,4.000000,4.000000,4.000000,0.000000,,,,,,,,,,,,,,,,,,,,,,,,,,,,
1732157940.097649,1732157940.099087,44.000000,0.000000,4305.000000,4282.179688,4313.333496,4303.717773,4292.692383,4279.871582,4333.205078,4402.051270,4295.384766,4280.769043,4463.589844,4493.205078,4335.384766,4411.153809,0.000000,1.000000,22.000000,,,,0.000000,2.000000,2.000000,0.000000,4.000000,2.000000,2.000000,0.000000,0.000000,4.000000,4.000000,4.000000,4.000000,4.000000,4.000000,0.000000,,,,,,,,,,,,,,,,,11.000000,0.000000,0.499176,0.455688,-0.565735,0.472351,0.969845,-0.073251,-0.047857,-36.215183,44.412247,31.410469
1732157940.105457,1732157940.106895,45.000000,0.000000,4300.256348,4283.205078,4318.846191,4304.230957,4268.974121,4281.794922,4334.230957,4401.025879,4298.333496,4286.794922,4469.102539,4498.717773,4335.641113,4410.384766,0.000000,1.000000,22.000000,,,,0.000000,2.000000,2.000000,0.000000,4.000000,2.000000,2.000000,0.000000,0.000000,4.000000,4.000000,4.000000,4.000000,4.000000,4.000000,0.000000,,,,,,,,,,,,,,,,,,,,,,,,,,,,
1732157940.113266,1732157940.114903,46.000000,0.000000,4296.794922,4281.282227,4317.307617,4306.666504,4263.205078,4283.077148,4334.871582,4399.230957,4294.487305,4287.436035,4472.307617,4501.025879,4337.436035,4409.358887,0.000000,1.000000,22.000000,,,,0.000000,2.000000,2.000000,0.000000,4.000000,2.000000,2.000000,0.000000,0.000000,4.000000,4.000000,4.000000,4.000000,4.000000,4.000000,0.000000,,,,,,,,,,,,,,,,,,,,,,,,,,,,
1732157940.121074,1732157940.122711,47.000000,0.000000,4297.820313,4280.256348,4312.563965,4305.641113,4282.948730,4281.666504,4334.871582,4399.230957,4292.563965,4285.641113,4467.948730,4493.974121,4340.897461,4410.384766,0.000000,1.000000,22.000000,,,,0.000000,2.000000,2.000000,0.000000,4.000000,2.000000,2.000000,0.000000,0.000000,4.000000,4.000000,4.000000,4.000000,4.000000,4.000000,0.000000,,,,,,,,,,,,,,,,,,,,,,,,,,,,
1732157940.128882,1732157940.130619,48.000000,0.000000,4298.589844,4280.769043,4313.589844,4304.102539,4281.153809,4281.538574,4334.871582,4400.128418,4298.974121,4289.358887,4468.333496,4493.717773,4342.436035,4412.051270,0.000000,1.000000,22.000000,,,,0.000000,2.000000,2.000000,0.000000,4.000000,2.000000,2.000000,0.000000,0.000000,4.000000,4.000000,4.000000,4.000000,4.000000,4.000000,0.000000,,,,,,,,,,,,,,,,,12.000000,0.000000,0.499118,0.455688,-0.565735,0.472412,0.967403,-0.084971,-0.053229,-35.975964,44.637253,31.380814
1732157940.136691,1732157940.138428,49.000000,0.000000,4298.333496,4280.641113,4314.871582,4303.333496,4279.615234,4281.794922,4334.615234,4399.871582,4302.051270,4288.333496,4470.256348,4498.333496,4335.769043,4410.256348,0.000000,1.000000,22.000000,,,,0.000000,2.000000,2.000000,0.000000,4.000000,2.000000,2.000000,0.000000,0.000000,4.000000,4.000000,4.000000,4.000000,4.000000,4.000000,0.000000,,,,,,,,,,,,,,,,,,,,,,,,,,,,
1732157940.144499,1732157940.146436,50.000000,0.000000,4298.974121,4279.102539,4312.692383,4302.692383,4286.282227,4282.179688,4333.461426,4398.846191,4297.692383,4281.153809,4464.871582,4495.128418,4331.153809,4408.846191,0.000000,1.000000,22.000000,,,,0.000000,2.000000,2.000000,0.000000,4.000000,2.000000,2.000000,0.000000,0.000000,4.000000,4.000000,4.000000,4.000000,4.000000,4.000000,0.000000,,,,,,,,,,,,,,,,,,,,,,,,,,,,
1732157940.152307,1732157940.154244,51.000000,0.000000,4299.230957,4277.948730,4311.025879,4303.974121,4290.384766,4283.077148,4333.846191,4399.102539,4294.102539,4280.897461,4463.846191,4495.769043,4334.615234,4412.948730,0.000000,1.000000,22.000000,,,,0.000000,2.000000,2.000000,0.000000,4.000000,2.000000,2.000000,0.000000,0.000000,4.000000,4.000000,4.000000,4.000000,4.000000,4.000000,0.000000,,,,,,,,,,,,,,,,,,,,,,,,,,,,
1732157940.160115,1732157940.162152,52.000000,0.000000,4298.846191,4277.436035,4310.384766,4307.179688,4304.102539,4282.179688,4335.641113,4399.871582,4295.000000,4282.436035,4471.922852,4499.487305,4336.538574,4414.487305,0.000000,1.000000,22.000000,,,,0.000000,2.000000,2.000000,0.000000,4.000000,2.000000,2.000000,0.000000,0.000000,4.000000,4.000000,4.000000,4.000000,4.000000,4.000000,0.000000,,,,,,,,,,,,,,,,,13.000000,0.000000,0.499018,0.455811,-0.565674,0.472473,0.977170,-0.075204,-0.053717,-35.695530,44.674511,31.435125
1732157940.167923,1732157940.169960,53.000000,0.000000,4299.102539,4278.077148,4312.307617,4308.846191,4303.974121,4280.000000,4335.897461,4399.358887,4297.436035,4281.153809,4473.461426,4501.282227,4336.794922,4413.589844,0.000000,1.000000,22.000000,,,,0.000000,2.000000,2.000000,0.000000,4.000000,2.000000,2.000000,0.000000,0.000000,4.000000,4.000000,4.000000,4.000000,4.000000,4.000000,0.000000,,,,,,,,,,,,,,,,,,,,,,,,,,,,
1732157940.175732,1732157940.177968,54.000000,0.000000,4299.358887,4278.717773,4313.461426,4307.563965,4279.487305,4279.615234,4335.000000,4399.487305,4299.487305,4285.256348,4470.000000,4499.487305,4339.871582,4417.307617,0.000000,1.000000,22.000000,,,,0.000000,2.000000,2.000000,0.000000,4.000000,2.000000,2.000000,0.000000,0.000000,4.000000,4.000000,4.000000,4.000000,4.000000,4.000000,0.000000,,,,,,,,,,,,,,,,,,,,,,,,,,,,
1732157940.183540,1732157940.185776,55.000000,0.000000,4298.589844,4279.230957,4312.179688,4308.205078,4270.897461,4281.153809,4334.871582,4401.153809,4298.589844,4287.179688,4470.897461,4498.461426,4340.128418,4418.461426,0.000000,1.000000,22.000000,,,,0.000000,2.000000,2.000000,0.000000,4.000000,2.000000,2.000000,0.000000,0.000000,4.000000,4.000000,4.000000,4.000000,4.000000,4.000000,0.000000,,,,,,,,,,,,,,,,,,,,,,,,,,,,
1732157940.191348,1732157940.193684,56.000000,0.000000,4296.794922,4279.358887,4312.436035,4310.256348,4281.410156,4281.153809,4334.615234,4401.666504,4293.589844,4279.871582,4471.410156,4500.000000,4336.282227,4413.589844,0.000000,1.000000,22.000000,,,,0.000000,2.000000,2.000000,0.000000,4.000000,2.000000,2.000000,0.000000,0.000000,4.000000,4.000000,4.000000,4.000000,4.000000,4.000000,0.000000,,,,,,,,,,,,,,,,,14.000000,0.000000,0.498887,0.456055,-0.565491,0.472595,0.980588,-0.078623,-0.059578,-35.768379,44.721352,31.329119
1732157940.199156,1732157940.201493,57.000000,0.000000,4296.922852,4277.820313,4313.205078,4308.589844,4282.051270,4279.743652,4335.000000,4401.410156,4292.179688,4279.871582,4471.794922,4501.922852,4334.743652,4412.436035,0.000000,1.000000,22.000000,,,,0.000000,2.000000,2.000000,0.000000,4.000000,2.000000,2.000000,0.000000,0.000000,4.000000,4.000000,4.000000,4.000000,4.000000,4.000000,0.000000,,,,,,,,,,,,,,,,,,,,,,,,,,,,
1732157940.206965,1732157940.209501,58.000000,0.000000,4298.461426,4279.487305,4313.333496,4304.615234,4277.307617,4279.102539,4336.153809,4401.410156,4295.256348,4284.615234,4472.307617,4500.384766,4334.358887,4413.717773,0.000000,1.000000,22.000000,,,,0.000000,2.000000,2.000000,0.000000,4.000000,2.000000,2.000000,0.000000,0.000000,4.000000,4.000000,4.000000,4.000000,4.000000,4.000000,0.000000,,,,,,,,,,,,,,,,,,,,,,,,,,,,
1732157940.214773,1732157940.217309,59.000000,0.000000,4296.410156,4275.897461,4312.179688,4302.307617,4281.794922,4279.743652,4335.000000,4400.128418,4297.563965,4281.153809,4472.820313,4497.307617,4337.179688,4411.922852,0.000000,1.000000,22.000000,,,,0.000000,2.000000,2.000000,0.000000,4.000000,2.000000,2.000000,0.000000,0.000000,4.000000,4.000000,4.000000,4.000000,4.000000,4.000000,0.000000,,,,,,,,,,,,,,,,,,,,,,,,,,,,
1732157940.222581,1732157940.225217,60.000000,0.000000,4294.230957,4269.230957,4311.922852,4300.641113,4284.230957,4279.358887,4333.205078,4400.512695,4296.410156,4281.666504,4473.974121,4497.051270,4342.307617,4411.153809,0.000000,1.000000,22.000000,,,,0.000000,2.000000,2.000000,0.000000,4.000000,2.000000,2.000000,0.000000,0.000000,4.000000,4.000000,4.000000,4.000000,4.000000,4.000000,0.000000,,,,,,,,,,,,,,,,,15.000000,0.000000,0.498887,0.456055,-0.565491,0.472595,0.981565,-0.084971,-0.043462,-35.887390,44.744297,31.213253
1732157940.230389,1732157940.233025,61.000000,0.000000,4296.410156,4270.128418,4311.025879,4299.230957,4278.461426,4279.230957,4334.102539,4401.025879,4293.717773,4290.256348,4475.897461,4496.922852,4343.846191,4415.000000,0.000000,1.000000,22.000000,,,,0.000000,2.000000,2.000000,0.000000,4.000000,2.000000,2.000000,0.000000,0.000000,4.000000,4.000000,4.000000,4.000000,4.000000,4.000000,0.000000,,,,,,,,,,,,,,,,,,,,,,,,,,,,
1732157940.238198,1732157940.241033,62.000000,0.000000,4297.948730,4271.538574,4311.282227,4298.589844,4283.333496,4279.743652,4335.256348,4399.102539,4294.102539,4289.230957,4476.153809,4498.846191,4343.589844,4422.179688,0.000000,1.000000,22.000000,,,,0.000000,2.000000,2.000000,0.000000,4.000000,2.000000,2.000000,0.000000,0.000000,4.000000,4.000000,4.000000,4.000000,4.000000,4.000000,0.000000,,,,,,,,,,,,,,,,,,,,,,,,,,,,
1732157940.246006,1732157940.248841,63.000000,0.000000,4295.128418,4268.589844,4313.461426,4297.307617,4298.461426,4279.102539,4334.487305,4398.333496,4293.846191,4279.487305,4474.358887,4499.615234,4344.230957,4427.051270,0.000000,1.000000,22.000000,,,,0.000000,2.000000,2.000000,0.000000,4.000000,2.000000,2.000000,0.000000,0.000000,4.000000,4.000000,4.000000,4.000000,4.000000,4.000000,0.000000,,,,,,,,,,,,,,,,,,,,,,,,,,,,
1732157940.253814,1732157940.256749,64.000000,0.000000,4292.820313,4267.563965,4313.589844,4296.025879,4290.512695,4278.717773,4334.743652,4399.615234,4293.461426,4281.282227,4474.743652,4501.153809,4342.563965,4426.794922,0.000000,1.000000,22.000000,,,,0.000000,2.000000,2.000000,0.000000,4.000000,2.000000,2.000000,0.000000,0.000000,4.000000,4.000000,4.000000,4.000000,4.000000,4.000000,0.000000,,,,,,,,,,,,,,,,,16.000000,0.000000,0.498595,0.456360,-0.565247,0.472900,0.983518,-0.081553,-0.056159,-35.655453,44.571213,31.331068
1732157940.261622,1732157940.264558,65.000000,0.000000,4294.102539,4266.410156,4312.179688,4300.641113,4266.025879,4280.641113,4336.025879,4399.102539,4299.358887,4291.153809,4476.282227,4505.128418,4340.256348,4424.743652,1599.000000,1.000000,22.000000,,,,0.000000,2.000000,2.000000,0.000000,4.000000,2.000000,2.000000,0.000000,0.000000,4.000000,4.000000,4.000000,4.000000,4.000000,4.000000,0.000000,,,,,,,,,,,,,,,,,,,,,,,,,,,,
1732157940.269431,1732157940.272166,66.000000,0.000000,4296.025879,4265.128418,4312.307617,4307.051270,4267.307617,4282.179688,4335.897461,4399.102539,4302.692383,4289.743652,4475.384766,4507.820313,4341.410156,4421.922852,1366.000000,1.000000,22.000000,,,,0.000000,2.000000,2.000000,0.000000,4.000000,2.000000,2.000000,0.000000,0.000000,4.000000,4.000000,4.000000,4.000000,4.000000,4.000000,0.000000,,,,,,,,,,,,,,,,,,,,,,,,,,,,
1732157940.277239,1732157940.279974,67.000000,0.000000,4298.077148,4270.769043,4311.538574,4306.025879,4289.743652,4281.025879,4334.871582,4401.153809,4298.461426,4283.589844,4474.871582,4508.717773,4343.589844,4420.000000,1421.000000,1.000000,22.000000,,,,0.000000,2.000000,2.000000,0.000000,4.000000,2.000000,2.000000,0.000000,0.000000,4.000000,4.000000,4.000000,4.000000,4.000000,4.000000,0.000000,,,,,,,,,,,,,,,,,,,,,,,,,,,,
1732157940.285047,1732157940.287882,68.000000,0.000000,4297.692383,4271.025879,4311.922852,4300.000000,4296.153809,4280.000000,4334.615234,4401.153809,4296.410156,4284.102539,4476.282227,4509.102539,4345.128418,4420.641113,1426.000000,1.000000,22.000000,,,,0.000000,2.000000,2.000000,0.000000,4.000000,2.000000,2.000000,0.000000,0.000000,4.000000,4.000000,4.000000,4.000000,4.000000,4.000000,0.000000,,,,,,,,,,,,,,,,,17.000000,0.000000,0.498493,0.456421,-0.565186,0.473022,0.966427,-0.080088,-0.053229,-35.715916,44.622681,31.184832
1732157940.292855,1732157940.295691,69.000000,0.000000,4294.871582,4263.333496,4314.358887,4296.922852,4278.205078,4282.307617,4334.743652,4398.974121,4298.077148,4286.666504,4474.743652,4508.717773,4342.820313,4417.051270,1210.000000,1.000000,22.000000,,,,0.000000,2.000000,2.000000,0.000000,4.000000,2.000000,2.000000,0.000000,0.000000,4.000000,4.000000,4.000000,4.000000,4.000000,4.000000,0.000000,,,,,,,,,,,,,,,,,,,,,,,,,,,,
1732157940.300664,1732157940.303499,70.000000,0.000000,4295.769043,4265.128418,4314.102539,4301.538574,4263.461426,4283.846191,4334.871582,4400.256348,4298.589844,4288.589844,4473.333496,4507.307617,4341.025879,4411.922852,0.000000,1.000000,22.000000,,,,0.000000,2.000000,2.000000,0.000000,4.000000,2.000000,2.000000,0.000000,0.000000,4.000000,4.000000,4.000000,4.000000,4.000000,4.000000,0.000000,,,,,,,,,,,,,,,,,,,,,,,,,,,,
1732157940.308472,1732157940.311307,71.000000,0.000000,4298.589844,4267.948730,4310.384766,4305.641113,4273.205078,4282.563965,4334.615234,4401.538574,4297.436035,4292.307617,4475.641113,4509.615234,4345.769043,4414.102539,0.000000,1.000000,22.000000,,,,0.000000,2.000000,2.000000,0.000000,4.000000,2.000000,2.000000,0.000000,0.000000,4.000000,4.000000,4.000000,4.000000,4.000000,4.000000,0.000000,,,,,,,,,,,,,,,,,,,,,,,,,,,,
1732157940.316280,1732157940.319015,72.000000,0.000000,4296.153809,4265.897461,4311.666504,4302.051270,4286.025879,4281.666504,4334.487305,4399.230957,4294.102539,4291.025879,4477.692383,4507.948730,4347.563965,4416.025879,1536.000000,1.000000,22.000000,,,,0.000000,2.000000,2.000000,0.000000,4.000000,2.000000,2.000000,0.000000,0.000000,4.000000,4.000000,4.000000,4.000000,4.000000,4.000000,0.000000,,,,,,,,,,,,,,,,,18.000000,0.000000,0.498392,0.456543,-0.565125,0.473083,0.971310,-0.068856,-0.054206,-35.724892,44.744373,31.158047
1732157940.324088,1732157940.326824,73.000000,0.000000,4293.333496,4265.256348,4314.230957,4296.794922,4275.641113,4282.563965,4335.256348,4398.589844,4301.538574,4290.512695,4477.692383,4505.256348,4345.128418,4413.974121,1690.000000,1.000000,22.000000,,,,0.000000,2.000000,2.000000,0.000000,4.000000,2.000000,2.000000,0.000000,0.000000,4.000000,4.000000,4.000000,4.000000,4.000000,4.000000,0.000000,,,,,,,,,,,,,,,,,,,,,,,,,,,,
1732157940.331897,1732157940.334432,74.000000,0.000000,4295.128418,4263.974121,4312.563965,4295.769043,4277.563965,4282.436035,4336.153809,4401.282227,4311.794922,4292.179688,4477.307617,4504.102539,4346.666504,4412.692383,1549.000000,1.000000,22.000000,,,,0.000000,2.000000,2.000000,0.000000,4.000000,2.000000,2.000000,0.000000,0.000000,4.000000,4.000000,4.000000,4.000000,4.000000,4.000000,0.000000,,,,,,,,,,,,,,,,,,,,,,,,,,,,
1732157940.339705,1732157940.342240,75.000000,0.000000,4300.000000,4264.871582,4312.436035,4301.153809,4299.358887,4281.153809,4335.256348,4402.051270,4302.051270,4286.410156,4477.692383,4505.128418,4349.871582,4413.461426,1566.000000,1.000000,22.000000,,,,0.000000,2.000000,2.000000,0.000000,4.000000,2.000000,2.000000,0.000000,0.000000,4.000000,4.000000,4.000000,4.000000,4.000000,4.000000,0.000000,,,,,,,,,,,,,,,,,,,,,,,,,,,,
1732157940.347513,1732157940.349948,76.000000,0.000000,4302.563965,4271.410156,4313.461426,4306.410156,4291.153809,4281.153809,4334.743652,4399.615234,4299.102539,4286.282227,4477.692383,4505.512695,4349.615234,4414.230957,1701.000000,1.000000,22.000000,,,,0.000000,2.000000,2.000000,0.000000,4.000000,2.000000,2.000000,0.000000,0.000000,4.000000,4.000000,4.000000,4.000000,4.000000,4.000000,0.000000,,,,,,,,,,,,,,,,,19.000000,0.000000,0.498448,0.456482,-0.565125,0.473083,0.971310,-0.068856,-0.054206,-35.555496,44.507942,31.254684
1732157940.355321,1732157940.357757,77.000000,0.000000,4301.410156,4271.538574,4312.692383,4305.256348,4263.846191,4286.666504,4335.769043,4399.615234,4313.333496,4294.615234,4477.436035,4505.128418,4349.743652,4415.128418,1608.000000,1.000000,22.000000,,,,0.000000,2.000000,2.000000,0.000000,4.000000,2.000000,2.000000,0.000000,0.000000,4.000000,4.000000,4.000000,4.000000,4.000000,4.000000,0.000000,,,,,,,,,,,,,,,,,,,,,,,,,,,,
1732157940.363130,1732157940.365365,78.000000,0.000000,4297.692383,4266.153809,4312.051270,4303.333496,4267.307617,4291.153809,4336.922852,4401.153809,4309.487305,4296.410156,4477.436035,4506.794922,4351.282227,4415.897461,1549.000000,1.000000,22.000000,,,,0.000000,2.000000,2.000000,0.000000,4.000000,2.000000,2.000000,0.000000,0.000000,4.000000,4.000000,4.000000,4.000000,4.000000,4.000000,0.000000,1.000000,0.000000,1.000000,1.000000,0.000000,1.000000,1.000000,1.000000,0.000000,0.000000,4.000000,3.000000,1.000000,4.000000,1.000000,4.000000,,,,,,,,,,,,
1732157940.370938,1732157940.373173,79.000000,0.000000,4295.128418,4265.128418,4312.436035,4300.897461,4283.846191,4285.897461,4336.282227,4400.256348,4294.743652,4291.538574,4477.436035,4508.333496,4351.922852,4419.102539,1566.000000,1.000000,22.000000,,,,0.000000,2.000000,2.000000,0.000000,4.000000,2.000000,2.000000,0.000000,0.000000,4.000000,4.000000,4.000000,4.000000,4.000000,4.000000,0.000000,,,,,,,,,,,,,,,,,,,,,,,,,,,,
1732157940.378746,1732157940.381081,80.000000,0.000000,4295.000000,4266.282227,4311.922852,4298.205078,4275.897461,4279.743652,4334.487305,4398.717773,4296.922852,4291.922852,4477.563965,4507.948730,4350.769043,4420.384766,1701.000000,1.000000,22.000000,,,,0.000000,2.000000,2.000000,0.000000,4.000000,2.000000,2.000000,0.000000,0.000000,4.000000,4.000000,4.000000,4.000000,4.000000,4.000000,0.000000,,,,,,,,,,,,,,,,,20.000000,0.000000,0.498234,0.456665,-0.565063,0.473206,0.971798,-0.082530,-0.054206,-35.558285,44.544765,31.221294
1732157940.386554,1732157940.388890,81.000000,0.000000,4296.153809,4266.410156,4312.179688,4298.461426,4268.717773,4281.153809,4333.846191,4400.000000,4302.436035,4294.230957,4477.436035,4507.563965,4345.256348,4415.256348,1608.000000,1.000000,22.000000,,,,0.000000,2.000000,2.000000,0.000000,4.000000,2.000000,2.000000,0.000000,0.000000,4.000000,4.000000,4.000000,4.000000,4.000000,4.000000,0.000000,,,,,,,,,,,,,,,,,,,,,,,,,,,,
1732157940.394363,1732157940.396898,82.000000,0.000000,4297.563965,4265.897461,4312.436035,4298.205078,4287.820313,4280.897461,4334.230957,4401.410156,4305.512695,4293.461426,4477.436035,4507.692383,4345.384766,4412.563965,1549.000000,1.000000,22.000000,,,,0.000000,2.000000,2.000000,0.000000,4.000000,2.000000,2.000000,0.000000,0.000000,4.000000,4.000000,4.000000,4.000000,4.000000,4.000000,0.000000,,,,,,,,,,,,,,,,,,,,,,,,,,,,
1732157940.402171,1732157940.404706,83.000000,0.000000,4296.282227,4264.358887,4312.692383,4297.692383,4290.897461,4279.230957,4334.615234,4400.384766,4311.538574,4293.846191,4477.436035,4507.307617,4351.794922,4416.025879,1566.000000,1.000000,22.000000,,,,0.000000,2.000000,2.000000,0.000000,4.000000,2.000000,2.000000,0.000000,0.000000,4.000000,4.000000,4.000000,4.000000,4.000000,4.000000,0.000000,,,,,,,,,,,,,,,,,,,,,,,,,,,,
1732157940.409979,1732157940.412614,84.000000,0.000000,4295.000000,4264.230957,4313.974121,4299.230957,4267.179688,4284.871582,4335.641113,4398.205078,4305.128418,4292.820313,4477.692383,4507.563965,4351.538574,4417.948730,1701.000000,1.000000,22.000000,,,,0.000000,2.000000,2.000000,0.000000,4.000000,2.000000,2.000000,0.000000,0.000000,4.000000,4.000000,4.000000,4.000000,4.000000,4.000000,0.000000,,,,,,,,,,,,,,,,,21.000000,0.000000,0.498377,0.456421,-0.565186,0.473145,0.975217,-0.090831,-0.051764,-35.762211,44.681259,31.445915
1732157940.417787,1732157940.420422,85.000000,0.000000,4294.871582,4265.384766,4314.358887,4298.974121,4258.077148,4287.436035,4335.769043,4398.974121,4296.282227,4293.333496,4477.307617,4507.051270,4349.102539,4415.384766,1608.000000,1.000000,22.000000,,,,0.000000,2.000000,2.000000,0.000000,4.000000,2.000000,2.000000,0.000000,0.000000,4.000000,4.000000,4.000000,4.000000,4.000000,4.000000,0.000000,,,,,,,,,,,,,,,,,,,,,,,,,,,,
1732157940.425596,1732157940.428031,86.000000,0.000000,4294.615234,4266.282227,4312.307617,4298.461426,4268.974121,4282.307617,4334.615234,4400.769043,4298.589844,4293.717773,4477.179688,4505.256348,4350.641113,4414.230957,1549.000000,1.000000,22.000000,,,,0.000000,2.000000,2.000000,0.000000,4.000000,2.000000,2.000000,0.000000,0.000000,4.000000,4.000000,4.000000,4.000000,4.000000,4.000000,0.000000,,,,,,,,,,,,,,,,,,,,,,,,,,,,
1732157940.433404,1732157940.435839,87.000000,0.000000,4295.897461,4268.846191,4311.538574,4302.948730,4273.077148,4280.512695,4335.000000,4400.769043,4297.948730,4287.051270,4478.846191,4508.589844,4350.256348,4421.410156,1566.000000,1.000000,22.000000,,,,0.000000,2.000000,2.000000,0.000000,4.000000,2.000000,2.000000,0.000000,0.000000,4.000000,4.000000,4.000000,4.000000,4.000000,4.000000,0.000000,,,,,,,,,,,,,,,,,,,,,,,,,,,,
1732157940.441212,1732157940.443747,88.000000,0.000000,4296.025879,4267.436035,4311.666504,4300.000000,4282.179688,4281.922852,4335.769043,4400.769043,4294.871582,4281.025879,4479.230957,4511.282227,4347.307617,4428.589844,1701.000000,1.000000,22.000000,,,,0.000000,2.000000,2.000000,0.000000,4.000000,2.000000,2.000000,0.000000,0.000000,4.000000,4.000000,4.000000,4.000000,4.000000,4.000000,0.000000,,,,,,,,,,,,,,,,,22.000000,0.000000,0.498421,0.456360,-0.565247,0.473083,0.975217,-0.090831,-0.051764,-35.740723,44.770153,31.482859
1732157940.449020,1732157940.451555,89.000000,0.000000,4294.487305,4266.538574,4311.410156,4294.615234,4291.282227,4281.282227,4335.128418,4401.153809,4300.512695,4284.615234,4478.205078,4513.333496,4346.922852,4424.102539,1608.000000,1.000000,22.000000,,,,0.000000,2.000000,2.000000,0.000000,4.000000,2.000000,2.000000,0.000000,0.000000,4.000000,4.000000,4.000000,4.000000,4.000000,4.000000,0.000000,,,,,,,,,,,,,,,,,,,,,,,,,,,,
1732157940.456829,1732157940.459163,90.000000,0.000000,4295.000000,4273.589844,4311.666504,4299.358887,4272.563965,4281.153809,4334.615234,4401.922852,4307.051270,4288.974121,4479.615234,4514.615234,4348.205078,4419.487305,1549.000000,1.000000,22.000000,,,,0.000000,2.000000,2.000000,0.000000,4.000000,2.000000,2.000000,0.000000,0.000000,4.000000,4.000000,4.000000,4.000000,4.000000,4.000000,0.000000,,,,,,,,,,,,,,,,,,,,,,,,,,,,
1732157940.464637,1732157940.466972,91.000000,0.000000,4297.436035,4273.974121,4312.948730,4302.692383,4258.717773,4279.743652,4334.871582,4399.615234,4310.000000,4289.743652,4480.512695,4517.179688,4348.589844,4425.512695,1566.000000,1.000000,22.000000,,,,0.000000,2.000000,2.000000,0.000000,4.000000,2.000000,2.000000,0.000000,0.000000,4.000000,4.000000,4.000000,4.000000,4.000000,4.000000,0.000000,,,,,,,,,,,,,,,,,,,,,,,,,,,,
1732157940.472445,1732157940.474680,92.000000,0.000000,4297.820313,4268.205078,4315.384766,4296.538574,4264.487305,4276.025879,4336.282227,4395.512695,4311.282227,4296.922852,4478.846191,4516.153809,4349.487305,4427.563965,1701.000000,1.000000,22.000000,,,,0.000000,2.000000,2.000000,0.000000,4.000000,2.000000,2.000000,0.000000,0.000000,4.000000,4.000000,4.000000,4.000000,4.000000,4.000000,0.000000,,,,,,,,,,,,,,,,,23.000000,0.000000,0.498408,0.456299,-0.565308,0.473083,0.974728,-0.079111,-0.053229,-35.884987,44.592159,31.771114
1732157940.480253,1732157940.482488,93.000000,0.000000,4296.922852,4268.717773,4316.025879,4294.487305,4266.794922,4278.205078,4337.051270,4398.717773,4301.922852,4295.641113,4478.461426,4512.948730,4347.436035,4424.743652,1608.000000,1.000000,22.000000,,,,0.000000,2.000000,2.000000,0.000000,4.000000,2.000000,2.000000,0.000000,0.000000,4.000000,4.000000,4.000000,4.000000,4.000000,4.000000,0.000000,,,,,,,,,,,,,,,,,,,,,,,,,,,,
1732157940.488062,1732157940.490496,94.000000,0.000000,4297.692383,4271.025879,4314.102539,4297.179688,4278.077148,4279.871582,4336.025879,4403.846191,4297.692383,4285.384766,4477.820313,4517.307617,4346.794922,4425.384766,1549.000000,1.000000,22.000000,,,,0.000000,2.000000,2.000000,0.000000,4.000000,2.000000,2.000000,0.000000,0.000000,4.000000,4.000000,4.000000,4.000000,4.000000,4.000000,0.000000,,,,,,,,,,,,,,,,,,,,,,,,,,,,
1732157940.495870,1732157940.498304,95.000000,0.000000,4298.077148,4267.692383,4312.820313,4297.692383,4285.512695,4278.077148,4335.384766,4401.282227,4310.128418,4284.102539,4476.666504,4520.512695,4347.307617,4421.922852,1566.000000,1.000000,22.000000,,,,0.000000,2.000000,2.000000,0.000000,4.000000,2.000000,2.000000,0.000000,0.000000,4.000000,4.000000,4.000000,4.000000,4.000000,4.000000,0.000000,,,,,,,,,,,,,,,,,,,,,,,,,,,,
1732157940.503678,1732157940.506213,96.000000,0.000000,4298.846191,4265.641113,4315.384766,4297.307617,4267.948730,4281.153809,4336.410156,4398.333496,4310.769043,4287.948730,4477.948730,4517.563965,4344.358887,4418.205078,1701.000000,1.000000,22.000000,,,,0.000000,2.000000,2.000000,0.000000,4.000000,2.000000,2.000000,0.000000,0.000000,4.000000,4.000000,4.000000,4.000000,4.000000,4.000000,0.000000,,,,,,,,,,,,,,,,,24.000000,0.000000,0.498515,0.456421,-0.565063,0.473145,0.985472,-0.082041,-0.058601,-35.855171,44.612980,31.739603
1732157940.511486,1732157940.514021,97.000000,0.000000,4299.102539,4273.333496,4314.871582,4298.205078,4261.410156,4284.102539,4335.641113,4398.974121,4297.307617,4287.436035,4479.102539,4518.333496,4345.256348,4424.743652,1608.000000,1.000000,22.000000,,,,0.000000,2.000000,2.000000,0.000000,4.000000,2.000000,2.000000,0.000000,0.000000,4.000000,4.000000,4.000000,4.000000,4.000000,4.000000,0.000000,,,,,,,,,,,,,,,,,,,,,,,,,,,,
1732157940.519295,1732157940.522029,98.000000,0.000000,4300.128418,4277.948730,4312.179688,4297.307617,4276.153809,4281.282227,4334.487305,4397.563965,4298.333496,4286.538574,4477.563965,4523.717773,4347.948730,4428.974121,1549.000000,1.000000,22.000000,,,,0.000000,2.000000,2.000000,0.000000,4.000000,2.000000,2.000000,0.000000,0.000000,4.000000,4.000000,4.000000,4.000000,4.000000,4.000000,0.000000,,,,,,,,,,,,,,,,,,,,,,,,,,,,
1732157940.527103,1732157940.529837,99.000000,0.000000,4301.538574,4269.871582,4312.307617,4295.641113,4272.692383,4281.282227,4334.615234,4397.436035,4310.000000,4290.512695,4476.538574,4521.282227,4344.871582,4424.102539,1566.000000,1.000000,22.000000,,,,0.000000,2.000000,2.000000,0.000000,4.000000,2.000000,2.000000,0.000000,0.000000,4.000000,4.000000,4.000000,4.000000,4.000000,4.000000,0.000000,,,,,,,,,,,,,,,,,,,,,,,,,,,,
1732157940.534911,1732157940.537745,100.000000,0.000000,4299.358887,4265.897461,4312.051270,4294.615234,4272.436035,4281.538574,4335.000000,4401.153809,4306.282227,4293.589844,4476.666504,4513.461426,4339.743652,4420.384766,1701.000000,1.000000,22.000000,,,,0.000000,2.000000,2.000000,0.000000,4.000000,2.000000,2.000000,0.000000,0.000000,4.000000,4.000000,4.000000,4.000000,4.000000,4.000000,0.000000,,,,,,,,,,,,,,,,,25.000000,0.000000,0.498477,0.456299,-0.565247,0.473083,0.984007,-0.087901,-0.059578,-35.772690,44.633183,31.889078
1732157940.542719,1732157940.545553,101.000000,0.000000,4296.025879,4267.307617,4310.512695,4292.820313,4289.487305,4277.179688,4335.512695,4402.179688,4297.820313,4292.179688,4476.666504,4508.333496,4344.102539,4421.666504,1608.000000,1.000000,22.000000,,,,0.000000,2.000000,2.000000,0.000000,4.000000,2.000000,2.000000,0.000000,0.000000,4.000000,4.000000,4.000000,4.000000,4.000000,4.000000,0.000000,,,,,,,,,,,,,,,,,,,,,,,,,,,,
1732157940.550528,1732157940.553561,102.000000,0.000000,4297.436035,4266.282227,4311.922852,4293.846191,4280.128418,4278.077148,4335.897461,4399.487305,4299.487305,4292.307617,4477.563965,4508.846191,4350.897461,4425.000000,1549.000000,1.000000,22.000000,,,,0.000000,2.000000,2.000000,0.000000,4.000000,2.000000,2.000000,0.000000,0.000000,4.000000,4.000000,4.000000,4.000000,4.000000,4.000000,0.000000,,,,,,,,,,,,,,,,,,,,,,,,,,,,
1732157940.558336,1732157940.561369,103.000000,0.000000,4300.384766,4271.794922,4313.717773,4297.179688,4258.589844,4281.538574,4335.897461,4397.436035,4307.436035,4296.922852,4478.974121,4514.230957,4351.282227,4426.410156,1566.000000,1.000000,22.000000,,,,0.000000,2.000000,2.000000,0.000000,4.000000,2.000000,2.000000,0.000000,0.000000,4.000000,4.000000,4.000000,4.000000,4.000000,4.000000,0.000000,,,,,,,,,,,,,,,,,,,,,,,,,,,,
1732157940.566144,1732157940.569278,104.000000,0.000000,4297.948730,4275.641113,4311.538574,4297.692383,4261.025879,4279.743652,4335.769043,4399.230957,4307.436035,4293.205078,4478.974121,4511.410156,4350.384766,4422.436035,1701.000000,1.000000,22.000000,,,,0.000000,2.000000,2.000000,0.000000,4.000000,2.000000,2.000000,0.000000,0.000000,4.000000,4.000000,4.000000,4.000000,4.000000,4.000000,0.000000,,,,,,,,,,,,,,,,,26.000000,0.000000,0.498636,0.456177,-0.565308,0.472961,0.975217,-0.077646,-0.053717,-35.847546,44.417877,32.005154
1732157940.573952,1732157940.577086,105.000000,0.000000,4295.384766,4271.666504,4312.307617,4296.025879,4267.307617,4279.102539,4335.897461,4400.641113,4299.743652,4285.000000,4478.205078,4506.922852,4351.025879,4419.102539,1608.000000,1.000000,22.000000,,,,0.000000,2.000000,2.000000,0.000000,4.000000,2.000000,2.000000,0.000000,0.000000,4.000000,4.000000,4.000000,4.000000,4.000000,4.000000,0.000000,,,,,,,,,,,,,,,,,,,,,,,,,,,,
1732157940.581761,1732157940.585094,106.000000,0.000000,4297.563965,4271.282227,4315.769043,4297.179688,4269.743652,4280.512695,4335.897461,4399.487305,4297.436035,4288.846191,4477.820313,4509.615234,4350.769043,4421.025879,1549.000000,1.000000,22.000000,,,,0.000000,2.000000,2.000000,0.000000,4.000000,2.000000,2.000000,0.000000,0.000000,4.000000,4.000000,4.000000,4.000000,4.000000,4.000000,0.000000,,,,,,,,,,,,,,,,,,,,,,,,,,,,
1732157940.589569,1732157940.592902,107.000000,0.000000,4297.051270,4272.820313,4313.205078,4297.948730,4277.307617,4280.512695,4335.897461,4400.000000,4299.358887,4288.846191,4475.641113,4509.487305,4344.358887,4419.743652,1566.000000,1.000000,22.000000,,,,0.000000,2.000000,2.000000,0.000000,4.000000,2.000000,2.000000,0.000000,0.000000,4.000000,4.000000,4.000000,4.000000,4.000000,4.000000,0.000000,,,,,,,,,,,,,,,,,,,,,,,,,,,,
1732157940.597377,1732157940.600810,108.000000,0.000000,4294.743652,4273.205078,4311.666504,4293.589844,4274.487305,4280.384766,4335.897461,4403.205078,4300.256348,4282.436035,4474.358887,4509.487305,4343.461426,4416.794922,1701.000000,1.000000,22.000000,,,,0.000000,2.000000,2.000000,0.000000,4.000000,2.000000,2.000000,0.000000,0.000000,4.000000,4.000000,4.000000,4.000000,4.000000,4.000000,0.000000,,,,,,,,,,,,,,,,,27.000000,0.000000,0.498827,0.455994,-0.565491,0.472717,0.975217,-0.072274,-0.045416,-35.853180,44.360146,31.995842
1732157940.605185,1732157940.608618,109.000000,0.000000,4294.743652,4272.948730,4317.179688,4294.102539,4279.358887,4283.077148,4336.025879,4404.102539,4300.384766,4282.692383,4475.641113,4513.333496,4342.820313,4413.846191,1608.000000,1.000000,22.000000,,,,0.000000,2.000000,2.000000,0.000000,4.000000,2.000000,2.000000,0.000000,0.000000,4.000000,4.000000,4.000000,4.000000,4.000000,4.000000,0.000000,,,,,,,,,,,,,,,,,,,,,,,,,,,,
1732157940.612994,1732157940.616626,110.000000,0.000000,4292.692383,4267.051270,4317.307617,4294.743652,4298.333496,4287.179688,4336.410156,4403.077148,4300.897461,4286.538574,4475.641113,4510.769043,4333.846191,4407.179688,1549.000000,1.000000,22.000000,,,,0.000000,2.000000,2.000000,0.000000,4.000000,2.000000,2.000000,0.000000,0.000000,4.000000,4.000000,4.000000,4.000000,4.000000,4.000000,0.000000,,,,,,,,,,,,,,,,,,,,,,,,,,,,
1732157940.620802,1732157940.624435,111.000000,0.000000,4286.410156,4262.051270,4311.025879,4287.436035,4285.641113,4293.846191,4336.922852,4402.051270,4304.102539,4286.538574,4473.461426,4503.846191,4334.615234,4406.025879,1566.000000,1.000000,22.000000,,,,0.000000,2.000000,2.000000,0.000000,4.000000,2.000000,2.000000,0.000000,0.000000,4.000000,4.000000,4.000000,4.000000,4.000000,4.000000,0.000000,,,,,,,,,,,,,,,,,,,,,,,,,,,,
1732157940.628610,1732157940.632143,112.000000,0.000000,4284.743652,4265.384766,4311.410156,4281.666504,4259.871582,4295.641113,4336.025879,4401.025879,4307.820313,4288.717773,4474.487305,4506.025879,4345.897461,4413.589844,1701.000000,1.000000,22.000000,,,,0.000000,2.000000,2.000000,0.000000,4.000000,2.000000,2.000000,0.000000,0.000000,4.000000,4.000000,4.000000,4.000000,4.000000,4.000000,0.000000,,,,,,,,,,,,,,,,,28.000000,0.000000,0.498883,0.455933,-0.565491,0.472717,0.984007,-0.083506,-0.051276,-36.042740,44.518387,31.778297
1732157940.636418,1732157940.639951,113.000000,0.000000,4290.641113,4265.384766,4313.589844,4286.153809,4258.589844,4287.051270,4333.846191,4399.615234,4306.538574,4295.641113,4483.461426,4512.179688,4352.563965,4420.897461,1608.000000,1.000000,22.000000,,,,0.000000,2.000000,2.000000,0.000000,4.000000,2.000000,2.000000,0.000000,0.000000,4.000000,4.000000,4.000000,4.000000,4.000000,4.000000,0.000000,,,,,,,,,,,,,,,,,,,,,,,,,,,,
1732157940.644227,1732157940.647959,114.000000,0.000000,4294.230957,4263.205078,4310.256348,4288.717773,4272.179688,4277.692383,4333.461426,4399.230957,4300.256348,4297.692383,4490.256348,4511.922852,4356.666504,4422.179688,1549.000000,1.000000,22.000000,,,,0.000000,2.000000,2.000000,0.000000,4.000000,2.000000,2.000000,0.000000,0.000000,4.000000,4.000000,4.000000,4.000000,4.000000,4.000000,0.000000,,,,,,,,,,,,,,,,,,,,,,,,,,,,
1732157940.652035,1732157940.655767,115.000000,0.000000,4293.461426,4265.641113,4311.538574,4283.846191,4284.487305,4278.205078,4334.743652,4401.153809,4299.871582,4293.333496,4486.025879,4508.077148,4358.717773,4424.358887,1566.000000,1.000000,22.000000,,,,0.000000,2.000000,2.000000,0.000000,4.000000,2.000000,2.000000,0.000000,0.000000,4.000000,4.000000,4.000000,4.000000,4.000000,4.000000,0.000000,,,,,,,,,,,,,,,,,,,,,,,,,,,,
1732157940.659843,1732157940.663575,116.000000,0.000000,4294.102539,4266.282227,4314.358887,4288.333496,4280.769043,4286.282227,4334.743652,4402.692383,4306.794922,4291.538574,4484.102539,4506.153809,4355.769043,4426.282227,1701.000000,1.000000,22.000000,,,,0.000000,2.000000,2.000000,0.000000,4.000000,2.000000,2.000000,0.000000,0.000000,4.000000,4.000000,4.000000,4.000000,4.000000,4.000000,0.000000,,,,,,,,,,,,,,,,,29.000000,0.000000,0.498769,0.455994,-0.565491,0.472778,0.976682,-0.079111,-0.061043,-36.346287,44.676559,31.752089
1732157940.667651,1732157940.671384,117.000000,0.000000,4295.769043,4267.820313,4312.692383,4293.974121,4264.102539,4287.948730,4334.743652,4402.563965,4312.692383,4297.179688,4488.205078,4511.153809,4354.615234,4423.589844,1608.000000,1.000000,22.000000,,,,0.000000,2.000000,2.000000,0.000000,4.000000,2.000000,2.000000,0.000000,0.000000,4.000000,4.000000,4.000000,4.000000,4.000000,4.000000,0.000000,,,,,,,,,,,,,,,,,,,,,,,,,,,,
1732157940.675460,1732157940.678992,118.000000,0.000000,4295.256348,4266.538574,4311.025879,4287.692383,4260.000000,4282.179688,4336.025879,4401.922852,4311.922852,4298.974121,4485.897461,4514.615234,4353.846191,4418.333496,1549.000000,1.000000,22.000000,,,,0.000000,2.000000,2.000000,0.000000,4.000000,2.000000,2.000000,0.000000,0.000000,4.000000,4.000000,4.000000,4.000000,4.000000,4.000000,0.000000,,,,,,,,,,,,,,,,,,,,,,,,,,,,
1732157940.683268,1732157940.686800,119.000000,0.000000,4293.846191,4262.820313,4312.563965,4281.922852,4268.974121,4279.102539,4335.769043,4402.436035,4308.974121,4295.000000,4479.743652,4509.871582,4349.743652,4413.846191,1566.000000,1.000000,22.000000,,,,0.000000,2.000000,2.000000,0.000000,4.000000,2.000000,2.000000,0.000000,0.000000,4.000000,4.000000,4.000000,4.000000,4.000000,4.000000,0.000000,,,,,,,,,,,,,,,,,,,,,,,,,,,,
1732157940.691076,1732157940.694509,120.000000,0.000000,4293.077148,4265.769043,4312.436035,4287.563965,4271.922852,4283.846191,4334.743652,4403.333496,4309.102539,4295.641113,4481.153809,4507.948730,4351.153809,4413.589844,1701.000000,1.000000,22.000000,,,,0.000000,2.000000,2.000000,0.000000,4.000000,2.000000,2.000000,0.000000,0.000000,4.000000,4.000000,4.000000,4.000000,4.000000,4.000000,0.000000,,,,,,,,,,,,,,,,,30.000000,0.000000,0.498638,0.456238,-0.565308,0.472900,0.995239,-0.081553,-0.056648,-36.153824,44.548012,31.640858
1732157940.698884,1732157940.702317,121.000000,0.000000,4292.563965,4271.794922,4310.769043,4293.333496,4279.871582,4288.717773,4334.743652,4401.666504,4311.410156,4296.666504,4477.307617,4509.487305,4351.025879,4412.692383,1608.000000,1.000000,22.000000,,,,0.000000,2.000000,2.000000,0.000000,4.000000,2.000000,2.000000,0.000000,0.000000,4.000000,4.000000,4.000000,4.000000,4.000000,4.000000,0.000000,,,,,,,,,,,,,,,,,,,,,,,,,,,,
1732157940.706693,1732157940.709925,122.000000,0.000000,4293.333496,4275.384766,4310.512695,4294.358887,4281.410156,4284.615234,4335.000000,4401.153809,4312.179688,4293.846191,4475.256348,4508.717773,4348.077148,4413.974121,1549.000000,1.000000,22.000000,,,,0.000000,2.000000,2.000000,0.000000,4.000000,2.000000,2.000000,0.000000,0.000000,4.000000,4.000000,4.000000,4.000000,4.000000,4.000000,0.000000,,,,,,,,,,,,,,,,,,,,,,,,,,,,
1732157940.714501,1732157940.717733,123.000000,0.000000,4291.922852,4275.384766,4309.743652,4293.333496,4275.512695,4281.025879,4334.871582,4401.666504,4310.000000,4297.820313,4484.615234,4508.333496,4354.743652,4417.948730,1566.000000,1.000000,22.000000,,,,0.000000,2.000000,2.000000,0.000000,4.000000,2.000000,2.000000,0.000000,0.000000,4.000000,4.000000,4.000000,4.000000,4.000000,4.000000,0.000000,,,,,,,,,,,,,,,,,,,,,,,,,,,,
1732157940.722309,1732157940.725442,124.000000,0.000000,4292.692383,4271.282227,4309.487305,4290.128418,4289.358887,4281.153809,4334.743652,4401.153809,4304.102539,4301.794922,4485.000000,4511.153809,4357.307617,4419.102539,1701.000000,1.000000,22.000000,,,,0.000000,2.000000,2.000000,0.000000,4.000000,2.000000,2.000000,0.000000,0.000000,4.000000,4.000000,4.000000,4.000000,4.000000,4.000000,0.000000,,,,,,,,,,,,,,,,,31.000000,0.000000,0.498742,0.456238,-0.565369,0.472717,0.965450,-0.075693,-0.055671,-36.119598,44.445557,31.632429
1732157940.730117,1732157940.733250,125.000000,0.000000,4293.589844,4267.179688,4309.615234,4288.461426,4291.282227,4280.641113,4334.487305,4401.025879,4304.102539,4295.897461,4476.282227,4508.717773,4350.000000,4413.717773,1608.000000,1.000000,22.000000,,,,0.000000,2.000000,2.000000,0.000000,4.000000,2.000000,2.000000,0.000000,0.000000,4.000000,4.000000,4.000000,4.000000,4.000000,4.000000,0.000000,,,,,,,,,,,,,,,,,,,,,,,,,,,,
1732157940.737926,1732157940.741258,126.000000,0.000000,4287.307617,4266.153809,4312.307617,4288.205078,4268.846191,4284.358887,4334.230957,4401.666504,4309.230957,4291.153809,4474.871582,4505.128418,4347.692383,4410.769043,1549.000000,1.000000,22.000000,,,,0.000000,2.000000,2.000000,0.000000,4.000000,2.000000,2.000000,0.000000,0.000000,4.000000,4.000000,4.000000,4.000000,4.000000,4.000000,0.000000,,,,,,,,,,,,,,,,,,,,,,,,,,,,
1732157940.745734,1732157940.749066,127.000000,0.000000,4287.692383,4266.282227,4314.102539,4290.512695,4259.230957,4292.948730,4334.358887,4402.563965,4311.153809,4296.410156,4477.948730,4508.846191,4350.769043,4416.410156,22.000000,1.000000,22.000000,,,,0.000000,2.000000,2.000000,0.000000,4.000000,2.000000,2.000000,0.000000,0.000000,4.000000,4.000000,4.000000,4.000000,4.000000,4.000000,0.000000,,,,,,,,,,,,,,,,,,,,,,,,,,,,
1732157940.753542,1732157940.756974,0.000000,0.000000,4296.410156,4266.922852,4312.307617,4290.256348,4275.256348,4289.487305,4334.487305,4401.666504,4305.769043,4297.563965,4477.563965,4510.512695,4350.128418,4418.846191,0.000000,1.000000,22.000000,,,,0.000000,2.000000,2.000000,0.000000,4.000000,2.000000,2.000000,0.000000,0.000000,4.000000,4.000000,4.000000,4.000000,4.000000,4.000000,0.000000,,,,,,,,,,,,,,,,,0.000000,0.000000,0.498707,0.456238,-0.565247,0.472900,0.975217,-0.081553,-0.060066,-36.101875,44.475903,31.537268
1732157940.761350,1732157940.764782,1.000000,0.000000,4294.871582,4266.153809,4309.358887,4288.589844,4290.256348,4280.000000,4335.769043,4402.307617,4297.436035,4291.922852,4476.282227,4505.256348,4349.230957,4416.538574,1599.000000,1.000000,22.000000,,,,0.000000,2.000000,2.000000,0.000000,4.000000,2.000000,2.000000,0.000000,0.000000,4.000000,4.000000,4.000000,4.000000,4.000000,4.000000,0.000000,,,,,,,,,,,,,,,,,,,,,,,,,,,,
1732157940.769158,1732157940.772391,2.000000,0.000000,4289.230957,4263.974121,4311.794922,4292.307617,4281.410156,4283.974121,4337.436035,4405.256348,4301.153809,4292.820313,4473.461426,4507.179688,4351.410156,4418.589844,1366.000000,1.000000,22.000000,,,,0.000000,2.000000,2.000000,0.000000,4.000000,2.000000,2.000000,0.000000,0.000000,4.000000,4.000000,4.000000,4.000000,4.000000,4.000000,0.000000,,,,,,,,,,,,,,,,,,,,,,,,,,,,
1732157940.776967,1732157940.780199,3.000000,0.000000,4293.589844,4269.358887,4314.487305,4297.307617,4263.846191,4291.153809,4337.179688,4403.717773,4310.384766,4297.051270,4472.563965,4514.230957,4350.897461,4421.025879,1421.000000,1.000000,22.000000,,,,0.000000,2.000000,2.000000,0.000000,4.000000,2.000000,2.000000,0.000000,0.000000,4.000000,4.000000,4.000000,4.000000,4.000000,4.000000,0.000000,,,,,,,,,,,,,,,,,,,,,,,,,,,,
1732157940.784775,1732157940.787907,4.000000,0.000000,4297.563965,4279.230957,4312.307617,4297.051270,4258.846191,4286.025879,4336.025879,4403.974121,4303.461426,4297.307617,4478.205078,4511.666504,4350.641113,4421.666504,1426.000000,1.000000,22.000000,,,,0.000000,2.000000,2.000000,0.000000,4.000000,2.000000,2.000000,0.000000,0.000000,4.000000,4.000000,4.000000,4.000000,4.000000,4.000000,0.000000,,,,,,,,,,,,,,,,,1.000000,0.000000,0.498676,0.456360,-0.565125,0.472961,0.983030,-0.076181,-0.049322,-35.987518,44.417149,31.340187
1732157940.792583,1732157940.795716,5.000000,0.000000,4297.563965,4279.102539,4311.025879,4296.153809,4272.692383,4280.000000,4335.769043,4406.794922,4294.743652,4295.512695,4478.205078,4506.666504,4351.025879,4423.461426,1210.000000,1.000000,22.000000,,,,0.000000,2.000000,2.000000,0.000000,4.000000,2.000000,2.000000,0.000000,0.000000,4.000000,4.000000,4.000000,4.000000,4.000000,4.000000,0.000000,,,,,,,,,,,,,,,,,,,,,,,,,,,,
1732157940.800392,1732157940.803324,6.000000,0.000000,4298.205078,4276.025879,4311.922852,4298.077148,4281.794922,4281.666504,4335.384766,4406.410156,4302.307617,4296.922852,4473.846191,4510.000000,4350.897461,4423.974121,0.000000,1.000000,22.000000,,,,0.000000,2.000000,2.000000,0.000000,4.000000,2.000000,2.000000,0.000000,0.000000,4.000000,4.000000,4.000000,4.000000,4.000000,4.000000,0.000000,,,,,,,,,,,,,,,,,,,,,,,,,,,,
1732157940.808200,1732157940.811132,7.000000,0.000000,4295.512695,4277.948730,4311.794922,4295.769043,4275.128418,4283.461426,4334.743652,4403.333496,4304.487305,4297.563965,4474.743652,4512.051270,4350.897461,4424.743652,0.000000,1.000000,22.000000,,,,0.000000,2.000000,2.000000,0.000000,4.000000,2.000000,2.000000,0.000000,0.000000,4.000000,4.000000,4.000000,4.000000,4.000000,4.000000,0.000000,,,,,,,,,,,,,,,,,,,,,,,,,,,,
1732157940.816008,1732157940.819040,8.000000,0.000000,4293.717773,4280.384766,4312.307617,4293.461426,4281.410156,4281.153809,4334.871582,4400.128418,4293.077148,4294.230957,4477.051270,4508.846191,4350.897461,4429.871582,1529.000000,1.000000,22.000000,,,,0.000000,2.000000,2.000000,0.000000,4.000000,2.000000,2.000000,0.000000,0.000000,4.000000,4.000000,4.000000,4.000000,4.000000,4.000000,0.000000,,,,,,,,,,,,,,,,,2.000000,0.000000,0.498370,0.456604,-0.564941,0.473267,0.960078,-0.082530,-0.051764,-35.939892,44.464554,31.338884
1732157940.823816,1732157940.826849,9.000000,0.000000,4295.000000,4278.974121,4314.358887,4291.410156,4297.307617,4281.025879,4334.743652,4397.563965,4295.128418,4293.589844,4475.897461,4507.948730,4351.282227,4427.563965,1690.000000,1.000000,22.000000,,,,0.000000,2.000000,2.000000,0.000000,4.000000,2.000000,2.000000,0.000000,0.000000,4.000000,4.000000,4.000000,4.000000,4.000000,4.000000,0.000000,,,,,,,,,,,,,,,,,,,,,,,,,,,,
1732157940.831625,1732157940.834857,10.000000,0.000000,4292.563965,4275.384766,4313.589844,4293.589844,4286.538574,4285.769043,4334.743652,4398.717773,4310.000000,4297.948730,4475.256348,4506.922852,4350.641113,4418.717773,1546.000000,1.000000,22.000000,,,,0.000000,2.000000,2.000000,0.000000,4.000000,2.000000,2.000000,0.000000,0.000000,4.000000,4.000000,4.000000,4.000000,4.000000,4.000000,0.000000,,,,,,,,,,,,,,,,,,,,,,,,,,,,
1732157940.839433,1732157940.842665,11.000000,0.000000,4292.948730,4277.051270,4312.563965,4297.563965,4263.333496,4285.384766,4336.025879,4403.205078,4306.794922,4298.589844,4476.282227,4506.410156,4350.256348,4422.692383,1566.000000,1.000000,22.000000,,,,0.000000,2.000000,2.000000,0.000000,4.000000,2.000000,2.000000,0.000000,0.000000,4.000000,4.000000,4.000000,4.000000,4.000000,4.000000,0.000000,,,,,,,,,,,,,,,,,,,,,,,,,,,,
1732157940.847241,1732157940.850573,12.000000,0.000000,4298.589844,4278.589844,4312.948730,4297.051270,4265.897461,4281.410156,4336.538574,4401.794922,4293.589844,4293.846191,4476.922852,4507.307617,4352.179688,4430.641113,1701.000000,1.000000,22.000000,,,,0.000000,2.000000,2.000000,0.000000,4.000000,2.000000,2.000000,0.000000,0.000000,4.000000,4.000000,4.000000,4.000000,4.000000,4.000000,0.000000,,,,,,,,,,,,,,,,,3.000000,0.000000,0.498077,0.456909,-0.564697,0.473572,0.978635,-0.084971,-0.048834,-36.067978,44.436291,31.154495
1732157940.855049,1732157940.858381,13.000000,0.000000,4291.666504,4273.717773,4312.179688,4293.974121,4280.512695,4281.922852,4335.128418,4400.641113,4298.205078,4293.717773,4476.666504,4506.538574,4349.871582,4424.230957,1608.000000,1.000000,22.000000,,,,0.000000,2.000000,2.000000,0.000000,4.000000,2.000000,2.000000,0.000000,0.000000,4.000000,4.000000,4.000000,4.000000,4.000000,4.000000,0.000000,,,,,,,,,,,,,,,,,,,,,,,,,,,,
1732157940.862857,1732157940.865989,14.000000,0.000000,4280.256348,4270.128418,4312.948730,4293.077148,4290.384766,4281.794922,4334.358887,4402.179688,4305.769043,4293.461426,4475.641113,4505.000000,4345.384766,4418.333496,1546.000000,1.000000,22.000000,,,,0.000000,2.000000,2.000000,0.000000,4.000000,2.000000,2.000000,0.000000,0.000000,4.000000,4.000000,4.000000,4.000000,4.000000,4.000000,0.000000,1.000000,0.000000,1.000000,2.000000,0.000000,4.000000,2.000000,0.000000,0.000000,0.000000,4.000000,3.000000,1.000000,4.000000,1.000000,3.000000,,,,,,,,,,,,
1732157940.870666,1732157940.873798,15.000000,0.000000,4285.769043,4273.205078,4315.512695,4293.717773,4286.282227,4278.333496,4335.384766,4402.307617,4298.077148,4288.461426,4474.615234,4506.025879,4347.692383,4425.128418,1566.000000,1.000000,22.000000,,,,0.000000,2.000000,2.000000,0.000000,4.000000,2.000000,2.000000,0.000000,0.000000,4.000000,4.000000,4.000000,4.000000,4.000000,4.000000,0.000000,,,,,,,,,,,,,,,,,,,,,,,,,,,,
1732157940.878474,1732157940.881506,16.000000,0.000000,4292.563965,4271.153809,4313.717773,4292.436035,4263.205078,4278.846191,4336.025879,4400.769043,4296.538574,4291.025879,4476.922852,4508.717773,4352.948730,4430.256348,0.000000,1.000000,22.000000,,,,0.000000,2.000000,2.000000,0.000000,4.000000,2.000000,2.000000,0.000000,0.000000,4.000000,4.000000,4.000000,4.000000,4.000000,4.000000,0.000000,,,,,,,,,,,,,,,,,4.000000,0.000000,0.497987,0.457031,-0.564575,0.473694,0.978635,-0.084971,-0.048834,-36.160061,44.420063,30.940142
1732157940.886282,1732157940.889314,17.000000,0.000000,4288.846191,4268.589844,4311.922852,4291.666504,4258.717773,4281.794922,4335.769043,4399.615234,4304.743652,4297.563965,4480.256348,4508.846191,4351.922852,4429.615234,0.000000,1.000000,22.000000,,,,0.000000,2.000000,2.000000,0.000000,4.000000,2.000000,2.000000,0.000000,0.000000,4.000000,4.000000,4.000000,4.000000,4.000000,4.000000,0.000000,,,,,,,,,,,,,,,,,,,,,,,,,,,,
1732157940.894091,1732157940.896923,18.000000,0.000000,4288.333496,4273.846191,4313.077148,4295.512695,4275.384766,4279.358887,4335.128418,4401.025879,4303.717773,4295.128418,4478.461426,4507.051270,4348.717773,4429.615234,0.000000,1.000000,22.000000,,,,0.000000,2.000000,2.000000,0.000000,4.000000,2.000000,2.000000,0.000000,0.000000,4.000000,4.000000,4.000000,4.000000,4.000000,4.000000,0.000000,,,,,,,,,,,,,,,,,,,,,,,,,,,,
1732157940.901899,1732157940.904731,19.000000,0.000000,4289.358887,4274.743652,4312.051270,4297.563965,4272.436035,4278.077148,4335.384766,4401.025879,4303.717773,4291.282227,4475.384766,4506.153809,4349.102539,4428.846191,0.000000,1.000000,22.000000,,,,0.000000,2.000000,2.000000,0.000000,4.000000,2.000000,2.000000,0.000000,0.000000,4.000000,4.000000,4.000000,4.000000,4.000000,4.000000,0.000000,,,,,,,,,,,,,,,,,,,,,,,,,,,,
1732157940.909707,1732157940.912639,20.000000,0.000000,4284.358887,4271.666504,4309.230957,4293.205078,4278.589844,4280.769043,4335.897461,4399.230957,4305.384766,4292.948730,4473.461426,4506.538574,4350.128418,4426.153809,0.000000,1.000000,22.000000,,,,0.000000,2.000000,2.000000,0.000000,4.000000,2.000000,2.000000,0.000000,0.000000,4.000000,4.000000,4.000000,4.000000,4.000000,4.000000,0.000000,,,,,,,,,,,,,,,,,5.000000,0.000000,0.497929,0.457031,-0.564575,0.473755,0.969357,-0.080576,-0.059578,-36.196316,44.558582,30.998182
1732157940.917515,1732157940.920447,21.000000,0.000000,4284.487305,4273.974121,4310.256348,4291.538574,4293.205078,4280.769043,4335.128418,4400.384766,4301.153809,4294.230957,4475.256348,4508.205078,4349.102539,4425.641113,0.000000,1.000000,22.000000,,,,0.000000,2.000000,2.000000,0.000000,4.000000,2.000000,2.000000,0.000000,0.000000,4.000000,4.000000,4.000000,4.000000,4.000000,4.000000,0.000000,,,,,,,,,,,,,,,,,,,,,,,,,,,,
1732157940.925324,1732157940.928455,22.000000,0.000000,4291.538574,4279.102539,4312.948730,4295.384766,4273.461426,4278.974121,4334.230957,4401.666504,4303.846191,4295.384766,4484.615234,4508.717773,4348.333496,4427.307617,0.000000,1.000000,22.000000,,,,0.000000,2.000000,2.000000,0.000000,4.000000,2.000000,2.000000,0.000000,0.000000,4.000000,4.000000,4.000000,4.000000,4.000000,4.000000,0.000000,,,,,,,,,,,,,,,,,,,,,,,,,,,,
1732157940.933132,1732157940.936263,23.000000,0.000000,4296.025879,4280.512695,4313.461426,4296.794922,4256.666504,4281.538574,4333.333496,4401.282227,4312.820313,4296.922852,4486.922852,4510.512695,4350.000000,4428.717773,0.000000,1.000000,22.000000,,,,0.000000,2.000000,2.000000,0.000000,4.000000,2.000000,2.000000,0.000000,0.000000,4.000000,4.000000,4.000000,4.000000,4.000000,4.000000,0.000000,,,,,,,,,,,,,,,,,,,,,,,,,,,,
1732157940.940940,1732157940.944171,24.000000,0.000000,4294.487305,4277.307617,4311.025879,4295.128418,4270.000000,4282.948730,4333.205078,4402.179688,4307.948730,4295.256348,4480.128418,4512.692383,4351.794922,4428.974121,0.000000,1.000000,22.000000,,,,0.000000,2.000000,2.000000,0.000000,4.000000,2.000000,2.000000,0.000000,0.000000,4.000000,4.000000,4.000000,4.000000,4.000000,4.000000,0.000000,,,,,,,,,,,,,,,,,6.000000,0.000000,0.497611,0.457275,-0.564453,0.473999,0.980588,-0.079600,-0.049322,-36.537350,44.559120,31.186861
1732157940.948748,1732157940.951980,25.000000,0.000000,4291.025879,4276.538574,4311.794922,4294.743652,4281.538574,4279.487305,4335.641113,4402.563965,4295.897461,4292.436035,4481.025879,4515.512695,4351.153809,4427.820313,0.000000,1.000000,22.000000,,,,0.000000,2.000000,2.000000,0.000000,4.000000,2.000000,2.000000,0.000000,0.000000,4.000000,4.000000,4.000000,4.000000,4.000000,4.000000,0.000000,,,,,,,,,,,,,,,,,,,,,,,,,,,,
1732157940.956556,1732157940.959988,26.000000,0.000000,4293.461426,4277.820313,4318.077148,4296.538574,4278.717773,4279.615234,4336.794922,4401.666504,4299.358887,4294.871582,4491.410156,4515.384766,4350.384766,4429.102539,0.000000,1.000000,22.000000,,,,0.000000,2.000000,2.000000,0.000000,4.000000,2.000000,2.000000,0.000000,0.000000,4.000000,4.000000,4.000000,4.000000,4.000000,4.000000,0.000000,,,,,,,,,,,,,,,,,,,,,,,,,,,,
1732157940.964365,1732157940.967796,27.000000,0.000000,4298.333496,4280.384766,4318.205078,4297.179688,4276.282227,4282.948730,4334.230957,4401.666504,4305.000000,4296.538574,4491.794922,4514.358887,4351.025879,4431.410156,0.000000,1.000000,22.000000,,,,0.000000,2.000000,2.000000,0.000000,4.000000,2.000000,2.000000,0.000000,0.000000,4.000000,4.000000,4.000000,4.000000,4.000000,4.000000,0.000000,,,,,,,,,,,,,,,,,,,,,,,,,,,,
1732157940.972173,1732157940.975504,28.000000,0.000000,4296.538574,4279.102539,4312.948730,4294.615234,4288.589844,4282.436035,4333.717773,4400.897461,4299.487305,4289.615234,4479.743652,4513.333496,4352.307617,4431.794922,0.000000,1.000000,22.000000,,,,0.000000,2.000000,2.000000,0.000000,4.000000,2.000000,2.000000,0.000000,0.000000,4.000000,4.000000,4.000000,4.000000,4.000000,4.000000,0.000000,,,,,,,,,,,,,,,,,7.000000,0.000000,0.497797,0.457275,-0.564392,0.473877,0.969845,-0.085948,-0.057624,-36.716919,44.517887,31.209690
1732157940.979981,1732157940.983312,29.000000,0.000000,4294.871582,4278.205078,4313.461426,4293.205078,4299.230957,4281.794922,4335.769043,4399.615234,4299.743652,4287.307617,4476.922852,4513.589844,4352.948730,4431.282227,0.000000,1.000000,22.000000,,,,0.000000,2.000000,2.000000,0.000000,4.000000,2.000000,2.000000,0.000000,0.000000,4.000000,4.000000,4.000000,4.000000,4.000000,4.000000,0.000000,,,,,,,,,,,,,,,,,,,,,,,,,,,,
1732157940.987790,1732157940.990921,30.000000,0.000000,4297.307617,4277.051270,4317.179688,4296.025879,4277.563965,4282.948730,4336.025879,4401.153809,4310.897461,4296.794922,4485.512695,4518.846191,4352.820313,4431.794922,0.000000,1.000000,22.000000,,,,0.000000,2.000000,2.000000,0.000000,4.000000,2.000000,2.000000,0.000000,0.000000,4.000000,4.000000,4.000000,4.000000,4.000000,4.000000,0.000000,,,,,,,,,,,,,,,,,,,,,,,,,,,,
1732157940.995598,1732157940.998729,31.000000,0.000000,4297.051270,4276.922852,4315.384766,4296.794922,4255.128418,4282.436035,4335.769043,4402.051270,4311.410156,4298.974121,4483.974121,4524.230957,4352.436035,4432.051270,0.000000,1.000000,22.000000,,,,0.000000,2.000000,2.000000,0.000000,4.000000,2.000000,2.000000,0.000000,0.000000,4.000000,4.000000,4.000000,4.000000,4.000000,4.000000,0.000000,,,,,,,,,,,,,,,,,,,,,,,,,,,,
1732157941.003406,1732157941.006637,32.000000,0.000000,4295.769043,4280.256348,4314.230957,4296.410156,4271.025879,4282.307617,4336.025879,4400.897461,4302.307617,4292.436035,4475.897461,4521.922852,4352.692383,4429.358887,0.000000,1.000000,22.000000,,,,0.000000,2.000000,2.000000,0.000000,4.000000,2.000000,2.000000,0.000000,0.000000,4.000000,4.000000,4.000000,4.000000,4.000000,4.000000,0.000000,,,,,,,,,,,,,,,,,8.000000,0.000000,0.497855,0.457275,-0.564392,0.473816,0.969845,-0.085948,-0.057624,-36.359039,44.419487,31.359850
1732157941.011214,1732157941.014445,33.000000,0.000000,4297.436035,4281.410156,4315.897461,4299.230957,4282.051270,4281.794922,4335.128418,4402.948730,4302.820313,4292.692383,4480.897461,4519.871582,4353.333496,4428.461426,0.000000,1.000000,22.000000,,,,0.000000,2.000000,2.000000,0.000000,4.000000,2.000000,2.000000,0.000000,0.000000,4.000000,4.000000,4.000000,4.000000,4.000000,4.000000,0.000000,,,,,,,,,,,,,,,,,,,,,,,,,,,,
1732157941.019023,1732157941.022054,34.000000,0.000000,4296.538574,4279.230957,4314.102539,4302.179688,4273.077148,4282.307617,4334.487305,4404.743652,4307.307617,4293.077148,4483.461426,4521.282227,4351.666504,4429.358887,0.000000,1.000000,22.000000,,,,0.000000,2.000000,2.000000,0.000000,4.000000,2.000000,2.000000,0.000000,0.000000,4.000000,4.000000,4.000000,4.000000,4.000000,4.000000,0.000000,,,,,,,,,,,,,,,,,,,,,,,,,,,,
1732157941.026831,1732157941.029862,35.000000,0.000000,4293.846191,4279.358887,4311.282227,4302.179688,4288.205078,4284.871582,4334.743652,4401.922852,4307.179688,4289.102539,4475.512695,4516.410156,4349.230957,4427.436035,0.000000,1.000000,22.000000,,,,0.000000,2.000000,2.000000,0.000000,4.000000,2.000000,2.000000,0.000000,0.000000,4.000000,4.000000,4.000000,4.000000,4.000000,4.000000,0.000000,,,,,,,,,,,,,,,,,,,,,,,,,,,,
1732157941.034639,1732157941.037570,36.000000,0.000000,4294.102539,4282.563965,4312.948730,4302.436035,4301.025879,4284.743652,4335.000000,4399.871582,4302.051270,4292.692383,4477.436035,4511.794922,4349.743652,4426.153809,0.000000,1.000000,22.000000,,,,0.000000,2.000000,2.000000,0.000000,4.000000,2.000000,2.000000,0.000000,0.000000,4.000000,4.000000,4.000000,4.000000,4.000000,4.000000,0.000000,,,,,,,,,,,,,,,,,9.000000,0.000000,0.497969,0.457214,-0.564392,0.473755,0.962520,-0.079111,-0.059089,-36.120823,44.391453,31.399811
1732157941.042447,1732157941.045378,37.000000,0.000000,4295.512695,4283.205078,4313.205078,4303.077148,4274.102539,4281.794922,4334.743652,4402.051270,4297.307617,4295.769043,4481.922852,4514.230957,4350.897461,4424.102539,0.000000,1.000000,22.000000,,,,0.000000,2.000000,2.000000,0.000000,4.000000,2.000000,2.000000,0.000000,0.000000,4.000000,4.000000,4.000000,4.000000,4.000000,4.000000,0.000000,,,,,,,,,,,,,,,,,,,,,,,,,,,,
1732157941.050255,1732157941.052987,38.000000,0.000000,4296.410156,4279.743652,4313.974121,4301.282227,4258.205078,4281.538574,4333.846191,4402.563965,4297.307617,4288.205078,4475.769043,4516.410156,4350.641113,4419.743652,0.000000,1.000000,22.000000,,,,0.000000,2.000000,2.000000,0.000000,4.000000,2.000000,2.000000,0.000000,0.000000,4.000000,4.000000,4.000000,4.000000,4.000000,4.000000,0.000000,,,,,,,,,,,,,,,,,,,,,,,,,,,,
1732157941.058064,1732157941.060795,39.000000,0.000000,4298.077148,4280.128418,4317.563965,4302.179688,4276.025879,4283.205078,4333.461426,4401.025879,4297.307617,4285.641113,4478.205078,4516.153809,4350.256348,4420.769043,0.000000,1.000000,22.000000,,,,0.000000,2.000000,2.000000,0.000000,4.000000,2.000000,2.000000,0.000000,0.000000,4.000000,4.000000,4.000000,4.000000,4.000000,4.000000,0.000000,,,,,,,,,,,,,,,,,,,,,,,,,,,,
1732157941.065872,1732157941.068503,40.000000,0.000000,4299.230957,4284.102539,4318.333496,4303.717773,4280.128418,4282.307617,4334.743652,4402.436035,4298.205078,4291.794922,4489.743652,4518.589844,4350.256348,4428.077148,0.000000,1.000000,22.000000,,,,0.000000,2.000000,2.000000,0.000000,4.000000,2.000000,2.000000,0.000000,0.000000,4.000000,4.000000,4.000000,4.000000,4.000000,4.000000,0.000000,,,,,,,,,,,,,,,,,10.000000,0.000000,0.498115,0.457031,-0.564514,0.473633,0.980588,-0.085460,-0.062996,-35.969532,44.477077,31.520514
1732157941.073680,1732157941.076312,41.000000,0.000000,4297.692383,4284.230957,4315.769043,4301.794922,4282.692383,4283.589844,4336.282227,4402.948730,4300.641113,4291.153809,4486.282227,4516.794922,4350.256348,4428.717773,0.000000,1.000000,22.000000,,,,0.000000,2.000000,2.000000,0.000000,4.000000,2.000000,2.000000,0.000000,0.000000,4.000000,4.000000,4.000000,4.000000,4.000000,4.000000,0.000000,,,,,,,,,,,,,,,,,,,,,,,,,,,,
1732157941.081488,1732157941.083920,42.000000,0.000000,4295.256348,4280.256348,4316.666504,4300.128418,4298.589844,4286.025879,4336.410156,4400.384766,4301.794922,4285.512695,4477.948730,4513.205078,4350.641113,4425.000000,0.000000,1.000000,22.000000,,,,0.000000,2.000000,2.000000,0.000000,4.000000,2.000000,2.000000,0.000000,0.000000,4.000000,4.000000,4.000000,4.000000,4.000000,4.000000,0.000000,,,,,,,,,,,,,,,,,,,,,,,,,,,,
1732157941.089297,1732157941.091728,43.000000,0.000000,4295.769043,4282.820313,4317.179688,4303.717773,4284.871582,4285.641113,4335.897461,4400.128418,4302.948730,4290.769043,4481.025879,4518.333496,4350.256348,4426.410156,0.000000,1.000000,22.000000,,,,0.000000,2.000000,2.000000,0.000000,4.000000,2.000000,2.000000,0.000000,0.000000,4.000000,4.000000,4.000000,4.000000,4.000000,4.000000,0.000000,,,,,,,,,,,,,,,,,,,,,,,,,,,,
1732157941.097105,1732157941.099437,44.000000,0.000000,4297.948730,4289.871582,4314.743652,4309.102539,4261.153809,4284.871582,4335.769043,4401.153809,4303.589844,4294.743652,4482.948730,4524.615234,4350.769043,4428.846191,0.000000,1.000000,22.000000,,,,0.000000,2.000000,2.000000,0.000000,4.000000,2.000000,2.000000,0.000000,0.000000,4.000000,4.000000,4.000000,4.000000,4.000000,4.000000,0.000000,,,,,,,,,,,,,,,,,11.000000,0.000000,0.498249,0.456848,-0.564697,0.473450,0.975217,-0.069344,-0.057136,-36.345322,44.613098,31.646616
1732157941.104913,1732157941.107245,45.000000,0.000000,4295.897461,4287.820313,4315.512695,4306.538574,4271.025879,4284.871582,4335.769043,4399.871582,4299.358887,4285.256348,4476.538574,4521.922852,4351.282227,4425.128418,0.000000,1.000000,22.000000,,,,0.000000,2.000000,2.000000,0.000000,4.000000,2.000000,2.000000,0.000000,0.000000,4.000000,4.000000,4.000000,4.000000,4.000000,4.000000,0.000000,,,,,,,,,,,,,,,,,,,,,,,,,,,,
1732157941.112722,1732157941.114853,46.000000,0.000000,4292.307617,4278.846191,4316.794922,4296.794922,4292.692383,4281.794922,4335.000000,4398.589844,4300.128418,4282.820313,4477.051270,4512.692383,4347.820313,4420.128418,0.000000,1.000000,22.000000,,,,0.000000,2.000000,2.000000,0.000000,4.000000,2.000000,2.000000,0.000000,0.000000,4.000000,4.000000,4.000000,4.000000,4.000000,4.000000,0.000000,,,,,,,,,,,,,,,,,,,,,,,,,,,,
1732157941.120530,1732157941.122661,47.000000,0.000000,4292.307617,4280.128418,4315.641113,4295.000000,4293.461426,4282.179688,4334.487305,4401.922852,4312.436035,4296.025879,4485.512695,4513.974121,4348.717773,4422.436035,0.000000,1.000000,22.000000,,,,0.000000,2.000000,2.000000,0.000000,4.000000,2.000000,2.000000,0.000000,0.000000,4.000000,4.000000,4.000000,4.000000,4.000000,4.000000,0.000000,,,,,,,,,,,,,,,,,,,,,,,,,,,,
1732157941.128338,1732157941.130370,48.000000,0.000000,4294.358887,4289.358887,4314.743652,4304.230957,4277.051270,4287.692383,4335.000000,4403.974121,4313.333496,4298.205078,4490.897461,4516.666504,4355.128418,4428.589844,0.000000,1.000000,22.000000,,,,0.000000,2.000000,2.000000,0.000000,4.000000,2.000000,2.000000,0.000000,0.000000,4.000000,4.000000,4.000000,4.000000,4.000000,4.000000,0.000000,,,,,,,,,,,,,,,,,12.000000,0.000000,0.498249,0.456848,-0.564697,0.473450,0.975217,-0.069344,-0.057136,-36.649712,44.678276,31.673759
1732157941.136146,1732157941.138178,49.000000,0.000000,4295.000000,4290.128418,4316.153809,4307.051270,4265.256348,4289.615234,4335.512695,4399.230957,4299.102539,4285.641113,4486.282227,4513.717773,4354.615234,4427.948730,0.000000,1.000000,22.000000,,,,0.000000,2.000000,2.000000,0.000000,4.000000,2.000000,2.000000,0.000000,0.000000,4.000000,4.000000,4.000000,4.000000,4.000000,4.000000,0.000000,,,,,,,,,,,,,,,,,,,,,,,,,,,,
1732157941.143954,1732157941.145786,50.000000,0.000000,4295.000000,4285.769043,4315.256348,4303.846191,4275.769043,4288.461426,4335.897461,4396.025879,4296.282227,4282.948730,4477.436035,4511.666504,4349.102539,4421.666504,0.000000,1.000000,22.000000,,,,0.000000,2.000000,2.000000,0.000000,4.000000,2.000000,2.000000,0.000000,0.000000,4.000000,4.000000,4.000000,4.000000,4.000000,4.000000,0.000000,,,,,,,,,,,,,,,,,,,,,,,,,,,,
1732157941.151763,1732157941.153595,51.000000,0.000000,4293.461426,4285.000000,4314.358887,4302.179688,4284.230957,4287.051270,4336.282227,4399.102539,4303.974121,4288.333496,4478.717773,4510.128418,4349.230957,4419.743652,0.000000,1.000000,22.000000,,,,0.000000,2.000000,2.000000,0.000000,4.000000,2.000000,2.000000,0.000000,0.000000,4.000000,4.000000,4.000000,4.000000,4.000000,4.000000,0.000000,,,,,,,,,,,,,,,,,,,,,,,,,,,,
1732157941.159571,1732157941.161503,52.000000,0.000000,4287.563965,4283.333496,4314.487305,4298.205078,4273.846191,4282.948730,4336.282227,4401.153809,4306.922852,4289.615234,4483.333496,4508.077148,4351.282227,4422.692383,0.000000,1.000000,22.000000,,,,0.000000,2.000000,2.000000,0.000000,4.000000,2.000000,2.000000,0.000000,0.000000,4.000000,4.000000,4.000000,4.000000,4.000000,4.000000,0.000000,,,,,,,,,,,,,,,,,13.000000,0.000000,0.498337,0.456665,-0.564819,0.473389,0.983518,-0.081553,-0.037114,-36.644600,44.661072,31.647411
1732157941.167379,1732157941.169311,53.000000,0.000000,4282.051270,4279.743652,4312.692383,4296.153809,4285.384766,4279.487305,4336.922852,4400.000000,4302.179688,4285.897461,4479.358887,4506.666504,4349.102539,4424.487305,0.000000,1.000000,22.000000,,,,0.000000,2.000000,2.000000,0.000000,4.000000,2.000000,2.000000,0.000000,0.000000,4.000000,4.000000,4.000000,4.000000,4.000000,4.000000,0.000000,,,,,,,,,,,,,,,,,,,,,,,,,,,,
1732157941.175187,1732157941.176919,54.000000,0.000000,4282.307617,4279.487305,4310.897461,4297.307617,4301.410156,4281.794922,4336.666504,4400.769043,4301.538574,4282.948730,4476.153809,4508.461426,4349.358887,4421.666504,0.000000,1.000000,22.000000,,,,0.000000,2.000000,2.000000,0.000000,4.000000,2.000000,2.000000,0.000000,0.000000,4.000000,4.000000,4.000000,4.000000,4.000000,4.000000,0.000000,,,,,,,,,,,,,,,,,,,,,,,,,,,,
1732157941.182996,1732157941.184727,55.000000,0.000000,4284.230957,4282.307617,4311.410156,4297.179688,4280.128418,4285.384766,4334.615234,4401.794922,4308.333496,4288.717773,4477.436035,4508.974121,4348.589844,4416.282227,0.000000,1.000000,22.000000,,,,0.000000,2.000000,2.000000,0.000000,4.000000,2.000000,2.000000,0.000000,0.000000,4.000000,4.000000,4.000000,4.000000,4.000000,4.000000,0.000000,,,,,,,,,,,,,,,,,,,,,,,,,,,,
1732157941.190804,1732157941.192436,56.000000,0.000000,4282.692383,4281.153809,4312.820313,4296.538574,4260.897461,4283.077148,4334.230957,4400.512695,4307.563965,4292.051270,4476.666504,4508.461426,4345.384766,4412.948730,0.000000,1.000000,22.000000,,,,0.000000,2.000000,2.000000,0.000000,4.000000,2.000000,2.000000,0.000000,0.000000,4.000000,4.000000,4.000000,4.000000,4.000000,4.000000,0.000000,,,,,,,,,,,,,,,,,14.000000,0.000000,0.498413,0.456482,-0.565002,0.473267,0.977170,-0.081553,-0.061043,-36.670460,44.543800,31.859404
1732157941.198612,1732157941.200244,57.000000,0.000000,4282.436035,4278.589844,4312.563965,4297.307617,4269.871582,4280.000000,4336.025879,4401.538574,4298.717773,4285.128418,4476.153809,4507.820313,4346.922852,4411.922852,0.000000,1.000000,22.000000,,,,0.000000,2.000000,2.000000,0.000000,4.000000,2.000000,2.000000,0.000000,0.000000,4.000000,4.000000,4.000000,4.000000,4.000000,4.000000,0.000000,,,,,,,,,,,,,,,,,,,,,,,,,,,,
1732157941.206421,1732157941.207852,58.000000,0.000000,4283.205078,4278.717773,4312.051270,4298.974121,4275.769043,4284.743652,4335.897461,4402.948730,4294.871582,4279.230957,4477.692383,4510.384766,4352.051270,4414.102539,0.000000,1.000000,22.000000,,,,0.000000,2.000000,2.000000,0.000000,4.000000,2.000000,2.000000,0.000000,0.000000,4.000000,4.000000,4.000000,4.000000,4.000000,4.000000,0.000000,,,,,,,,,,,,,,,,,,,,,,,,,,,,
1732157941.214229,1732157941.215661,59.000000,0.000000,4280.641113,4279.615234,4311.922852,4299.615234,4283.974121,4287.820313,4334.487305,4403.461426,4296.922852,4281.025879,4477.436035,4509.230957,4349.102539,4414.102539,0.000000,1.000000,22.000000,,,,0.000000,2.000000,2.000000,0.000000,4.000000,2.000000,2.000000,0.000000,0.000000,4.000000,4.000000,4.000000,4.000000,4.000000,4.000000,0.000000,,,,,,,,,,,,,,,,,,,,,,,,,,,,
1732157941.222037,1732157941.223369,60.000000,0.000000,4283.717773,4278.846191,4311.794922,4299.487305,4295.256348,4283.333496,4334.743652,4404.871582,4296.666504,4284.615234,4477.436035,4502.436035,4343.077148,4411.538574,0.000000,1.000000,22.000000,,,,0.000000,2.000000,2.000000,0.000000,4.000000,2.000000,2.000000,0.000000,0.000000,4.000000,4.000000,4.000000,4.000000,4.000000,4.000000,0.000000,,,,,,,,,,,,,,,,,15.000000,0.000000,0.498413,0.456482,-0.565002,0.473267,0.975705,-0.074228,-0.051764,-36.841404,44.433811,31.971117
1732157941.229845,1732157941.231177,61.000000,0.000000,4290.897461,4280.256348,4312.179688,4302.820313,4276.025879,4286.153809,4335.000000,4403.461426,4300.384766,4290.769043,4478.077148,4506.666504,4346.410156,4417.692383,0.000000,1.000000,22.000000,,,,0.000000,2.000000,2.000000,0.000000,4.000000,2.000000,2.000000,0.000000,0.000000,4.000000,4.000000,4.000000,4.000000,4.000000,4.000000,0.000000,,,,,,,,,,,,,,,,,,,,,,,,,,,,
1732157941.237653,1732157941.239185,62.000000,0.000000,4290.128418,4281.922852,4314.615234,4303.461426,4256.922852,4289.615234,4334.615234,4400.512695,4305.000000,4295.897461,4478.461426,4517.948730,4351.922852,4427.051270,0.000000,1.000000,22.000000,,,,0.000000,2.000000,2.000000,0.000000,4.000000,2.000000,2.000000,0.000000,0.000000,4.000000,4.000000,4.000000,4.000000,4.000000,4.000000,0.000000,,,,,,,,,,,,,,,,,,,,,,,,,,,,
1732157941.245462,1732157941.246993,63.000000,0.000000,4287.051270,4279.871582,4315.897461,4298.717773,4272.307617,4282.820313,4334.743652,4400.512695,4302.692383,4293.333496,4481.153809,4522.948730,4351.153809,4424.743652,0.000000,1.000000,22.000000,,,,0.000000,2.000000,2.000000,0.000000,4.000000,2.000000,2.000000,0.000000,0.000000,4.000000,4.000000,4.000000,4.000000,4.000000,4.000000,0.000000,,,,,,,,,,,,,,,,,,,,,,,,,,,,
1732157941.253270,1732157941.254901,64.000000,0.000000,4291.410156,4279.358887,4313.589844,4299.230957,4278.077148,4280.128418,4334.743652,4401.538574,4302.563965,4291.922852,4483.461426,4520.000000,4348.077148,4418.717773,0.000000,1.000000,22.000000,,,,0.000000,2.000000,2.000000,0.000000,4.000000,2.000000,2.000000,0.000000,0.000000,4.000000,4.000000,4.000000,4.000000,4.000000,4.000000,0.000000,,,,,,,,,,,,,,,,,16.000000,0.000000,0.498736,0.456055,-0.565369,0.472900,0.976682,-0.078135,-0.053717,-36.733204,44.446388,31.938271
1732157941.261078,1732157941.262710,65.000000,0.000000,4290.384766,4280.897461,4313.846191,4299.102539,4274.487305,4281.282227,4334.743652,4401.153809,4301.410156,4290.512695,4480.769043,4513.077148,4348.461426,4418.461426,1598.000000,1.000000,22.000000,,,,0.000000,2.000000,2.000000,0.000000,4.000000,2.000000,2.000000,0.000000,0.000000,4.000000,4.000000,4.000000,4.000000,4.000000,4.000000,0.000000,,,,,,,,,,,,,,,,,,,,,,,,,,,,
1732157941.268886,1732157941.270718,66.000000,0.000000,4282.692383,4280.769043,4318.077148,4295.769043,4286.538574,4276.794922,4334.743652,4401.922852,4301.794922,4286.410156,4477.692383,4512.307617,4350.256348,4416.794922,1366.000000,1.000000,22.000000,,,,0.000000,2.000000,2.000000,0.000000,4.000000,2.000000,2.000000,0.000000,0.000000,4.000000,4.000000,4.000000,4.000000,4.000000,4.000000,0.000000,,,,,,,,,,,,,,,,,,,,,,,,,,,,
1732157941.276695,1732157941.278526,67.000000,0.000000,4285.128418,4280.641113,4316.282227,4301.538574,4280.000000,4282.820313,4334.743652,4401.666504,4306.666504,4287.692383,4477.948730,4514.743652,4350.384766,4413.589844,1421.000000,1.000000,22.000000,,,,0.000000,2.000000,2.000000,0.000000,4.000000,2.000000,2.000000,0.000000,0.000000,4.000000,4.000000,4.000000,4.000000,4.000000,4.000000,0.000000,,,,,,,,,,,,,,,,,,,,,,,,,,,,
1732157941.284503,1732157941.286234,68.000000,0.000000,4293.461426,4281.410156,4314.615234,4305.384766,4260.000000,4293.205078,4334.871582,4399.358887,4303.846191,4288.589844,4478.205078,4513.589844,4350.769043,4414.871582,1427.000000,1.000000,22.000000,,,,0.000000,2.000000,2.000000,0.000000,4.000000,2.000000,2.000000,0.000000,0.000000,4.000000,4.000000,4.000000,4.000000,4.000000,4.000000,0.000000,,,,,,,,,,,,,,,,,17.000000,0.000000,0.498723,0.455994,-0.565430,0.472900,0.978147,-0.072274,-0.039067,-36.853897,44.456573,31.791666
1732157941.292311,1732157941.294042,69.000000,0.000000,4295.512695,4283.846191,4316.410156,4300.897461,4265.000000,4286.794922,4334.871582,4399.358887,4296.153809,4283.589844,4478.589844,4510.256348,4351.282227,4415.000000,1210.000000,1.000000,22.000000,,,,0.000000,2.000000,2.000000,0.000000,4.000000,2.000000,2.000000,0.000000,0.000000,4.000000,4.000000,4.000000,4.000000,4.000000,4.000000,0.000000,,,,,,,,,,,,,,,,,,,,,,,,,,,,
1732157941.300120,1732157941.301651,70.000000,0.000000,4293.589844,4284.615234,4314.871582,4301.153809,4276.922852,4277.948730,4334.871582,4400.000000,4294.230957,4279.487305,4477.692383,4508.205078,4348.077148,4412.179688,0.000000,1.000000,22.000000,,,,0.000000,2.000000,2.000000,0.000000,4.000000,2.000000,2.000000,0.000000,0.000000,4.000000,4.000000,4.000000,4.000000,4.000000,4.000000,0.000000,,,,,,,,,,,,,,,,,,,,,,,,,,,,
1732157941.307928,1732157941.309459,71.000000,0.000000,4290.512695,4281.666504,4311.922852,4300.384766,4278.077148,4282.307617,4334.871582,4399.615234,4299.487305,4281.538574,4475.128418,4507.563965,4346.153809,4410.897461,0.000000,1.000000,22.000000,,,,0.000000,2.000000,2.000000,0.000000,4.000000,2.000000,2.000000,0.000000,0.000000,4.000000,4.000000,4.000000,4.000000,4.000000,4.000000,0.000000,,,,,,,,,,,,,,,,,,,,,,,,,,,,
1732157941.315736,1732157941.317367,72.000000,0.000000,4286.153809,4279.487305,4315.384766,4294.487305,4276.666504,4287.692383,4334.871582,4399.743652,4302.692383,4284.743652,4475.384766,4508.717773,4348.333496,4412.179688,1529.000000,1.000000,22.000000,,,,0.000000,2.000000,2.000000,0.000000,4.000000,2.000000,2.000000,0.000000,0.000000,4.000000,4.000000,4.000000,4.000000,4.000000,4.000000,0.000000,,,,,,,,,,,,,,,,,18.000000,0.000000,0.498776,0.455872,-0.565430,0.472961,0.982053,-0.087413,-0.067391,-36.954990,44.431492,31.656250
1732157941.323544,1732157941.325175,73.000000,0.000000,4284.358887,4279.358887,4318.461426,4293.717773,4276.538574,4286.794922,4334.871582,4399.230957,4300.769043,4284.487305,4475.384766,4510.769043,4346.282227,4413.205078,1686.000000,1.000000,22.000000,,,,0.000000,2.000000,2.000000,0.000000,4.000000,2.000000,2.000000,0.000000,0.000000,4.000000,4.000000,4.000000,4.000000,4.000000,4.000000,0.000000,,,,,,,,,,,,,,,,,,,,,,,,,,,,
1732157941.331352,1732157941.333183,74.000000,0.000000,4280.512695,4278.589844,4315.641113,4295.512695,4287.948730,4282.692383,4334.871582,4398.589844,4299.230957,4279.871582,4472.179688,4508.846191,4340.384766,4410.897461,1546.000000,1.000000,22.000000,,,,0.000000,2.000000,2.000000,0.000000,4.000000,2.000000,2.000000,0.000000,0.000000,4.000000,4.000000,4.000000,4.000000,4.000000,4.000000,0.000000,,,,,,,,,,,,,,,,,,,,,,,,,,,,
1732157941.339161,1732157941.340992,75.000000,0.000000,4277.307617,4277.948730,4315.897461,4292.820313,4294.615234,4283.205078,4334.743652,4400.384766,4303.717773,4277.307617,4471.025879,4508.333496,4340.897461,4410.512695,1566.000000,1.000000,22.000000,,,,0.000000,2.000000,2.000000,0.000000,4.000000,2.000000,2.000000,0.000000,0.000000,4.000000,4.000000,4.000000,4.000000,4.000000,4.000000,0.000000,,,,,,,,,,,,,,,,,,,,,,,,,,,,
1732157941.346969,1732157941.348900,76.000000,0.000000,4285.128418,4278.717773,4316.538574,4297.179688,4272.307617,4290.769043,4335.128418,4403.333496,4304.230957,4286.666504,4476.153809,4514.358887,4347.307617,4414.358887,1701.000000,1.000000,22.000000,,,,0.000000,2.000000,2.000000,0.000000,4.000000,2.000000,2.000000,0.000000,0.000000,4.000000,4.000000,4.000000,4.000000,4.000000,4.000000,0.000000,,,,,,,,,,,,,,,,,19.000000,0.000000,0.498776,0.455872,-0.565430,0.472961,0.982053,-0.087413,-0.067391,-36.856873,44.456173,31.561562
1732157941.354777,1732157941.356708,77.000000,0.000000,4289.615234,4278.461426,4313.974121,4304.871582,4257.948730,4290.128418,4334.615234,4404.230957,4298.077148,4295.512695,4485.256348,4519.358887,4351.666504,4416.153809,1611.000000,1.000000,22.000000,,,,0.000000,2.000000,2.000000,0.000000,4.000000,2.000000,2.000000,0.000000,0.000000,4.000000,4.000000,4.000000,4.000000,4.000000,4.000000,0.000000,,,,,,,,,,,,,,,,,,,,,,,,,,,,
1732157941.362585,1732157941.364716,78.000000,0.000000,4282.179688,4276.282227,4313.589844,4304.615234,4274.230957,4280.000000,4334.871582,4402.051270,4301.666504,4294.487305,4487.948730,4513.974121,4349.615234,4414.358887,1546.000000,1.000000,22.000000,,,,0.000000,2.000000,2.000000,0.000000,4.000000,2.000000,2.000000,0.000000,0.000000,4.000000,4.000000,4.000000,4.000000,4.000000,4.000000,0.000000,1.000000,0.000000,1.000000,2.000000,0.000000,1.000000,2.000000,0.000000,0.000000,0.000000,4.000000,1.000000,1.000000,4.000000,1.000000,4.000000,,,,,,,,,,,,
1732157941.370394,1732157941.372524,79.000000,0.000000,4278.846191,4275.769043,4315.256348,4299.743652,4286.282227,4282.051270,4336.153809,4400.512695,4309.102539,4293.077148,4480.897461,4505.641113,4344.102539,4410.769043,1566.000000,1.000000,22.000000,,,,0.000000,2.000000,2.000000,0.000000,4.000000,2.000000,2.000000,0.000000,0.000000,4.000000,4.000000,4.000000,4.000000,4.000000,4.000000,0.000000,,,,,,,,,,,,,,,,,,,,,,,,,,,,
1732157941.378202,1732157941.380432,80.000000,0.000000,4282.820313,4276.794922,4314.743652,4300.897461,4278.333496,4292.179688,4336.922852,4400.000000,4307.563965,4293.461426,4474.743652,4504.615234,4342.051270,4407.307617,1701.000000,1.000000,22.000000,,,,0.000000,2.000000,2.000000,0.000000,4.000000,2.000000,2.000000,0.000000,0.000000,4.000000,4.000000,4.000000,4.000000,4.000000,4.000000,0.000000,,,,,,,,,,,,,,,,,20.000000,0.000000,0.498649,0.455872,-0.565491,0.473022,0.985960,-0.074716,-0.063973,-36.502399,44.434502,31.584866
1732157941.386010,1732157941.388240,81.000000,0.000000,4281.410156,4272.820313,4314.615234,4303.077148,4274.615234,4288.974121,4337.307617,4398.461426,4305.384766,4290.512695,4473.974121,4504.743652,4341.922852,4403.589844,1611.000000,1.000000,22.000000,,,,0.000000,2.000000,2.000000,0.000000,4.000000,2.000000,2.000000,0.000000,0.000000,4.000000,4.000000,4.000000,4.000000,4.000000,4.000000,0.000000,,,,,,,,,,,,,,,,,,,,,,,,,,,,
1732157941.393819,1732157941.396248,82.000000,0.000000,4281.153809,4270.384766,4314.615234,4297.436035,4290.128418,4279.615234,4336.153809,4398.589844,4303.589844,4286.794922,4474.102539,4504.230957,4341.794922,4402.051270,1546.000000,1.000000,22.000000,,,,0.000000,2.000000,2.000000,0.000000,4.000000,2.000000,2.000000,0.000000,0.000000,4.000000,4.000000,4.000000,4.000000,4.000000,4.000000,0.000000,,,,,,,,,,,,,,,,,,,,,,,,,,,,
1732157941.401627,1732157941.404057,83.000000,0.000000,4283.717773,4275.769043,4312.563965,4293.717773,4296.410156,4279.743652,4334.871582,4400.256348,4301.666504,4290.256348,4475.897461,4506.666504,4341.538574,4405.641113,1566.000000,1.000000,22.000000,,,,0.000000,2.000000,2.000000,0.000000,4.000000,2.000000,2.000000,0.000000,0.000000,4.000000,4.000000,4.000000,4.000000,4.000000,4.000000,0.000000,,,,,,,,,,,,,,,,,,,,,,,,,,,,
1732157941.409435,1732157941.411965,84.000000,0.000000,4281.410156,4277.307617,4311.025879,4296.666504,4272.051270,4282.436035,4335.897461,4400.000000,4306.410156,4296.666504,4478.974121,4507.820313,4342.692383,4410.769043,1701.000000,1.000000,22.000000,,,,0.000000,2.000000,2.000000,0.000000,4.000000,2.000000,2.000000,0.000000,0.000000,4.000000,4.000000,4.000000,4.000000,4.000000,4.000000,0.000000,,,,,,,,,,,,,,,,,21.000000,0.000000,0.498883,0.455933,-0.565491,0.472717,0.972287,-0.068856,-0.056648,-36.301945,44.496944,31.597075
1732157941.417243,1732157941.419773,85.000000,0.000000,4283.846191,4275.128418,4311.153809,4297.307617,4254.230957,4281.538574,4336.794922,4398.974121,4310.128418,4297.307617,4478.205078,4507.563965,4347.948730,4411.922852,1611.000000,1.000000,22.000000,,,,0.000000,2.000000,2.000000,0.000000,4.000000,2.000000,2.000000,0.000000,0.000000,4.000000,4.000000,4.000000,4.000000,4.000000,4.000000,0.000000,,,,,,,,,,,,,,,,,,,,,,,,,,,,
1732157941.425051,1732157941.427781,86.000000,0.000000,4287.179688,4278.333496,4311.922852,4294.358887,4267.307617,4281.282227,4335.384766,4400.128418,4306.153809,4294.871582,4476.666504,4508.974121,4352.692383,4410.769043,1546.000000,1.000000,22.000000,,,,0.000000,2.000000,2.000000,0.000000,4.000000,2.000000,2.000000,0.000000,0.000000,4.000000,4.000000,4.000000,4.000000,4.000000,4.000000,0.000000,,,,,,,,,,,,,,,,,,,,,,,,,,,,
1732157941.432860,1732157941.435589,87.000000,0.000000,4283.461426,4275.128418,4314.487305,4293.589844,4279.230957,4282.307617,4335.384766,4401.025879,4301.794922,4295.641113,4476.025879,4507.436035,4348.589844,4411.410156,1566.000000,1.000000,22.000000,,,,0.000000,2.000000,2.000000,0.000000,4.000000,2.000000,2.000000,0.000000,0.000000,4.000000,4.000000,4.000000,4.000000,4.000000,4.000000,0.000000,,,,,,,,,,,,,,,,,,,,,,,,,,,,
1732157941.440668,1732157941.443297,88.000000,0.000000,4280.256348,4265.897461,4316.025879,4293.077148,4272.692383,4280.897461,4337.179688,4400.897461,4300.000000,4291.538574,4474.743652,4504.743652,4343.077148,4410.256348,1701.000000,1.000000,22.000000,,,,0.000000,2.000000,2.000000,0.000000,4.000000,2.000000,2.000000,0.000000,0.000000,4.000000,4.000000,4.000000,4.000000,4.000000,4.000000,0.000000,,,,,,,,,,,,,,,,,22.000000,0.000000,0.498981,0.456116,-0.565308,0.472656,0.972287,-0.068856,-0.056648,-36.201241,44.527527,31.590298
1732157941.448476,1732157941.451106,89.000000,0.000000,4283.333496,4268.461426,4314.871582,4291.922852,4273.333496,4281.538574,4336.666504,4399.743652,4295.641113,4279.487305,4474.230957,4505.384766,4343.205078,4409.102539,1611.000000,1.000000,22.000000,,,,0.000000,2.000000,2.000000,0.000000,4.000000,2.000000,2.000000,0.000000,0.000000,4.000000,4.000000,4.000000,4.000000,4.000000,4.000000,0.000000,,,,,,,,,,,,,,,,,,,,,,,,,,,,
1732157941.456284,1732157941.458714,90.000000,0.000000,4284.871582,4278.717773,4315.769043,4293.974121,4293.589844,4281.794922,4336.410156,4398.717773,4293.205078,4277.051270,4474.871582,4507.948730,4345.384766,4411.538574,1546.000000,1.000000,22.000000,,,,0.000000,2.000000,2.000000,0.000000,4.000000,2.000000,2.000000,0.000000,0.000000,4.000000,4.000000,4.000000,4.000000,4.000000,4.000000,0.000000,,,,,,,,,,,,,,,,,,,,,,,,,,,,
1732157941.464093,1732157941.466522,91.000000,0.000000,4282.948730,4276.025879,4315.641113,4295.769043,4293.717773,4280.897461,4336.666504,4400.000000,4298.974121,4284.487305,4475.769043,4507.307617,4346.025879,4412.436035,1566.000000,1.000000,22.000000,,,,0.000000,2.000000,2.000000,0.000000,4.000000,2.000000,2.000000,0.000000,0.000000,4.000000,4.000000,4.000000,4.000000,4.000000,4.000000,0.000000,,,,,,,,,,,,,,,,,,,,,,,,,,,,
1732157941.471901,1732157941.474231,92.000000,0.000000,4284.230957,4268.589844,4311.794922,4296.538574,4267.307617,4286.666504,4336.666504,4400.384766,4305.128418,4285.641113,4475.897461,4504.871582,4343.589844,4411.025879,1701.000000,1.000000,22.000000,,,,0.000000,2.000000,2.000000,0.000000,4.000000,2.000000,2.000000,0.000000,0.000000,4.000000,4.000000,4.000000,4.000000,4.000000,4.000000,0.000000,,,,,,,,,,,,,,,,,23.000000,0.000000,0.498898,0.456055,-0.565430,0.472656,0.977658,-0.081065,-0.058601,-36.433006,44.503963,31.574806
1732157941.479709,1732157941.482039,93.000000,0.000000,4284.102539,4270.641113,4311.538574,4299.358887,4267.820313,4293.846191,4336.666504,4399.230957,4303.077148,4282.948730,4475.769043,4505.128418,4341.538574,4409.743652,1611.000000,1.000000,22.000000,,,,0.000000,2.000000,2.000000,0.000000,4.000000,2.000000,2.000000,0.000000,0.000000,4.000000,4.000000,4.000000,4.000000,4.000000,4.000000,0.000000,,,,,,,,,,,,,,,,,,,,,,,,,,,,
1732157941.487517,1732157941.489647,94.000000,0.000000,4281.153809,4271.153809,4315.641113,4298.846191,4282.692383,4289.230957,4336.666504,4400.384766,4302.307617,4286.282227,4475.897461,4505.769043,4341.794922,4409.743652,1546.000000,1.000000,22.000000,,,,0.000000,2.000000,2.000000,0.000000,4.000000,2.000000,2.000000,0.000000,0.000000,4.000000,4.000000,4.000000,4.000000,4.000000,4.000000,0.000000,,,,,,,,,,,,,,,,,,,,,,,,,,,,
1732157941.495326,1732157941.497455,95.000000,0.000000,4280.769043,4272.179688,4317.179688,4295.641113,4275.641113,4280.897461,4336.666504,4402.307617,4308.461426,4293.589844,4475.897461,4505.000000,4341.666504,4410.256348,1566.000000,1.000000,22.000000,,,,0.000000,2.000000,2.000000,0.000000,4.000000,2.000000,2.000000,0.000000,0.000000,4.000000,4.000000,4.000000,4.000000,4.000000,4.000000,0.000000,,,,,,,,,,,,,,,,,,,,,,,,,,,,
1732157941.503134,1732157941.505164,96.000000,0.000000,4282.692383,4277.692383,4315.256348,4295.384766,4285.512695,4278.717773,4336.666504,4400.256348,4306.794922,4296.922852,4475.769043,4505.256348,4342.307617,4411.282227,1701.000000,1.000000,22.000000,,,,0.000000,2.000000,2.000000,0.000000,4.000000,2.000000,2.000000,0.000000,0.000000,4.000000,4.000000,4.000000,4.000000,4.000000,4.000000,0.000000,,,,,,,,,,,,,,,,,24.000000,0.000000,0.498929,0.455933,-0.565552,0.472595,0.966427,-0.086925,-0.055183,-36.620735,44.318211,31.595594
1732157941.510942,1732157941.512972,97.000000,0.000000,4281.025879,4278.589844,4311.922852,4297.051270,4299.230957,4281.666504,4336.666504,4397.563965,4300.256348,4295.000000,4475.769043,4507.563965,4343.589844,4412.307617,1611.000000,1.000000,22.000000,,,,0.000000,2.000000,2.000000,0.000000,4.000000,2.000000,2.000000,0.000000,0.000000,4.000000,4.000000,4.000000,4.000000,4.000000,4.000000,0.000000,,,,,,,,,,,,,,,,,,,,,,,,,,,,
1732157941.518750,1732157941.520580,98.000000,0.000000,4280.384766,4275.641113,4311.794922,4295.641113,4273.717773,4287.051270,4336.538574,4400.128418,4300.641113,4294.230957,4475.256348,4509.615234,4343.333496,4413.717773,1546.000000,1.000000,22.000000,,,,0.000000,2.000000,2.000000,0.000000,4.000000,2.000000,2.000000,0.000000,0.000000,4.000000,4.000000,4.000000,4.000000,4.000000,4.000000,0.000000,,,,,,,,,,,,,,,,,,,,,,,,,,,,
1732157941.526559,1732157941.528389,99.000000,0.000000,4283.589844,4278.333496,4315.769043,4294.871582,4260.000000,4287.692383,4336.538574,4403.333496,4301.025879,4293.205078,4472.692383,4508.205078,4341.410156,4414.102539,1566.000000,1.000000,22.000000,,,,0.000000,2.000000,2.000000,0.000000,4.000000,2.000000,2.000000,0.000000,0.000000,4.000000,4.000000,4.000000,4.000000,4.000000,4.000000,0.000000,,,,,,,,,,,,,,,,,,,,,,,,,,,,
1732157941.534367,1732157941.536097,100.000000,0.000000,4283.205078,4280.769043,4316.025879,4296.794922,4280.384766,4283.717773,4336.922852,4401.153809,4297.563965,4291.794922,4470.384766,4507.820313,4340.256348,4411.922852,1701.000000,1.000000,22.000000,,,,0.000000,2.000000,2.000000,0.000000,4.000000,2.000000,2.000000,0.000000,0.000000,4.000000,4.000000,4.000000,4.000000,4.000000,4.000000,0.000000,,,,,,,,,,,,,,,,,25.000000,0.000000,0.498929,0.455933,-0.565552,0.472595,0.971310,-0.083506,-0.059578,-36.534462,44.257751,31.514097
1732157941.542175,1732157941.543905,101.000000,0.000000,4280.769043,4278.461426,4311.538574,4297.307617,4285.128418,4281.538574,4336.282227,4398.077148,4296.025879,4290.512695,4471.794922,4509.487305,4342.307617,4413.205078,1611.000000,1.000000,22.000000,,,,0.000000,2.000000,2.000000,0.000000,4.000000,2.000000,2.000000,0.000000,0.000000,4.000000,4.000000,4.000000,4.000000,4.000000,4.000000,0.000000,,,,,,,,,,,,,,,,,,,,,,,,,,,,
1732157941.549983,1732157941.551513,102.000000,0.000000,4282.051270,4280.000000,4311.538574,4297.563965,4273.077148,4282.051270,4335.256348,4399.615234,4296.153809,4286.922852,4475.000000,4510.128418,4346.025879,4417.820313,1546.000000,1.000000,22.000000,,,,0.000000,2.000000,2.000000,0.000000,4.000000,2.000000,2.000000,0.000000,0.000000,4.000000,4.000000,4.000000,4.000000,4.000000,4.000000,0.000000,,,,,,,,,,,,,,,,,,,,,,,,,,,,
1732157941.557792,1732157941.559322,103.000000,0.000000,4281.538574,4279.358887,4313.846191,4297.436035,4283.589844,4284.871582,4335.769043,4401.153809,4296.025879,4283.974121,4474.230957,4507.692383,4343.333496,4413.846191,1566.000000,1.000000,22.000000,,,,0.000000,2.000000,2.000000,0.000000,4.000000,2.000000,2.000000,0.000000,0.000000,4.000000,4.000000,4.000000,4.000000,4.000000,4.000000,0.000000,,,,,,,,,,,,,,,,,,,,,,,,,,,,
1732157941.565600,1732157941.567230,104.000000,0.000000,4279.615234,4278.205078,4313.717773,4295.897461,4302.307617,4284.743652,4336.538574,4400.512695,4297.179688,4287.948730,4471.282227,4507.563965,4340.384766,4408.846191,1701.000000,1.000000,22.000000,,,,0.000000,2.000000,2.000000,0.000000,4.000000,2.000000,2.000000,0.000000,0.000000,4.000000,4.000000,4.000000,4.000000,4.000000,4.000000,0.000000,,,,,,,,,,,,,,,,,26.000000,0.000000,0.498906,0.455933,-0.565674,0.472473,0.963985,-0.063973,-0.065438,-36.464581,44.525444,31.606419
1732157941.573408,1732157941.575038,105.000000,0.000000,4287.820313,4280.256348,4312.820313,4297.563965,4287.948730,4281.153809,4335.897461,4401.666504,4297.948730,4293.717773,4478.717773,4512.436035,4346.666504,4417.307617,1611.000000,1.000000,22.000000,,,,0.000000,2.000000,2.000000,0.000000,4.000000,2.000000,2.000000,0.000000,0.000000,4.000000,4.000000,4.000000,4.000000,4.000000,4.000000,0.000000,,,,,,,,,,,,,,,,,,,,,,,,,,,,
1732157941.581216,1732157941.582646,106.000000,0.000000,4294.487305,4281.153809,4312.307617,4300.641113,4261.922852,4282.307617,4335.512695,4402.179688,4297.179688,4295.897461,4486.282227,4513.589844,4351.410156,4423.333496,1546.000000,1.000000,22.000000,,,,0.000000,2.000000,2.000000,0.000000,4.000000,2.000000,2.000000,0.000000,0.000000,4.000000,4.000000,4.000000,4.000000,4.000000,4.000000,0.000000,,,,,,,,,,,,,,,,,,,,,,,,,,,,
1732157941.589025,1732157941.590455,107.000000,0.000000,4286.666504,4280.128418,4314.102539,4298.974121,4262.948730,4284.743652,4335.769043,4400.897461,4296.410156,4296.666504,4479.871582,4508.717773,4350.000000,4415.897461,1566.000000,1.000000,22.000000,,,,0.000000,2.000000,2.000000,0.000000,4.000000,2.000000,2.000000,0.000000,0.000000,4.000000,4.000000,4.000000,4.000000,4.000000,4.000000,0.000000,,,,,,,,,,,,,,,,,,,,,,,,,,,,
1732157941.596833,1732157941.598163,108.000000,0.000000,4282.179688,4280.641113,4313.077148,4295.128418,4273.846191,4282.051270,4335.769043,4402.436035,4300.641113,4298.461426,4474.358887,4505.897461,4350.384766,4411.794922,1701.000000,1.000000,22.000000,,,,0.000000,2.000000,2.000000,0.000000,4.000000,2.000000,2.000000,0.000000,0.000000,4.000000,4.000000,4.000000,4.000000,4.000000,4.000000,0.000000,,,,,,,,,,,,,,,,,27.000000,0.000000,0.498717,0.456177,-0.565491,0.472656,0.982053,-0.082041,-0.057136,-36.452976,44.633942,31.339533
1732157941.604641,1732157941.605971,109.000000,0.000000,4290.512695,4282.179688,4310.769043,4296.410156,4284.358887,4281.666504,4335.641113,4402.692383,4301.922852,4298.461426,4477.820313,4506.666504,4351.282227,4414.102539,1611.000000,1.000000,22.000000,,,,0.000000,2.000000,2.000000,0.000000,4.000000,2.000000,2.000000,0.000000,0.000000,4.000000,4.000000,4.000000,4.000000,4.000000,4.000000,0.000000,,,,,,,,,,,,,,,,,,,,,,,,,,,,
1732157941.612449,1732157941.613580,110.000000,0.000000,4291.282227,4280.641113,4311.794922,4296.794922,4291.538574,4283.974121,4335.769043,4399.871582,4294.487305,4294.615234,4477.051270,4507.307617,4349.743652,4412.820313,1546.000000,1.000000,22.000000,,,,0.000000,2.000000,2.000000,0.000000,4.000000,2.000000,2.000000,0.000000,0.000000,4.000000,4.000000,4.000000,4.000000,4.000000,4.000000,0.000000,,,,,,,,,,,,,,,,,,,,,,,,,,,,
1732157941.620258,1732157941.621388,111.000000,0.000000,4283.333496,4279.615234,4314.871582,4295.512695,4275.769043,4282.692383,4335.769043,4401.025879,4292.563965,4290.897461,4473.077148,4510.641113,4346.538574,4411.922852,1566.000000,1.000000,22.000000,,,,0.000000,2.000000,2.000000,0.000000,4.000000,2.000000,2.000000,0.000000,0.000000,4.000000,4.000000,4.000000,4.000000,4.000000,4.000000,0.000000,,,,,,,,,,,,,,,,,,,,,,,,,,,,
1732157941.628066,1732157941.629296,112.000000,0.000000,4286.922852,4281.794922,4313.717773,4300.256348,4262.051270,4282.051270,4335.641113,4402.563965,4298.461426,4293.077148,4476.153809,4512.179688,4346.410156,4414.358887,1701.000000,1.000000,22.000000,,,,0.000000,2.000000,2.000000,0.000000,4.000000,2.000000,2.000000,0.000000,0.000000,4.000000,4.000000,4.000000,4.000000,4.000000,4.000000,0.000000,,,,,,,,,,,,,,,,,28.000000,0.000000,0.498615,0.456238,-0.565430,0.472778,0.972775,-0.081065,-0.056159,-36.181911,44.683495,31.276688
1732157941.635874,1732157941.637104,113.000000,0.000000,4295.769043,4283.077148,4312.948730,4303.461426,4273.333496,4281.410156,4335.897461,4399.743652,4297.179688,4294.487305,4477.948730,4506.282227,4350.641113,4414.102539,1611.000000,1.000000,22.000000,,,,0.000000,2.000000,2.000000,0.000000,4.000000,2.000000,2.000000,0.000000,0.000000,4.000000,4.000000,4.000000,4.000000,4.000000,4.000000,0.000000,,,,,,,,,,,,,,,,,,,,,,,,,,,,
1732157941.643682,1732157941.645112,114.000000,0.000000,4295.128418,4282.051270,4314.487305,4298.589844,4280.897461,4280.897461,4336.410156,4398.205078,4294.487305,4289.743652,4475.256348,4504.102539,4351.410156,4414.230957,1546.000000,1.000000,22.000000,,,,0.000000,2.000000,2.000000,0.000000,4.000000,2.000000,2.000000,0.000000,0.000000,4.000000,4.000000,4.000000,4.000000,4.000000,4.000000,0.000000,,,,,,,,,,,,,,,,,,,,,,,,,,,,
1732157941.651491,1732157941.652920,115.000000,0.000000,4291.666504,4282.051270,4314.487305,4294.615234,4278.333496,4282.179688,4336.538574,4400.256348,4299.743652,4290.769043,4475.384766,4506.922852,4348.333496,4415.128418,1566.000000,1.000000,22.000000,,,,0.000000,2.000000,2.000000,0.000000,4.000000,2.000000,2.000000,0.000000,0.000000,4.000000,4.000000,4.000000,4.000000,4.000000,4.000000,0.000000,,,,,,,,,,,,,,,,,,,,,,,,,,,,
1732157941.659299,1732157941.660828,116.000000,0.000000,4292.179688,4282.563965,4315.128418,4297.948730,4276.410156,4280.897461,4336.538574,4400.769043,4301.922852,4300.128418,4476.025879,4508.077148,4350.000000,4415.256348,1701.000000,1.000000,22.000000,,,,0.000000,2.000000,2.000000,0.000000,4.000000,2.000000,2.000000,0.000000,0.000000,4.000000,4.000000,4.000000,4.000000,4.000000,4.000000,0.000000,,,,,,,,,,,,,,,,,29.000000,0.000000,0.498559,0.456299,-0.565430,0.472778,0.979612,-0.083018,-0.056159,-36.230682,44.438629,31.099117
1732157941.667107,1732157941.668637,117.000000,0.000000,4289.102539,4282.563965,4314.102539,4301.410156,4282.051270,4279.743652,4336.282227,4401.153809,4295.384766,4295.897461,4475.384766,4506.410156,4351.153809,4414.743652,1611.000000,1.000000,22.000000,,,,0.000000,2.000000,2.000000,0.000000,4.000000,2.000000,2.000000,0.000000,0.000000,4.000000,4.000000,4.000000,4.000000,4.000000,4.000000,0.000000,,,,,,,,,,,,,,,,,,,,,,,,,,,,
1732157941.674915,1732157941.676645,118.000000,0.000000,4280.897461,4282.051270,4310.897461,4301.794922,4298.333496,4280.769043,4336.538574,4402.051270,4289.230957,4281.538574,4473.205078,4503.717773,4347.820313,4412.948730,1546.000000,1.000000,22.000000,,,,0.000000,2.000000,2.000000,0.000000,4.000000,2.000000,2.000000,0.000000,0.000000,4.000000,4.000000,4.000000,4.000000,4.000000,4.000000,0.000000,,,,,,,,,,,,,,,,,,,,,,,,,,,,
1732157941.682724,1732157941.684453,119.000000,0.000000,4280.641113,4281.410156,4311.025879,4301.410156,4291.922852,4280.769043,4336.794922,4401.538574,4290.769043,4284.102539,4472.307617,4505.512695,4348.333496,4412.820313,1566.000000,1.000000,22.000000,,,,0.000000,2.000000,2.000000,0.000000,4.000000,2.000000,2.000000,0.000000,0.000000,4.000000,4.000000,4.000000,4.000000,4.000000,4.000000,0.000000,,,,,,,,,,,,,,,,,,,,,,,,,,,,
1732157941.690532,1732157941.692161,120.000000,0.000000,4286.153809,4280.769043,4314.102539,4302.051270,4263.717773,4280.256348,4335.769043,4400.512695,4294.871582,4294.615234,4477.307617,4511.538574,4351.794922,4414.358887,1701.000000,1.000000,22.000000,,,,0.000000,2.000000,2.000000,0.000000,4.000000,2.000000,2.000000,0.000000,0.000000,4.000000,4.000000,4.000000,4.000000,4.000000,4.000000,0.000000,,,,,,,,,,,,,,,,,30.000000,0.000000,0.498124,0.456848,-0.565063,0.473145,0.978635,-0.076670,-0.060066,-36.321854,44.708622,30.998619
1732157941.698340,1732157941.699969,121.000000,0.000000,4287.692383,4279.615234,4315.384766,4300.769043,4266.794922,4280.769043,4335.000000,4399.743652,4295.769043,4290.128418,4482.051270,4509.615234,4350.769043,4415.256348,1611.000000,1.000000,22.000000,,,,0.000000,2.000000,2.000000,0.000000,4.000000,2.000000,2.000000,0.000000,0.000000,4.000000,4.000000,4.000000,4.000000,4.000000,4.000000,0.000000,,,,,,,,,,,,,,,,,,,,,,,,,,,,
1732157941.706148,1732157941.707977,122.000000,0.000000,4289.487305,4279.615234,4315.641113,4300.384766,4280.769043,4281.666504,4335.897461,4400.641113,4295.897461,4282.692383,4479.871582,4504.743652,4349.102539,4413.333496,1546.000000,1.000000,22.000000,,,,0.000000,2.000000,2.000000,0.000000,4.000000,2.000000,2.000000,0.000000,0.000000,4.000000,4.000000,4.000000,4.000000,4.000000,4.000000,0.000000,,,,,,,,,,,,,,,,,,,,,,,,,,,,
1732157941.713956,1732157941.715786,123.000000,0.000000,4294.615234,4281.666504,4315.384766,4301.794922,4278.589844,4280.641113,4336.666504,4402.307617,4295.256348,4281.922852,4475.384766,4507.948730,4350.128418,4411.153809,1566.000000,1.000000,22.000000,,,,0.000000,2.000000,2.000000,0.000000,4.000000,2.000000,2.000000,0.000000,0.000000,4.000000,4.000000,4.000000,4.000000,4.000000,4.000000,0.000000,,,,,,,,,,,,,,,,,,,,,,,,,,,,
1732157941.721765,1732157941.723694,124.000000,0.000000,4295.128418,4281.922852,4312.436035,4300.897461,4286.538574,4275.128418,4335.769043,4401.666504,4293.205078,4280.897461,4479.358887,4508.717773,4350.384766,4415.897461,1701.000000,1.000000,22.000000,,,,0.000000,2.000000,2.000000,0.000000,4.000000,2.000000,2.000000,0.000000,0.000000,4.000000,4.000000,4.000000,4.000000,4.000000,4.000000,0.000000,,,,,,,,,,,,,,,,,31.000000,0.000000,0.498213,0.456726,-0.565186,0.473022,0.968868,-0.087901,-0.054206,-36.445702,44.882320,31.022215
1732157941.729573,1732157941.731502,125.000000,0.000000,4294.871582,4280.512695,4313.333496,4297.948730,4288.589844,4272.820313,4335.384766,4400.256348,4297.692383,4288.077148,4487.051270,4508.974121,4352.563965,4426.025879,1611.000000,1.000000,22.000000,,,,0.000000,2.000000,2.000000,0.000000,4.000000,2.000000,2.000000,0.000000,0.000000,4.000000,4.000000,4.000000,4.000000,4.000000,4.000000,0.000000,,,,,,,,,,,,,,,,,,,,,,,,,,,,
1732157941.737381,1732157941.739510,126.000000,0.000000,4296.922852,4281.282227,4316.794922,4300.256348,4266.666504,4278.461426,4336.410156,4401.153809,4304.615234,4298.205078,4490.769043,4520.641113,4358.461426,4429.102539,1546.000000,1.000000,22.000000,,,,0.000000,2.000000,2.000000,0.000000,4.000000,2.000000,2.000000,0.000000,0.000000,4.000000,4.000000,4.000000,4.000000,4.000000,4.000000,0.000000,,,,,,,,,,,,,,,,,,,,,,,,,,,,
1732157941.745190,1732157941.747318,127.000000,0.000000,4294.743652,4282.051270,4317.436035,4304.871582,4260.000000,4282.179688,4336.794922,4401.666504,4298.461426,4294.615234,4489.743652,4523.589844,4360.128418,4421.794922,22.000000,1.000000,22.000000,,,,0.000000,2.000000,2.000000,0.000000,4.000000,2.000000,2.000000,0.000000,0.000000,4.000000,4.000000,4.000000,4.000000,4.000000,4.000000,0.000000,,,,,,,,,,,,,,,,,,,,,,,,,,,,
1732157941.752998,1732157941.755226,0.000000,0.000000,4291.153809,4281.025879,4316.666504,4301.794922,4274.743652,4280.641113,4335.512695,4400.897461,4293.333496,4288.589844,4484.743652,4514.102539,4353.846191,4416.025879,0.000000,1.000000,22.000000,,,,0.000000,2.000000,2.000000,0.000000,4.000000,2.000000,2.000000,0.000000,0.000000,4.000000,4.000000,4.000000,4.000000,4.000000,4.000000,0.000000,,,,,,,,,,,,,,,,,0.000000,0.000000,0.498010,0.456909,-0.565063,0.473206,0.975705,-0.086436,-0.064949,-36.456017,44.841343,30.764660
1732157941.760806,1732157941.763034,1.000000,0.000000,4291.025879,4280.769043,4313.077148,4298.333496,4273.461426,4279.871582,4333.974121,4401.410156,4301.794922,4292.692383,4485.641113,4511.666504,4349.615234,4416.025879,1603.000000,1.000000,22.000000,,,,0.000000,2.000000,2.000000,0.000000,4.000000,2.000000,2.000000,0.000000,0.000000,4.000000,4.000000,4.000000,4.000000,4.000000,4.000000,0.000000,,,,,,,,,,,,,,,,,,,,,,,,,,,,
1732157941.768614,1732157941.771042,2.000000,0.000000,4294.615234,4280.641113,4311.410156,4300.000000,4275.000000,4281.153809,4334.487305,4401.025879,4301.153809,4289.871582,4484.102539,4512.692383,4351.538574,4414.102539,1366.000000,1.000000,22.000000,,,,0.000000,2.000000,2.000000,0.000000,4.000000,2.000000,2.000000,0.000000,0.000000,4.000000,4.000000,4.000000,4.000000,4.000000,4.000000,0.000000,,,,,,,,,,,,,,,,,,,,,,,,,,,,
1732157941.776423,1732157941.778851,3.000000,0.000000,4295.897461,4283.077148,4312.820313,4301.922852,4299.102539,4281.410156,4335.512695,4399.358887,4290.641113,4279.102539,4476.922852,4507.436035,4350.000000,4412.307617,1424.000000,1.000000,22.000000,,,,0.000000,2.000000,2.000000,0.000000,4.000000,2.000000,2.000000,0.000000,0.000000,4.000000,4.000000,4.000000,4.000000,4.000000,4.000000,0.000000,,,,,,,,,,,,,,,,,,,,,,,,,,,,
1732157941.784231,1732157941.786759,4.000000,0.000000,4289.230957,4285.769043,4312.948730,4300.128418,4292.436035,4281.282227,4335.769043,4402.307617,4295.384766,4285.128418,4481.025879,4507.307617,4349.487305,4413.846191,1427.000000,1.000000,22.000000,,,,0.000000,2.000000,2.000000,0.000000,4.000000,2.000000,2.000000,0.000000,0.000000,4.000000,4.000000,4.000000,4.000000,4.000000,4.000000,0.000000,,,,,,,,,,,,,,,,,1.000000,0.000000,0.498010,0.456909,-0.565063,0.473206,0.968868,-0.086925,-0.060066,-36.527706,44.874821,30.809374
1732157941.792039,1732157941.794567,5.000000,0.000000,4283.461426,4282.820313,4312.436035,4297.948730,4260.128418,4282.307617,4336.153809,4405.000000,4306.794922,4299.102539,4491.666504,4510.897461,4356.410156,4415.769043,1210.000000,1.000000,22.000000,,,,0.000000,2.000000,2.000000,0.000000,4.000000,2.000000,2.000000,0.000000,0.000000,4.000000,4.000000,4.000000,4.000000,4.000000,4.000000,0.000000,,,,,,,,,,,,,,,,,,,,,,,,,,,,
1732157941.799847,1732157941.802575,6.000000,0.000000,4284.615234,4279.743652,4313.077148,4298.461426,4270.512695,4282.692383,4335.769043,4402.436035,4303.974121,4297.820313,4489.743652,4507.307617,4355.512695,4413.333496,0.000000,1.000000,22.000000,,,,0.000000,2.000000,2.000000,0.000000,4.000000,2.000000,2.000000,0.000000,0.000000,4.000000,4.000000,4.000000,4.000000,4.000000,4.000000,0.000000,,,,,,,,,,,,,,,,,,,,,,,,,,,,
1732157941.807655,1732157941.810383,7.000000,0.000000,4291.538574,4282.948730,4311.282227,4299.871582,4292.307617,4279.230957,4334.743652,4400.897461,4299.358887,4293.717773,4484.743652,4505.897461,4351.282227,4412.692383,0.000000,1.000000,22.000000,,,,0.000000,2.000000,2.000000,0.000000,4.000000,2.000000,2.000000,0.000000,0.000000,4.000000,4.000000,4.000000,4.000000,4.000000,4.000000,0.000000,,,,,,,,,,,,,,,,,,,,,,,,,,,,
1732157941.815464,1732157941.818291,8.000000,0.000000,4295.384766,4283.717773,4310.256348,4300.897461,4269.230957,4277.563965,4335.256348,4403.333496,4302.051270,4296.794922,4491.794922,4509.871582,4361.025879,4419.743652,1529.000000,1.000000,22.000000,,,,0.000000,2.000000,2.000000,0.000000,4.000000,2.000000,2.000000,0.000000,0.000000,4.000000,4.000000,4.000000,4.000000,4.000000,4.000000,0.000000,,,,,,,,,,,,,,,,,2.000000,0.000000,0.497914,0.456787,-0.565247,0.473206,0.967403,-0.084483,-0.051764,-36.502441,44.985271,30.795593
1732157941.823272,1732157941.826099,9.000000,0.000000,4289.230957,4280.512695,4312.563965,4299.871582,4256.794922,4280.897461,4334.743652,4402.436035,4303.974121,4296.794922,4491.410156,4507.692383,4364.230957,4421.794922,1686.000000,1.000000,22.000000,,,,0.000000,2.000000,2.000000,0.000000,4.000000,2.000000,2.000000,0.000000,0.000000,4.000000,4.000000,4.000000,4.000000,4.000000,4.000000,0.000000,,,,,,,,,,,,,,,,,,,,,,,,,,,,
1732157941.831080,1732157941.833708,10.000000,0.000000,4280.384766,4280.641113,4311.538574,4299.615234,4276.153809,4282.692383,4334.487305,4400.128418,4307.179688,4295.512695,4479.358887,4500.641113,4351.666504,4414.743652,1546.000000,1.000000,22.000000,,,,0.000000,2.000000,2.000000,0.000000,4.000000,2.000000,2.000000,0.000000,0.000000,4.000000,4.000000,4.000000,4.000000,4.000000,4.000000,0.000000,,,,,,,,,,,,,,,,,,,,,,,,,,,,
1732157941.838889,1732157941.841516,11.000000,0.000000,4280.000000,4280.256348,4310.512695,4298.846191,4279.743652,4282.436035,4338.717773,4401.538574,4306.666504,4291.538574,4473.846191,4496.538574,4346.410156,4410.897461,1566.000000,1.000000,22.000000,,,,0.000000,2.000000,2.000000,0.000000,4.000000,2.000000,2.000000,0.000000,0.000000,4.000000,4.000000,4.000000,4.000000,4.000000,4.000000,0.000000,,,,,,,,,,,,,,,,,,,,,,,,,,,,
1732157941.846697,1732157941.849224,12.000000,0.000000,4285.384766,4279.871582,4311.666504,4295.641113,4286.666504,4281.410156,4341.153809,4401.922852,4292.436035,4279.871582,4474.743652,4496.153809,4348.205078,4412.820313,1701.000000,1.000000,22.000000,,,,0.000000,2.000000,2.000000,0.000000,4.000000,2.000000,2.000000,0.000000,0.000000,4.000000,4.000000,4.000000,4.000000,4.000000,4.000000,0.000000,,,,,,,,,,,,,,,,,3.000000,0.000000,0.497912,0.456726,-0.565247,0.473267,0.976682,-0.084483,-0.063484,-36.473644,44.908070,30.972765
1732157941.854505,1732157941.857033,13.000000,0.000000,4289.615234,4281.794922,4311.922852,4295.641113,4293.589844,4279.743652,4339.615234,4400.128418,4283.846191,4276.153809,4476.410156,4499.615234,4348.461426,4414.615234,1611.000000,1.000000,22.000000,,,,0.000000,2.000000,2.000000,0.000000,4.000000,2.000000,2.000000,0.000000,0.000000,4.000000,4.000000,4.000000,4.000000,4.000000,4.000000,0.000000,,,,,,,,,,,,,,,,,,,,,,,,,,,,
1732157941.862313,1732157941.864641,14.000000,0.000000,4293.461426,4282.436035,4310.769043,4301.666504,4270.000000,4280.897461,4338.333496,4399.743652,4293.205078,4282.307617,4480.256348,4509.230957,4351.794922,4415.512695,1546.000000,1.000000,22.000000,,,,0.000000,2.000000,2.000000,0.000000,4.000000,2.000000,2.000000,0.000000,0.000000,4.000000,4.000000,4.000000,4.000000,4.000000,4.000000,0.000000,1.000000,0.000000,2.000000,2.000000,0.000000,1.000000,1.000000,0.000000,0.000000,0.000000,4.000000,4.000000,1.000000,4.000000,1.000000,4.000000,,,,,,,,,,,,
1732157941.870122,1732157941.872449,15.000000,0.000000,4296.666504,4281.282227,4311.410156,4304.230957,4256.922852,4281.794922,4336.666504,4400.512695,4300.128418,4283.461426,4484.871582,4516.410156,4352.692383,4414.230957,1566.000000,1.000000,22.000000,,,,0.000000,2.000000,2.000000,0.000000,4.000000,2.000000,2.000000,0.000000,0.000000,4.000000,4.000000,4.000000,4.000000,4.000000,4.000000,0.000000,,,,,,,,,,,,,,,,,,,,,,,,,,,,
1732157941.877930,1732157941.880158,16.000000,0.000000,4295.641113,4281.153809,4311.153809,4299.102539,4276.666504,4279.358887,4334.743652,4403.461426,4294.102539,4280.769043,4486.025879,4513.589844,4348.077148,4412.563965,0.000000,1.000000,22.000000,,,,0.000000,2.000000,2.000000,0.000000,4.000000,2.000000,2.000000,0.000000,0.000000,4.000000,4.000000,4.000000,4.000000,4.000000,4.000000,0.000000,,,,,,,,,,,,,,,,,4.000000,0.000000,0.497957,0.456665,-0.565308,0.473206,0.976682,-0.084483,-0.063484,-36.415318,44.640537,30.692940
1732157941.885738,1732157941.887966,17.000000,0.000000,4290.512695,4281.025879,4310.641113,4294.230957,4278.205078,4278.205078,4335.512695,4407.051270,4293.077148,4285.384766,4486.794922,4512.436035,4345.128418,4413.589844,0.000000,1.000000,22.000000,,,,0.000000,2.000000,2.000000,0.000000,4.000000,2.000000,2.000000,0.000000,0.000000,4.000000,4.000000,4.000000,4.000000,4.000000,4.000000,0.000000,,,,,,,,,,,,,,,,,,,,,,,,,,,,
1732157941.893546,1732157941.895574,18.000000,0.000000,4289.743652,4279.615234,4310.897461,4297.436035,4273.589844,4279.230957,4335.897461,4405.128418,4297.948730,4290.256348,4483.717773,4514.230957,4346.153809,4412.820313,0.000000,1.000000,22.000000,,,,0.000000,2.000000,2.000000,0.000000,4.000000,2.000000,2.000000,0.000000,0.000000,4.000000,4.000000,4.000000,4.000000,4.000000,4.000000,0.000000,,,,,,,,,,,,,,,,,,,,,,,,,,,,
1732157941.901354,1732157941.903382,19.000000,0.000000,4293.717773,4281.794922,4311.666504,4302.563965,4292.820313,4278.461426,4334.487305,4400.769043,4298.333496,4288.974121,4477.563965,4510.256348,4350.000000,4412.563965,0.000000,1.000000,22.000000,,,,0.000000,2.000000,2.000000,0.000000,4.000000,2.000000,2.000000,0.000000,0.000000,4.000000,4.000000,4.000000,4.000000,4.000000,4.000000,0.000000,,,,,,,,,,,,,,,,,,,,,,,,,,,,
1732157941.909163,1732157941.911091,20.000000,0.000000,4295.128418,4288.333496,4312.179688,4300.000000,4288.717773,4279.358887,4334.743652,4400.128418,4299.487305,4291.282227,4481.410156,4507.436035,4352.051270,4416.410156,0.000000,1.000000,22.000000,,,,0.000000,2.000000,2.000000,0.000000,4.000000,2.000000,2.000000,0.000000,0.000000,4.000000,4.000000,4.000000,4.000000,4.000000,4.000000,0.000000,,,,,,,,,,,,,,,,,5.000000,0.000000,0.497684,0.456848,-0.565247,0.473389,0.976682,-0.083506,-0.051764,-36.338074,44.735500,30.882948
1732157941.916971,1732157941.918899,21.000000,0.000000,4293.717773,4288.974121,4311.538574,4296.666504,4260.128418,4282.563965,4335.128418,4400.769043,4301.922852,4294.358887,4486.282227,4508.589844,4350.641113,4418.077148,0.000000,1.000000,22.000000,,,,0.000000,2.000000,2.000000,0.000000,4.000000,2.000000,2.000000,0.000000,0.000000,4.000000,4.000000,4.000000,4.000000,4.000000,4.000000,0.000000,,,,,,,,,,,,,,,,,,,,,,,,,,,,
1732157941.924779,1732157941.926507,22.000000,0.000000,4288.205078,4282.692383,4310.769043,4297.307617,4259.743652,4281.538574,4334.871582,4399.615234,4301.282227,4288.333496,4480.128418,4502.820313,4350.256348,4414.871582,0.000000,1.000000,22.000000,,,,0.000000,2.000000,2.000000,0.000000,4.000000,2.000000,2.000000,0.000000,0.000000,4.000000,4.000000,4.000000,4.000000,4.000000,4.000000,0.000000,,,,,,,,,,,,,,,,,,,,,,,,,,,,
1732157941.932588,1732157941.934315,23.000000,0.000000,4280.384766,4280.641113,4311.922852,4297.051270,4277.692383,4279.230957,4335.000000,4400.384766,4295.769043,4278.589844,4474.102539,4492.436035,4350.128418,4410.769043,0.000000,1.000000,22.000000,,,,0.000000,2.000000,2.000000,0.000000,4.000000,2.000000,2.000000,0.000000,0.000000,4.000000,4.000000,4.000000,4.000000,4.000000,4.000000,0.000000,,,,,,,,,,,,,,,,,,,,,,,,,,,,
1732157941.940396,1732157941.942024,24.000000,0.000000,4282.436035,4283.205078,4315.000000,4294.871582,4278.205078,4280.641113,4335.000000,4402.436035,4293.974121,4277.692383,4475.769043,4492.820313,4350.000000,4410.128418,0.000000,1.000000,22.000000,,,,0.000000,2.000000,2.000000,0.000000,4.000000,2.000000,2.000000,0.000000,0.000000,4.000000,4.000000,4.000000,4.000000,4.000000,4.000000,0.000000,,,,,,,,,,,,,,,,,6.000000,0.000000,0.497785,0.456726,-0.565308,0.473328,0.980588,-0.080088,-0.067391,-36.475510,44.995758,30.986855
1732157941.948204,1732157941.949832,25.000000,0.000000,4286.282227,4282.436035,4315.000000,4296.538574,4278.846191,4281.794922,4335.000000,4401.538574,4297.563965,4280.897461,4478.077148,4498.846191,4351.794922,4412.436035,0.000000,1.000000,22.000000,,,,0.000000,2.000000,2.000000,0.000000,4.000000,2.000000,2.000000,0.000000,0.000000,4.000000,4.000000,4.000000,4.000000,4.000000,4.000000,0.000000,,,,,,,,,,,,,,,,,,,,,,,,,,,,
1732157941.956012,1732157941.957440,26.000000,0.000000,4283.205078,4280.897461,4311.153809,4297.179688,4284.102539,4280.769043,4335.000000,4400.256348,4297.563965,4280.769043,4474.743652,4501.153809,4350.769043,4411.794922,0.000000,1.000000,22.000000,,,,0.000000,2.000000,2.000000,0.000000,4.000000,2.000000,2.000000,0.000000,0.000000,4.000000,4.000000,4.000000,4.000000,4.000000,4.000000,0.000000,,,,,,,,,,,,,,,,,,,,,,,,,,,,
1732157941.963821,1732157941.965249,27.000000,0.000000,4283.461426,4282.692383,4308.974121,4296.025879,4279.230957,4281.666504,4335.000000,4400.128418,4295.641113,4282.307617,4473.846191,4501.666504,4350.384766,4409.743652,0.000000,1.000000,22.000000,,,,0.000000,2.000000,2.000000,0.000000,4.000000,2.000000,2.000000,0.000000,0.000000,4.000000,4.000000,4.000000,4.000000,4.000000,4.000000,0.000000,,,,,,,,,,,,,,,,,,,,,,,,,,,,
1732157941.971629,1732157941.973157,28.000000,0.000000,4284.102539,4282.307617,4310.256348,4296.282227,4290.256348,4282.436035,4335.000000,4399.230957,4296.666504,4287.436035,4476.922852,4503.717773,4352.179688,4411.025879,0.000000,1.000000,22.000000,,,,0.000000,2.000000,2.000000,0.000000,4.000000,2.000000,2.000000,0.000000,0.000000,4.000000,4.000000,4.000000,4.000000,4.000000,4.000000,0.000000,,,,,,,,,,,,,,,,,7.000000,0.000000,0.497753,0.456848,-0.565186,0.473389,0.975217,-0.087413,-0.056159,-36.505161,44.891563,31.044352
1732157941.979437,1732157941.980965,29.000000,0.000000,4280.897461,4279.230957,4310.897461,4295.256348,4298.717773,4280.256348,4335.000000,4402.307617,4298.333496,4291.538574,4478.333496,4506.538574,4350.769043,4413.717773,0.000000,1.000000,22.000000,,,,0.000000,2.000000,2.000000,0.000000,4.000000,2.000000,2.000000,0.000000,0.000000,4.000000,4.000000,4.000000,4.000000,4.000000,4.000000,0.000000,,,,,,,,,,,,,,,,,,,,,,,,,,,,
1732157941.987245,1732157941.988973,30.000000,0.000000,4280.769043,4277.436035,4309.615234,4292.820313,4273.461426,4281.282227,4335.000000,4406.282227,4296.538574,4288.846191,4478.589844,4507.051270,4349.743652,4414.102539,0.000000,1.000000,22.000000,,,,0.000000,2.000000,2.000000,0.000000,4.000000,2.000000,2.000000,0.000000,0.000000,4.000000,4.000000,4.000000,4.000000,4.000000,4.000000,0.000000,,,,,,,,,,,,,,,,,,,,,,,,,,,,
1732157941.995053,1732157941.996781,31.000000,0.000000,4281.538574,4276.666504,4310.384766,4292.307617,4256.410156,4282.436035,4335.000000,4404.230957,4294.358887,4288.205078,4479.102539,4506.153809,4352.563965,4414.358887,0.000000,1.000000,22.000000,,,,0.000000,2.000000,2.000000,0.000000,4.000000,2.000000,2.000000,0.000000,0.000000,4.000000,4.000000,4.000000,4.000000,4.000000,4.000000,0.000000,,,,,,,,,,,,,,,,,,,,,,,,,,,,
1732157942.002862,1732157942.004489,32.000000,0.000000,4280.897461,4278.077148,4314.487305,4295.000000,4269.871582,4280.384766,4335.000000,4404.102539,4296.410156,4295.256348,4478.205078,4504.615234,4353.589844,4415.897461,0.000000,1.000000,22.000000,,,,0.000000,2.000000,2.000000,0.000000,4.000000,2.000000,2.000000,0.000000,0.000000,4.000000,4.000000,4.000000,4.000000,4.000000,4.000000,0.000000,,,,,,,,,,,,,,,,,8.000000,0.000000,0.497549,0.457031,-0.565063,0.473572,0.984007,-0.070809,-0.057136,-36.567513,44.753834,30.782591
1732157942.010670,1732157942.012298,33.000000,0.000000,4281.666504,4280.000000,4313.846191,4296.794922,4277.948730,4284.230957,4335.000000,4406.538574,4300.384766,4296.153809,4478.717773,4505.512695,4351.153809,4412.307617,0.000000,1.000000,22.000000,,,,0.000000,2.000000,2.000000,0.000000,4.000000,2.000000,2.000000,0.000000,0.000000,4.000000,4.000000,4.000000,4.000000,4.000000,4.000000,0.000000,,,,,,,,,,,,,,,,,,,,,,,,,,,,
1732157942.018478,1732157942.019906,34.000000,0.000000,4280.512695,4275.128418,4311.282227,4292.692383,4287.692383,4285.897461,4334.615234,4405.384766,4295.384766,4285.256348,4474.487305,4506.025879,4346.025879,4406.410156,0.000000,1.000000,22.000000,,,,0.000000,2.000000,2.000000,0.000000,4.000000,2.000000,2.000000,0.000000,0.000000,4.000000,4.000000,4.000000,4.000000,4.000000,4.000000,0.000000,,,,,,,,,,,,,,,,,,,,,,,,,,,,
1732157942.026286,1732157942.027714,35.000000,0.000000,4276.410156,4269.743652,4313.589844,4290.000000,4297.436035,4281.794922,4334.871582,4403.077148,4286.922852,4276.025879,4462.051270,4501.538574,4338.205078,4401.794922,0.000000,1.000000,22.000000,,,,0.000000,2.000000,2.000000,0.000000,4.000000,2.000000,2.000000,0.000000,0.000000,4.000000,4.000000,4.000000,4.000000,4.000000,4.000000,0.000000,,,,,,,,,,,,,,,,,,,,,,,,,,,,
1732157942.034095,1732157942.035622,36.000000,0.000000,4277.820313,4274.102539,4315.128418,4293.717773,4276.410156,4284.743652,4335.384766,4402.692383,4294.230957,4277.051270,4462.307617,4500.000000,4335.641113,4398.846191,0.000000,1.000000,22.000000,,,,0.000000,2.000000,2.000000,0.000000,4.000000,2.000000,2.000000,0.000000,0.000000,4.000000,4.000000,4.000000,4.000000,4.000000,4.000000,0.000000,,,,,,,,,,,,,,,,,9.000000,0.000000,0.497449,0.457153,-0.565002,0.473633,0.976682,-0.065926,-0.055183,-36.714687,44.705605,31.205566
1732157942.041903,1732157942.043431,37.000000,0.000000,4280.897461,4279.615234,4310.641113,4296.538574,4260.384766,4291.153809,4334.230957,4401.410156,4304.358887,4283.461426,4474.102539,4504.871582,4342.692383,4399.743652,0.000000,1.000000,22.000000,,,,0.000000,2.000000,2.000000,0.000000,4.000000,2.000000,2.000000,0.000000,0.000000,4.000000,4.000000,4.000000,4.000000,4.000000,4.000000,0.000000,,,,,,,,,,,,,,,,,,,,,,,,,,,,
1732157942.049711,1732157942.051439,38.000000,0.000000,4283.461426,4277.692383,4309.358887,4295.512695,4272.179688,4287.436035,4335.384766,4400.128418,4299.487305,4291.410156,4477.051270,4511.922852,4350.641113,4406.282227,0.000000,1.000000,22.000000,,,,0.000000,2.000000,2.000000,0.000000,4.000000,2.000000,2.000000,0.000000,0.000000,4.000000,4.000000,4.000000,4.000000,4.000000,4.000000,0.000000,,,,,,,,,,,,,,,,,,,,,,,,,,,,
1732157942.057520,1732157942.059247,39.000000,0.000000,4285.384766,4277.436035,4312.948730,4296.794922,4275.769043,4281.410156,4339.743652,4399.871582,4295.897461,4296.666504,4476.666504,4515.769043,4351.282227,4408.846191,0.000000,1.000000,22.000000,,,,0.000000,2.000000,2.000000,0.000000,4.000000,2.000000,2.000000,0.000000,0.000000,4.000000,4.000000,4.000000,4.000000,4.000000,4.000000,0.000000,,,,,,,,,,,,,,,,,,,,,,,,,,,,
1732157942.065328,1732157942.067155,40.000000,0.000000,4283.974121,4278.974121,4312.692383,4297.436035,4272.948730,4281.794922,4341.794922,4400.256348,4299.230957,4296.794922,4479.615234,4515.641113,4349.102539,4406.794922,0.000000,1.000000,22.000000,,,,0.000000,2.000000,2.000000,0.000000,4.000000,2.000000,2.000000,0.000000,0.000000,4.000000,4.000000,4.000000,4.000000,4.000000,4.000000,0.000000,,,,,,,,,,,,,,,,,10.000000,0.000000,0.497552,0.457092,-0.565063,0.473511,0.970333,-0.070321,-0.055183,-36.713898,44.549873,31.611507
1732157942.073136,1732157942.074963,41.000000,0.000000,4281.666504,4278.205078,4310.897461,4296.666504,4281.538574,4282.051270,4338.077148,4403.205078,4296.410156,4289.102539,4478.333496,4512.307617,4347.692383,4410.769043,0.000000,1.000000,22.000000,,,,0.000000,2.000000,2.000000,0.000000,4.000000,2.000000,2.000000,0.000000,0.000000,4.000000,4.000000,4.000000,4.000000,4.000000,4.000000,0.000000,,,,,,,,,,,,,,,,,,,,,,,,,,,,
1732157942.080944,1732157942.082971,42.000000,0.000000,4282.436035,4278.589844,4311.538574,4300.000000,4278.974121,4281.282227,4335.000000,4401.922852,4293.846191,4281.410156,4473.589844,4513.461426,4345.128418,4410.512695,0.000000,1.000000,22.000000,,,,0.000000,2.000000,2.000000,0.000000,4.000000,2.000000,2.000000,0.000000,0.000000,4.000000,4.000000,4.000000,4.000000,4.000000,4.000000,0.000000,,,,,,,,,,,,,,,,,,,,,,,,,,,,
1732157942.088752,1732157942.090779,43.000000,0.000000,4282.179688,4279.102539,4312.436035,4303.846191,4277.307617,4281.153809,4335.512695,4400.256348,4298.077148,4280.769043,4470.256348,4513.461426,4341.153809,4402.436035,0.000000,1.000000,22.000000,,,,0.000000,2.000000,2.000000,0.000000,4.000000,2.000000,2.000000,0.000000,0.000000,4.000000,4.000000,4.000000,4.000000,4.000000,4.000000,0.000000,,,,,,,,,,,,,,,,,,,,,,,,,,,,
1732157942.096561,1732157942.098687,44.000000,0.000000,4281.794922,4278.974121,4312.307617,4300.128418,4293.205078,4279.871582,4335.384766,4401.922852,4297.692383,4281.025879,4469.743652,4508.589844,4340.128418,4404.230957,0.000000,1.000000,22.000000,,,,0.000000,2.000000,2.000000,0.000000,4.000000,2.000000,2.000000,0.000000,0.000000,4.000000,4.000000,4.000000,4.000000,4.000000,4.000000,0.000000,,,,,,,,,,,,,,,,,11.000000,0.000000,0.497552,0.457092,-0.565063,0.473511,0.980588,-0.075693,-0.051276,-36.578255,44.363731,31.745321
1732157942.104369,1732157942.106496,45.000000,0.000000,4283.717773,4280.256348,4311.922852,4299.487305,4290.769043,4281.282227,4335.000000,4401.153809,4292.179688,4278.205078,4472.563965,4513.589844,4342.436035,4413.461426,0.000000,1.000000,22.000000,,,,0.000000,2.000000,2.000000,0.000000,4.000000,2.000000,2.000000,0.000000,0.000000,4.000000,4.000000,4.000000,4.000000,4.000000,4.000000,0.000000,,,,,,,,,,,,,,,,,,,,,,,,,,,,
1732157942.112177,1732157942.114504,46.000000,0.000000,4283.205078,4282.307617,4310.641113,4305.256348,4274.230957,4284.230957,4334.615234,4400.384766,4292.307617,4279.230957,4473.846191,4521.153809,4342.948730,4414.615234,0.000000,1.000000,22.000000,,,,0.000000,2.000000,2.000000,0.000000,4.000000,2.000000,2.000000,0.000000,0.000000,4.000000,4.000000,4.000000,4.000000,4.000000,4.000000,0.000000,,,,,,,,,,,,,,,,,,,,,,,,,,,,
1732157942.119985,1732157942.122312,47.000000,0.000000,4281.538574,4281.794922,4312.179688,4305.000000,4275.641113,4283.205078,4336.538574,4401.666504,4295.897461,4281.025879,4472.948730,4517.307617,4341.666504,4409.615234,0.000000,1.000000,22.000000,,,,0.000000,2.000000,2.000000,0.000000,4.000000,2.000000,2.000000,0.000000,0.000000,4.000000,4.000000,4.000000,4.000000,4.000000,4.000000,0.000000,,,,,,,,,,,,,,,,,,,,,,,,,,,,
1732157942.127794,1732157942.130220,48.000000,0.000000,4283.205078,4280.128418,4314.871582,4299.358887,4281.410156,4284.487305,4340.384766,4400.256348,4294.871582,4279.102539,4470.769043,4510.512695,4342.692383,4405.128418,0.000000,1.000000,22.000000,,,,0.000000,2.000000,2.000000,0.000000,4.000000,2.000000,2.000000,0.000000,0.000000,4.000000,4.000000,4.000000,4.000000,4.000000,4.000000,0.000000,,,,,,,,,,,,,,,,,12.000000,0.000000,0.497408,0.457336,-0.564941,0.473572,0.977658,-0.081553,-0.061043,-36.590054,44.577953,31.488710
1732157942.135602,1732157942.138028,49.000000,0.000000,4282.948730,4279.358887,4313.461426,4296.666504,4286.153809,4287.948730,4341.025879,4398.717773,4294.487305,4279.615234,4466.153809,4509.487305,4341.538574,4399.230957,0.000000,1.000000,22.000000,,,,0.000000,2.000000,2.000000,0.000000,4.000000,2.000000,2.000000,0.000000,0.000000,4.000000,4.000000,4.000000,4.000000,4.000000,4.000000,0.000000,,,,,,,,,,,,,,,,,,,,,,,,,,,,
1732157942.143410,1732157942.146036,50.000000,0.000000,4280.641113,4279.230957,4310.256348,4297.436035,4300.128418,4284.871582,4338.717773,4401.153809,4295.897461,4279.743652,4462.820313,4506.410156,4338.333496,4395.000000,0.000000,1.000000,22.000000,,,,0.000000,2.000000,2.000000,0.000000,4.000000,2.000000,2.000000,0.000000,0.000000,4.000000,4.000000,4.000000,4.000000,4.000000,4.000000,0.000000,,,,,,,,,,,,,,,,,,,,,,,,,,,,
1732157942.151219,1732157942.153844,51.000000,0.000000,4288.205078,4282.820313,4311.025879,4303.717773,4292.051270,4281.410156,4338.974121,4402.692383,4294.487305,4278.589844,4467.307617,4507.692383,4340.128418,4397.307617,0.000000,1.000000,22.000000,,,,0.000000,2.000000,2.000000,0.000000,4.000000,2.000000,2.000000,0.000000,0.000000,4.000000,4.000000,4.000000,4.000000,4.000000,4.000000,0.000000,,,,,,,,,,,,,,,,,,,,,,,,,,,,
1732157942.159027,1732157942.161753,52.000000,0.000000,4295.512695,4284.358887,4312.051270,4309.743652,4265.000000,4282.436035,4339.743652,4401.794922,4294.102539,4281.282227,4473.205078,4516.666504,4343.589844,4400.641113,0.000000,1.000000,22.000000,,,,0.000000,2.000000,2.000000,0.000000,4.000000,2.000000,2.000000,0.000000,0.000000,4.000000,4.000000,4.000000,4.000000,4.000000,4.000000,0.000000,,,,,,,,,,,,,,,,,13.000000,0.000000,0.497203,0.457520,-0.564819,0.473755,0.981565,-0.098645,-0.060066,-36.542942,44.688145,31.255856
1732157942.166835,1732157942.169561,53.000000,0.000000,4287.563965,4280.897461,4311.282227,4303.589844,4264.230957,4282.563965,4335.000000,4401.410156,4295.512695,4283.846191,4473.846191,4518.846191,4341.922852,4402.436035,0.000000,1.000000,22.000000,,,,0.000000,2.000000,2.000000,0.000000,4.000000,2.000000,2.000000,0.000000,0.000000,4.000000,4.000000,4.000000,4.000000,4.000000,4.000000,0.000000,,,,,,,,,,,,,,,,,,,,,,,,,,,,
1732157942.174643,1732157942.177569,54.000000,0.000000,4281.025879,4279.615234,4312.051270,4293.974121,4280.769043,4283.846191,4332.692383,4401.025879,4295.000000,4282.436035,4471.794922,4512.820313,4340.769043,4403.205078,0.000000,1.000000,22.000000,,,,0.000000,2.000000,2.000000,0.000000,4.000000,2.000000,2.000000,0.000000,0.000000,4.000000,4.000000,4.000000,4.000000,4.000000,4.000000,0.000000,,,,,,,,,,,,,,,,,,,,,,,,,,,,
1732157942.182451,1732157942.185377,55.000000,0.000000,4287.179688,4280.641113,4312.307617,4295.512695,4279.358887,4287.307617,4335.256348,4401.025879,4296.282227,4282.051270,4472.307617,4511.794922,4342.307617,4406.282227,0.000000,1.000000,22.000000,,,,0.000000,2.000000,2.000000,0.000000,4.000000,2.000000,2.000000,0.000000,0.000000,4.000000,4.000000,4.000000,4.000000,4.000000,4.000000,0.000000,,,,,,,,,,,,,,,,,,,,,,,,,,,,
1732157942.190260,1732157942.193285,56.000000,0.000000,4289.102539,4279.358887,4310.641113,4296.666504,4274.487305,4284.102539,4336.282227,4401.922852,4296.666504,4283.077148,4472.692383,4513.461426,4341.666504,4408.717773,0.000000,1.000000,22.000000,,,,0.000000,2.000000,2.000000,0.000000,4.000000,2.000000,2.000000,0.000000,0.000000,4.000000,4.000000,4.000000,4.000000,4.000000,4.000000,0.000000,,,,,,,,,,,,,,,,,14.000000,0.000000,0.497203,0.457520,-0.564819,0.473755,0.981565,-0.098645,-0.060066,-36.313118,44.715729,31.333910
1732157942.198068,1732157942.201093,57.000000,0.000000,4286.153809,4279.487305,4310.641113,4295.897461,4290.897461,4278.589844,4334.871582,4403.077148,4292.820313,4279.615234,4472.051270,4511.025879,4341.922852,4408.205078,0.000000,1.000000,22.000000,,,,0.000000,2.000000,2.000000,0.000000,4.000000,2.000000,2.000000,0.000000,0.000000,4.000000,4.000000,4.000000,4.000000,4.000000,4.000000,0.000000,,,,,,,,,,,,,,,,,,,,,,,,,,,,
1732157942.205876,1732157942.208702,58.000000,0.000000,4290.000000,4281.794922,4312.051270,4296.666504,4297.307617,4283.333496,4334.487305,4403.846191,4291.794922,4279.615234,4473.205078,4513.461426,4343.589844,4409.358887,0.000000,1.000000,22.000000,,,,0.000000,2.000000,2.000000,0.000000,4.000000,2.000000,2.000000,0.000000,0.000000,4.000000,4.000000,4.000000,4.000000,4.000000,4.000000,0.000000,,,,,,,,,,,,,,,,,,,,,,,,,,,,
1732157942.213684,1732157942.216510,59.000000,0.000000,4289.743652,4280.256348,4311.410156,4297.692383,4277.820313,4290.769043,4335.128418,4402.563965,4294.871582,4285.512695,4473.461426,4515.256348,4343.717773,4411.410156,0.000000,1.000000,22.000000,,,,0.000000,2.000000,2.000000,0.000000,4.000000,2.000000,2.000000,0.000000,0.000000,4.000000,4.000000,4.000000,4.000000,4.000000,4.000000,0.000000,,,,,,,,,,,,,,,,,,,,,,,,,,,,
1732157942.221493,1732157942.224218,60.000000,0.000000,4283.205078,4279.615234,4311.410156,4297.051270,4268.846191,4287.692383,4335.000000,4400.897461,4297.307617,4286.922852,4472.179688,4508.717773,4343.589844,4411.538574,0.000000,1.000000,22.000000,,,,0.000000,2.000000,2.000000,0.000000,4.000000,2.000000,2.000000,0.000000,0.000000,4.000000,4.000000,4.000000,4.000000,4.000000,4.000000,0.000000,,,,,,,,,,,,,,,,,15.000000,0.000000,0.497145,0.457520,-0.564819,0.473816,0.968868,-0.078623,-0.064949,-36.076958,44.991409,31.347134
1732157942.229301,1732157942.232026,61.000000,0.000000,4284.871582,4283.205078,4313.589844,4297.948730,4280.897461,4281.025879,4334.871582,4402.051270,4296.922852,4284.487305,4472.179688,4503.846191,4343.846191,4410.897461,0.000000,1.000000,22.000000,,,,0.000000,2.000000,2.000000,0.000000,4.000000,2.000000,2.000000,0.000000,0.000000,4.000000,4.000000,4.000000,4.000000,4.000000,4.000000,0.000000,,,,,,,,,,,,,,,,,,,,,,,,,,,,
1732157942.237109,1732157942.239635,62.000000,0.000000,4289.615234,4284.487305,4315.128418,4299.102539,4282.307617,4281.922852,4335.000000,4402.436035,4294.615234,4285.256348,4473.589844,4507.179688,4345.256348,4411.153809,0.000000,1.000000,22.000000,,,,0.000000,2.000000,2.000000,0.000000,4.000000,2.000000,2.000000,0.000000,0.000000,4.000000,4.000000,4.000000,4.000000,4.000000,4.000000,0.000000,,,,,,,,,,,,,,,,,,,,,,,,,,,,
1732157942.244918,1732157942.247443,63.000000,0.000000,4286.282227,4282.307617,4311.538574,4296.794922,4279.615234,4284.743652,4334.743652,4400.512695,4298.077148,4291.922852,4474.615234,4507.820313,4345.384766,4411.153809,0.000000,1.000000,22.000000,,,,0.000000,2.000000,2.000000,0.000000,4.000000,2.000000,2.000000,0.000000,0.000000,4.000000,4.000000,4.000000,4.000000,4.000000,4.000000,0.000000,,,,,,,,,,,,,,,,,,,,,,,,,,,,
1732157942.252726,1732157942.255151,64.000000,0.000000,4280.000000,4280.128418,4311.025879,4294.615234,4285.641113,4281.282227,4334.615234,4403.589844,4303.717773,4295.256348,4475.384766,4504.358887,4342.307617,4411.666504,0.000000,1.000000,22.000000,,,,0.000000,2.000000,2.000000,0.000000,4.000000,2.000000,2.000000,0.000000,0.000000,4.000000,4.000000,4.000000,4.000000,4.000000,4.000000,0.000000,,,,,,,,,,,,,,,,,16.000000,0.000000,0.497291,0.457336,-0.564941,0.473694,0.972775,-0.081553,-0.069833,-35.867336,44.976372,31.364511
1732157942.260534,1732157942.262960,65.000000,0.000000,4280.769043,4280.897461,4314.871582,4295.000000,4279.230957,4280.641113,4335.641113,4408.974121,4299.358887,4287.307617,4475.128418,4506.025879,4341.282227,4413.589844,1603.000000,1.000000,22.000000,,,,0.000000,2.000000,2.000000,0.000000,4.000000,2.000000,2.000000,0.000000,0.000000,4.000000,4.000000,4.000000,4.000000,4.000000,4.000000,0.000000,,,,,,,,,,,,,,,,,,,,,,,,,,,,
1732157942.268342,1732157942.270568,66.000000,0.000000,4287.179688,4282.307617,4312.948730,4296.538574,4282.948730,4282.563965,4334.615234,4408.205078,4291.025879,4278.461426,4474.102539,4507.692383,4343.589844,4411.538574,1366.000000,1.000000,22.000000,,,,0.000000,2.000000,2.000000,0.000000,4.000000,2.000000,2.000000,0.000000,0.000000,4.000000,4.000000,4.000000,4.000000,4.000000,4.000000,0.000000,,,,,,,,,,,,,,,,,,,,,,,,,,,,
1732157942.276150,1732157942.278376,67.000000,0.000000,4290.512695,4281.025879,4308.205078,4300.128418,4302.948730,4281.666504,4334.102539,4404.615234,4292.179688,4282.307617,4475.384766,4508.077148,4343.974121,4410.384766,1424.000000,1.000000,22.000000,,,,0.000000,2.000000,2.000000,0.000000,4.000000,2.000000,2.000000,0.000000,0.000000,4.000000,4.000000,4.000000,4.000000,4.000000,4.000000,0.000000,,,,,,,,,,,,,,,,,,,,,,,,,,,,
1732157942.283959,1732157942.286084,68.000000,0.000000,4286.025879,4280.256348,4310.769043,4302.692383,4292.179688,4283.077148,4339.487305,4406.922852,4297.307617,4291.153809,4476.410156,4508.077148,4341.025879,4412.307617,1429.000000,1.000000,22.000000,,,,0.000000,2.000000,2.000000,0.000000,4.000000,2.000000,2.000000,0.000000,0.000000,4.000000,4.000000,4.000000,4.000000,4.000000,4.000000,0.000000,,,,,,,,,,,,,,,,,17.000000,0.000000,0.497248,0.457458,-0.564880,0.473694,0.972775,-0.081553,-0.069833,-35.824207,44.999195,31.335255
1732157942.291767,1732157942.293893,69.000000,0.000000,4283.846191,4281.922852,4314.102539,4302.820313,4265.128418,4287.436035,4341.538574,4408.077148,4298.461426,4293.461426,4477.051270,4508.974121,4343.717773,4414.102539,1210.000000,1.000000,22.000000,,,,0.000000,2.000000,2.000000,0.000000,4.000000,2.000000,2.000000,0.000000,0.000000,4.000000,4.000000,4.000000,4.000000,4.000000,4.000000,0.000000,,,,,,,,,,,,,,,,,,,,,,,,,,,,
1732157942.299575,1732157942.301501,70.000000,0.000000,4288.974121,4281.794922,4313.461426,4302.307617,4269.102539,4288.461426,4335.769043,4403.974121,4297.820313,4294.743652,4478.974121,4508.974121,4349.743652,4412.692383,0.000000,1.000000,22.000000,,,,0.000000,2.000000,2.000000,0.000000,4.000000,2.000000,2.000000,0.000000,0.000000,4.000000,4.000000,4.000000,4.000000,4.000000,4.000000,0.000000,,,,,,,,,,,,,,,,,,,,,,,,,,,,
1732157942.307383,1732157942.309309,71.000000,0.000000,4294.230957,4282.307617,4314.743652,4306.153809,4283.717773,4283.974121,4333.717773,4402.051270,4297.051270,4295.000000,4480.641113,4507.563965,4351.538574,4410.641113,0.000000,1.000000,22.000000,,,,0.000000,2.000000,2.000000,0.000000,4.000000,2.000000,2.000000,0.000000,0.000000,4.000000,4.000000,4.000000,4.000000,4.000000,4.000000,0.000000,,,,,,,,,,,,,,,,,,,,,,,,,,,,
1732157942.315192,1732157942.317018,72.000000,0.000000,4291.922852,4286.153809,4315.897461,4307.179688,4281.025879,4281.025879,4336.794922,4402.948730,4298.717773,4295.769043,4484.615234,4511.794922,4349.871582,4411.922852,1529.000000,1.000000,22.000000,,,,0.000000,2.000000,2.000000,0.000000,4.000000,2.000000,2.000000,0.000000,0.000000,4.000000,4.000000,4.000000,4.000000,4.000000,4.000000,0.000000,,,,,,,,,,,,,,,,,18.000000,0.000000,0.497352,0.457397,-0.564941,0.473572,0.986937,-0.078623,-0.058601,-35.825943,45.062683,31.619890
1732157942.323000,1732157942.324826,73.000000,0.000000,4288.205078,4285.256348,4312.051270,4306.794922,4276.025879,4281.282227,4336.538574,4403.333496,4303.846191,4298.974121,4491.794922,4516.794922,4352.307617,4415.384766,1686.000000,1.000000,22.000000,,,,0.000000,2.000000,2.000000,0.000000,4.000000,2.000000,2.000000,0.000000,0.000000,4.000000,4.000000,4.000000,4.000000,4.000000,4.000000,0.000000,,,,,,,,,,,,,,,,,,,,,,,,,,,,
1732157942.330808,1732157942.332434,74.000000,0.000000,4285.641113,4281.025879,4311.666504,4306.538574,4278.333496,4281.410156,4334.743652,4403.589844,4307.820313,4297.820313,4486.794922,4511.666504,4355.128418,4414.230957,1546.000000,1.000000,22.000000,,,,0.000000,2.000000,2.000000,0.000000,4.000000,2.000000,2.000000,0.000000,0.000000,4.000000,4.000000,4.000000,4.000000,4.000000,4.000000,0.000000,,,,,,,,,,,,,,,,,,,,,,,,,,,,
1732157942.338616,1732157942.340242,75.000000,0.000000,4282.563965,4282.307617,4316.538574,4303.974121,4294.102539,4280.641113,4335.256348,4402.948730,4302.563965,4293.205078,4478.846191,4503.589844,4353.077148,4410.512695,1566.000000,1.000000,22.000000,,,,0.000000,2.000000,2.000000,0.000000,4.000000,2.000000,2.000000,0.000000,0.000000,4.000000,4.000000,4.000000,4.000000,4.000000,4.000000,0.000000,,,,,,,,,,,,,,,,,,,,,,,,,,,,
1732157942.346425,1732157942.348151,76.000000,0.000000,4286.794922,4282.563965,4316.794922,4303.846191,4297.307617,4280.000000,4335.384766,4400.256348,4293.589844,4292.820313,4484.230957,4506.025879,4354.102539,4414.230957,1701.000000,1.000000,22.000000,,,,0.000000,2.000000,2.000000,0.000000,4.000000,2.000000,2.000000,0.000000,0.000000,4.000000,4.000000,4.000000,4.000000,4.000000,4.000000,0.000000,,,,,,,,,,,,,,,,,19.000000,0.000000,0.497316,0.457336,-0.565125,0.473450,0.980588,-0.083506,-0.062996,-35.724014,44.794106,31.667110
1732157942.354233,1732157942.355959,77.000000,0.000000,4295.641113,4282.948730,4311.922852,4307.307617,4271.922852,4281.538574,4335.897461,4400.512695,4292.051270,4294.871582,4485.128418,4509.615234,4354.871582,4419.358887,1604.000000,1.000000,22.000000,,,,0.000000,2.000000,2.000000,0.000000,4.000000,2.000000,2.000000,0.000000,0.000000,4.000000,4.000000,4.000000,4.000000,4.000000,4.000000,0.000000,,,,,,,,,,,,,,,,,,,,,,,,,,,,
1732157942.362041,1732157942.363567,78.000000,0.000000,4294.102539,4284.743652,4309.743652,4307.692383,4263.333496,4281.922852,4335.897461,4401.538574,4296.922852,4294.102539,4475.897461,4509.102539,4351.025879,4416.410156,1546.000000,1.000000,22.000000,,,,0.000000,2.000000,2.000000,0.000000,4.000000,2.000000,2.000000,0.000000,0.000000,4.000000,4.000000,4.000000,4.000000,4.000000,4.000000,0.000000,1.000000,0.000000,2.000000,1.000000,0.000000,1.000000,1.000000,0.000000,0.000000,0.000000,4.000000,4.000000,4.000000,4.000000,1.000000,4.000000,,,,,,,,,,,,
1732157942.369850,1732157942.371375,79.000000,0.000000,4287.051270,4284.871582,4311.922852,4303.846191,4278.589844,4280.769043,4335.769043,4403.333496,4302.692383,4295.897461,4480.769043,4514.615234,4349.871582,4414.743652,1566.000000,1.000000,22.000000,,,,0.000000,2.000000,2.000000,0.000000,4.000000,2.000000,2.000000,0.000000,0.000000,4.000000,4.000000,4.000000,4.000000,4.000000,4.000000,0.000000,,,,,,,,,,,,,,,,,,,,,,,,,,,,
1732157942.377658,1732157942.379283,80.000000,0.000000,4291.410156,4286.153809,4312.179688,4301.666504,4281.922852,4281.538574,4335.897461,4403.717773,4303.205078,4297.692383,4491.025879,4515.897461,4351.282227,4415.512695,1701.000000,1.000000,22.000000,,,,0.000000,2.000000,2.000000,0.000000,4.000000,2.000000,2.000000,0.000000,0.000000,4.000000,4.000000,4.000000,4.000000,4.000000,4.000000,0.000000,,,,,,,,,,,,,,,,,20.000000,0.000000,0.497260,0.457397,-0.565125,0.473450,0.975705,-0.071298,-0.067391,-35.724785,44.868225,31.708693
1732157942.385466,1732157942.387092,81.000000,0.000000,4296.666504,4286.794922,4310.769043,4301.153809,4276.794922,4281.922852,4335.897461,4400.769043,4298.717773,4291.794922,4483.846191,4507.820313,4349.743652,4414.743652,1604.000000,1.000000,22.000000,,,,0.000000,2.000000,2.000000,0.000000,4.000000,2.000000,2.000000,0.000000,0.000000,4.000000,4.000000,4.000000,4.000000,4.000000,4.000000,0.000000,,,,,,,,,,,,,,,,,,,,,,,,,,,,
1732157942.393274,1732157942.395100,82.000000,0.000000,4293.974121,4287.307617,4311.025879,4305.000000,4275.000000,4279.743652,4335.897461,4399.743652,4296.922852,4289.615234,4475.641113,4507.051270,4350.128418,4416.922852,1546.000000,1.000000,22.000000,,,,0.000000,2.000000,2.000000,0.000000,4.000000,2.000000,2.000000,0.000000,0.000000,4.000000,4.000000,4.000000,4.000000,4.000000,4.000000,0.000000,,,,,,,,,,,,,,,,,,,,,,,,,,,,
1732157942.401082,1732157942.402908,83.000000,0.000000,4294.615234,4292.051270,4312.692383,4309.487305,4286.153809,4279.230957,4335.769043,4401.282227,4298.589844,4293.077148,4477.051270,4510.256348,4349.358887,4417.692383,1566.000000,1.000000,22.000000,,,,0.000000,2.000000,2.000000,0.000000,4.000000,2.000000,2.000000,0.000000,0.000000,4.000000,4.000000,4.000000,4.000000,4.000000,4.000000,0.000000,,,,,,,,,,,,,,,,,,,,,,,,,,,,
1732157942.408891,1732157942.410816,84.000000,0.000000,4292.948730,4293.589844,4313.077148,4307.307617,4301.922852,4279.487305,4335.512695,4400.769043,4296.282227,4291.410156,4475.641113,4504.615234,4344.102539,4411.282227,1701.000000,1.000000,22.000000,,,,0.000000,2.000000,2.000000,0.000000,4.000000,2.000000,2.000000,0.000000,0.000000,4.000000,4.000000,4.000000,4.000000,4.000000,4.000000,0.000000,,,,,,,,,,,,,,,,,21.000000,0.000000,0.497114,0.457581,-0.565002,0.473572,0.972775,-0.086436,-0.061531,-35.745407,45.114929,31.384041
1732157942.416699,1732157942.418624,85.000000,0.000000,4289.487305,4288.846191,4312.436035,4306.666504,4286.410156,4282.051270,4335.769043,4400.128418,4299.615234,4290.641113,4473.974121,4506.025879,4346.666504,4409.487305,1604.000000,1.000000,22.000000,,,,0.000000,2.000000,2.000000,0.000000,4.000000,2.000000,2.000000,0.000000,0.000000,4.000000,4.000000,4.000000,4.000000,4.000000,4.000000,0.000000,,,,,,,,,,,,,,,,,,,,,,,,,,,,
1732157942.424507,1732157942.426632,86.000000,0.000000,4293.589844,4290.000000,4313.205078,4309.615234,4263.077148,4287.179688,4336.025879,4401.153809,4307.307617,4295.512695,4475.897461,4514.871582,4352.563965,4411.538574,1546.000000,1.000000,22.000000,,,,0.000000,2.000000,2.000000,0.000000,4.000000,2.000000,2.000000,0.000000,0.000000,4.000000,4.000000,4.000000,4.000000,4.000000,4.000000,0.000000,,,,,,,,,,,,,,,,,,,,,,,,,,,,
1732157942.432315,1732157942.434440,87.000000,0.000000,4297.179688,4290.641113,4312.948730,4309.871582,4275.000000,4288.333496,4335.256348,4402.692383,4303.333496,4295.128418,4476.282227,4514.615234,4349.230957,4408.589844,1566.000000,1.000000,22.000000,,,,0.000000,2.000000,2.000000,0.000000,4.000000,2.000000,2.000000,0.000000,0.000000,4.000000,4.000000,4.000000,4.000000,4.000000,4.000000,0.000000,,,,,,,,,,,,,,,,,,,,,,,,,,,,
1732157942.440124,1732157942.442349,88.000000,0.000000,4291.666504,4283.461426,4312.820313,4306.794922,4287.307617,4287.563965,4336.538574,4403.974121,4300.384766,4293.077148,4476.282227,4513.461426,4347.692383,4409.358887,1701.000000,1.000000,22.000000,,,,0.000000,2.000000,2.000000,0.000000,4.000000,2.000000,2.000000,0.000000,0.000000,4.000000,4.000000,4.000000,4.000000,4.000000,4.000000,0.000000,,,,,,,,,,,,,,,,,22.000000,0.000000,0.497026,0.457764,-0.564880,0.473633,0.977170,-0.084483,-0.062019,-35.822113,44.971428,31.377741
1732157942.447932,1732157942.450157,89.000000,0.000000,4288.077148,4279.615234,4313.077148,4303.461426,4274.358887,4288.077148,4339.743652,4404.871582,4305.128418,4296.410156,4477.563965,4521.794922,4351.666504,4412.692383,1604.000000,1.000000,22.000000,,,,0.000000,2.000000,2.000000,0.000000,4.000000,2.000000,2.000000,0.000000,0.000000,4.000000,4.000000,4.000000,4.000000,4.000000,4.000000,0.000000,,,,,,,,,,,,,,,,,,,,,,,,,,,,
1732157942.455740,1732157942.458165,90.000000,0.000000,4288.717773,4279.743652,4312.307617,4299.102539,4279.615234,4283.846191,4340.641113,4405.128418,4305.256348,4295.000000,4475.384766,4519.487305,4347.307617,4410.256348,1546.000000,1.000000,22.000000,,,,0.000000,2.000000,2.000000,0.000000,4.000000,2.000000,2.000000,0.000000,0.000000,4.000000,4.000000,4.000000,4.000000,4.000000,4.000000,0.000000,,,,,,,,,,,,,,,,,,,,,,,,,,,,
1732157942.463549,1732157942.465973,91.000000,0.000000,4290.384766,4282.692383,4311.666504,4300.000000,4297.436035,4279.230957,4339.358887,4403.077148,4306.153809,4291.794922,4473.974121,4509.615234,4340.769043,4409.487305,1566.000000,1.000000,22.000000,,,,0.000000,2.000000,2.000000,0.000000,4.000000,2.000000,2.000000,0.000000,0.000000,4.000000,4.000000,4.000000,4.000000,4.000000,4.000000,0.000000,,,,,,,,,,,,,,,,,,,,,,,,,,,,
1732157942.471357,1732157942.473881,92.000000,0.000000,4293.461426,4283.717773,4312.307617,4305.897461,4284.102539,4281.666504,4338.974121,4400.897461,4307.692383,4293.846191,4476.666504,4512.948730,4343.333496,4412.563965,1701.000000,1.000000,22.000000,,,,0.000000,2.000000,2.000000,0.000000,4.000000,2.000000,2.000000,0.000000,0.000000,4.000000,4.000000,4.000000,4.000000,4.000000,4.000000,0.000000,,,,,,,,,,,,,,,,,23.000000,0.000000,0.497215,0.457458,-0.565063,0.473511,0.979612,-0.087901,-0.066903,-35.824245,45.011856,31.462637
1732157942.479165,1732157942.481689,93.000000,0.000000,4295.128418,4283.205078,4311.538574,4307.948730,4263.974121,4282.307617,4339.615234,4400.769043,4300.384766,4294.102539,4478.077148,4520.000000,4343.333496,4412.820313,1604.000000,1.000000,22.000000,,,,0.000000,2.000000,2.000000,0.000000,4.000000,2.000000,2.000000,0.000000,0.000000,4.000000,4.000000,4.000000,4.000000,4.000000,4.000000,0.000000,,,,,,,,,,,,,,,,,,,,,,,,,,,,
1732157942.486973,1732157942.489697,94.000000,0.000000,4294.871582,4285.769043,4310.769043,4306.922852,4269.871582,4280.512695,4340.128418,4401.538574,4296.282227,4292.563965,4477.179688,4515.000000,4339.487305,4411.666504,1546.000000,1.000000,22.000000,,,,0.000000,2.000000,2.000000,0.000000,4.000000,2.000000,2.000000,0.000000,0.000000,4.000000,4.000000,4.000000,4.000000,4.000000,4.000000,0.000000,,,,,,,,,,,,,,,,,,,,,,,,,,,,
1732157942.494781,1732157942.497505,95.000000,0.000000,4295.128418,4289.102539,4311.666504,4305.256348,4281.025879,4280.384766,4340.128418,4401.025879,4299.615234,4293.717773,4477.051270,4507.051270,4340.641113,4412.307617,1566.000000,1.000000,22.000000,,,,0.000000,2.000000,2.000000,0.000000,4.000000,2.000000,2.000000,0.000000,0.000000,4.000000,4.000000,4.000000,4.000000,4.000000,4.000000,0.000000,,,,,,,,,,,,,,,,,,,,,,,,,,,,
1732157942.502590,1732157942.505414,96.000000,0.000000,4295.512695,4286.538574,4314.102539,4305.769043,4278.974121,4279.871582,4340.512695,4401.538574,4296.922852,4294.743652,4478.077148,4509.743652,4344.615234,4412.307617,1701.000000,1.000000,22.000000,,,,0.000000,2.000000,2.000000,0.000000,4.000000,2.000000,2.000000,0.000000,0.000000,4.000000,4.000000,4.000000,4.000000,4.000000,4.000000,0.000000,,,,,,,,,,,,,,,,,24.000000,0.000000,0.497190,0.457397,-0.565186,0.473450,0.976682,-0.078135,-0.059578,-36.019306,44.984604,31.738068
1732157942.510398,1732157942.513222,97.000000,0.000000,4295.256348,4282.051270,4315.512695,4306.922852,4280.384766,4283.589844,4339.871582,4401.922852,4300.897461,4294.358887,4478.974121,4513.846191,4345.000000,4412.820313,1604.000000,1.000000,22.000000,,,,0.000000,2.000000,2.000000,0.000000,4.000000,2.000000,2.000000,0.000000,0.000000,4.000000,4.000000,4.000000,4.000000,4.000000,4.000000,0.000000,,,,,,,,,,,,,,,,,,,,,,,,,,,,
1732157942.518206,1732157942.521230,98.000000,0.000000,4294.358887,4280.512695,4315.384766,4303.846191,4282.820313,4287.436035,4336.025879,4400.897461,4312.051270,4296.153809,4478.974121,4516.025879,4346.538574,4412.436035,1546.000000,1.000000,22.000000,,,,0.000000,2.000000,2.000000,0.000000,4.000000,2.000000,2.000000,0.000000,0.000000,4.000000,4.000000,4.000000,4.000000,4.000000,4.000000,0.000000,,,,,,,,,,,,,,,,,,,,,,,,,,,,
1732157942.526014,1732157942.529038,99.000000,0.000000,4288.717773,4283.077148,4314.230957,4299.615234,4282.820313,4284.358887,4333.589844,4400.384766,4306.922852,4296.794922,4478.717773,4516.922852,4349.871582,4412.051270,1566.000000,1.000000,22.000000,,,,0.000000,2.000000,2.000000,0.000000,4.000000,2.000000,2.000000,0.000000,0.000000,4.000000,4.000000,4.000000,4.000000,4.000000,4.000000,0.000000,,,,,,,,,,,,,,,,,,,,,,,,,,,,
1732157942.533823,1732157942.536746,100.000000,0.000000,4284.487305,4285.128418,4313.205078,4298.974121,4285.641113,4281.666504,4335.512695,4399.487305,4293.461426,4292.179688,4478.846191,4514.743652,4347.307617,4413.589844,1701.000000,1.000000,22.000000,,,,0.000000,2.000000,2.000000,0.000000,4.000000,2.000000,2.000000,0.000000,0.000000,4.000000,4.000000,4.000000,4.000000,4.000000,4.000000,0.000000,,,,,,,,,,,,,,,,,25.000000,0.000000,0.497089,0.457520,-0.565125,0.473511,0.970333,-0.081065,-0.059578,-36.300636,44.480862,31.724503
1732157942.541631,1732157942.544555,101.000000,0.000000,4286.410156,4281.666504,4311.538574,4299.871582,4277.948730,4282.948730,4336.025879,4399.487305,4296.025879,4293.077148,4476.153809,4511.666504,4341.153809,4410.512695,1604.000000,1.000000,22.000000,,,,0.000000,2.000000,2.000000,0.000000,4.000000,2.000000,2.000000,0.000000,0.000000,4.000000,4.000000,4.000000,4.000000,4.000000,4.000000,0.000000,,,,,,,,,,,,,,,,,,,,,,,,,,,,
1732157942.549439,1732157942.552163,102.000000,0.000000,4287.692383,4279.487305,4311.025879,4300.641113,4281.153809,4280.769043,4334.615234,4400.641113,4303.846191,4295.000000,4473.333496,4510.641113,4341.025879,4405.384766,1546.000000,1.000000,22.000000,,,,0.000000,2.000000,2.000000,0.000000,4.000000,2.000000,2.000000,0.000000,0.000000,4.000000,4.000000,4.000000,4.000000,4.000000,4.000000,0.000000,,,,,,,,,,,,,,,,,,,,,,,,,,,,
1732157942.557248,1732157942.559971,103.000000,0.000000,4287.692383,4281.410156,4311.025879,4303.589844,4300.000000,4278.589844,4334.615234,4401.794922,4299.102539,4287.051270,4474.487305,4511.410156,4343.589844,4401.410156,1566.000000,1.000000,22.000000,,,,0.000000,2.000000,2.000000,0.000000,4.000000,2.000000,2.000000,0.000000,0.000000,4.000000,4.000000,4.000000,4.000000,4.000000,4.000000,0.000000,,,,,,,,,,,,,,,,,,,,,,,,,,,,
1732157942.565056,1732157942.567679,104.000000,0.000000,4286.153809,4281.282227,4310.897461,4302.692383,4290.769043,4281.538574,4335.256348,4401.410156,4290.256348,4284.102539,4475.128418,4510.384766,4341.282227,4398.205078,1701.000000,1.000000,22.000000,,,,0.000000,2.000000,2.000000,0.000000,4.000000,2.000000,2.000000,0.000000,0.000000,4.000000,4.000000,4.000000,4.000000,4.000000,4.000000,0.000000,,,,,,,,,,,,,,,,,26.000000,0.000000,0.496883,0.457642,-0.565002,0.473755,0.981077,-0.095715,-0.047369,-36.226849,44.607830,31.570181
1732157942.572864,1732157942.575488,105.000000,0.000000,4281.282227,4279.102539,4312.692383,4298.974121,4264.358887,4283.077148,4334.871582,4401.794922,4294.102539,4294.230957,4476.538574,4509.871582,4341.794922,4401.922852,1604.000000,1.000000,22.000000,,,,0.000000,2.000000,2.000000,0.000000,4.000000,2.000000,2.000000,0.000000,0.000000,4.000000,4.000000,4.000000,4.000000,4.000000,4.000000,0.000000,,,,,,,,,,,,,,,,,,,,,,,,,,,,
1732157942.580672,1732157942.583096,106.000000,0.000000,4282.948730,4280.128418,4312.820313,4302.948730,4267.820313,4281.922852,4334.871582,4403.333496,4302.307617,4300.641113,4482.307617,4510.897461,4349.230957,4410.256348,1546.000000,1.000000,22.000000,,,,0.000000,2.000000,2.000000,0.000000,4.000000,2.000000,2.000000,0.000000,0.000000,4.000000,4.000000,4.000000,4.000000,4.000000,4.000000,0.000000,,,,,,,,,,,,,,,,,,,,,,,,,,,,
1732157942.588480,1732157942.590904,107.000000,0.000000,4292.436035,4281.410156,4311.410156,4307.051270,4281.282227,4281.922852,4335.000000,4402.820313,4302.307617,4297.307617,4484.102539,4516.410156,4352.307617,4411.410156,1566.000000,1.000000,22.000000,,,,0.000000,2.000000,2.000000,0.000000,4.000000,2.000000,2.000000,0.000000,0.000000,4.000000,4.000000,4.000000,4.000000,4.000000,4.000000,0.000000,,,,,,,,,,,,,,,,,,,,,,,,,,,,
1732157942.596289,1732157942.598613,108.000000,0.000000,4293.205078,4280.641113,4312.820313,4305.128418,4279.358887,4282.820313,4335.000000,4402.051270,4298.461426,4293.974121,4479.743652,4521.922852,4349.743652,4410.128418,1701.000000,1.000000,22.000000,,,,0.000000,2.000000,2.000000,0.000000,4.000000,2.000000,2.000000,0.000000,0.000000,4.000000,4.000000,4.000000,4.000000,4.000000,4.000000,0.000000,,,,,,,,,,,,,,,,,27.000000,0.000000,0.496780,0.457703,-0.564941,0.473877,0.975705,-0.075204,-0.047369,-36.185413,44.567345,31.513512
1732157942.604097,1732157942.606421,109.000000,0.000000,4289.358887,4281.025879,4313.974121,4303.461426,4281.666504,4282.436035,4335.000000,4402.436035,4302.692383,4295.128418,4480.384766,4523.205078,4349.615234,4415.000000,1604.000000,1.000000,22.000000,,,,0.000000,2.000000,2.000000,0.000000,4.000000,2.000000,2.000000,0.000000,0.000000,4.000000,4.000000,4.000000,4.000000,4.000000,4.000000,0.000000,,,,,,,,,,,,,,,,,,,,,,,,,,,,
1732157942.611905,1732157942.614029,110.000000,0.000000,4294.358887,4281.794922,4312.307617,4308.589844,4279.743652,4281.282227,4335.000000,4402.051270,4308.974121,4295.769043,4484.487305,4519.358887,4352.948730,4415.512695,1546.000000,1.000000,22.000000,,,,0.000000,2.000000,2.000000,0.000000,4.000000,2.000000,2.000000,0.000000,0.000000,4.000000,4.000000,4.000000,4.000000,4.000000,4.000000,0.000000,,,,,,,,,,,,,,,,,,,,,,,,,,,,
1732157942.619713,1732157942.621837,111.000000,0.000000,4297.307617,4281.922852,4312.948730,4310.128418,4279.230957,4280.641113,4335.000000,4401.153809,4302.436035,4288.846191,4479.871582,4511.922852,4349.743652,4411.538574,1566.000000,1.000000,22.000000,,,,0.000000,2.000000,2.000000,0.000000,4.000000,2.000000,2.000000,0.000000,0.000000,4.000000,4.000000,4.000000,4.000000,4.000000,4.000000,0.000000,,,,,,,,,,,,,,,,,,,,,,,,,,,,
1732157942.627522,1732157942.629546,112.000000,0.000000,4294.743652,4280.769043,4315.000000,4307.307617,4297.179688,4279.871582,4335.000000,4401.282227,4291.410156,4279.615234,4472.820313,4507.948730,4342.948730,4411.794922,1701.000000,1.000000,22.000000,,,,0.000000,2.000000,2.000000,0.000000,4.000000,2.000000,2.000000,0.000000,0.000000,4.000000,4.000000,4.000000,4.000000,4.000000,4.000000,0.000000,,,,,,,,,,,,,,,,,28.000000,0.000000,0.496881,0.457581,-0.565002,0.473816,0.976193,-0.083995,-0.053229,-36.498520,44.807880,31.637611
1732157942.635330,1732157942.637354,113.000000,0.000000,4295.256348,4281.410156,4314.615234,4309.743652,4291.410156,4279.743652,4335.000000,4400.897461,4293.846191,4280.384766,4474.358887,4508.846191,4342.948730,4412.307617,1604.000000,1.000000,22.000000,,,,0.000000,2.000000,2.000000,0.000000,4.000000,2.000000,2.000000,0.000000,0.000000,4.000000,4.000000,4.000000,4.000000,4.000000,4.000000,0.000000,,,,,,,,,,,,,,,,,,,,,,,,,,,,
1732157942.643138,1732157942.644962,114.000000,0.000000,4296.153809,4284.743652,4311.794922,4313.205078,4263.333496,4281.410156,4335.000000,4400.897461,4299.230957,4282.436035,4476.282227,4510.512695,4344.871582,4411.666504,1546.000000,1.000000,22.000000,,,,0.000000,2.000000,2.000000,0.000000,4.000000,2.000000,2.000000,0.000000,0.000000,4.000000,4.000000,4.000000,4.000000,4.000000,4.000000,0.000000,,,,,,,,,,,,,,,,,,,,,,,,,,,,
1732157942.650947,1732157942.652771,115.000000,0.000000,4294.615234,4284.358887,4309.615234,4312.692383,4263.333496,4280.769043,4335.000000,4402.948730,4295.769043,4278.974121,4472.692383,4507.563965,4341.153809,4410.384766,1566.000000,1.000000,22.000000,,,,0.000000,2.000000,2.000000,0.000000,4.000000,2.000000,2.000000,0.000000,0.000000,4.000000,4.000000,4.000000,4.000000,4.000000,4.000000,0.000000,,,,,,,,,,,,,,,,,,,,,,,,,,,,
1732157942.658755,1732157942.660479,116.000000,0.000000,4294.358887,4281.410156,4311.025879,4309.358887,4278.333496,4279.487305,4335.000000,4403.077148,4294.743652,4277.692383,4470.256348,4506.153809,4338.333496,4410.384766,1701.000000,1.000000,22.000000,,,,0.000000,2.000000,2.000000,0.000000,4.000000,2.000000,2.000000,0.000000,0.000000,4.000000,4.000000,4.000000,4.000000,4.000000,4.000000,0.000000,,,,,,,,,,,,,,,,,29.000000,0.000000,0.496652,0.457703,-0.565002,0.473938,0.975705,-0.087901,-0.058601,-36.492134,44.749382,31.518133
1732157942.666563,1732157942.668287,117.000000,0.000000,4294.743652,4282.563965,4313.846191,4309.230957,4279.871582,4280.512695,4335.000000,4400.897461,4298.205078,4281.410156,4472.179688,4511.794922,4340.769043,4412.436035,1604.000000,1.000000,22.000000,,,,0.000000,2.000000,2.000000,0.000000,4.000000,2.000000,2.000000,0.000000,0.000000,4.000000,4.000000,4.000000,4.000000,4.000000,4.000000,0.000000,,,,,,,,,,,,,,,,,,,,,,,,,,,,
1732157942.674371,1732157942.675896,118.000000,0.000000,4293.974121,4283.717773,4312.051270,4311.153809,4277.179688,4281.282227,4335.000000,4399.230957,4296.025879,4283.333496,4472.307617,4516.410156,4340.769043,4413.333496,1546.000000,1.000000,22.000000,,,,0.000000,2.000000,2.000000,0.000000,4.000000,2.000000,2.000000,0.000000,0.000000,4.000000,4.000000,4.000000,4.000000,4.000000,4.000000,0.000000,,,,,,,,,,,,,,,,,,,,,,,,,,,,
1732157942.682179,1732157942.683704,119.000000,0.000000,4292.051270,4280.641113,4309.871582,4307.051270,4278.333496,4281.794922,4335.000000,4399.358887,4296.153809,4282.436035,4471.922852,4511.922852,4338.974121,4411.538574,1566.000000,1.000000,22.000000,,,,0.000000,2.000000,2.000000,0.000000,4.000000,2.000000,2.000000,0.000000,0.000000,4.000000,4.000000,4.000000,4.000000,4.000000,4.000000,0.000000,,,,,,,,,,,,,,,,,,,,,,,,,,,,
1732157942.689988,1732157942.691412,120.000000,0.000000,4291.153809,4279.743652,4312.692383,4299.615234,4290.384766,4281.666504,4335.000000,4400.512695,4298.461426,4281.410156,4472.051270,4507.307617,4341.282227,4409.743652,1701.000000,1.000000,22.000000,,,,0.000000,2.000000,2.000000,0.000000,4.000000,2.000000,2.000000,0.000000,0.000000,4.000000,4.000000,4.000000,4.000000,4.000000,4.000000,0.000000,,,,,,,,,,,,,,,,,30.000000,0.000000,0.496581,0.457642,-0.565063,0.473999,0.973752,-0.089366,-0.049811,-36.386963,44.868668,31.338020
1732157942.697796,1732157942.699220,121.000000,0.000000,4290.897461,4281.410156,4314.743652,4298.333496,4298.974121,4280.769043,4335.000000,4399.743652,4293.974121,4279.743652,4470.897461,4507.563965,4340.384766,4411.538574,1604.000000,1.000000,22.000000,,,,0.000000,2.000000,2.000000,0.000000,4.000000,2.000000,2.000000,0.000000,0.000000,4.000000,4.000000,4.000000,4.000000,4.000000,4.000000,0.000000,,,,,,,,,,,,,,,,,,,,,,,,,,,,
1732157942.705604,1732157942.707228,122.000000,0.000000,4293.205078,4280.384766,4312.692383,4305.384766,4285.256348,4281.025879,4335.000000,4399.743652,4290.384766,4280.000000,4471.153809,4506.922852,4335.384766,4411.794922,1546.000000,1.000000,22.000000,,,,0.000000,2.000000,2.000000,0.000000,4.000000,2.000000,2.000000,0.000000,0.000000,4.000000,4.000000,4.000000,4.000000,4.000000,4.000000,0.000000,,,,,,,,,,,,,,,,,,,,,,,,,,,,
1732157942.713412,1732157942.715036,123.000000,0.000000,4291.666504,4280.769043,4311.025879,4307.563965,4271.922852,4282.948730,4335.000000,4400.769043,4294.102539,4283.461426,4473.205078,4506.282227,4335.897461,4409.615234,1566.000000,1.000000,22.000000,,,,0.000000,2.000000,2.000000,0.000000,4.000000,2.000000,2.000000,0.000000,0.000000,4.000000,4.000000,4.000000,4.000000,4.000000,4.000000,0.000000,,,,,,,,,,,,,,,,,,,,,,,,,,,,
1732157942.721221,1732157942.722745,124.000000,0.000000,4287.051270,4281.282227,4312.820313,4302.307617,4271.025879,4282.436035,4335.000000,4400.256348,4298.077148,4284.615234,4474.615234,4508.333496,4342.820313,4408.846191,1701.000000,1.000000,22.000000,,,,0.000000,2.000000,2.000000,0.000000,4.000000,2.000000,2.000000,0.000000,0.000000,4.000000,4.000000,4.000000,4.000000,4.000000,4.000000,0.000000,,,,,,,,,,,,,,,,,31.000000,0.000000,0.496479,0.457764,-0.565002,0.474060,0.973752,-0.084483,-0.055671,-36.408440,44.821953,31.465464
1732157942.729029,1732157942.730553,125.000000,0.000000,4286.794922,4280.000000,4313.205078,4297.563965,4278.717773,4279.615234,4335.000000,4398.589844,4297.692383,4281.153809,4473.461426,4507.820313,4342.692383,4408.461426,1604.000000,1.000000,22.000000,,,,0.000000,2.000000,2.000000,0.000000,4.000000,2.000000,2.000000,0.000000,0.000000,4.000000,4.000000,4.000000,4.000000,4.000000,4.000000,0.000000,,,,,,,,,,,,,,,,,,,,,,,,,,,,
1732157942.736837,1732157942.738561,126.000000,0.000000,4287.179688,4280.128418,4310.512695,4296.538574,4288.974121,4278.333496,4335.000000,4400.512695,4295.769043,4281.666504,4471.922852,4504.871582,4336.922852,4405.000000,1546.000000,1.000000,22.000000,,,,0.000000,2.000000,2.000000,0.000000,4.000000,2.000000,2.000000,0.000000,0.000000,4.000000,4.000000,4.000000,4.000000,4.000000,4.000000,0.000000,,,,,,,,,,,,,,,,,,,,,,,,,,,,
1732157942.744645,1732157942.746369,127.000000,0.000000,4288.205078,4280.384766,4308.974121,4302.436035,4278.333496,4280.000000,4335.000000,4402.820313,4296.282227,4281.538574,4472.051270,4504.487305,4336.538574,4403.077148,22.000000,1.000000,22.000000,,,,0.000000,2.000000,2.000000,0.000000,4.000000,2.000000,2.000000,0.000000,0.000000,4.000000,4.000000,4.000000,4.000000,4.000000,4.000000,0.000000,,,,,,,,,,,,,,,,,,,,,,,,,,,,
1732157942.752454,1732157942.754277,0.000000,0.000000,4292.051270,4282.179688,4311.410156,4309.102539,4260.512695,4284.102539,4335.000000,4402.436035,4298.974121,4279.871582,4472.692383,4509.871582,4339.358887,4408.589844,0.000000,1.000000,22.000000,,,,0.000000,2.000000,2.000000,0.000000,4.000000,2.000000,2.000000,0.000000,0.000000,4.000000,4.000000,4.000000,4.000000,4.000000,4.000000,0.000000,,,,,,,,,,,,,,,,,0.000000,0.000000,0.496740,0.457520,-0.565125,0.473877,0.986449,-0.085460,-0.050787,-36.299168,44.570782,31.567026
1732157942.760262,1732157942.762085,1.000000,0.000000,4295.128418,4284.230957,4311.794922,4310.512695,4271.153809,4282.820313,4335.000000,4400.769043,4300.000000,4287.820313,4475.512695,4514.230957,4344.871582,4414.102539,1603.000000,1.000000,22.000000,,,,0.000000,2.000000,2.000000,0.000000,4.000000,2.000000,2.000000,0.000000,0.000000,4.000000,4.000000,4.000000,4.000000,4.000000,4.000000,0.000000,,,,,,,,,,,,,,,,,,,,,,,,,,,,
1732157942.768070,1732157942.770093,2.000000,0.000000,4293.333496,4283.333496,4311.282227,4309.102539,4283.461426,4277.436035,4335.000000,4399.615234,4296.666504,4292.179688,4479.230957,4515.128418,4348.077148,4415.128418,1366.000000,1.000000,22.000000,,,,0.000000,2.000000,2.000000,0.000000,4.000000,2.000000,2.000000,0.000000,0.000000,4.000000,4.000000,4.000000,4.000000,4.000000,4.000000,0.000000,,,,,,,,,,,,,,,,,,,,,,,,,,,,
1732157942.775878,1732157942.777902,3.000000,0.000000,4293.717773,4284.743652,4311.282227,4308.717773,4276.794922,4277.436035,4335.000000,4400.128418,4294.615234,4283.205078,4478.717773,4513.846191,4345.000000,4415.384766,1422.000000,1.000000,22.000000,,,,0.000000,2.000000,2.000000,0.000000,4.000000,2.000000,2.000000,0.000000,0.000000,4.000000,4.000000,4.000000,4.000000,4.000000,4.000000,0.000000,,,,,,,,,,,,,,,,,,,,,,,,,,,,
1732157942.783687,1732157942.785810,4.000000,0.000000,4296.025879,4287.051270,4311.922852,4312.179688,4281.025879,4281.025879,4335.000000,4399.358887,4294.358887,4277.563965,4474.615234,4515.000000,4342.051270,4413.077148,1421.000000,1.000000,22.000000,,,,0.000000,2.000000,2.000000,0.000000,4.000000,2.000000,2.000000,0.000000,0.000000,4.000000,4.000000,4.000000,4.000000,4.000000,4.000000,0.000000,,,,,,,,,,,,,,,,,1.000000,0.000000,0.496869,0.457092,-0.565613,0.473572,0.977170,-0.090831,-0.066903,-36.533993,44.537334,31.657623
1732157942.791495,1732157942.793618,5.000000,0.000000,4295.128418,4284.615234,4314.487305,4312.051270,4284.230957,4280.897461,4335.000000,4398.589844,4293.077148,4282.436035,4471.922852,4514.487305,4342.051270,4410.000000,1210.000000,1.000000,22.000000,,,,0.000000,2.000000,2.000000,0.000000,4.000000,2.000000,2.000000,0.000000,0.000000,4.000000,4.000000,4.000000,4.000000,4.000000,4.000000,0.000000,,,,,,,,,,,,,,,,,,,,,,,,,,,,
1732157942.799303,1732157942.801626,6.000000,0.000000,4291.538574,4280.512695,4314.615234,4304.102539,4276.153809,4279.230957,4335.000000,4400.000000,4293.333496,4283.846191,4471.025879,4511.794922,4340.256348,4411.025879,0.000000,1.000000,22.000000,,,,0.000000,2.000000,2.000000,0.000000,4.000000,2.000000,2.000000,0.000000,0.000000,4.000000,4.000000,4.000000,4.000000,4.000000,4.000000,0.000000,,,,,,,,,,,,,,,,,,,,,,,,,,,,
1732157942.807111,1732157942.809434,7.000000,0.000000,4287.307617,4279.871582,4312.307617,4300.128418,4288.077148,4279.615234,4335.000000,4400.512695,4293.461426,4279.871582,4471.282227,4509.358887,4334.871582,4409.871582,0.000000,1.000000,22.000000,,,,0.000000,2.000000,2.000000,0.000000,4.000000,2.000000,2.000000,0.000000,0.000000,4.000000,4.000000,4.000000,4.000000,4.000000,4.000000,0.000000,,,,,,,,,,,,,,,,,,,,,,,,,,,,
1732157942.814920,1732157942.817143,8.000000,0.000000,4286.153809,4281.025879,4312.563965,4304.743652,4296.922852,4280.641113,4334.743652,4399.743652,4294.615234,4282.436035,4471.922852,4512.563965,4333.974121,4406.538574,1529.000000,1.000000,22.000000,,,,0.000000,2.000000,2.000000,0.000000,4.000000,2.000000,2.000000,0.000000,0.000000,4.000000,4.000000,4.000000,4.000000,4.000000,4.000000,0.000000,,,,,,,,,,,,,,,,,2.000000,0.000000,0.497068,0.457153,-0.565491,0.473450,0.978635,-0.072274,-0.058601,-36.540867,44.643574,31.531008
1732157942.822728,1732157942.824951,9.000000,0.000000,4284.358887,4281.153809,4313.077148,4308.205078,4275.000000,4282.563965,4334.871582,4401.410156,4297.307617,4288.077148,4472.436035,4515.128418,4337.051270,4409.102539,1686.000000,1.000000,22.000000,,,,0.000000,2.000000,2.000000,0.000000,4.000000,2.000000,2.000000,0.000000,0.000000,4.000000,4.000000,4.000000,4.000000,4.000000,4.000000,0.000000,,,,,,,,,,,,,,,,,,,,,,,,,,,,
1732157942.830536,1732157942.832959,10.000000,0.000000,4286.025879,4281.538574,4311.025879,4306.410156,4263.333496,4283.077148,4335.512695,4402.820313,4297.179688,4291.666504,4474.230957,4514.358887,4341.025879,4412.692383,1546.000000,1.000000,22.000000,,,,0.000000,2.000000,2.000000,0.000000,4.000000,2.000000,2.000000,0.000000,0.000000,4.000000,4.000000,4.000000,4.000000,4.000000,4.000000,0.000000,,,,,,,,,,,,,,,,,,,,,,,,,,,,
1732157942.838344,1732157942.840767,11.000000,0.000000,4288.461426,4281.282227,4311.410156,4303.589844,4279.615234,4280.128418,4333.846191,4401.153809,4298.717773,4293.589844,4475.384766,4513.717773,4343.974121,4412.820313,1566.000000,1.000000,22.000000,,,,0.000000,2.000000,2.000000,0.000000,4.000000,2.000000,2.000000,0.000000,0.000000,4.000000,4.000000,4.000000,4.000000,4.000000,4.000000,0.000000,,,,,,,,,,,,,,,,,,,,,,,,,,,,
1732157942.846153,1732157942.848675,12.000000,0.000000,4283.461426,4280.769043,4313.589844,4300.641113,4281.282227,4279.230957,4335.256348,4400.256348,4303.974121,4293.717773,4474.358887,4512.563965,4343.205078,4409.871582,1701.000000,1.000000,22.000000,,,,0.000000,2.000000,2.000000,0.000000,4.000000,2.000000,2.000000,0.000000,0.000000,4.000000,4.000000,4.000000,4.000000,4.000000,4.000000,0.000000,,,,,,,,,,,,,,,,,3.000000,0.000000,0.497126,0.457153,-0.565491,0.473389,0.978635,-0.072274,-0.058601,-36.659771,44.774628,31.778450
1732157942.853961,1732157942.856483,13.000000,0.000000,4281.153809,4279.871582,4312.051270,4299.871582,4275.128418,4282.692383,4338.974121,4400.641113,4302.436035,4289.358887,4472.563965,4512.436035,4339.102539,4402.179688,1608.000000,1.000000,22.000000,,,,0.000000,2.000000,2.000000,0.000000,4.000000,2.000000,2.000000,0.000000,0.000000,4.000000,4.000000,4.000000,4.000000,4.000000,4.000000,0.000000,,,,,,,,,,,,,,,,,,,,,,,,,,,,
1732157942.861769,1732157942.864491,14.000000,0.000000,4286.666504,4280.384766,4310.897461,4300.000000,4293.461426,4283.205078,4336.794922,4400.000000,4294.102539,4281.410156,4470.512695,4511.538574,4333.589844,4395.384766,1546.000000,1.000000,22.000000,,,,0.000000,2.000000,2.000000,0.000000,4.000000,2.000000,2.000000,0.000000,0.000000,4.000000,4.000000,4.000000,4.000000,4.000000,4.000000,0.000000,1.000000,0.000000,2.000000,1.000000,0.000000,1.000000,1.000000,0.000000,0.000000,0.000000,1.000000,4.000000,4.000000,4.000000,1.000000,4.000000,,,,,,,,,,,,
1732157942.869577,1732157942.872299,15.000000,0.000000,4288.974121,4281.410156,4312.307617,4297.948730,4299.487305,4280.641113,4333.974121,4399.487305,4297.692383,4279.743652,4470.000000,4506.538574,4333.077148,4400.769043,1566.000000,1.000000,22.000000,,,,0.000000,2.000000,2.000000,0.000000,4.000000,2.000000,2.000000,0.000000,0.000000,4.000000,4.000000,4.000000,4.000000,4.000000,4.000000,0.000000,,,,,,,,,,,,,,,,,,,,,,,,,,,,
1732157942.877386,1732157942.880208,16.000000,0.000000,4288.846191,4280.384766,4312.436035,4300.384766,4276.410156,4284.743652,4337.307617,4399.487305,4305.384766,4286.153809,4473.077148,4507.436035,4337.563965,4410.128418,0.000000,1.000000,22.000000,,,,0.000000,2.000000,2.000000,0.000000,4.000000,2.000000,2.000000,0.000000,0.000000,4.000000,4.000000,4.000000,4.000000,4.000000,4.000000,0.000000,,,,,,,,,,,,,,,,,4.000000,0.000000,0.497238,0.457031,-0.565491,0.473389,0.967403,-0.083995,-0.066414,-36.519413,44.674114,31.870544
1732157942.885194,1732157942.888016,17.000000,0.000000,4291.922852,4279.230957,4311.538574,4303.077148,4263.205078,4287.563965,4336.794922,4399.102539,4303.333496,4292.307617,4477.051270,4516.666504,4341.410156,4413.205078,0.000000,1.000000,22.000000,,,,0.000000,2.000000,2.000000,0.000000,4.000000,2.000000,2.000000,0.000000,0.000000,4.000000,4.000000,4.000000,4.000000,4.000000,4.000000,0.000000,,,,,,,,,,,,,,,,,,,,,,,,,,,,
1732157942.893002,1732157942.896024,18.000000,0.000000,4291.538574,4278.974121,4310.384766,4299.487305,4272.307617,4281.538574,4333.589844,4399.102539,4303.077148,4295.000000,4477.436035,4517.948730,4341.794922,4412.563965,0.000000,1.000000,22.000000,,,,0.000000,2.000000,2.000000,0.000000,4.000000,2.000000,2.000000,0.000000,0.000000,4.000000,4.000000,4.000000,4.000000,4.000000,4.000000,0.000000,,,,,,,,,,,,,,,,,,,,,,,,,,,,
1732157942.900810,1732157942.903832,19.000000,0.000000,4291.025879,4278.846191,4311.666504,4296.922852,4278.846191,4279.743652,4339.102539,4398.974121,4304.102539,4293.077148,4475.256348,4513.205078,4339.743652,4411.538574,0.000000,1.000000,22.000000,,,,0.000000,2.000000,2.000000,0.000000,4.000000,2.000000,2.000000,0.000000,0.000000,4.000000,4.000000,4.000000,4.000000,4.000000,4.000000,0.000000,,,,,,,,,,,,,,,,,,,,,,,,,,,,
1732157942.908619,1732157942.911740,20.000000,0.000000,4293.589844,4279.230957,4313.461426,4296.794922,4276.538574,4282.948730,4341.025879,4398.461426,4297.563965,4288.974121,4474.615234,4513.077148,4338.846191,4412.436035,0.000000,1.000000,22.000000,,,,0.000000,2.000000,2.000000,0.000000,4.000000,2.000000,2.000000,0.000000,0.000000,4.000000,4.000000,4.000000,4.000000,4.000000,4.000000,0.000000,,,,,,,,,,,,,,,,,5.000000,0.000000,0.497053,0.457031,-0.565552,0.473511,0.964473,-0.090831,-0.058113,-36.335724,44.762699,31.923475
1732157942.916427,1732157942.919548,21.000000,0.000000,4289.743652,4279.487305,4313.589844,4298.077148,4279.487305,4280.641113,4334.102539,4400.000000,4293.205078,4288.077148,4475.128418,4512.692383,4340.128418,4414.487305,0.000000,1.000000,22.000000,,,,0.000000,2.000000,2.000000,0.000000,4.000000,2.000000,2.000000,0.000000,0.000000,4.000000,4.000000,4.000000,4.000000,4.000000,4.000000,0.000000,,,,,,,,,,,,,,,,,,,,,,,,,,,,
1732157942.924235,1732157942.927357,22.000000,0.000000,4281.666504,4280.128418,4312.179688,4297.436035,4278.333496,4282.436035,4333.974121,4401.538574,4300.769043,4294.615234,4475.128418,4511.282227,4341.794922,4414.871582,0.000000,1.000000,22.000000,,,,0.000000,2.000000,2.000000,0.000000,4.000000,2.000000,2.000000,0.000000,0.000000,4.000000,4.000000,4.000000,4.000000,4.000000,4.000000,0.000000,,,,,,,,,,,,,,,,,,,,,,,,,,,,
1732157942.932043,1732157942.935165,23.000000,0.000000,4282.820313,4279.743652,4311.794922,4295.897461,4280.897461,4287.820313,4337.436035,4400.384766,4299.102539,4295.000000,4474.487305,4510.641113,4342.563965,4413.077148,0.000000,1.000000,22.000000,,,,0.000000,2.000000,2.000000,0.000000,4.000000,2.000000,2.000000,0.000000,0.000000,4.000000,4.000000,4.000000,4.000000,4.000000,4.000000,0.000000,,,,,,,,,,,,,,,,,,,,,,,,,,,,
1732157942.939852,1732157942.942873,24.000000,0.000000,4286.922852,4278.333496,4312.436035,4295.256348,4298.974121,4283.589844,4334.358887,4401.538574,4285.512695,4284.871582,4473.974121,4508.333496,4341.538574,4411.794922,0.000000,1.000000,22.000000,,,,0.000000,2.000000,2.000000,0.000000,4.000000,2.000000,2.000000,0.000000,0.000000,4.000000,4.000000,4.000000,4.000000,4.000000,4.000000,0.000000,,,,,,,,,,,,,,,,,6.000000,0.000000,0.497127,0.456787,-0.565735,0.473450,0.957636,-0.085948,-0.052741,-36.348602,44.626122,31.883015
1732157942.947660,1732157942.950681,25.000000,0.000000,4283.974121,4276.666504,4312.051270,4297.179688,4297.307617,4280.128418,4335.128418,4402.307617,4286.153809,4285.256348,4474.615234,4510.641113,4341.025879,4411.410156,0.000000,1.000000,22.000000,,,,0.000000,2.000000,2.000000,0.000000,4.000000,2.000000,2.000000,0.000000,0.000000,4.000000,4.000000,4.000000,4.000000,4.000000,4.000000,0.000000,,,,,,,,,,,,,,,,,,,,,,,,,,,,
1732157942.955468,1732157942.958290,26.000000,0.000000,4283.333496,4275.897461,4312.179688,4298.461426,4269.230957,4288.077148,4340.512695,4400.256348,4295.769043,4293.077148,4476.794922,4516.410156,4342.436035,4412.179688,0.000000,1.000000,22.000000,,,,0.000000,2.000000,2.000000,0.000000,4.000000,2.000000,2.000000,0.000000,0.000000,4.000000,4.000000,4.000000,4.000000,4.000000,4.000000,0.000000,,,,,,,,,,,,,,,,,,,,,,,,,,,,
1732157942.963276,1732157942.966098,27.000000,0.000000,4288.205078,4276.794922,4312.820313,4295.000000,4264.615234,4291.538574,4337.820313,4401.282227,4296.025879,4294.230957,4477.051270,4514.615234,4343.974121,4412.820313,0.000000,1.000000,22.000000,,,,0.000000,2.000000,2.000000,0.000000,4.000000,2.000000,2.000000,0.000000,0.000000,4.000000,4.000000,4.000000,4.000000,4.000000,4.000000,0.000000,,,,,,,,,,,,,,,,,,,,,,,,,,,,
1732157942.971084,1732157942.973806,28.000000,0.000000,4291.025879,4278.846191,4313.461426,4295.128418,4281.794922,4287.692383,4333.589844,4403.717773,4294.102539,4293.461426,4476.410156,4513.717773,4344.102539,4407.179688,0.000000,1.000000,22.000000,,,,0.000000,2.000000,2.000000,0.000000,4.000000,2.000000,2.000000,0.000000,0.000000,4.000000,4.000000,4.000000,4.000000,4.000000,4.000000,0.000000,,,,,,,,,,,,,,,,,7.000000,0.000000,0.497286,0.456665,-0.565796,0.473328,0.963008,-0.079600,-0.053229,-36.314037,44.665489,32.000240
1732157942.978893,1732157942.981614,29.000000,0.000000,4290.000000,4280.512695,4313.589844,4300.128418,4283.589844,4289.487305,4336.410156,4402.307617,4301.025879,4297.179688,4478.717773,4518.333496,4346.282227,4402.948730,0.000000,1.000000,22.000000,,,,0.000000,2.000000,2.000000,0.000000,4.000000,2.000000,2.000000,0.000000,0.000000,4.000000,4.000000,4.000000,4.000000,4.000000,4.000000,0.000000,,,,,,,,,,,,,,,,,,,,,,,,,,,,
1732157942.986701,1732157942.989622,30.000000,0.000000,4286.282227,4279.358887,4311.794922,4300.897461,4280.641113,4289.102539,4336.922852,4401.410156,4303.974121,4298.974121,4479.871582,4517.820313,4348.974121,4407.563965,0.000000,1.000000,22.000000,,,,0.000000,2.000000,2.000000,0.000000,4.000000,2.000000,2.000000,0.000000,0.000000,4.000000,4.000000,4.000000,4.000000,4.000000,4.000000,0.000000,,,,,,,,,,,,,,,,,,,,,,,,,,,,
1732157942.994509,1732157942.997431,31.000000,0.000000,4283.974121,4278.077148,4310.256348,4298.077148,4278.589844,4282.179688,4334.871582,4402.563965,4298.205078,4295.641113,4478.205078,4513.717773,4351.282227,4413.717773,0.000000,1.000000,22.000000,,,,0.000000,2.000000,2.000000,0.000000,4.000000,2.000000,2.000000,0.000000,0.000000,4.000000,4.000000,4.000000,4.000000,4.000000,4.000000,0.000000,,,,,,,,,,,,,,,,,,,,,,,,,,,,
1732157943.002318,1732157943.005139,32.000000,0.000000,4287.436035,4280.128418,4315.769043,4300.256348,4281.794922,4278.974121,4337.179688,4403.205078,4294.743652,4293.461426,4475.769043,4513.717773,4349.871582,4413.589844,0.000000,1.000000,22.000000,,,,0.000000,2.000000,2.000000,0.000000,4.000000,2.000000,2.000000,0.000000,0.000000,4.000000,4.000000,4.000000,4.000000,4.000000,4.000000,0.000000,,,,,,,,,,,,,,,,,8.000000,0.000000,0.497536,0.456482,-0.565979,0.473022,0.982542,-0.093761,-0.063484,-36.419369,44.622379,31.936863
1732157943.010126,1732157943.012947,33.000000,0.000000,4292.820313,4282.179688,4318.589844,4304.871582,4296.922852,4281.153809,4338.333496,4402.179688,4296.025879,4294.487305,4475.128418,4513.205078,4343.846191,4411.025879,0.000000,1.000000,22.000000,,,,0.000000,2.000000,2.000000,0.000000,4.000000,2.000000,2.000000,0.000000,0.000000,4.000000,4.000000,4.000000,4.000000,4.000000,4.000000,0.000000,,,,,,,,,,,,,,,,,,,,,,,,,,,,
1732157943.017934,1732157943.020556,34.000000,0.000000,4293.717773,4281.025879,4313.589844,4302.179688,4286.282227,4281.794922,4335.256348,4400.641113,4296.666504,4292.436035,4477.051270,4513.333496,4343.974121,4412.692383,0.000000,1.000000,22.000000,,,,0.000000,2.000000,2.000000,0.000000,4.000000,2.000000,2.000000,0.000000,0.000000,4.000000,4.000000,4.000000,4.000000,4.000000,4.000000,0.000000,,,,,,,,,,,,,,,,,,,,,,,,,,,,
1732157943.025742,1732157943.028364,35.000000,0.000000,4292.948730,4280.256348,4309.871582,4299.358887,4259.487305,4280.000000,4334.487305,4399.358887,4293.846191,4285.512695,4479.102539,4515.512695,4350.384766,4416.282227,0.000000,1.000000,22.000000,,,,0.000000,2.000000,2.000000,0.000000,4.000000,2.000000,2.000000,0.000000,0.000000,4.000000,4.000000,4.000000,4.000000,4.000000,4.000000,0.000000,,,,,,,,,,,,,,,,,,,,,,,,,,,,
1732157943.033551,1732157943.036072,36.000000,0.000000,4294.230957,4280.897461,4311.666504,4302.179688,4267.692383,4281.922852,4335.897461,4400.000000,4293.461426,4286.282227,4478.077148,4516.153809,4350.384766,4415.256348,0.000000,1.000000,22.000000,,,,0.000000,2.000000,2.000000,0.000000,4.000000,2.000000,2.000000,0.000000,0.000000,4.000000,4.000000,4.000000,4.000000,4.000000,4.000000,0.000000,,,,,,,,,,,,,,,,,9.000000,0.000000,0.497364,0.456543,-0.565979,0.473145,0.975705,-0.094738,-0.057624,-36.334690,44.555794,32.022190
1732157943.041359,1732157943.043880,37.000000,0.000000,4293.974121,4279.615234,4312.436035,4300.769043,4279.871582,4283.717773,4336.410156,4403.974121,4296.282227,4295.641113,4477.051270,4515.128418,4347.307617,4411.025879,0.000000,1.000000,22.000000,,,,0.000000,2.000000,2.000000,0.000000,4.000000,2.000000,2.000000,0.000000,0.000000,4.000000,4.000000,4.000000,4.000000,4.000000,4.000000,0.000000,,,,,,,,,,,,,,,,,,,,,,,,,,,,
1732157943.049167,1732157943.051489,38.000000,0.000000,4287.179688,4277.820313,4310.384766,4295.512695,4275.000000,4283.205078,4336.153809,4409.743652,4297.179688,4296.794922,4477.692383,4510.641113,4349.487305,4410.512695,0.000000,1.000000,22.000000,,,,0.000000,2.000000,2.000000,0.000000,4.000000,2.000000,2.000000,0.000000,0.000000,4.000000,4.000000,4.000000,4.000000,4.000000,4.000000,0.000000,,,,,,,,,,,,,,,,,,,,,,,,,,,,
1732157943.056975,1732157943.059297,39.000000,0.000000,4283.461426,4277.307617,4310.128418,4293.461426,4288.717773,4280.897461,4336.666504,4408.333496,4294.743652,4288.846191,4476.666504,4509.487305,4350.256348,4411.538574,0.000000,1.000000,22.000000,,,,0.000000,2.000000,2.000000,0.000000,4.000000,2.000000,2.000000,0.000000,0.000000,4.000000,4.000000,4.000000,4.000000,4.000000,4.000000,0.000000,,,,,,,,,,,,,,,,,,,,,,,,,,,,
1732157943.064783,1732157943.067005,40.000000,0.000000,4287.820313,4278.589844,4309.871582,4295.769043,4291.922852,4281.922852,4336.410156,4403.846191,4294.358887,4288.461426,4476.666504,4510.641113,4348.717773,4411.025879,0.000000,1.000000,22.000000,,,,0.000000,2.000000,2.000000,0.000000,4.000000,2.000000,2.000000,0.000000,0.000000,4.000000,4.000000,4.000000,4.000000,4.000000,4.000000,0.000000,,,,,,,,,,,,,,,,,10.000000,0.000000,0.497364,0.456543,-0.565979,0.473145,0.979123,-0.076181,-0.047857,-36.116096,44.561859,32.001308
1732157943.072592,1732157943.074813,41.000000,0.000000,4286.410156,4280.384766,4309.871582,4296.410156,4265.256348,4283.461426,4335.769043,4403.589844,4296.794922,4295.641113,4478.717773,4510.641113,4351.282227,4411.922852,0.000000,1.000000,22.000000,,,,0.000000,2.000000,2.000000,0.000000,4.000000,2.000000,2.000000,0.000000,0.000000,4.000000,4.000000,4.000000,4.000000,4.000000,4.000000,0.000000,,,,,,,,,,,,,,,,,,,,,,,,,,,,
1732157943.080400,1732157943.082821,42.000000,0.000000,4280.384766,4279.358887,4310.769043,4296.282227,4265.128418,4280.897461,4335.897461,4403.077148,4296.538574,4297.820313,4478.717773,4508.589844,4351.153809,4414.358887,0.000000,1.000000,22.000000,,,,0.000000,2.000000,2.000000,0.000000,4.000000,2.000000,2.000000,0.000000,0.000000,4.000000,4.000000,4.000000,4.000000,4.000000,4.000000,0.000000,,,,,,,,,,,,,,,,,,,,,,,,,,,,
1732157943.088208,1732157943.090630,43.000000,0.000000,4280.769043,4276.666504,4312.563965,4294.615234,4285.641113,4280.512695,4336.282227,4400.256348,4294.743652,4290.641113,4476.922852,4503.717773,4346.025879,4414.230957,0.000000,1.000000,22.000000,,,,0.000000,2.000000,2.000000,0.000000,4.000000,2.000000,2.000000,0.000000,0.000000,4.000000,4.000000,4.000000,4.000000,4.000000,4.000000,0.000000,,,,,,,,,,,,,,,,,,,,,,,,,,,,
1732157943.096017,1732157943.098538,44.000000,0.000000,4282.948730,4276.666504,4311.922852,4293.589844,4277.563965,4281.538574,4335.641113,4400.128418,4294.615234,4283.205078,4476.282227,4496.666504,4342.948730,4408.589844,0.000000,1.000000,22.000000,,,,0.000000,2.000000,2.000000,0.000000,4.000000,2.000000,2.000000,0.000000,0.000000,4.000000,4.000000,4.000000,4.000000,4.000000,4.000000,0.000000,,,,,,,,,,,,,,,,,11.000000,0.000000,0.497455,0.456482,-0.566101,0.472961,0.963497,-0.086925,-0.058601,-36.109039,44.438442,31.887726
1732157943.103825,1732157943.106346,45.000000,0.000000,4281.922852,4277.820313,4311.922852,4295.512695,4272.948730,4281.794922,4335.641113,4400.769043,4294.102539,4282.307617,4475.128418,4493.333496,4342.179688,4402.820313,0.000000,1.000000,22.000000,,,,0.000000,2.000000,2.000000,0.000000,4.000000,2.000000,2.000000,0.000000,0.000000,4.000000,4.000000,4.000000,4.000000,4.000000,4.000000,0.000000,,,,,,,,,,,,,,,,,,,,,,,,,,,,
1732157943.111633,1732157943.114354,46.000000,0.000000,4284.230957,4279.487305,4314.358887,4295.256348,4295.000000,4281.153809,4336.410156,4401.282227,4292.692383,4282.307617,4473.205078,4491.794922,4342.563965,4405.512695,0.000000,1.000000,22.000000,,,,0.000000,2.000000,2.000000,0.000000,4.000000,2.000000,2.000000,0.000000,0.000000,4.000000,4.000000,4.000000,4.000000,4.000000,4.000000,0.000000,,,,,,,,,,,,,,,,,,,,,,,,,,,,
1732157943.119441,1732157943.122162,47.000000,0.000000,4289.871582,4281.666504,4314.615234,4295.384766,4290.641113,4281.538574,4335.512695,4404.102539,4294.230957,4282.948730,4475.128418,4495.000000,4346.282227,4411.922852,0.000000,1.000000,22.000000,,,,0.000000,2.000000,2.000000,0.000000,4.000000,2.000000,2.000000,0.000000,0.000000,4.000000,4.000000,4.000000,4.000000,4.000000,4.000000,0.000000,,,,,,,,,,,,,,,,,,,,,,,,,,,,
1732157943.127250,1732157943.129870,48.000000,0.000000,4293.717773,4281.282227,4312.436035,4300.769043,4263.846191,4284.487305,4334.615234,4406.153809,4295.512695,4282.820313,4478.333496,4505.128418,4350.384766,4413.974121,0.000000,1.000000,22.000000,,,,0.000000,2.000000,2.000000,0.000000,4.000000,2.000000,2.000000,0.000000,0.000000,4.000000,4.000000,4.000000,4.000000,4.000000,4.000000,0.000000,,,,,,,,,,,,,,,,,12.000000,0.000000,0.497689,0.456177,-0.566345,0.472717,0.974728,-0.076670,-0.066414,-35.938320,44.256805,31.885725
1732157943.135058,1732157943.137679,49.000000,0.000000,4294.487305,4278.974121,4311.794922,4301.282227,4261.538574,4285.641113,4335.000000,4405.512695,4294.615234,4282.179688,4477.307617,4507.692383,4349.230957,4413.589844,0.000000,1.000000,22.000000,,,,0.000000,2.000000,2.000000,0.000000,4.000000,2.000000,2.000000,0.000000,0.000000,4.000000,4.000000,4.000000,4.000000,4.000000,4.000000,0.000000,,,,,,,,,,,,,,,,,,,,,,,,,,,,
1732157943.142866,1732157943.145287,50.000000,0.000000,4293.717773,4278.205078,4311.538574,4295.769043,4276.538574,4281.666504,4335.000000,4403.077148,4295.256348,4283.717773,4473.589844,4504.102539,4348.589844,4413.846191,0.000000,1.000000,22.000000,,,,0.000000,2.000000,2.000000,0.000000,4.000000,2.000000,2.000000,0.000000,0.000000,4.000000,4.000000,4.000000,4.000000,4.000000,4.000000,0.000000,,,,,,,,,,,,,,,,,,,,,,,,,,,,
1732157943.150674,1732157943.153095,51.000000,0.000000,4293.205078,4279.487305,4311.153809,4294.871582,4278.974121,4278.846191,4334.871582,4401.025879,4296.538574,4289.102539,4476.922852,4507.948730,4352.179688,4417.692383,0.000000,1.000000,22.000000,,,,0.000000,2.000000,2.000000,0.000000,4.000000,2.000000,2.000000,0.000000,0.000000,4.000000,4.000000,4.000000,4.000000,4.000000,4.000000,0.000000,,,,,,,,,,,,,,,,,,,,,,,,,,,,
1732157943.158482,1732157943.161003,52.000000,0.000000,4293.077148,4279.102539,4310.897461,4296.666504,4277.051270,4281.153809,4335.000000,4402.179688,4296.922852,4293.846191,4485.128418,4509.743652,4351.410156,4418.717773,0.000000,1.000000,22.000000,,,,0.000000,2.000000,2.000000,0.000000,4.000000,2.000000,2.000000,0.000000,0.000000,4.000000,4.000000,4.000000,4.000000,4.000000,4.000000,0.000000,,,,,,,,,,,,,,,,,13.000000,0.000000,0.497716,0.456299,-0.566223,0.472717,0.978635,-0.072274,-0.053229,-35.948376,44.449677,31.732437
1732157943.166291,1732157943.168812,53.000000,0.000000,4295.000000,4277.436035,4311.153809,4296.538574,4280.512695,4281.153809,4335.000000,4403.717773,4297.179688,4292.692383,4488.077148,4510.384766,4350.641113,4418.461426,0.000000,1.000000,22.000000,,,,0.000000,2.000000,2.000000,0.000000,4.000000,2.000000,2.000000,0.000000,0.000000,4.000000,4.000000,4.000000,4.000000,4.000000,4.000000,0.000000,,,,,,,,,,,,,,,,,,,,,,,,,,,,
1732157943.174099,1732157943.176820,54.000000,0.000000,4297.820313,4277.436035,4311.410156,4297.820313,4280.000000,4278.589844,4335.000000,4401.153809,4295.128418,4290.512695,4487.820313,4514.487305,4354.615234,4422.436035,0.000000,1.000000,22.000000,,,,0.000000,2.000000,2.000000,0.000000,4.000000,2.000000,2.000000,0.000000,0.000000,4.000000,4.000000,4.000000,4.000000,4.000000,4.000000,0.000000,,,,,,,,,,,,,,,,,,,,,,,,,,,,
1732157943.181907,1732157943.184628,55.000000,0.000000,4298.589844,4277.563965,4310.769043,4299.743652,4278.974121,4278.077148,4335.000000,4399.615234,4294.871582,4292.563965,4488.205078,4513.205078,4355.128418,4425.000000,0.000000,1.000000,22.000000,,,,0.000000,2.000000,2.000000,0.000000,4.000000,2.000000,2.000000,0.000000,0.000000,4.000000,4.000000,4.000000,4.000000,4.000000,4.000000,0.000000,,,,,,,,,,,,,,,,,,,,,,,,,,,,
1732157943.189716,1732157943.192536,56.000000,0.000000,4296.922852,4277.820313,4310.897461,4298.333496,4282.051270,4279.487305,4335.000000,4404.102539,4298.461426,4292.563965,4483.589844,4511.153809,4349.871582,4420.512695,0.000000,1.000000,22.000000,,,,0.000000,2.000000,2.000000,0.000000,4.000000,2.000000,2.000000,0.000000,0.000000,4.000000,4.000000,4.000000,4.000000,4.000000,4.000000,0.000000,,,,,,,,,,,,,,,,,14.000000,0.000000,0.497716,0.456299,-0.566223,0.472717,0.978635,-0.072274,-0.053229,-36.136517,44.770905,31.773273
1732157943.197524,1732157943.200344,57.000000,0.000000,4297.179688,4280.128418,4312.820313,4297.948730,4280.641113,4281.922852,4335.000000,4404.743652,4298.205078,4284.743652,4476.666504,4512.436035,4349.743652,4415.128418,0.000000,1.000000,22.000000,,,,0.000000,2.000000,2.000000,0.000000,4.000000,2.000000,2.000000,0.000000,0.000000,4.000000,4.000000,4.000000,4.000000,4.000000,4.000000,0.000000,,,,,,,,,,,,,,,,,,,,,,,,,,,,
1732157943.205332,1732157943.208352,58.000000,0.000000,4295.769043,4277.820313,4313.077148,4299.358887,4278.974121,4281.410156,4335.000000,4402.307617,4293.974121,4278.333496,4476.410156,4509.743652,4352.820313,4415.512695,0.000000,1.000000,22.000000,,,,0.000000,2.000000,2.000000,0.000000,4.000000,2.000000,2.000000,0.000000,0.000000,4.000000,4.000000,4.000000,4.000000,4.000000,4.000000,0.000000,,,,,,,,,,,,,,,,,,,,,,,,,,,,
1732157943.213140,1732157943.216160,59.000000,0.000000,4289.487305,4266.410156,4310.512695,4297.436035,4294.230957,4279.230957,4335.000000,4401.410156,4294.102539,4279.487305,4476.794922,4505.512695,4347.563965,4414.230957,0.000000,1.000000,22.000000,,,,0.000000,2.000000,2.000000,0.000000,4.000000,2.000000,2.000000,0.000000,0.000000,4.000000,4.000000,4.000000,4.000000,4.000000,4.000000,0.000000,,,,,,,,,,,,,,,,,,,,,,,,,,,,
1732157943.220949,1732157943.224068,60.000000,0.000000,4289.743652,4264.615234,4311.922852,4296.282227,4295.000000,4280.000000,4335.000000,4401.922852,4296.282227,4280.000000,4475.000000,4506.025879,4341.794922,4411.153809,0.000000,1.000000,22.000000,,,,0.000000,2.000000,2.000000,0.000000,4.000000,2.000000,2.000000,0.000000,0.000000,4.000000,4.000000,4.000000,4.000000,4.000000,4.000000,0.000000,,,,,,,,,,,,,,,,,15.000000,0.000000,0.498080,0.455750,-0.566650,0.472351,0.987425,-0.086436,-0.055671,-36.292244,44.609432,31.951353
1732157943.228757,1732157943.231877,61.000000,0.000000,4295.128418,4274.102539,4315.512695,4299.230957,4268.974121,4281.410156,4335.000000,4404.102539,4294.871582,4277.948730,4475.128418,4506.538574,4343.974121,4410.641113,0.000000,1.000000,22.000000,,,,0.000000,2.000000,2.000000,0.000000,4.000000,2.000000,2.000000,0.000000,0.000000,4.000000,4.000000,4.000000,4.000000,4.000000,4.000000,0.000000,,,,,,,,,,,,,,,,,,,,,,,,,,,,
1732157943.236565,1732157943.239885,62.000000,0.000000,4289.615234,4276.153809,4314.487305,4299.615234,4258.846191,4281.666504,4335.000000,4403.333496,4295.897461,4283.974121,4476.538574,4506.410156,4348.205078,4411.666504,0.000000,1.000000,22.000000,,,,0.000000,2.000000,2.000000,0.000000,4.000000,2.000000,2.000000,0.000000,0.000000,4.000000,4.000000,4.000000,4.000000,4.000000,4.000000,0.000000,,,,,,,,,,,,,,,,,,,,,,,,,,,,
1732157943.244373,1732157943.247693,63.000000,0.000000,4278.333496,4270.000000,4312.051270,4295.512695,4277.436035,4284.487305,4335.000000,4401.153809,4297.436035,4292.948730,4478.846191,4507.820313,4351.153809,4412.692383,0.000000,1.000000,22.000000,,,,0.000000,2.000000,2.000000,0.000000,4.000000,2.000000,2.000000,0.000000,0.000000,4.000000,4.000000,4.000000,4.000000,4.000000,4.000000,0.000000,,,,,,,,,,,,,,,,,,,,,,,,,,,,
1732157943.252181,1732157943.255601,64.000000,0.000000,4278.974121,4268.205078,4312.563965,4295.128418,4294.743652,4284.871582,4335.000000,4405.256348,4296.666504,4290.641113,4479.358887,4507.179688,4350.769043,4411.410156,0.000000,1.000000,22.000000,,,,0.000000,2.000000,2.000000,0.000000,4.000000,2.000000,2.000000,0.000000,0.000000,4.000000,4.000000,4.000000,4.000000,4.000000,4.000000,0.000000,,,,,,,,,,,,,,,,,16.000000,0.000000,0.497953,0.455750,-0.566711,0.472412,0.973752,-0.081065,-0.055183,-36.040051,44.618641,31.718929
1732157943.259990,1732157943.263409,65.000000,0.000000,4286.666504,4272.051270,4312.563965,4297.948730,4291.025879,4281.410156,4335.000000,4406.666504,4300.000000,4286.538574,4477.820313,4506.153809,4349.230957,4408.333496,1601.000000,1.000000,22.000000,,,,0.000000,2.000000,2.000000,0.000000,4.000000,2.000000,2.000000,0.000000,0.000000,4.000000,4.000000,4.000000,4.000000,4.000000,4.000000,0.000000,,,,,,,,,,,,,,,,,,,,,,,,,,,,
1732157943.267798,1732157943.271417,66.000000,0.000000,4286.538574,4272.307617,4312.692383,4297.563965,4276.794922,4286.025879,4335.000000,4400.512695,4301.922852,4288.077148,4477.563965,4504.487305,4350.256348,4406.922852,1366.000000,1.000000,22.000000,,,,0.000000,2.000000,2.000000,0.000000,4.000000,2.000000,2.000000,0.000000,0.000000,4.000000,4.000000,4.000000,4.000000,4.000000,4.000000,0.000000,,,,,,,,,,,,,,,,,,,,,,,,,,,,
1732157943.275606,1732157943.279225,67.000000,0.000000,4285.000000,4266.538574,4311.410156,4297.179688,4273.205078,4293.205078,4335.000000,4401.025879,4300.769043,4291.922852,4478.589844,4504.230957,4351.025879,4411.282227,1421.000000,1.000000,22.000000,,,,0.000000,2.000000,2.000000,0.000000,4.000000,2.000000,2.000000,0.000000,0.000000,4.000000,4.000000,4.000000,4.000000,4.000000,4.000000,0.000000,,,,,,,,,,,,,,,,,,,,,,,,,,,,
1732157943.283414,1732157943.286934,68.000000,0.000000,4288.717773,4264.487305,4310.384766,4295.769043,4281.538574,4288.077148,4335.000000,4407.436035,4301.794922,4292.948730,4478.461426,4507.179688,4348.717773,4414.358887,1421.000000,1.000000,22.000000,,,,0.000000,2.000000,2.000000,0.000000,4.000000,2.000000,2.000000,0.000000,0.000000,4.000000,4.000000,4.000000,4.000000,4.000000,4.000000,0.000000,,,,,,,,,,,,,,,,,17.000000,0.000000,0.497951,0.455688,-0.566711,0.472473,0.973752,-0.081065,-0.055183,-36.074108,44.599434,31.757332
1732157943.291223,1732157943.294742,69.000000,0.000000,4293.205078,4271.538574,4312.179688,4295.769043,4281.282227,4282.948730,4335.000000,4404.871582,4302.051270,4288.205078,4478.461426,4508.589844,4348.589844,4412.820313,1210.000000,1.000000,22.000000,,,,0.000000,2.000000,2.000000,0.000000,4.000000,2.000000,2.000000,0.000000,0.000000,4.000000,4.000000,4.000000,4.000000,4.000000,4.000000,0.000000,,,,,,,,,,,,,,,,,,,,,,,,,,,,
1732157943.299031,1732157943.302750,70.000000,0.000000,4294.487305,4279.230957,4312.692383,4299.743652,4276.922852,4286.153809,4335.000000,4400.128418,4298.974121,4283.205078,4478.333496,4509.871582,4350.256348,4413.461426,0.000000,1.000000,22.000000,,,,0.000000,2.000000,2.000000,0.000000,4.000000,2.000000,2.000000,0.000000,0.000000,4.000000,4.000000,4.000000,4.000000,4.000000,4.000000,0.000000,,,,,,,,,,,,,,,,,,,,,,,,,,,,
1732157943.306839,1732157943.310558,71.000000,0.000000,4293.333496,4278.461426,4312.179688,4299.871582,4281.025879,4283.974121,4335.000000,4400.897461,4305.769043,4290.128418,4477.307617,4511.666504,4348.974121,4415.641113,0.000000,1.000000,22.000000,,,,0.000000,2.000000,2.000000,0.000000,4.000000,2.000000,2.000000,0.000000,0.000000,4.000000,4.000000,4.000000,4.000000,4.000000,4.000000,0.000000,,,,,,,,,,,,,,,,,,,,,,,,,,,,
1732157943.314648,1732157943.318366,72.000000,0.000000,4292.563965,4274.615234,4313.974121,4295.512695,4282.436035,4278.589844,4335.000000,4401.153809,4312.179688,4296.666504,4477.820313,4514.871582,4348.205078,4415.128418,1528.000000,1.000000,22.000000,,,,0.000000,2.000000,2.000000,0.000000,4.000000,2.000000,2.000000,0.000000,0.000000,4.000000,4.000000,4.000000,4.000000,4.000000,4.000000,0.000000,,,,,,,,,,,,,,,,,18.000000,0.000000,0.498295,0.455261,-0.567261,0.471863,0.983030,-0.070321,-0.053717,-36.188362,44.667206,31.593439
1732157943.322456,1732157943.326175,73.000000,0.000000,4294.743652,4276.410156,4313.205078,4298.846191,4277.307617,4281.922852,4335.000000,4400.769043,4302.948730,4287.820313,4478.974121,4515.769043,4351.666504,4414.102539,1686.000000,1.000000,22.000000,,,,0.000000,2.000000,2.000000,0.000000,4.000000,2.000000,2.000000,0.000000,0.000000,4.000000,4.000000,4.000000,4.000000,4.000000,4.000000,0.000000,,,,,,,,,,,,,,,,,,,,,,,,,,,,
1732157943.330264,1732157943.333783,74.000000,0.000000,4295.256348,4276.153809,4310.384766,4303.333496,4282.948730,4283.974121,4335.000000,4400.384766,4292.051270,4277.820313,4478.205078,4510.897461,4350.512695,4413.846191,1546.000000,1.000000,22.000000,,,,0.000000,2.000000,2.000000,0.000000,4.000000,2.000000,2.000000,0.000000,0.000000,4.000000,4.000000,4.000000,4.000000,4.000000,4.000000,0.000000,,,,,,,,,,,,,,,,,,,,,,,,,,,,
1732157943.338072,1732157943.341591,75.000000,0.000000,4290.256348,4271.282227,4312.179688,4298.333496,4300.641113,4279.871582,4335.000000,4400.512695,4296.025879,4281.538574,4475.769043,4505.897461,4346.282227,4412.948730,1566.000000,1.000000,22.000000,,,,0.000000,2.000000,2.000000,0.000000,4.000000,2.000000,2.000000,0.000000,0.000000,4.000000,4.000000,4.000000,4.000000,4.000000,4.000000,0.000000,,,,,,,,,,,,,,,,,,,,,,,,,,,,
1732157943.345880,1732157943.349299,76.000000,0.000000,4290.897461,4270.641113,4313.974121,4294.871582,4290.897461,4281.666504,4335.000000,4400.897461,4307.179688,4290.128418,4476.025879,4507.307617,4348.205078,4411.794922,1701.000000,1.000000,22.000000,,,,0.000000,2.000000,2.000000,0.000000,4.000000,2.000000,2.000000,0.000000,0.000000,4.000000,4.000000,4.000000,4.000000,4.000000,4.000000,0.000000,,,,,,,,,,,,,,,,,19.000000,0.000000,0.498197,0.455444,-0.567200,0.471863,0.969357,-0.078135,-0.057624,-36.347572,44.788773,31.577353
1732157943.353689,1732157943.357108,77.000000,0.000000,4293.077148,4272.692383,4311.922852,4297.051270,4260.512695,4286.282227,4335.000000,4401.410156,4305.769043,4288.077148,4477.436035,4509.743652,4352.436035,4410.769043,1608.000000,1.000000,22.000000,,,,0.000000,2.000000,2.000000,0.000000,4.000000,2.000000,2.000000,0.000000,0.000000,4.000000,4.000000,4.000000,4.000000,4.000000,4.000000,0.000000,,,,,,,,,,,,,,,,,,,,,,,,,,,,
1732157943.361497,1732157943.364716,78.000000,0.000000,4290.897461,4271.153809,4310.897461,4296.025879,4262.436035,4283.589844,4335.000000,4401.282227,4297.563965,4283.333496,4476.666504,4508.717773,4351.538574,4412.563965,1546.000000,1.000000,22.000000,,,,0.000000,2.000000,2.000000,0.000000,4.000000,2.000000,2.000000,0.000000,0.000000,4.000000,4.000000,4.000000,4.000000,4.000000,4.000000,0.000000,1.000000,0.000000,2.000000,0.000000,0.000000,1.000000,1.000000,0.000000,0.000000,0.000000,1.000000,4.000000,1.000000,4.000000,4.000000,4.000000,,,,,,,,,,,,
1732157943.369305,1732157943.372524,79.000000,0.000000,4293.333496,4271.025879,4311.666504,4294.487305,4284.230957,4280.641113,4335.000000,4400.769043,4300.641113,4290.384766,4476.282227,4513.461426,4348.205078,4413.077148,1566.000000,1.000000,22.000000,,,,0.000000,2.000000,2.000000,0.000000,4.000000,2.000000,2.000000,0.000000,0.000000,4.000000,4.000000,4.000000,4.000000,4.000000,4.000000,0.000000,,,,,,,,,,,,,,,,,,,,,,,,,,,,
1732157943.377113,1732157943.380233,80.000000,0.000000,4295.128418,4271.538574,4311.922852,4299.487305,4279.487305,4286.410156,4335.000000,4400.384766,4309.615234,4296.282227,4478.077148,4516.025879,4348.846191,4406.538574,1701.000000,1.000000,22.000000,,,,0.000000,2.000000,2.000000,0.000000,4.000000,2.000000,2.000000,0.000000,0.000000,4.000000,4.000000,4.000000,4.000000,4.000000,4.000000,0.000000,,,,,,,,,,,,,,,,,20.000000,0.000000,0.498255,0.455444,-0.567200,0.471802,0.965450,-0.063973,-0.052252,-36.281532,44.512238,31.625988
1732157943.384922,1732157943.388041,81.000000,0.000000,4288.846191,4270.000000,4311.794922,4301.410156,4274.102539,4288.846191,4335.000000,4401.538574,4307.307617,4287.436035,4476.922852,4508.077148,4347.307617,4399.871582,1608.000000,1.000000,22.000000,,,,0.000000,2.000000,2.000000,0.000000,4.000000,2.000000,2.000000,0.000000,0.000000,4.000000,4.000000,4.000000,4.000000,4.000000,4.000000,0.000000,,,,,,,,,,,,,,,,,,,,,,,,,,,,
1732157943.392730,1732157943.395649,82.000000,0.000000,4288.077148,4271.538574,4310.128418,4297.820313,4294.743652,4281.922852,4335.000000,4403.205078,4295.256348,4278.205078,4472.948730,4503.846191,4342.692383,4399.358887,1546.000000,1.000000,22.000000,,,,0.000000,2.000000,2.000000,0.000000,4.000000,2.000000,2.000000,0.000000,0.000000,4.000000,4.000000,4.000000,4.000000,4.000000,4.000000,0.000000,,,,,,,,,,,,,,,,,,,,,,,,,,,,
1732157943.400538,1732157943.403457,83.000000,0.000000,4295.384766,4271.666504,4309.230957,4298.205078,4292.179688,4277.692383,4334.743652,4403.333496,4293.974121,4281.922852,4473.717773,4507.820313,4343.461426,4403.077148,1566.000000,1.000000,22.000000,,,,0.000000,2.000000,2.000000,0.000000,4.000000,2.000000,2.000000,0.000000,0.000000,4.000000,4.000000,4.000000,4.000000,4.000000,4.000000,0.000000,,,,,,,,,,,,,,,,,,,,,,,,,,,,
1732157943.408347,1732157943.411366,84.000000,0.000000,4295.000000,4271.922852,4310.384766,4303.333496,4264.102539,4282.307617,4334.615234,4401.666504,4304.615234,4292.692383,4477.820313,4510.256348,4349.358887,4408.077148,1701.000000,1.000000,22.000000,,,,0.000000,2.000000,2.000000,0.000000,4.000000,2.000000,2.000000,0.000000,0.000000,4.000000,4.000000,4.000000,4.000000,4.000000,4.000000,0.000000,,,,,,,,,,,,,,,,,21.000000,0.000000,0.498384,0.455505,-0.567139,0.471680,0.971310,-0.073739,-0.063973,-36.703041,44.319912,31.538717
1732157943.416155,1732157943.419174,85.000000,0.000000,4290.000000,4273.974121,4311.922852,4304.615234,4263.717773,4289.871582,4335.256348,4401.025879,4313.077148,4295.512695,4477.563965,4508.717773,4352.307617,4409.615234,1608.000000,1.000000,22.000000,,,,0.000000,2.000000,2.000000,0.000000,4.000000,2.000000,2.000000,0.000000,0.000000,4.000000,4.000000,4.000000,4.000000,4.000000,4.000000,0.000000,,,,,,,,,,,,,,,,,,,,,,,,,,,,
1732157943.423963,1732157943.426782,86.000000,0.000000,4291.153809,4269.487305,4313.974121,4301.025879,4283.333496,4296.025879,4334.487305,4399.871582,4310.897461,4286.794922,4477.820313,4507.948730,4350.000000,4408.846191,1546.000000,1.000000,22.000000,,,,0.000000,2.000000,2.000000,0.000000,4.000000,2.000000,2.000000,0.000000,0.000000,4.000000,4.000000,4.000000,4.000000,4.000000,4.000000,0.000000,,,,,,,,,,,,,,,,,,,,,,,,,,,,
1732157943.431771,1732157943.434590,87.000000,0.000000,4290.000000,4265.512695,4313.589844,4298.589844,4282.307617,4295.128418,4334.615234,4399.358887,4305.641113,4281.794922,4481.666504,4509.743652,4350.256348,4410.384766,1566.000000,1.000000,22.000000,,,,0.000000,2.000000,2.000000,0.000000,4.000000,2.000000,2.000000,0.000000,0.000000,4.000000,4.000000,4.000000,4.000000,4.000000,4.000000,0.000000,,,,,,,,,,,,,,,,,,,,,,,,,,,,
1732157943.439579,1732157943.442299,88.000000,0.000000,4283.333496,4263.589844,4311.922852,4296.410156,4272.948730,4284.743652,4338.461426,4403.589844,4302.820313,4283.589844,4479.871582,4511.025879,4350.512695,4410.897461,1701.000000,1.000000,22.000000,,,,0.000000,2.000000,2.000000,0.000000,4.000000,2.000000,2.000000,0.000000,0.000000,4.000000,4.000000,4.000000,4.000000,4.000000,4.000000,0.000000,,,,,,,,,,,,,,,,,22.000000,0.000000,0.498127,0.455750,-0.567017,0.471863,0.974240,-0.080576,-0.062019,-36.631130,44.477463,31.453028
1732157943.447388,1732157943.450107,89.000000,0.000000,4281.794922,4263.589844,4313.974121,4295.384766,4277.436035,4281.025879,4341.153809,4405.897461,4308.333496,4288.589844,4480.769043,4511.410156,4348.974121,4408.974121,1608.000000,1.000000,22.000000,,,,0.000000,2.000000,2.000000,0.000000,4.000000,2.000000,2.000000,0.000000,0.000000,4.000000,4.000000,4.000000,4.000000,4.000000,4.000000,0.000000,,,,,,,,,,,,,,,,,,,,,,,,,,,,
1732157943.455196,1732157943.457715,90.000000,0.000000,4290.256348,4266.922852,4316.282227,4296.666504,4283.077148,4288.717773,4339.615234,4403.205078,4313.077148,4288.846191,4487.692383,4513.717773,4350.384766,4411.794922,1546.000000,1.000000,22.000000,,,,0.000000,2.000000,2.000000,0.000000,4.000000,2.000000,2.000000,0.000000,0.000000,4.000000,4.000000,4.000000,4.000000,4.000000,4.000000,0.000000,,,,,,,,,,,,,,,,,,,,,,,,,,,,
1732157943.463004,1732157943.465524,91.000000,0.000000,4295.000000,4270.000000,4313.077148,4296.794922,4277.307617,4288.205078,4339.743652,4400.384766,4305.384766,4283.205078,4484.615234,4512.563965,4350.128418,4414.487305,1566.000000,1.000000,22.000000,,,,0.000000,2.000000,2.000000,0.000000,4.000000,2.000000,2.000000,0.000000,0.000000,4.000000,4.000000,4.000000,4.000000,4.000000,4.000000,0.000000,,,,,,,,,,,,,,,,,,,,,,,,,,,,
1732157943.470812,1732157943.473232,92.000000,0.000000,4286.410156,4266.538574,4311.410156,4295.897461,4278.846191,4283.077148,4340.000000,4401.282227,4292.051270,4277.820313,4474.102539,4506.538574,4344.102539,4407.307617,1701.000000,1.000000,22.000000,,,,0.000000,2.000000,2.000000,0.000000,4.000000,2.000000,2.000000,0.000000,0.000000,4.000000,4.000000,4.000000,4.000000,4.000000,4.000000,0.000000,,,,,,,,,,,,,,,,,23.000000,0.000000,0.498271,0.455566,-0.567139,0.471741,0.980100,-0.081553,-0.056159,-36.526215,44.645077,31.415285
1732157943.478621,1732157943.481040,93.000000,0.000000,4282.179688,4264.230957,4313.205078,4294.615234,4294.487305,4288.077148,4335.897461,4402.051270,4292.051270,4276.538574,4471.794922,4504.102539,4339.615234,4401.410156,1608.000000,1.000000,22.000000,,,,0.000000,2.000000,2.000000,0.000000,4.000000,2.000000,2.000000,0.000000,0.000000,4.000000,4.000000,4.000000,4.000000,4.000000,4.000000,0.000000,,,,,,,,,,,,,,,,,,,,,,,,,,,,
1732157943.486429,1732157943.489048,94.000000,0.000000,4291.025879,4265.897461,4313.717773,4297.436035,4287.692383,4292.179688,4333.589844,4401.153809,4306.153809,4279.102539,4475.000000,4505.000000,4342.307617,4406.666504,1546.000000,1.000000,22.000000,,,,0.000000,2.000000,2.000000,0.000000,4.000000,2.000000,2.000000,0.000000,0.000000,4.000000,4.000000,4.000000,4.000000,4.000000,4.000000,0.000000,,,,,,,,,,,,,,,,,,,,,,,,,,,,
1732157943.494237,1732157943.496856,95.000000,0.000000,4298.205078,4272.179688,4313.846191,4304.230957,4262.692383,4288.077148,4335.641113,4401.538574,4307.692383,4281.538574,4474.615234,4505.384766,4341.794922,4413.717773,1566.000000,1.000000,22.000000,,,,0.000000,2.000000,2.000000,0.000000,4.000000,2.000000,2.000000,0.000000,0.000000,4.000000,4.000000,4.000000,4.000000,4.000000,4.000000,0.000000,,,,,,,,,,,,,,,,,,,,,,,,,,,,
1732157943.502046,1732157943.504764,96.000000,0.000000,4297.307617,4279.743652,4317.436035,4307.436035,4263.589844,4285.000000,4336.025879,4402.436035,4295.128418,4283.333496,4476.794922,4509.487305,4339.230957,4414.358887,1701.000000,1.000000,22.000000,,,,0.000000,2.000000,2.000000,0.000000,4.000000,2.000000,2.000000,0.000000,0.000000,4.000000,4.000000,4.000000,4.000000,4.000000,4.000000,0.000000,,,,,,,,,,,,,,,,,24.000000,0.000000,0.498099,0.455627,-0.567139,0.471863,0.977658,-0.083018,-0.056648,-36.366234,44.784180,31.346382
1732157943.509854,1732157943.512573,97.000000,0.000000,4296.794922,4278.589844,4317.692383,4306.666504,4276.666504,4283.077148,4334.615234,4402.820313,4295.897461,4285.000000,4484.743652,4512.563965,4346.794922,4413.717773,1608.000000,1.000000,22.000000,,,,0.000000,2.000000,2.000000,0.000000,4.000000,2.000000,2.000000,0.000000,0.000000,4.000000,4.000000,4.000000,4.000000,4.000000,4.000000,0.000000,,,,,,,,,,,,,,,,,,,,,,,,,,,,
1732157943.517662,1732157943.520581,98.000000,0.000000,4298.205078,4276.666504,4315.256348,4306.538574,4276.794922,4281.025879,4334.615234,4401.538574,4303.846191,4286.410156,4485.641113,4510.897461,4349.743652,4412.820313,1546.000000,1.000000,22.000000,,,,0.000000,2.000000,2.000000,0.000000,4.000000,2.000000,2.000000,0.000000,0.000000,4.000000,4.000000,4.000000,4.000000,4.000000,4.000000,0.000000,,,,,,,,,,,,,,,,,,,,,,,,,,,,
1732157943.525470,1732157943.528389,99.000000,0.000000,4296.153809,4281.025879,4314.743652,4308.717773,4274.871582,4281.922852,4335.256348,4401.025879,4298.205078,4282.307617,4477.307617,4510.512695,4341.666504,4408.461426,1566.000000,1.000000,22.000000,,,,0.000000,2.000000,2.000000,0.000000,4.000000,2.000000,2.000000,0.000000,0.000000,4.000000,4.000000,4.000000,4.000000,4.000000,4.000000,0.000000,,,,,,,,,,,,,,,,,,,,,,,,,,,,
1732157943.533278,1732157943.536297,100.000000,0.000000,4294.743652,4276.538574,4313.077148,4306.794922,4274.871582,4283.333496,4334.743652,4405.512695,4293.461426,4279.743652,4475.000000,4512.692383,4340.000000,4406.922852,1701.000000,1.000000,22.000000,,,,0.000000,2.000000,2.000000,0.000000,4.000000,2.000000,2.000000,0.000000,0.000000,4.000000,4.000000,4.000000,4.000000,4.000000,4.000000,0.000000,,,,,,,,,,,,,,,,,25.000000,0.000000,0.498115,0.455750,-0.567078,0.471802,0.975217,-0.062996,-0.059578,-36.221649,44.675186,31.293903
1732157943.541087,1732157943.544105,101.000000,0.000000,4293.077148,4268.589844,4310.641113,4299.358887,4284.743652,4280.769043,4334.487305,4406.666504,4300.641113,4281.538574,4479.358887,4511.794922,4343.589844,4406.410156,1608.000000,1.000000,22.000000,,,,0.000000,2.000000,2.000000,0.000000,4.000000,2.000000,2.000000,0.000000,0.000000,4.000000,4.000000,4.000000,4.000000,4.000000,4.000000,0.000000,,,,,,,,,,,,,,,,,,,,,,,,,,,,
1732157943.548895,1732157943.552113,102.000000,0.000000,4290.641113,4271.282227,4312.051270,4295.000000,4292.307617,4280.512695,4335.128418,4402.179688,4299.358887,4282.179688,4478.333496,4509.102539,4344.358887,4405.512695,1546.000000,1.000000,22.000000,,,,0.000000,2.000000,2.000000,0.000000,4.000000,2.000000,2.000000,0.000000,0.000000,4.000000,4.000000,4.000000,4.000000,4.000000,4.000000,0.000000,,,,,,,,,,,,,,,,,,,,,,,,,,,,
1732157943.556703,1732157943.559921,103.000000,0.000000,4291.538574,4278.974121,4313.205078,4297.820313,4273.333496,4285.128418,4334.743652,4400.769043,4294.615234,4284.487305,4477.307617,4508.333496,4348.205078,4410.256348,1566.000000,1.000000,22.000000,,,,0.000000,2.000000,2.000000,0.000000,4.000000,2.000000,2.000000,0.000000,0.000000,4.000000,4.000000,4.000000,4.000000,4.000000,4.000000,0.000000,,,,,,,,,,,,,,,,,,,,,,,,,,,,
1732157943.564511,1732157943.567630,104.000000,0.000000,4293.461426,4276.794922,4310.000000,4297.307617,4255.897461,4288.333496,4334.358887,4403.077148,4304.615234,4291.153809,4480.512695,4511.153809,4352.307617,4415.000000,1701.000000,1.000000,22.000000,,,,0.000000,2.000000,2.000000,0.000000,4.000000,2.000000,2.000000,0.000000,0.000000,4.000000,4.000000,4.000000,4.000000,4.000000,4.000000,0.000000,,,,,,,,,,,,,,,,,26.000000,0.000000,0.498183,0.456055,-0.566772,0.471802,0.970333,-0.070321,-0.060554,-36.191204,44.621899,31.311394
1732157943.572320,1732157943.575438,105.000000,0.000000,4291.922852,4270.000000,4309.487305,4295.000000,4265.256348,4286.025879,4337.307617,4402.948730,4311.922852,4298.461426,4480.512695,4513.717773,4351.025879,4415.384766,1608.000000,1.000000,22.000000,,,,0.000000,2.000000,2.000000,0.000000,4.000000,2.000000,2.000000,0.000000,0.000000,4.000000,4.000000,4.000000,4.000000,4.000000,4.000000,0.000000,,,,,,,,,,,,,,,,,,,,,,,,,,,,
1732157943.580128,1732157943.583446,106.000000,0.000000,4293.717773,4269.871582,4311.282227,4301.666504,4276.153809,4284.358887,4341.025879,4401.410156,4300.641113,4295.769043,4478.333496,4509.487305,4348.077148,4413.333496,1546.000000,1.000000,22.000000,,,,0.000000,2.000000,2.000000,0.000000,4.000000,2.000000,2.000000,0.000000,0.000000,4.000000,4.000000,4.000000,4.000000,4.000000,4.000000,0.000000,,,,,,,,,,,,,,,,,,,,,,,,,,,,
1732157943.587936,1732157943.591254,107.000000,0.000000,4294.102539,4271.666504,4311.794922,4305.256348,4272.179688,4283.461426,4340.641113,4401.538574,4291.153809,4284.102539,4476.282227,4505.256348,4344.487305,4407.179688,1566.000000,1.000000,22.000000,,,,0.000000,2.000000,2.000000,0.000000,4.000000,2.000000,2.000000,0.000000,0.000000,4.000000,4.000000,4.000000,4.000000,4.000000,4.000000,0.000000,,,,,,,,,,,,,,,,,,,,,,,,,,,,
1732157943.595744,1732157943.599162,108.000000,0.000000,4285.256348,4273.717773,4313.461426,4301.666504,4273.461426,4280.769043,4339.230957,4401.410156,4294.743652,4279.102539,4475.384766,4507.051270,4341.538574,4399.871582,1701.000000,1.000000,22.000000,,,,0.000000,2.000000,2.000000,0.000000,4.000000,2.000000,2.000000,0.000000,0.000000,4.000000,4.000000,4.000000,4.000000,4.000000,4.000000,0.000000,,,,,,,,,,,,,,,,,27.000000,0.000000,0.498083,0.456177,-0.566711,0.471863,0.974728,-0.084483,-0.061531,-36.376541,44.408741,31.125563
1732157943.603553,1732157943.606970,109.000000,0.000000,4286.410156,4276.282227,4316.538574,4303.461426,4274.615234,4280.641113,4339.743652,4402.051270,4296.025879,4281.410156,4477.307617,4509.743652,4343.589844,4400.256348,1608.000000,1.000000,22.000000,,,,0.000000,2.000000,2.000000,0.000000,4.000000,2.000000,2.000000,0.000000,0.000000,4.000000,4.000000,4.000000,4.000000,4.000000,4.000000,0.000000,,,,,,,,,,,,,,,,,,,,,,,,,,,,
1732157943.611361,1732157943.614978,110.000000,0.000000,4295.128418,4278.077148,4315.384766,4305.512695,4277.948730,4281.410156,4338.205078,4402.820313,4294.871582,4283.974121,4478.974121,4508.205078,4344.487305,4401.666504,1546.000000,1.000000,22.000000,,,,0.000000,2.000000,2.000000,0.000000,4.000000,2.000000,2.000000,0.000000,0.000000,4.000000,4.000000,4.000000,4.000000,4.000000,4.000000,0.000000,,,,,,,,,,,,,,,,,,,,,,,,,,,,
1732157943.619169,1732157943.622787,111.000000,0.000000,4288.589844,4278.205078,4313.461426,4302.307617,4294.487305,4281.153809,4335.769043,4402.436035,4297.563965,4285.384766,4477.307617,4507.307617,4343.461426,4399.230957,1566.000000,1.000000,22.000000,,,,0.000000,2.000000,2.000000,0.000000,4.000000,2.000000,2.000000,0.000000,0.000000,4.000000,4.000000,4.000000,4.000000,4.000000,4.000000,0.000000,,,,,,,,,,,,,,,,,,,,,,,,,,,,
1732157943.626977,1732157943.630695,112.000000,0.000000,4281.410156,4278.333496,4311.538574,4303.205078,4291.794922,4282.948730,4335.641113,4402.051270,4296.282227,4283.333496,4473.846191,4508.974121,4343.589844,4398.333496,1701.000000,1.000000,22.000000,,,,0.000000,2.000000,2.000000,0.000000,4.000000,2.000000,2.000000,0.000000,0.000000,4.000000,4.000000,4.000000,4.000000,4.000000,4.000000,0.000000,,,,,,,,,,,,,,,,,28.000000,0.000000,0.497983,0.456299,-0.566650,0.471924,0.976682,-0.086925,-0.050787,-36.480000,44.347744,31.075039
1732157943.634786,1732157943.638503,113.000000,0.000000,4286.794922,4278.846191,4310.512695,4304.358887,4264.871582,4285.000000,4335.641113,4402.179688,4297.436035,4281.538574,4473.589844,4508.589844,4342.563965,4398.589844,1608.000000,1.000000,22.000000,,,,0.000000,2.000000,2.000000,0.000000,4.000000,2.000000,2.000000,0.000000,0.000000,4.000000,4.000000,4.000000,4.000000,4.000000,4.000000,0.000000,,,,,,,,,,,,,,,,,,,,,,,,,,,,
1732157943.642594,1732157943.646511,114.000000,0.000000,4285.384766,4278.846191,4309.871582,4302.692383,4262.307617,4287.436035,4334.871582,4403.333496,4302.436035,4283.589844,4475.256348,4506.410156,4342.820313,4398.205078,1546.000000,1.000000,22.000000,,,,0.000000,2.000000,2.000000,0.000000,4.000000,2.000000,2.000000,0.000000,0.000000,4.000000,4.000000,4.000000,4.000000,4.000000,4.000000,0.000000,,,,,,,,,,,,,,,,,,,,,,,,,,,,
1732157943.650402,1732157943.654319,115.000000,0.000000,4278.589844,4278.846191,4311.538574,4301.153809,4284.358887,4291.666504,4334.615234,4401.794922,4303.205078,4284.487305,4474.871582,4505.000000,4342.307617,4399.487305,1566.000000,1.000000,22.000000,,,,0.000000,2.000000,2.000000,0.000000,4.000000,2.000000,2.000000,0.000000,0.000000,4.000000,4.000000,4.000000,4.000000,4.000000,4.000000,0.000000,,,,,,,,,,,,,,,,,,,,,,,,,,,,
1732157943.658210,1732157943.662027,116.000000,0.000000,4282.948730,4276.538574,4315.000000,4300.512695,4283.589844,4294.358887,4335.000000,4400.384766,4305.384766,4289.102539,4474.230957,4505.512695,4340.897461,4401.025879,1701.000000,1.000000,22.000000,,,,0.000000,2.000000,2.000000,0.000000,4.000000,2.000000,2.000000,0.000000,0.000000,4.000000,4.000000,4.000000,4.000000,4.000000,4.000000,0.000000,,,,,,,,,,,,,,,,,29.000000,0.000000,0.498038,0.455872,-0.566895,0.471985,0.972287,-0.082530,-0.054206,-36.763798,44.331673,30.984116
1732157943.666019,1732157943.669836,117.000000,0.000000,4288.461426,4277.692383,4314.487305,4303.461426,4275.000000,4288.077148,4334.871582,4403.077148,4306.538574,4294.743652,4475.512695,4508.589844,4345.000000,4402.307617,1608.000000,1.000000,22.000000,,,,0.000000,2.000000,2.000000,0.000000,4.000000,2.000000,2.000000,0.000000,0.000000,4.000000,4.000000,4.000000,4.000000,4.000000,4.000000,0.000000,,,,,,,,,,,,,,,,,,,,,,,,,,,,
1732157943.673827,1732157943.677444,118.000000,0.000000,4291.025879,4281.153809,4311.794922,4310.384766,4283.589844,4282.307617,4334.871582,4402.051270,4300.897461,4291.538574,4476.794922,4511.410156,4351.025879,4406.794922,1546.000000,1.000000,22.000000,,,,0.000000,2.000000,2.000000,0.000000,4.000000,2.000000,2.000000,0.000000,0.000000,4.000000,4.000000,4.000000,4.000000,4.000000,4.000000,0.000000,,,,,,,,,,,,,,,,,,,,,,,,,,,,
1732157943.681635,1732157943.685252,119.000000,0.000000,4292.948730,4279.487305,4313.461426,4309.743652,4287.436035,4286.025879,4335.000000,4400.000000,4296.538574,4287.820313,4476.666504,4511.153809,4349.102539,4411.410156,1566.000000,1.000000,22.000000,,,,0.000000,2.000000,2.000000,0.000000,4.000000,2.000000,2.000000,0.000000,0.000000,4.000000,4.000000,4.000000,4.000000,4.000000,4.000000,0.000000,,,,,,,,,,,,,,,,,,,,,,,,,,,,
1732157943.689443,1732157943.692961,120.000000,0.000000,4287.820313,4279.230957,4316.410156,4303.205078,4280.641113,4286.794922,4335.000000,4402.692383,4298.077148,4286.666504,4475.641113,4509.743652,4343.846191,4411.153809,1701.000000,1.000000,22.000000,,,,0.000000,2.000000,2.000000,0.000000,4.000000,2.000000,2.000000,0.000000,0.000000,4.000000,4.000000,4.000000,4.000000,4.000000,4.000000,0.000000,,,,,,,,,,,,,,,,,30.000000,0.000000,0.498165,0.455872,-0.566833,0.471924,0.963008,-0.085948,-0.064949,-36.770344,44.363655,30.905466
1732157943.697252,1732157943.700769,121.000000,0.000000,4279.871582,4277.307617,4311.794922,4302.563965,4290.641113,4280.769043,4334.871582,4402.436035,4297.820313,4285.000000,4474.871582,4507.820313,4343.717773,4409.871582,1608.000000,1.000000,22.000000,,,,0.000000,2.000000,2.000000,0.000000,4.000000,2.000000,2.000000,0.000000,0.000000,4.000000,4.000000,4.000000,4.000000,4.000000,4.000000,0.000000,,,,,,,,,,,,,,,,,,,,,,,,,,,,
1732157943.705060,1732157943.708377,122.000000,0.000000,4282.948730,4270.512695,4307.820313,4297.563965,4303.846191,4278.974121,4334.487305,4400.384766,4296.666504,4286.794922,4474.615234,4505.512695,4343.205078,4410.256348,1546.000000,1.000000,22.000000,,,,0.000000,2.000000,2.000000,0.000000,4.000000,2.000000,2.000000,0.000000,0.000000,4.000000,4.000000,4.000000,4.000000,4.000000,4.000000,0.000000,,,,,,,,,,,,,,,,,,,,,,,,,,,,
1732157943.712868,1732157943.716185,123.000000,0.000000,4292.563965,4270.769043,4311.282227,4292.948730,4286.922852,4281.922852,4335.000000,4401.794922,4296.282227,4292.051270,4475.769043,4504.743652,4342.436035,4411.794922,1566.000000,1.000000,22.000000,,,,0.000000,2.000000,2.000000,0.000000,4.000000,2.000000,2.000000,0.000000,0.000000,4.000000,4.000000,4.000000,4.000000,4.000000,4.000000,0.000000,,,,,,,,,,,,,,,,,,,,,,,,,,,,
1732157943.720676,1732157943.723894,124.000000,0.000000,4292.820313,4278.077148,4313.846191,4301.410156,4267.179688,4280.000000,4335.256348,4402.051270,4296.794922,4294.487305,4479.102539,4505.897461,4345.769043,4414.358887,1701.000000,1.000000,22.000000,,,,0.000000,2.000000,2.000000,0.000000,4.000000,2.000000,2.000000,0.000000,0.000000,4.000000,4.000000,4.000000,4.000000,4.000000,4.000000,0.000000,,,,,,,,,,,,,,,,,31.000000,0.000000,0.497994,0.455933,-0.566833,0.472046,0.963008,-0.085948,-0.064949,-36.655643,44.199562,30.891762
1732157943.728485,1732157943.731702,125.000000,0.000000,4291.410156,4279.358887,4314.102539,4309.230957,4276.794922,4280.384766,4334.102539,4403.846191,4302.692383,4295.384766,4480.769043,4508.333496,4348.846191,4416.922852,1608.000000,1.000000,22.000000,,,,0.000000,2.000000,2.000000,0.000000,4.000000,2.000000,2.000000,0.000000,0.000000,4.000000,4.000000,4.000000,4.000000,4.000000,4.000000,0.000000,,,,,,,,,,,,,,,,,,,,,,,,,,,,
1732157943.736293,1732157943.739310,126.000000,0.000000,4293.589844,4277.436035,4315.897461,4304.358887,4285.512695,4282.436035,4335.897461,4409.871582,4303.077148,4295.256348,4478.333496,4509.615234,4346.922852,4416.410156,1546.000000,1.000000,22.000000,,,,0.000000,2.000000,2.000000,0.000000,4.000000,2.000000,2.000000,0.000000,0.000000,4.000000,4.000000,4.000000,4.000000,4.000000,4.000000,0.000000,,,,,,,,,,,,,,,,,,,,,,,,,,,,
1732157943.744101,1732157943.747119,127.000000,0.000000,4292.436035,4276.410156,4314.615234,4298.589844,4278.589844,4280.000000,4342.051270,4407.436035,4297.692383,4292.820313,4476.666504,4506.025879,4345.256348,4414.358887,22.000000,1.000000,22.000000,,,,0.000000,2.000000,2.000000,0.000000,4.000000,2.000000,2.000000,0.000000,0.000000,4.000000,4.000000,4.000000,4.000000,4.000000,4.000000,0.000000,,,,,,,,,,,,,,,,,,,,,,,,,,,,
1732157943.751909,1732157943.754827,0.000000,0.000000,4290.000000,4271.538574,4312.307617,4300.512695,4278.846191,4278.205078,4342.436035,4399.615234,4300.256348,4287.820313,4476.794922,4508.717773,4341.025879,4414.230957,0.000000,1.000000,22.000000,,,,0.000000,2.000000,2.000000,0.000000,4.000000,2.000000,2.000000,0.000000,0.000000,4.000000,4.000000,4.000000,4.000000,4.000000,4.000000,0.000000,,,,,,,,,,,,,,,,,0.000000,0.000000,0.497759,0.456177,-0.566589,0.472351,0.980100,-0.084971,-0.055671,-36.472740,44.354977,30.967327
1732157943.759718,1732157943.762635,1.000000,0.000000,4293.717773,4270.128418,4312.692383,4304.102539,4282.436035,4280.384766,4335.897461,4400.000000,4306.410156,4281.538574,4478.974121,4516.922852,4336.153809,4417.948730,1601.000000,1.000000,22.000000,,,,0.000000,2.000000,2.000000,0.000000,4.000000,2.000000,2.000000,0.000000,0.000000,4.000000,4.000000,4.000000,4.000000,4.000000,4.000000,0.000000,,,,,,,,,,,,,,,,,,,,,,,,,,,,
1732157943.767526,1732157943.770243,2.000000,0.000000,4295.000000,4271.538574,4313.205078,4302.179688,4283.205078,4282.307617,4337.692383,4403.589844,4303.333496,4280.256348,4481.410156,4513.333496,4339.102539,4421.153809,1366.000000,1.000000,22.000000,,,,0.000000,2.000000,2.000000,0.000000,4.000000,2.000000,2.000000,0.000000,0.000000,4.000000,4.000000,4.000000,4.000000,4.000000,4.000000,0.000000,,,,,,,,,,,,,,,,,,,,,,,,,,,,
1732157943.775334,1732157943.778052,3.000000,0.000000,4286.282227,4267.051270,4312.051270,4293.589844,4282.307617,4279.871582,4340.512695,4401.794922,4300.512695,4283.333496,4480.000000,4505.897461,4342.692383,4420.256348,1421.000000,1.000000,22.000000,,,,0.000000,2.000000,2.000000,0.000000,4.000000,2.000000,2.000000,0.000000,0.000000,4.000000,4.000000,4.000000,4.000000,4.000000,4.000000,0.000000,,,,,,,,,,,,,,,,,,,,,,,,,,,,
1732157943.783142,1732157943.785760,4.000000,0.000000,4281.538574,4265.256348,4311.538574,4292.948730,4275.128418,4278.589844,4335.641113,4399.358887,4301.666504,4283.846191,4476.282227,4506.666504,4345.256348,4420.641113,1422.000000,1.000000,22.000000,,,,0.000000,2.000000,2.000000,0.000000,4.000000,2.000000,2.000000,0.000000,0.000000,4.000000,4.000000,4.000000,4.000000,4.000000,4.000000,0.000000,,,,,,,,,,,,,,,,,1.000000,0.000000,0.497745,0.456116,-0.566650,0.472351,0.968868,-0.077646,-0.053717,-36.534584,44.379200,30.888535
1732157943.790951,1732157943.793568,5.000000,0.000000,4283.589844,4266.410156,4311.922852,4295.769043,4285.256348,4280.000000,4335.769043,4401.025879,4298.589844,4281.410156,4479.102539,4507.692383,4348.717773,4420.256348,1210.000000,1.000000,22.000000,,,,0.000000,2.000000,2.000000,0.000000,4.000000,2.000000,2.000000,0.000000,0.000000,4.000000,4.000000,4.000000,4.000000,4.000000,4.000000,0.000000,,,,,,,,,,,,,,,,,,,,,,,,,,,,
1732157943.798759,1732157943.801177,6.000000,0.000000,4281.666504,4263.461426,4312.051270,4290.384766,4302.307617,4279.743652,4341.794922,4403.205078,4295.512695,4282.179688,4484.487305,4506.025879,4350.384766,4417.692383,0.000000,1.000000,22.000000,,,,0.000000,2.000000,2.000000,0.000000,4.000000,2.000000,2.000000,0.000000,0.000000,4.000000,4.000000,4.000000,4.000000,4.000000,4.000000,0.000000,,,,,,,,,,,,,,,,,,,,,,,,,,,,
1732157943.806567,1732157943.808985,7.000000,0.000000,4285.897461,4264.743652,4311.922852,4289.615234,4289.358887,4279.487305,4339.743652,4401.282227,4297.307617,4289.102539,4486.025879,4506.538574,4349.743652,4421.666504,0.000000,1.000000,22.000000,,,,0.000000,2.000000,2.000000,0.000000,4.000000,2.000000,2.000000,0.000000,0.000000,4.000000,4.000000,4.000000,4.000000,4.000000,4.000000,0.000000,,,,,,,,,,,,,,,,,,,,,,,,,,,,
1732157943.814375,1732157943.816693,8.000000,0.000000,4294.743652,4270.000000,4311.538574,4298.205078,4268.974121,4281.794922,4334.487305,4399.487305,4302.179688,4290.641113,4487.692383,4510.512695,4351.282227,4427.307617,1526.000000,1.000000,22.000000,,,,0.000000,2.000000,2.000000,0.000000,4.000000,2.000000,2.000000,0.000000,0.000000,4.000000,4.000000,4.000000,4.000000,4.000000,4.000000,0.000000,,,,,,,,,,,,,,,,,2.000000,0.000000,0.497587,0.456238,-0.566589,0.472473,0.976682,-0.080088,-0.062996,-36.434681,44.293819,30.899714
1732157943.822184,1732157943.824501,9.000000,0.000000,4289.743652,4268.846191,4312.820313,4300.000000,4276.538574,4283.333496,4335.128418,4403.333496,4305.128418,4285.000000,4489.487305,4514.102539,4351.922852,4422.436035,1685.000000,1.000000,22.000000,,,,0.000000,2.000000,2.000000,0.000000,4.000000,2.000000,2.000000,0.000000,0.000000,4.000000,4.000000,4.000000,4.000000,4.000000,4.000000,0.000000,,,,,,,,,,,,,,,,,,,,,,,,,,,,
1732157943.829992,1732157943.832509,10.000000,0.000000,4281.025879,4266.922852,4311.794922,4298.461426,4284.743652,4282.563965,4335.512695,4404.487305,4303.461426,4285.384766,4488.205078,4509.102539,4350.256348,4415.000000,1546.000000,1.000000,22.000000,,,,0.000000,2.000000,2.000000,0.000000,4.000000,2.000000,2.000000,0.000000,0.000000,4.000000,4.000000,4.000000,4.000000,4.000000,4.000000,0.000000,,,,,,,,,,,,,,,,,,,,,,,,,,,,
1732157943.837800,1732157943.840318,11.000000,0.000000,4287.436035,4269.487305,4310.769043,4300.897461,4279.102539,4282.436035,4335.769043,4399.615234,4304.743652,4292.436035,4486.410156,4504.871582,4351.922852,4418.205078,1566.000000,1.000000,22.000000,,,,0.000000,2.000000,2.000000,0.000000,4.000000,2.000000,2.000000,0.000000,0.000000,4.000000,4.000000,4.000000,4.000000,4.000000,4.000000,0.000000,,,,,,,,,,,,,,,,,,,,,,,,,,,,
1732157943.845608,1732157943.848026,12.000000,0.000000,4292.307617,4269.102539,4313.461426,4298.333496,4282.051270,4282.307617,4335.897461,4398.077148,4308.974121,4295.000000,4487.820313,4507.692383,4351.922852,4422.051270,1701.000000,1.000000,22.000000,,,,0.000000,2.000000,2.000000,0.000000,4.000000,2.000000,2.000000,0.000000,0.000000,4.000000,4.000000,4.000000,4.000000,4.000000,4.000000,0.000000,,,,,,,,,,,,,,,,,3.000000,0.000000,0.497486,0.456360,-0.566528,0.472534,0.962031,-0.085948,-0.063484,-36.257092,44.206326,30.823767
1732157943.853417,1732157943.855834,13.000000,0.000000,4291.025879,4268.974121,4313.846191,4296.025879,4286.025879,4281.922852,4334.230957,4399.871582,4303.974121,4288.461426,4486.410156,4506.025879,4351.922852,4420.000000,1613.000000,1.000000,22.000000,,,,0.000000,2.000000,2.000000,0.000000,4.000000,2.000000,2.000000,0.000000,0.000000,4.000000,4.000000,4.000000,4.000000,4.000000,4.000000,0.000000,,,,,,,,,,,,,,,,,,,,,,,,,,,,
1732157943.861225,1732157943.863442,14.000000,0.000000,4294.615234,4273.333496,4310.128418,4300.512695,4281.153809,4281.666504,4333.461426,4399.487305,4295.000000,4280.897461,4480.128418,4502.563965,4349.871582,4419.230957,1546.000000,1.000000,22.000000,,,,0.000000,2.000000,2.000000,0.000000,4.000000,2.000000,2.000000,0.000000,0.000000,4.000000,4.000000,4.000000,4.000000,4.000000,4.000000,0.000000,1.000000,0.000000,2.000000,1.000000,0.000000,1.000000,1.000000,0.000000,0.000000,0.000000,1.000000,4.000000,1.000000,4.000000,1.000000,4.000000,,,,,,,,,,,,
1732157943.869033,1732157943.871251,15.000000,0.000000,4290.128418,4272.307617,4310.000000,4298.846191,4280.512695,4281.666504,4333.717773,4400.128418,4295.641113,4281.282227,4477.692383,4505.769043,4345.641113,4418.717773,1566.000000,1.000000,22.000000,,,,0.000000,2.000000,2.000000,0.000000,4.000000,2.000000,2.000000,0.000000,0.000000,4.000000,4.000000,4.000000,4.000000,4.000000,4.000000,0.000000,,,,,,,,,,,,,,,,,,,,,,,,,,,,
1732157943.876841,1732157943.878959,16.000000,0.000000,4280.897461,4265.128418,4312.563965,4293.589844,4286.538574,4281.153809,4333.846191,4401.922852,4296.410156,4283.461426,4478.461426,4507.563965,4341.922852,4414.230957,0.000000,1.000000,22.000000,,,,0.000000,2.000000,2.000000,0.000000,4.000000,2.000000,2.000000,0.000000,0.000000,4.000000,4.000000,4.000000,4.000000,4.000000,4.000000,0.000000,,,,,,,,,,,,,,,,,4.000000,0.000000,0.497341,0.456543,-0.566406,0.472656,0.975217,-0.081553,-0.055183,-36.439911,44.222122,31.033918
1732157943.884650,1732157943.886767,17.000000,0.000000,4286.666504,4263.333496,4311.922852,4294.615234,4283.461426,4280.000000,4333.589844,4400.512695,4294.102539,4281.666504,4480.000000,4506.666504,4341.025879,4412.692383,0.000000,1.000000,22.000000,,,,0.000000,2.000000,2.000000,0.000000,4.000000,2.000000,2.000000,0.000000,0.000000,4.000000,4.000000,4.000000,4.000000,4.000000,4.000000,0.000000,,,,,,,,,,,,,,,,,,,,,,,,,,,,
1732157943.892458,1732157943.894775,18.000000,0.000000,4295.384766,4266.025879,4310.641113,4295.384766,4274.871582,4280.128418,4333.717773,4400.128418,4295.384766,4281.282227,4482.563965,4507.692383,4345.512695,4417.051270,0.000000,1.000000,22.000000,,,,0.000000,2.000000,2.000000,0.000000,4.000000,2.000000,2.000000,0.000000,0.000000,4.000000,4.000000,4.000000,4.000000,4.000000,4.000000,0.000000,,,,,,,,,,,,,,,,,,,,,,,,,,,,
1732157943.900266,1732157943.902583,19.000000,0.000000,4293.077148,4265.512695,4312.051270,4291.025879,4288.077148,4280.512695,4333.717773,4401.153809,4296.666504,4282.179688,4480.512695,4507.948730,4348.333496,4418.974121,0.000000,1.000000,22.000000,,,,0.000000,2.000000,2.000000,0.000000,4.000000,2.000000,2.000000,0.000000,0.000000,4.000000,4.000000,4.000000,4.000000,4.000000,4.000000,0.000000,,,,,,,,,,,,,,,,,,,,,,,,,,,,
1732157943.908074,1732157943.910492,20.000000,0.000000,4292.051270,4265.769043,4312.436035,4291.794922,4295.256348,4279.102539,4333.717773,4400.641113,4294.871582,4280.000000,4478.077148,4507.820313,4347.563965,4416.666504,0.000000,1.000000,22.000000,,,,0.000000,2.000000,2.000000,0.000000,4.000000,2.000000,2.000000,0.000000,0.000000,4.000000,4.000000,4.000000,4.000000,4.000000,4.000000,0.000000,,,,,,,,,,,,,,,,,5.000000,0.000000,0.497614,0.456360,-0.566467,0.472473,0.991820,-0.083995,-0.046881,-36.501328,44.253254,31.332474
1732157943.915883,1732157943.918300,21.000000,0.000000,4296.153809,4268.077148,4312.051270,4297.563965,4271.025879,4279.615234,4333.717773,4401.410156,4295.000000,4282.436035,4484.615234,4508.461426,4348.589844,4417.436035,0.000000,1.000000,22.000000,,,,0.000000,2.000000,2.000000,0.000000,4.000000,2.000000,2.000000,0.000000,0.000000,4.000000,4.000000,4.000000,4.000000,4.000000,4.000000,0.000000,,,,,,,,,,,,,,,,,,,,,,,,,,,,
1732157943.923691,1732157943.926308,22.000000,0.000000,4294.743652,4269.487305,4311.538574,4297.051270,4260.769043,4283.974121,4333.717773,4403.589844,4300.769043,4291.282227,4490.641113,4508.717773,4350.897461,4423.589844,0.000000,1.000000,22.000000,,,,0.000000,2.000000,2.000000,0.000000,4.000000,2.000000,2.000000,0.000000,0.000000,4.000000,4.000000,4.000000,4.000000,4.000000,4.000000,0.000000,,,,,,,,,,,,,,,,,,,,,,,,,,,,
1732157943.931499,1732157943.934116,23.000000,0.000000,4292.307617,4271.025879,4311.666504,4294.871582,4278.717773,4284.871582,4333.717773,4404.230957,4309.743652,4295.256348,4488.589844,4507.307617,4350.384766,4427.563965,0.000000,1.000000,22.000000,,,,0.000000,2.000000,2.000000,0.000000,4.000000,2.000000,2.000000,0.000000,0.000000,4.000000,4.000000,4.000000,4.000000,4.000000,4.000000,0.000000,,,,,,,,,,,,,,,,,,,,,,,,,,,,
1732157943.939307,1732157943.942024,24.000000,0.000000,4294.102539,4274.230957,4312.051270,4297.307617,4282.948730,4282.948730,4333.717773,4402.051270,4309.615234,4293.589844,4486.153809,4504.871582,4351.153809,4423.333496,0.000000,1.000000,22.000000,,,,0.000000,2.000000,2.000000,0.000000,4.000000,2.000000,2.000000,0.000000,0.000000,4.000000,4.000000,4.000000,4.000000,4.000000,4.000000,0.000000,,,,,,,,,,,,,,,,,6.000000,0.000000,0.497600,0.456299,-0.566528,0.472473,0.973752,-0.088390,-0.060066,-36.627743,44.300137,31.300970
1732157943.947116,1732157943.949832,25.000000,0.000000,4292.563965,4275.000000,4312.692383,4298.333496,4276.410156,4285.256348,4333.717773,4399.615234,4300.512695,4290.384766,4482.179688,4508.974121,4348.717773,4418.717773,0.000000,1.000000,22.000000,,,,0.000000,2.000000,2.000000,0.000000,4.000000,2.000000,2.000000,0.000000,0.000000,4.000000,4.000000,4.000000,4.000000,4.000000,4.000000,0.000000,,,,,,,,,,,,,,,,,,,,,,,,,,,,
1732157943.954924,1732157943.957441,26.000000,0.000000,4284.487305,4270.128418,4313.333496,4294.743652,4280.128418,4286.922852,4333.717773,4401.025879,4296.410156,4284.871582,4478.846191,4515.256348,4342.307617,4417.948730,0.000000,1.000000,22.000000,,,,0.000000,2.000000,2.000000,0.000000,4.000000,2.000000,2.000000,0.000000,0.000000,4.000000,4.000000,4.000000,4.000000,4.000000,4.000000,0.000000,,,,,,,,,,,,,,,,,,,,,,,,,,,,
1732157943.962732,1732157943.965249,27.000000,0.000000,4281.410156,4266.922852,4312.948730,4293.589844,4281.922852,4282.948730,4333.717773,4402.051270,4297.563965,4281.666504,4481.025879,4512.436035,4344.102539,4416.282227,0.000000,1.000000,22.000000,,,,0.000000,2.000000,2.000000,0.000000,4.000000,2.000000,2.000000,0.000000,0.000000,4.000000,4.000000,4.000000,4.000000,4.000000,4.000000,0.000000,,,,,,,,,,,,,,,,,,,,,,,,,,,,
1732157943.970540,1732157943.973157,28.000000,0.000000,4286.666504,4269.102539,4314.871582,4295.256348,4280.641113,4281.794922,4333.717773,4400.512695,4299.230957,4284.615234,4479.743652,4506.410156,4350.128418,4414.615234,0.000000,1.000000,22.000000,,,,0.000000,2.000000,2.000000,0.000000,4.000000,2.000000,2.000000,0.000000,0.000000,4.000000,4.000000,4.000000,4.000000,4.000000,4.000000,0.000000,,,,,,,,,,,,,,,,,7.000000,0.000000,0.497685,0.456055,-0.566650,0.472473,0.979123,-0.088878,-0.070321,-36.763470,44.318111,31.350452
1732157943.978349,1732157943.980965,29.000000,0.000000,4291.410156,4272.307617,4315.512695,4295.641113,4282.692383,4285.256348,4333.717773,4401.666504,4300.641113,4285.641113,4481.153809,4509.871582,4350.897461,4415.128418,0.000000,1.000000,22.000000,,,,0.000000,2.000000,2.000000,0.000000,4.000000,2.000000,2.000000,0.000000,0.000000,4.000000,4.000000,4.000000,4.000000,4.000000,4.000000,0.000000,,,,,,,,,,,,,,,,,,,,,,,,,,,,
1732157943.986157,1732157943.988973,30.000000,0.000000,4290.000000,4270.769043,4313.461426,4295.897461,4279.871582,4285.769043,4333.717773,4402.563965,4298.717773,4281.794922,4487.436035,4513.205078,4346.666504,4415.000000,0.000000,1.000000,22.000000,,,,0.000000,2.000000,2.000000,0.000000,4.000000,2.000000,2.000000,0.000000,0.000000,4.000000,4.000000,4.000000,4.000000,4.000000,4.000000,0.000000,,,,,,,,,,,,,,,,,,,,,,,,,,,,
1732157943.993965,1732157943.996781,31.000000,0.000000,4286.410156,4265.384766,4310.256348,4294.358887,4285.000000,4282.436035,4333.589844,4400.128418,4295.256348,4281.282227,4484.102539,4506.025879,4345.769043,4415.256348,0.000000,1.000000,22.000000,,,,0.000000,2.000000,2.000000,0.000000,4.000000,2.000000,2.000000,0.000000,0.000000,4.000000,4.000000,4.000000,4.000000,4.000000,4.000000,0.000000,,,,,,,,,,,,,,,,,,,,,,,,,,,,
1732157944.001773,1732157944.004690,32.000000,0.000000,4286.922852,4265.641113,4310.000000,4292.692383,4299.615234,4279.871582,4333.846191,4400.128418,4293.974121,4282.051270,4475.256348,4500.897461,4346.922852,4414.487305,0.000000,1.000000,22.000000,,,,0.000000,2.000000,2.000000,0.000000,4.000000,2.000000,2.000000,0.000000,0.000000,4.000000,4.000000,4.000000,4.000000,4.000000,4.000000,0.000000,,,,,,,,,,,,,,,,,8.000000,0.000000,0.497702,0.455872,-0.566833,0.472412,0.973263,-0.097180,-0.052741,-36.736744,44.341003,31.448866
1732157944.009582,1732157944.012498,33.000000,0.000000,4289.743652,4271.794922,4311.410156,4294.615234,4291.538574,4279.615234,4333.717773,4402.051270,4295.384766,4279.871582,4477.179688,4505.000000,4346.538574,4413.974121,0.000000,1.000000,22.000000,,,,0.000000,2.000000,2.000000,0.000000,4.000000,2.000000,2.000000,0.000000,0.000000,4.000000,4.000000,4.000000,4.000000,4.000000,4.000000,0.000000,,,,,,,,,,,,,,,,,,,,,,,,,,,,
1732157944.017390,1732157944.020506,34.000000,0.000000,4289.615234,4274.358887,4312.051270,4296.282227,4266.025879,4279.871582,4333.333496,4400.769043,4296.410156,4281.153809,4483.589844,4508.461426,4347.563965,4417.436035,0.000000,1.000000,22.000000,,,,0.000000,2.000000,2.000000,0.000000,4.000000,2.000000,2.000000,0.000000,0.000000,4.000000,4.000000,4.000000,4.000000,4.000000,4.000000,0.000000,,,,,,,,,,,,,,,,,,,,,,,,,,,,
1732157944.025198,1732157944.028314,35.000000,0.000000,4287.179688,4269.743652,4312.436035,4294.102539,4258.589844,4279.871582,4334.615234,4398.589844,4294.487305,4282.051270,4481.410156,4506.025879,4350.897461,4420.641113,0.000000,1.000000,22.000000,,,,0.000000,2.000000,2.000000,0.000000,4.000000,2.000000,2.000000,0.000000,0.000000,4.000000,4.000000,4.000000,4.000000,4.000000,4.000000,0.000000,,,,,,,,,,,,,,,,,,,,,,,,,,,,
1732157944.033006,1732157944.036222,36.000000,0.000000,4286.153809,4267.051270,4313.077148,4294.102539,4271.666504,4279.487305,4336.025879,4400.512695,4292.948730,4279.358887,4477.179688,4504.743652,4349.102539,4421.025879,0.000000,1.000000,22.000000,,,,0.000000,2.000000,2.000000,0.000000,4.000000,2.000000,2.000000,0.000000,0.000000,4.000000,4.000000,4.000000,4.000000,4.000000,4.000000,0.000000,,,,,,,,,,,,,,,,,9.000000,0.000000,0.497803,0.455750,-0.566895,0.472351,0.973263,-0.097180,-0.052741,-36.470097,44.181213,31.553581
1732157944.040815,1732157944.044030,37.000000,0.000000,4284.230957,4270.128418,4312.436035,4295.769043,4287.307617,4280.128418,4335.512695,4403.077148,4296.153809,4278.846191,4474.871582,4507.692383,4342.179688,4419.487305,0.000000,1.000000,22.000000,,,,0.000000,2.000000,2.000000,0.000000,4.000000,2.000000,2.000000,0.000000,0.000000,4.000000,4.000000,4.000000,4.000000,4.000000,4.000000,0.000000,,,,,,,,,,,,,,,,,,,,,,,,,,,,
1732157944.048623,1732157944.051938,38.000000,0.000000,4285.128418,4271.153809,4311.153809,4295.256348,4286.538574,4281.025879,4335.000000,4401.538574,4298.974121,4281.922852,4476.922852,4508.333496,4342.948730,4418.333496,0.000000,1.000000,22.000000,,,,0.000000,2.000000,2.000000,0.000000,4.000000,2.000000,2.000000,0.000000,0.000000,4.000000,4.000000,4.000000,4.000000,4.000000,4.000000,0.000000,,,,,,,,,,,,,,,,,,,,,,,,,,,,
1732157944.056431,1732157944.059747,39.000000,0.000000,4289.102539,4269.102539,4313.461426,4295.000000,4265.897461,4281.025879,4335.897461,4400.641113,4295.769043,4281.922852,4482.051270,4506.538574,4349.487305,4421.922852,0.000000,1.000000,22.000000,,,,0.000000,2.000000,2.000000,0.000000,4.000000,2.000000,2.000000,0.000000,0.000000,4.000000,4.000000,4.000000,4.000000,4.000000,4.000000,0.000000,,,,,,,,,,,,,,,,,,,,,,,,,,,,
1732157944.064239,1732157944.067455,40.000000,0.000000,4288.974121,4271.538574,4312.820313,4295.256348,4258.333496,4280.512695,4336.410156,4402.179688,4293.974121,4280.769043,4485.769043,4510.128418,4349.743652,4426.410156,0.000000,1.000000,22.000000,,,,0.000000,2.000000,2.000000,0.000000,4.000000,2.000000,2.000000,0.000000,0.000000,4.000000,4.000000,4.000000,4.000000,4.000000,4.000000,0.000000,,,,,,,,,,,,,,,,,10.000000,0.000000,0.497777,0.455688,-0.567017,0.472290,0.968380,-0.067391,-0.056648,-36.517445,44.298447,31.628401
1732157944.072048,1732157944.075263,41.000000,0.000000,4290.897461,4279.743652,4309.358887,4297.051270,4276.410156,4279.487305,4335.128418,4401.794922,4296.410156,4281.153809,4487.179688,4513.461426,4347.563965,4426.666504,0.000000,1.000000,22.000000,,,,0.000000,2.000000,2.000000,0.000000,4.000000,2.000000,2.000000,0.000000,0.000000,4.000000,4.000000,4.000000,4.000000,4.000000,4.000000,0.000000,,,,,,,,,,,,,,,,,,,,,,,,,,,,
1732157944.079856,1732157944.082871,42.000000,0.000000,4294.615234,4280.256348,4313.461426,4300.128418,4283.461426,4280.000000,4335.512695,4400.512695,4298.205078,4282.051270,4487.820313,4512.948730,4348.974121,4428.077148,0.000000,1.000000,22.000000,,,,0.000000,2.000000,2.000000,0.000000,4.000000,2.000000,2.000000,0.000000,0.000000,4.000000,4.000000,4.000000,4.000000,4.000000,4.000000,0.000000,,,,,,,,,,,,,,,,,,,,,,,,,,,,
1732157944.087664,1732157944.090680,43.000000,0.000000,4288.205078,4271.410156,4317.948730,4298.846191,4276.282227,4281.538574,4336.153809,4401.153809,4296.922852,4282.179688,4489.358887,4519.487305,4349.358887,4426.794922,0.000000,1.000000,22.000000,,,,0.000000,2.000000,2.000000,0.000000,4.000000,2.000000,2.000000,0.000000,0.000000,4.000000,4.000000,4.000000,4.000000,4.000000,4.000000,0.000000,,,,,,,,,,,,,,,,,,,,,,,,,,,,
1732157944.095472,1732157944.098388,44.000000,0.000000,4278.205078,4272.051270,4315.641113,4296.922852,4277.051270,4282.051270,4334.743652,4401.282227,4296.025879,4281.538574,4489.487305,4526.153809,4347.179688,4420.128418,0.000000,1.000000,22.000000,,,,0.000000,2.000000,2.000000,0.000000,4.000000,2.000000,2.000000,0.000000,0.000000,4.000000,4.000000,4.000000,4.000000,4.000000,4.000000,0.000000,,,,,,,,,,,,,,,,,11.000000,0.000000,0.497880,0.455627,-0.567078,0.472168,0.963008,-0.074716,-0.056648,-36.674129,44.236744,31.532339
1732157944.103281,1732157944.106196,45.000000,0.000000,4283.974121,4278.846191,4316.282227,4301.794922,4284.743652,4281.922852,4333.846191,4400.000000,4295.641113,4281.666504,4486.025879,4521.922852,4347.051270,4421.282227,0.000000,1.000000,22.000000,,,,0.000000,2.000000,2.000000,0.000000,4.000000,2.000000,2.000000,0.000000,0.000000,4.000000,4.000000,4.000000,4.000000,4.000000,4.000000,0.000000,,,,,,,,,,,,,,,,,,,,,,,,,,,,
1732157944.111089,1732157944.113805,46.000000,0.000000,4296.153809,4280.512695,4316.538574,4307.179688,4285.512695,4282.179688,4335.128418,4399.230957,4294.871582,4281.666504,4480.384766,4520.641113,4347.820313,4424.487305,0.000000,1.000000,22.000000,,,,0.000000,2.000000,2.000000,0.000000,4.000000,2.000000,2.000000,0.000000,0.000000,4.000000,4.000000,4.000000,4.000000,4.000000,4.000000,0.000000,,,,,,,,,,,,,,,,,,,,,,,,,,,,
1732157944.118897,1732157944.121613,47.000000,0.000000,4291.538574,4273.846191,4312.307617,4303.846191,4277.307617,4282.436035,4335.256348,4402.948730,4295.384766,4280.641113,4478.461426,4524.358887,4345.384766,4417.563965,0.000000,1.000000,22.000000,,,,0.000000,2.000000,2.000000,0.000000,4.000000,2.000000,2.000000,0.000000,0.000000,4.000000,4.000000,4.000000,4.000000,4.000000,4.000000,0.000000,,,,,,,,,,,,,,,,,,,,,,,,,,,,
1732157944.126705,1732157944.129321,48.000000,0.000000,4281.538574,4267.692383,4311.025879,4296.538574,4287.692383,4281.025879,4335.128418,4404.743652,4295.512695,4279.615234,4478.461426,4515.384766,4342.436035,4413.205078,0.000000,1.000000,22.000000,,,,0.000000,2.000000,2.000000,0.000000,4.000000,2.000000,2.000000,0.000000,0.000000,4.000000,4.000000,4.000000,4.000000,4.000000,4.000000,0.000000,,,,,,,,,,,,,,,,,12.000000,0.000000,0.497822,0.455627,-0.567078,0.472229,0.963008,-0.074716,-0.056648,-36.797714,44.146763,31.437860
1732157944.134514,1732157944.137129,49.000000,0.000000,4285.000000,4272.563965,4312.948730,4293.589844,4300.256348,4280.897461,4336.282227,4400.769043,4295.641113,4280.384766,4476.410156,4507.820313,4343.717773,4416.410156,0.000000,1.000000,22.000000,,,,0.000000,2.000000,2.000000,0.000000,4.000000,2.000000,2.000000,0.000000,0.000000,4.000000,4.000000,4.000000,4.000000,4.000000,4.000000,0.000000,,,,,,,,,,,,,,,,,,,,,,,,,,,,
1732157944.142322,1732157944.144738,50.000000,0.000000,4291.025879,4279.358887,4311.025879,4296.666504,4277.179688,4281.794922,4335.512695,4399.358887,4296.538574,4280.641113,4476.922852,4511.153809,4344.102539,4416.410156,0.000000,1.000000,22.000000,,,,0.000000,2.000000,2.000000,0.000000,4.000000,2.000000,2.000000,0.000000,0.000000,4.000000,4.000000,4.000000,4.000000,4.000000,4.000000,0.000000,,,,,,,,,,,,,,,,,,,,,,,,,,,,
1732157944.150130,1732157944.152546,51.000000,0.000000,4290.897461,4277.436035,4310.641113,4297.948730,4257.692383,4281.794922,4335.384766,4401.794922,4293.461426,4279.487305,4478.589844,4513.717773,4340.641113,4416.666504,0.000000,1.000000,22.000000,,,,0.000000,2.000000,2.000000,0.000000,4.000000,2.000000,2.000000,0.000000,0.000000,4.000000,4.000000,4.000000,4.000000,4.000000,4.000000,0.000000,,,,,,,,,,,,,,,,,,,,,,,,,,,,
1732157944.157938,1732157944.160254,52.000000,0.000000,4291.153809,4272.179688,4312.948730,4294.230957,4271.025879,4281.025879,4336.666504,4401.794922,4291.794922,4279.615234,4479.102539,4513.717773,4339.871582,4419.358887,0.000000,1.000000,22.000000,,,,0.000000,2.000000,2.000000,0.000000,4.000000,2.000000,2.000000,0.000000,0.000000,4.000000,4.000000,4.000000,4.000000,4.000000,4.000000,0.000000,,,,,,,,,,,,,,,,,13.000000,0.000000,0.497735,0.455811,-0.566956,0.472290,0.984984,-0.083018,-0.051764,-36.614479,44.435543,31.481335
1732157944.165747,1732157944.168062,53.000000,0.000000,4288.974121,4276.282227,4313.205078,4293.589844,4275.384766,4281.025879,4336.153809,4400.256348,4295.128418,4280.256348,4478.333496,4512.307617,4343.461426,4416.025879,0.000000,1.000000,22.000000,,,,0.000000,2.000000,2.000000,0.000000,4.000000,2.000000,2.000000,0.000000,0.000000,4.000000,4.000000,4.000000,4.000000,4.000000,4.000000,0.000000,,,,,,,,,,,,,,,,,,,,,,,,,,,,
1732157944.173555,1732157944.175671,54.000000,0.000000,4283.205078,4279.615234,4312.436035,4296.410156,4280.000000,4279.871582,4335.000000,4401.025879,4295.128418,4278.589844,4474.871582,4506.410156,4341.153809,4410.384766,0.000000,1.000000,22.000000,,,,0.000000,2.000000,2.000000,0.000000,4.000000,2.000000,2.000000,0.000000,0.000000,4.000000,4.000000,4.000000,4.000000,4.000000,4.000000,0.000000,,,,,,,,,,,,,,,,,,,,,,,,,,,,
1732157944.181363,1732157944.183479,55.000000,0.000000,4281.538574,4277.820313,4312.179688,4296.666504,4294.358887,4278.846191,4334.487305,4400.769043,4288.205078,4276.666504,4472.051270,4506.922852,4338.846191,4410.641113,0.000000,1.000000,22.000000,,,,0.000000,2.000000,2.000000,0.000000,4.000000,2.000000,2.000000,0.000000,0.000000,4.000000,4.000000,4.000000,4.000000,4.000000,4.000000,0.000000,,,,,,,,,,,,,,,,,,,,,,,,,,,,
1732157944.189171,1732157944.191187,56.000000,0.000000,4283.077148,4278.717773,4312.563965,4297.948730,4280.128418,4281.282227,4334.743652,4401.922852,4287.307617,4277.307617,4474.871582,4513.589844,4342.563965,4413.846191,0.000000,1.000000,22.000000,,,,0.000000,2.000000,2.000000,0.000000,4.000000,2.000000,2.000000,0.000000,0.000000,4.000000,4.000000,4.000000,4.000000,4.000000,4.000000,0.000000,,,,,,,,,,,,,,,,,14.000000,0.000000,0.497463,0.455994,-0.566895,0.472473,0.960078,-0.085948,-0.057624,-36.767731,44.534458,31.403214
1732157944.196980,1732157944.198996,57.000000,0.000000,4283.333496,4280.128418,4314.487305,4301.794922,4262.436035,4283.205078,4335.384766,4402.051270,4293.846191,4279.615234,4477.563965,4516.153809,4344.743652,4414.487305,0.000000,1.000000,22.000000,,,,0.000000,2.000000,2.000000,0.000000,4.000000,2.000000,2.000000,0.000000,0.000000,4.000000,4.000000,4.000000,4.000000,4.000000,4.000000,0.000000,,,,,,,,,,,,,,,,,,,,,,,,,,,,
1732157944.204788,1732157944.206604,58.000000,0.000000,4284.615234,4279.102539,4317.051270,4302.948730,4275.256348,4281.794922,4335.512695,4400.512695,4298.205078,4282.307617,4475.512695,4514.487305,4342.692383,4413.974121,0.000000,1.000000,22.000000,,,,0.000000,2.000000,2.000000,0.000000,4.000000,2.000000,2.000000,0.000000,0.000000,4.000000,4.000000,4.000000,4.000000,4.000000,4.000000,0.000000,,,,,,,,,,,,,,,,,,,,,,,,,,,,
1732157944.212596,1732157944.214412,59.000000,0.000000,4287.436035,4278.846191,4316.025879,4300.641113,4284.358887,4282.692383,4335.128418,4401.538574,4297.563965,4281.922852,4472.692383,4512.820313,4341.410156,4414.615234,0.000000,1.000000,22.000000,,,,0.000000,2.000000,2.000000,0.000000,4.000000,2.000000,2.000000,0.000000,0.000000,4.000000,4.000000,4.000000,4.000000,4.000000,4.000000,0.000000,,,,,,,,,,,,,,,,,,,,,,,,,,,,
1732157944.220404,1732157944.222121,60.000000,0.000000,4285.897461,4281.153809,4313.589844,4298.205078,4278.974121,4287.563965,4336.025879,4403.461426,4293.717773,4276.538574,4473.205078,4511.794922,4341.025879,4414.102539,0.000000,1.000000,22.000000,,,,0.000000,2.000000,2.000000,0.000000,4.000000,2.000000,2.000000,0.000000,0.000000,4.000000,4.000000,4.000000,4.000000,4.000000,4.000000,0.000000,,,,,,,,,,,,,,,,,15.000000,0.000000,0.497496,0.455933,-0.567017,0.472351,0.971798,-0.079111,-0.061531,-36.806862,44.649578,31.478270
1732157944.228212,1732157944.229929,61.000000,0.000000,4282.436035,4277.563965,4314.102539,4296.922852,4280.384766,4290.384766,4337.051270,4402.948730,4293.333496,4274.102539,4474.615234,4509.615234,4336.666504,4413.205078,0.000000,1.000000,22.000000,,,,0.000000,2.000000,2.000000,0.000000,4.000000,2.000000,2.000000,0.000000,0.000000,4.000000,4.000000,4.000000,4.000000,4.000000,4.000000,0.000000,,,,,,,,,,,,,,,,,,,,,,,,,,,,
1732157944.236021,1732157944.237937,62.000000,0.000000,4282.179688,4270.512695,4314.358887,4295.000000,4280.128418,4286.410156,4336.538574,4401.794922,4298.589844,4278.589844,4473.974121,4510.000000,4335.256348,4414.615234,0.000000,1.000000,22.000000,,,,0.000000,2.000000,2.000000,0.000000,4.000000,2.000000,2.000000,0.000000,0.000000,4.000000,4.000000,4.000000,4.000000,4.000000,4.000000,0.000000,,,,,,,,,,,,,,,,,,,,,,,,,,,,
1732157944.243829,1732157944.245745,63.000000,0.000000,4282.307617,4272.948730,4312.051270,4293.589844,4278.205078,4281.153809,4336.153809,4402.436035,4298.589844,4281.410156,4473.974121,4517.179688,4340.000000,4414.871582,0.000000,1.000000,22.000000,,,,0.000000,2.000000,2.000000,0.000000,4.000000,2.000000,2.000000,0.000000,0.000000,4.000000,4.000000,4.000000,4.000000,4.000000,4.000000,0.000000,,,,,,,,,,,,,,,,,,,,,,,,,,,,
1732157944.251637,1732157944.253453,64.000000,0.000000,4285.128418,4279.871582,4311.282227,4294.230957,4280.384766,4280.000000,4336.410156,4403.589844,4292.307617,4279.743652,4476.922852,4524.615234,4342.820313,4415.256348,0.000000,1.000000,22.000000,,,,0.000000,2.000000,2.000000,0.000000,4.000000,2.000000,2.000000,0.000000,0.000000,4.000000,4.000000,4.000000,4.000000,4.000000,4.000000,0.000000,,,,,,,,,,,,,,,,,16.000000,0.000000,0.497565,0.455933,-0.566956,0.472351,0.982053,-0.076670,-0.059578,-36.495224,44.557823,31.450731
1732157944.259446,1732157944.261262,65.000000,0.000000,4293.846191,4279.487305,4311.666504,4294.871582,4275.769043,4280.641113,4336.666504,4402.563965,4293.461426,4280.512695,4480.000000,4520.641113,4346.153809,4418.846191,1601.000000,1.000000,22.000000,,,,0.000000,2.000000,2.000000,0.000000,4.000000,2.000000,2.000000,0.000000,0.000000,4.000000,4.000000,4.000000,4.000000,4.000000,4.000000,0.000000,,,,,,,,,,,,,,,,,,,,,,,,,,,,
1732157944.267254,1732157944.268870,66.000000,0.000000,4292.436035,4276.666504,4312.692383,4293.333496,4280.769043,4280.000000,4335.512695,4400.641113,4296.922852,4282.179688,4477.820313,4509.615234,4347.051270,4417.820313,1366.000000,1.000000,22.000000,,,,0.000000,2.000000,2.000000,0.000000,4.000000,2.000000,2.000000,0.000000,0.000000,4.000000,4.000000,4.000000,4.000000,4.000000,4.000000,0.000000,,,,,,,,,,,,,,,,,,,,,,,,,,,,
1732157944.275062,1732157944.276678,67.000000,0.000000,4284.102539,4278.846191,4313.077148,4293.974121,4291.025879,4278.974121,4334.487305,4400.256348,4298.846191,4282.051270,4473.333496,4507.307617,4341.282227,4412.948730,1421.000000,1.000000,22.000000,,,,0.000000,2.000000,2.000000,0.000000,4.000000,2.000000,2.000000,0.000000,0.000000,4.000000,4.000000,4.000000,4.000000,4.000000,4.000000,0.000000,,,,,,,,,,,,,,,,,,,,,,,,,,,,
1732157944.282870,1732157944.284386,68.000000,0.000000,4287.436035,4277.948730,4312.051270,4296.025879,4276.025879,4279.743652,4335.512695,4401.666504,4300.769043,4283.077148,4474.615234,4508.589844,4338.461426,4412.692383,1424.000000,1.000000,22.000000,,,,0.000000,2.000000,2.000000,0.000000,4.000000,2.000000,2.000000,0.000000,0.000000,4.000000,4.000000,4.000000,4.000000,4.000000,4.000000,0.000000,,,,,,,,,,,,,,,,,17.000000,0.000000,0.497465,0.456055,-0.566895,0.472412,0.975705,-0.072274,-0.053717,-36.542797,44.386837,31.420094
1732157944.290679,1732157944.292195,69.000000,0.000000,4291.666504,4273.974121,4310.128418,4296.025879,4258.974121,4281.025879,4336.410156,4402.051270,4297.563965,4282.436035,4477.820313,4506.922852,4342.948730,4413.974121,1210.000000,1.000000,22.000000,,,,0.000000,2.000000,2.000000,0.000000,4.000000,2.000000,2.000000,0.000000,0.000000,4.000000,4.000000,4.000000,4.000000,4.000000,4.000000,0.000000,,,,,,,,,,,,,,,,,,,,,,,,,,,,
1732157944.298487,1732157944.300203,70.000000,0.000000,4291.282227,4276.025879,4309.615234,4297.820313,4272.820313,4281.922852,4335.641113,4401.922852,4293.077148,4278.846191,4477.051270,4507.179688,4344.102539,4412.307617,0.000000,1.000000,22.000000,,,,0.000000,2.000000,2.000000,0.000000,4.000000,2.000000,2.000000,0.000000,0.000000,4.000000,4.000000,4.000000,4.000000,4.000000,4.000000,0.000000,,,,,,,,,,,,,,,,,,,,,,,,,,,,
1732157944.306295,1732157944.308011,71.000000,0.000000,4295.000000,4280.128418,4312.948730,4300.769043,4280.641113,4284.615234,4335.384766,4401.666504,4295.641113,4279.743652,4476.025879,4512.820313,4342.179688,4413.077148,0.000000,1.000000,22.000000,,,,0.000000,2.000000,2.000000,0.000000,4.000000,2.000000,2.000000,0.000000,0.000000,4.000000,4.000000,4.000000,4.000000,4.000000,4.000000,0.000000,,,,,,,,,,,,,,,,,,,,,,,,,,,,
1732157944.314103,1732157944.315919,72.000000,0.000000,4294.871582,4280.512695,4313.846191,4298.846191,4275.897461,4286.666504,4335.769043,4401.153809,4298.205078,4282.179688,4477.307617,4510.384766,4342.179688,4413.974121,1526.000000,1.000000,22.000000,,,,0.000000,2.000000,2.000000,0.000000,4.000000,2.000000,2.000000,0.000000,0.000000,4.000000,4.000000,4.000000,4.000000,4.000000,4.000000,0.000000,,,,,,,,,,,,,,,,,18.000000,0.000000,0.497405,0.456360,-0.566650,0.472473,0.987425,-0.089366,-0.065438,-36.621334,44.506672,31.520275
1732157944.321911,1732157944.323727,73.000000,0.000000,4287.692383,4278.461426,4312.436035,4294.358887,4290.128418,4283.077148,4335.512695,4400.128418,4294.743652,4280.128418,4475.256348,4502.948730,4341.025879,4413.461426,1681.000000,1.000000,22.000000,,,,0.000000,2.000000,2.000000,0.000000,4.000000,2.000000,2.000000,0.000000,0.000000,4.000000,4.000000,4.000000,4.000000,4.000000,4.000000,0.000000,,,,,,,,,,,,,,,,,,,,,,,,,,,,
1732157944.329720,1732157944.331735,74.000000,0.000000,4287.307617,4279.743652,4312.563965,4294.358887,4288.717773,4278.846191,4335.641113,4398.717773,4294.358887,4281.153809,4476.282227,4508.205078,4341.666504,4417.820313,1546.000000,1.000000,22.000000,,,,0.000000,2.000000,2.000000,0.000000,4.000000,2.000000,2.000000,0.000000,0.000000,4.000000,4.000000,4.000000,4.000000,4.000000,4.000000,0.000000,,,,,,,,,,,,,,,,,,,,,,,,,,,,
1732157944.337528,1732157944.339543,75.000000,0.000000,4291.666504,4282.051270,4313.589844,4297.692383,4259.358887,4281.666504,4335.641113,4401.410156,4298.846191,4287.051270,4483.717773,4516.153809,4344.487305,4421.282227,1566.000000,1.000000,22.000000,,,,0.000000,2.000000,2.000000,0.000000,4.000000,2.000000,2.000000,0.000000,0.000000,4.000000,4.000000,4.000000,4.000000,4.000000,4.000000,0.000000,,,,,,,,,,,,,,,,,,,,,,,,,,,,
1732157944.345336,1732157944.347451,76.000000,0.000000,4287.179688,4280.128418,4312.692383,4296.153809,4263.974121,4282.948730,4335.256348,4401.922852,4298.974121,4283.589844,4483.077148,4511.666504,4343.846191,4416.538574,1701.000000,1.000000,22.000000,,,,0.000000,2.000000,2.000000,0.000000,4.000000,2.000000,2.000000,0.000000,0.000000,4.000000,4.000000,4.000000,4.000000,4.000000,4.000000,0.000000,,,,,,,,,,,,,,,,,19.000000,0.000000,0.497291,0.456421,-0.566650,0.472534,0.970822,-0.083018,-0.057624,-36.419945,44.495403,31.296423
1732157944.353145,1732157944.355260,77.000000,0.000000,4281.410156,4278.333496,4311.922852,4292.179688,4286.282227,4279.615234,4335.000000,4400.897461,4293.717773,4277.948730,4475.384766,4503.846191,4342.051270,4411.410156,1606.000000,1.000000,22.000000,,,,0.000000,2.000000,2.000000,0.000000,4.000000,2.000000,2.000000,0.000000,0.000000,4.000000,4.000000,4.000000,4.000000,4.000000,4.000000,0.000000,,,,,,,,,,,,,,,,,,,,,,,,,,,,
1732157944.360953,1732157944.362868,78.000000,0.000000,4285.128418,4280.384766,4312.563965,4293.974121,4273.974121,4282.051270,4335.769043,4407.820313,4296.538574,4286.282227,4475.897461,4507.051270,4344.871582,4413.333496,1546.000000,1.000000,22.000000,,,,0.000000,2.000000,2.000000,0.000000,4.000000,2.000000,2.000000,0.000000,0.000000,4.000000,4.000000,4.000000,4.000000,4.000000,4.000000,0.000000,1.000000,0.000000,2.000000,1.000000,0.000000,1.000000,2.000000,0.000000,0.000000,0.000000,4.000000,4.000000,1.000000,4.000000,1.000000,4.000000,,,,,,,,,,,,
1732157944.368761,1732157944.370676,79.000000,0.000000,4287.692383,4277.307617,4314.358887,4295.384766,4259.102539,4285.128418,4336.282227,4413.333496,4302.948730,4290.641113,4479.615234,4516.794922,4345.384766,4415.512695,1566.000000,1.000000,22.000000,,,,0.000000,2.000000,2.000000,0.000000,4.000000,2.000000,2.000000,0.000000,0.000000,4.000000,4.000000,4.000000,4.000000,4.000000,4.000000,0.000000,,,,,,,,,,,,,,,,,,,,,,,,,,,,
1732157944.376569,1732157944.378584,80.000000,0.000000,4282.179688,4274.230957,4314.487305,4291.153809,4266.794922,4282.948730,4335.256348,4406.025879,4298.077148,4282.436035,4476.922852,4517.820313,4340.512695,4413.974121,1701.000000,1.000000,22.000000,,,,0.000000,2.000000,2.000000,0.000000,4.000000,2.000000,2.000000,0.000000,0.000000,4.000000,4.000000,4.000000,4.000000,4.000000,4.000000,0.000000,,,,,,,,,,,,,,,,,20.000000,0.000000,0.497390,0.456238,-0.566711,0.472534,0.974728,-0.082530,-0.060554,-36.308491,44.559612,31.208435
1732157944.384378,1732157944.386393,81.000000,0.000000,4278.974121,4277.307617,4312.436035,4288.077148,4272.948730,4281.666504,4334.487305,4399.615234,4293.333496,4279.743652,4476.922852,4514.871582,4340.384766,4414.230957,1606.000000,1.000000,22.000000,,,,0.000000,2.000000,2.000000,0.000000,4.000000,2.000000,2.000000,0.000000,0.000000,4.000000,4.000000,4.000000,4.000000,4.000000,4.000000,0.000000,,,,,,,,,,,,,,,,,,,,,,,,,,,,
1732157944.392186,1732157944.394401,82.000000,0.000000,4282.820313,4278.461426,4313.077148,4290.128418,4285.256348,4280.256348,4335.512695,4401.794922,4296.410156,4281.666504,4479.230957,4515.128418,4343.077148,4415.641113,1546.000000,1.000000,22.000000,,,,0.000000,2.000000,2.000000,0.000000,4.000000,2.000000,2.000000,0.000000,0.000000,4.000000,4.000000,4.000000,4.000000,4.000000,4.000000,0.000000,,,,,,,,,,,,,,,,,,,,,,,,,,,,
1732157944.399994,1732157944.402209,83.000000,0.000000,4286.538574,4277.051270,4315.000000,4293.333496,4291.794922,4279.615234,4335.641113,4402.051270,4297.051270,4282.563965,4475.512695,4510.769043,4341.922852,4414.230957,1566.000000,1.000000,22.000000,,,,0.000000,2.000000,2.000000,0.000000,4.000000,2.000000,2.000000,0.000000,0.000000,4.000000,4.000000,4.000000,4.000000,4.000000,4.000000,0.000000,,,,,,,,,,,,,,,,,,,,,,,,,,,,
1732157944.407802,1732157944.410117,84.000000,0.000000,4288.717773,4280.128418,4311.410156,4295.256348,4270.897461,4284.487305,4334.743652,4400.256348,4294.615234,4289.487305,4473.077148,4503.333496,4341.153809,4411.153809,1701.000000,1.000000,22.000000,,,,0.000000,2.000000,2.000000,0.000000,4.000000,2.000000,2.000000,0.000000,0.000000,4.000000,4.000000,4.000000,4.000000,4.000000,4.000000,0.000000,,,,,,,,,,,,,,,,,21.000000,0.000000,0.497113,0.456299,-0.566650,0.472839,0.970822,-0.085460,-0.053717,-36.078209,44.478283,31.442167
1732157944.415610,1732157944.417925,85.000000,0.000000,4292.307617,4281.922852,4309.358887,4296.025879,4258.205078,4286.794922,4334.743652,4400.897461,4295.128418,4295.641113,4476.282227,4505.512695,4343.077148,4411.922852,1606.000000,1.000000,22.000000,,,,0.000000,2.000000,2.000000,0.000000,4.000000,2.000000,2.000000,0.000000,0.000000,4.000000,4.000000,4.000000,4.000000,4.000000,4.000000,0.000000,,,,,,,,,,,,,,,,,,,,,,,,,,,,
1732157944.423419,1732157944.425933,86.000000,0.000000,4293.974121,4278.717773,4312.051270,4295.512695,4274.871582,4280.641113,4334.230957,4400.641113,4294.615234,4292.051270,4478.077148,4511.410156,4343.333496,4415.769043,1546.000000,1.000000,22.000000,,,,0.000000,2.000000,2.000000,0.000000,4.000000,2.000000,2.000000,0.000000,0.000000,4.000000,4.000000,4.000000,4.000000,4.000000,4.000000,0.000000,,,,,,,,,,,,,,,,,,,,,,,,,,,,
1732157944.431227,1732157944.433741,87.000000,0.000000,4293.461426,4278.333496,4311.922852,4295.769043,4283.077148,4278.974121,4333.461426,4398.974121,4294.487305,4291.538574,4475.256348,4507.179688,4344.230957,4415.512695,1566.000000,1.000000,22.000000,,,,0.000000,2.000000,2.000000,0.000000,4.000000,2.000000,2.000000,0.000000,0.000000,4.000000,4.000000,4.000000,4.000000,4.000000,4.000000,0.000000,,,,,,,,,,,,,,,,,,,,,,,,,,,,
1732157944.439035,1732157944.441649,88.000000,0.000000,4291.538574,4279.358887,4309.743652,4295.000000,4273.333496,4283.461426,4334.871582,4399.102539,4297.436035,4294.102539,4472.948730,4503.461426,4343.461426,4411.922852,1701.000000,1.000000,22.000000,,,,0.000000,2.000000,2.000000,0.000000,4.000000,2.000000,2.000000,0.000000,0.000000,4.000000,4.000000,4.000000,4.000000,4.000000,4.000000,0.000000,,,,,,,,,,,,,,,,,22.000000,0.000000,0.497333,0.455933,-0.566956,0.472595,0.969357,-0.081065,-0.058113,-36.020016,44.342411,31.789822
1732157944.446844,1732157944.449458,89.000000,0.000000,4287.179688,4278.461426,4313.974121,4293.461426,4280.384766,4281.794922,4335.897461,4400.897461,4297.179688,4289.230957,4471.666504,4505.256348,4340.897461,4409.871582,1606.000000,1.000000,22.000000,,,,0.000000,2.000000,2.000000,0.000000,4.000000,2.000000,2.000000,0.000000,0.000000,4.000000,4.000000,4.000000,4.000000,4.000000,4.000000,0.000000,,,,,,,,,,,,,,,,,,,,,,,,,,,,
1732157944.454652,1732157944.457066,90.000000,0.000000,4284.358887,4277.692383,4317.692383,4292.820313,4299.871582,4281.153809,4335.641113,4401.410156,4295.256348,4286.025879,4471.538574,4506.922852,4342.179688,4409.230957,1546.000000,1.000000,22.000000,,,,0.000000,2.000000,2.000000,0.000000,4.000000,2.000000,2.000000,0.000000,0.000000,4.000000,4.000000,4.000000,4.000000,4.000000,4.000000,0.000000,,,,,,,,,,,,,,,,,,,,,,,,,,,,
1732157944.462460,1732157944.464874,91.000000,0.000000,4283.846191,4279.487305,4313.205078,4294.615234,4290.769043,4285.128418,4336.282227,4401.153809,4295.769043,4288.461426,4473.205078,4504.871582,4343.205078,4410.384766,1566.000000,1.000000,22.000000,,,,0.000000,2.000000,2.000000,0.000000,4.000000,2.000000,2.000000,0.000000,0.000000,4.000000,4.000000,4.000000,4.000000,4.000000,4.000000,0.000000,,,,,,,,,,,,,,,,,,,,,,,,,,,,
1732157944.470268,1732157944.472782,92.000000,0.000000,4282.820313,4281.794922,4310.641113,4297.179688,4266.794922,4287.948730,4335.769043,4401.794922,4297.436035,4288.333496,4475.897461,4502.692383,4343.077148,4413.333496,1701.000000,1.000000,22.000000,,,,0.000000,2.000000,2.000000,0.000000,4.000000,2.000000,2.000000,0.000000,0.000000,4.000000,4.000000,4.000000,4.000000,4.000000,4.000000,0.000000,,,,,,,,,,,,,,,,,23.000000,0.000000,0.497245,0.456055,-0.566833,0.472717,0.975217,-0.084971,-0.060066,-35.984547,44.435684,31.449755
1732157944.478077,1732157944.480591,93.000000,0.000000,4282.820313,4280.256348,4312.436035,4295.897461,4270.256348,4290.512695,4334.102539,4401.922852,4300.769043,4289.487305,4475.128418,4503.589844,4342.948730,4413.461426,1606.000000,1.000000,22.000000,,,,0.000000,2.000000,2.000000,0.000000,4.000000,2.000000,2.000000,0.000000,0.000000,4.000000,4.000000,4.000000,4.000000,4.000000,4.000000,0.000000,,,,,,,,,,,,,,,,,,,,,,,,,,,,
1732157944.485885,1732157944.488399,94.000000,0.000000,4286.794922,4279.743652,4312.179688,4295.000000,4284.871582,4289.230957,4336.025879,4401.794922,4303.717773,4295.000000,4474.230957,4507.179688,4343.205078,4413.589844,1546.000000,1.000000,22.000000,,,,0.000000,2.000000,2.000000,0.000000,4.000000,2.000000,2.000000,0.000000,0.000000,4.000000,4.000000,4.000000,4.000000,4.000000,4.000000,0.000000,,,,,,,,,,,,,,,,,,,,,,,,,,,,
1732157944.493693,1732157944.496207,95.000000,0.000000,4291.025879,4281.666504,4311.410156,4297.051270,4283.077148,4281.153809,4337.692383,4401.282227,4298.846191,4295.128418,4483.461426,4510.384766,4346.538574,4416.025879,1566.000000,1.000000,22.000000,,,,0.000000,2.000000,2.000000,0.000000,4.000000,2.000000,2.000000,0.000000,0.000000,4.000000,4.000000,4.000000,4.000000,4.000000,4.000000,0.000000,,,,,,,,,,,,,,,,,,,,,,,,,,,,
1732157944.501501,1732157944.503915,96.000000,0.000000,4294.487305,4281.538574,4315.000000,4297.436035,4277.692383,4277.948730,4335.384766,4400.769043,4295.897461,4290.384766,4489.358887,4510.000000,4347.948730,4416.025879,1701.000000,1.000000,22.000000,,,,0.000000,2.000000,2.000000,0.000000,4.000000,2.000000,2.000000,0.000000,0.000000,4.000000,4.000000,4.000000,4.000000,4.000000,4.000000,0.000000,,,,,,,,,,,,,,,,,24.000000,0.000000,0.496984,0.456238,-0.566711,0.472961,0.982542,-0.082041,-0.038579,-36.052483,44.219574,31.449303
1732157944.509309,1732157944.511724,97.000000,0.000000,4296.922852,4281.153809,4316.794922,4296.410156,4276.153809,4282.820313,4334.487305,4400.384766,4304.615234,4294.615234,4481.282227,4508.461426,4343.461426,4413.589844,1606.000000,1.000000,22.000000,,,,0.000000,2.000000,2.000000,0.000000,4.000000,2.000000,2.000000,0.000000,0.000000,4.000000,4.000000,4.000000,4.000000,4.000000,4.000000,0.000000,,,,,,,,,,,,,,,,,,,,,,,,,,,,
1732157944.517118,1732157944.519332,98.000000,0.000000,4291.282227,4280.641113,4314.102539,4295.641113,4288.461426,4280.128418,4336.410156,4400.256348,4306.025879,4293.974121,4473.717773,4507.948730,4339.615234,4412.948730,1546.000000,1.000000,22.000000,,,,0.000000,2.000000,2.000000,0.000000,4.000000,2.000000,2.000000,0.000000,0.000000,4.000000,4.000000,4.000000,4.000000,4.000000,4.000000,0.000000,,,,,,,,,,,,,,,,,,,,,,,,,,,,
1732157944.524926,1732157944.527140,99.000000,0.000000,4288.846191,4279.487305,4311.153809,4296.153809,4298.974121,4275.512695,4336.025879,4400.769043,4293.589844,4283.205078,4476.025879,4507.436035,4343.846191,4414.487305,1566.000000,1.000000,22.000000,,,,0.000000,2.000000,2.000000,0.000000,4.000000,2.000000,2.000000,0.000000,0.000000,4.000000,4.000000,4.000000,4.000000,4.000000,4.000000,0.000000,,,,,,,,,,,,,,,,,,,,,,,,,,,,
1732157944.532734,1732157944.534849,100.000000,0.000000,4293.589844,4281.794922,4310.897461,4298.077148,4277.436035,4281.153809,4334.358887,4401.666504,4292.692383,4283.205078,4477.692383,4507.051270,4350.256348,4415.256348,1701.000000,1.000000,22.000000,,,,0.000000,2.000000,2.000000,0.000000,4.000000,2.000000,2.000000,0.000000,0.000000,4.000000,4.000000,4.000000,4.000000,4.000000,4.000000,0.000000,,,,,,,,,,,,,,,,,25.000000,0.000000,0.497231,0.455994,-0.566895,0.472717,0.982542,-0.072763,-0.054694,-36.007511,44.011189,31.582268
1732157944.540542,1732157944.542657,101.000000,0.000000,4293.846191,4283.461426,4312.563965,4298.333496,4260.000000,4283.846191,4335.641113,4401.410156,4302.948730,4294.230957,4478.589844,4508.461426,4351.666504,4414.358887,1606.000000,1.000000,22.000000,,,,0.000000,2.000000,2.000000,0.000000,4.000000,2.000000,2.000000,0.000000,0.000000,4.000000,4.000000,4.000000,4.000000,4.000000,4.000000,0.000000,,,,,,,,,,,,,,,,,,,,,,,,,,,,
1732157944.548351,1732157944.550265,102.000000,0.000000,4291.666504,4279.615234,4311.922852,4296.282227,4274.615234,4280.256348,4336.922852,4401.025879,4302.436035,4296.666504,4481.666504,4508.589844,4346.666504,4412.563965,1546.000000,1.000000,22.000000,,,,0.000000,2.000000,2.000000,0.000000,4.000000,2.000000,2.000000,0.000000,0.000000,4.000000,4.000000,4.000000,4.000000,4.000000,4.000000,0.000000,,,,,,,,,,,,,,,,,,,,,,,,,,,,
1732157944.556159,1732157944.558073,103.000000,0.000000,4293.205078,4278.461426,4312.179688,4296.025879,4282.436035,4279.871582,4336.282227,4401.666504,4294.743652,4286.410156,4480.128418,4505.384766,4341.282227,4411.922852,1566.000000,1.000000,22.000000,,,,0.000000,2.000000,2.000000,0.000000,4.000000,2.000000,2.000000,0.000000,0.000000,4.000000,4.000000,4.000000,4.000000,4.000000,4.000000,0.000000,,,,,,,,,,,,,,,,,,,,,,,,,,,,
1732157944.563967,1732157944.565782,104.000000,0.000000,4293.974121,4281.410156,4312.948730,4297.307617,4276.025879,4282.051270,4336.282227,4402.820313,4293.846191,4279.487305,4477.563965,4508.589844,4342.948730,4411.410156,1701.000000,1.000000,22.000000,,,,0.000000,2.000000,2.000000,0.000000,4.000000,2.000000,2.000000,0.000000,0.000000,4.000000,4.000000,4.000000,4.000000,4.000000,4.000000,0.000000,,,,,,,,,,,,,,,,,26.000000,0.000000,0.497231,0.455994,-0.566895,0.472717,0.973752,-0.090343,-0.051764,-35.956085,44.177395,31.504971
1732157944.571776,1732157944.573590,105.000000,0.000000,4292.692383,4279.871582,4312.820313,4295.000000,4272.692383,4279.487305,4336.794922,4404.487305,4296.025879,4281.666504,4476.794922,4514.487305,4342.948730,4410.512695,1606.000000,1.000000,22.000000,,,,0.000000,2.000000,2.000000,0.000000,4.000000,2.000000,2.000000,0.000000,0.000000,4.000000,4.000000,4.000000,4.000000,4.000000,4.000000,0.000000,,,,,,,,,,,,,,,,,,,,,,,,,,,,
1732157944.579584,1732157944.581598,106.000000,0.000000,4293.717773,4277.948730,4312.948730,4294.358887,4277.307617,4277.820313,4335.769043,4403.333496,4294.487305,4281.666504,4476.282227,4513.205078,4342.436035,4410.769043,1546.000000,1.000000,22.000000,,,,0.000000,2.000000,2.000000,0.000000,4.000000,2.000000,2.000000,0.000000,0.000000,4.000000,4.000000,4.000000,4.000000,4.000000,4.000000,0.000000,,,,,,,,,,,,,,,,,,,,,,,,,,,,
1732157944.587392,1732157944.589406,107.000000,0.000000,4293.974121,4279.743652,4312.307617,4297.436035,4292.948730,4279.615234,4334.743652,4401.410156,4294.358887,4282.179688,4476.666504,4508.077148,4347.307617,4410.897461,1566.000000,1.000000,22.000000,,,,0.000000,2.000000,2.000000,0.000000,4.000000,2.000000,2.000000,0.000000,0.000000,4.000000,4.000000,4.000000,4.000000,4.000000,4.000000,0.000000,,,,,,,,,,,,,,,,,,,,,,,,,,,,
1732157944.595200,1732157944.597114,108.000000,0.000000,4293.205078,4279.743652,4311.282227,4297.948730,4289.230957,4280.641113,4335.769043,4402.307617,4295.641113,4287.948730,4478.077148,4510.512695,4351.153809,4411.538574,1701.000000,1.000000,22.000000,,,,0.000000,2.000000,2.000000,0.000000,4.000000,2.000000,2.000000,0.000000,0.000000,4.000000,4.000000,4.000000,4.000000,4.000000,4.000000,0.000000,,,,,,,,,,,,,,,,,27.000000,0.000000,0.497142,0.456116,-0.566772,0.472839,0.965938,-0.072763,-0.041509,-36.016094,44.168690,31.560692
1732157944.603008,1732157944.604923,109.000000,0.000000,4294.230957,4278.205078,4311.282227,4295.769043,4265.000000,4281.666504,4336.538574,4402.307617,4295.000000,4289.230957,4479.871582,4515.897461,4350.256348,4412.820313,1606.000000,1.000000,22.000000,,,,0.000000,2.000000,2.000000,0.000000,4.000000,2.000000,2.000000,0.000000,0.000000,4.000000,4.000000,4.000000,4.000000,4.000000,4.000000,0.000000,,,,,,,,,,,,,,,,,,,,,,,,,,,,
1732157944.610817,1732157944.612931,110.000000,0.000000,4295.256348,4278.974121,4312.820313,4294.743652,4262.179688,4281.922852,4336.410156,4401.410156,4297.692383,4288.333496,4479.871582,4512.307617,4349.615234,4414.487305,1546.000000,1.000000,22.000000,,,,0.000000,2.000000,2.000000,0.000000,4.000000,2.000000,2.000000,0.000000,0.000000,4.000000,4.000000,4.000000,4.000000,4.000000,4.000000,0.000000,,,,,,,,,,,,,,,,,,,,,,,,,,,,
1732157944.618625,1732157944.620739,111.000000,0.000000,4295.769043,4280.256348,4314.102539,4295.769043,4282.563965,4279.743652,4337.051270,4401.538574,4300.641113,4295.256348,4477.948730,4508.333496,4349.615234,4415.512695,1566.000000,1.000000,22.000000,,,,0.000000,2.000000,2.000000,0.000000,4.000000,2.000000,2.000000,0.000000,0.000000,4.000000,4.000000,4.000000,4.000000,4.000000,4.000000,0.000000,,,,,,,,,,,,,,,,,,,,,,,,,,,,
1732157944.626433,1732157944.628447,112.000000,0.000000,4296.922852,4279.358887,4314.487305,4295.512695,4291.153809,4279.102539,4335.641113,4398.846191,4296.666504,4290.897461,4476.410156,4512.436035,4347.436035,4416.922852,1701.000000,1.000000,22.000000,,,,0.000000,2.000000,2.000000,0.000000,4.000000,2.000000,2.000000,0.000000,0.000000,4.000000,4.000000,4.000000,4.000000,4.000000,4.000000,0.000000,,,,,,,,,,,,,,,,,28.000000,0.000000,0.497409,0.455750,-0.567139,0.472473,0.986449,-0.075204,-0.053229,-36.228035,44.269974,31.539162
1732157944.634241,1732157944.636255,113.000000,0.000000,4297.563965,4277.948730,4314.230957,4295.000000,4278.333496,4281.410156,4333.717773,4398.974121,4292.563965,4278.846191,4479.230957,4518.333496,4349.358887,4419.743652,1606.000000,1.000000,22.000000,,,,0.000000,2.000000,2.000000,0.000000,4.000000,2.000000,2.000000,0.000000,0.000000,4.000000,4.000000,4.000000,4.000000,4.000000,4.000000,0.000000,,,,,,,,,,,,,,,,,,,,,,,,,,,,
1732157944.642050,1732157944.644263,114.000000,0.000000,4296.410156,4278.974121,4312.307617,4295.512695,4262.436035,4281.282227,4335.256348,4406.410156,4295.512695,4283.846191,4482.563965,4519.487305,4351.922852,4419.102539,1546.000000,1.000000,22.000000,,,,0.000000,2.000000,2.000000,0.000000,4.000000,2.000000,2.000000,0.000000,0.000000,4.000000,4.000000,4.000000,4.000000,4.000000,4.000000,0.000000,,,,,,,,,,,,,,,,,,,,,,,,,,,,
1732157944.649858,1732157944.652072,115.000000,0.000000,4296.410156,4280.769043,4311.922852,4296.410156,4260.384766,4279.230957,4336.153809,4407.820313,4298.077148,4290.000000,4480.256348,4520.512695,4347.692383,4415.897461,1566.000000,1.000000,22.000000,,,,0.000000,2.000000,2.000000,0.000000,4.000000,2.000000,2.000000,0.000000,0.000000,4.000000,4.000000,4.000000,4.000000,4.000000,4.000000,0.000000,,,,,,,,,,,,,,,,,,,,,,,,,,,,
1732157944.657666,1732157944.659980,116.000000,0.000000,4297.563965,4280.897461,4312.820313,4296.666504,4273.461426,4280.897461,4333.846191,4400.256348,4296.666504,4281.794922,4474.487305,4517.948730,4343.333496,4413.846191,1701.000000,1.000000,22.000000,,,,0.000000,2.000000,2.000000,0.000000,4.000000,2.000000,2.000000,0.000000,0.000000,4.000000,4.000000,4.000000,4.000000,4.000000,4.000000,0.000000,,,,,,,,,,,,,,,,,29.000000,0.000000,0.497439,0.455627,-0.567261,0.472412,0.974240,-0.086925,-0.059089,-36.199711,44.368679,31.538387
1732157944.665475,1732157944.667788,117.000000,0.000000,4297.179688,4279.487305,4313.205078,4295.128418,4281.922852,4283.077148,4333.333496,4399.358887,4294.487305,4278.846191,4474.230957,4513.077148,4343.461426,4414.230957,1606.000000,1.000000,22.000000,,,,0.000000,2.000000,2.000000,0.000000,4.000000,2.000000,2.000000,0.000000,0.000000,4.000000,4.000000,4.000000,4.000000,4.000000,4.000000,0.000000,,,,,,,,,,,,,,,,,,,,,,,,,,,,
1732157944.673283,1732157944.675796,118.000000,0.000000,4297.307617,4278.846191,4312.692383,4295.384766,4277.820313,4281.410156,4334.871582,4405.512695,4292.692383,4283.333496,4478.205078,4513.205078,4346.794922,4414.871582,1546.000000,1.000000,22.000000,,,,0.000000,2.000000,2.000000,0.000000,4.000000,2.000000,2.000000,0.000000,0.000000,4.000000,4.000000,4.000000,4.000000,4.000000,4.000000,0.000000,,,,,,,,,,,,,,,,,,,,,,,,,,,,
1732157944.681091,1732157944.683604,119.000000,0.000000,4297.179688,4279.358887,4311.666504,4294.743652,4273.077148,4279.487305,4335.000000,4405.000000,4294.487305,4283.717773,4478.589844,4513.333496,4347.179688,4415.641113,1566.000000,1.000000,22.000000,,,,0.000000,2.000000,2.000000,0.000000,4.000000,2.000000,2.000000,0.000000,0.000000,4.000000,4.000000,4.000000,4.000000,4.000000,4.000000,0.000000,,,,,,,,,,,,,,,,,,,,,,,,,,,,
1732157944.688899,1732157944.691512,120.000000,0.000000,4293.717773,4278.717773,4311.922852,4291.666504,4289.102539,4279.743652,4334.358887,4401.282227,4295.641113,4281.538574,4474.871582,4510.128418,4342.948730,4413.333496,1701.000000,1.000000,22.000000,,,,0.000000,2.000000,2.000000,0.000000,4.000000,2.000000,2.000000,0.000000,0.000000,4.000000,4.000000,4.000000,4.000000,4.000000,4.000000,0.000000,,,,,,,,,,,,,,,,,30.000000,0.000000,0.497553,0.455566,-0.567261,0.472351,0.974240,-0.086925,-0.059089,-36.066765,44.425297,31.594427
1732157944.696707,1732157944.699320,121.000000,0.000000,4293.589844,4277.948730,4313.717773,4292.051270,4298.333496,4281.538574,4334.487305,4398.333496,4292.307617,4280.128418,4475.000000,4508.589844,4342.563965,4411.666504,1606.000000,1.000000,22.000000,,,,0.000000,2.000000,2.000000,0.000000,4.000000,2.000000,2.000000,0.000000,0.000000,4.000000,4.000000,4.000000,4.000000,4.000000,4.000000,0.000000,,,,,,,,,,,,,,,,,,,,,,,,,,,,
1732157944.704516,1732157944.707328,122.000000,0.000000,4297.563965,4279.615234,4315.769043,4297.179688,4267.692383,4283.461426,4335.512695,4400.000000,4292.563965,4282.307617,4484.358887,4516.282227,4351.282227,4419.871582,1546.000000,1.000000,22.000000,,,,0.000000,2.000000,2.000000,0.000000,4.000000,2.000000,2.000000,0.000000,0.000000,4.000000,4.000000,4.000000,4.000000,4.000000,4.000000,0.000000,,,,,,,,,,,,,,,,,,,,,,,,,,,,
1732157944.712324,1732157944.715137,123.000000,0.000000,4298.589844,4281.410156,4314.230957,4298.077148,4260.000000,4281.794922,4335.769043,4405.512695,4299.230957,4286.410156,4489.102539,4523.717773,4351.666504,4427.563965,1566.000000,1.000000,22.000000,,,,0.000000,2.000000,2.000000,0.000000,4.000000,2.000000,2.000000,0.000000,0.000000,4.000000,4.000000,4.000000,4.000000,4.000000,4.000000,0.000000,,,,,,,,,,,,,,,,,,,,,,,,,,,,
1732157944.720132,1732157944.723045,124.000000,0.000000,4297.436035,4279.102539,4311.794922,4295.769043,4285.641113,4279.102539,4335.384766,4403.077148,4300.256348,4284.487305,4480.641113,4521.410156,4343.077148,4421.538574,1701.000000,1.000000,22.000000,,,,0.000000,2.000000,2.000000,0.000000,4.000000,2.000000,2.000000,0.000000,0.000000,4.000000,4.000000,4.000000,4.000000,4.000000,4.000000,0.000000,,,,,,,,,,,,,,,,,31.000000,0.000000,0.497409,0.455750,-0.567139,0.472473,0.971310,-0.089366,-0.053229,-36.257412,44.359489,31.489819
1732157944.727940,1732157944.730853,125.000000,0.000000,4297.179688,4278.077148,4310.769043,4297.051270,4277.948730,4280.769043,4335.769043,4396.922852,4293.461426,4280.000000,4474.615234,4519.871582,4344.871582,4413.333496,1606.000000,1.000000,22.000000,,,,0.000000,2.000000,2.000000,0.000000,4.000000,2.000000,2.000000,0.000000,0.000000,4.000000,4.000000,4.000000,4.000000,4.000000,4.000000,0.000000,,,,,,,,,,,,,,,,,,,,,,,,,,,,
1732157944.735749,1732157944.738861,126.000000,0.000000,4295.897461,4281.153809,4312.436035,4297.820313,4253.333496,4283.077148,4335.897461,4399.358887,4290.256348,4280.000000,4477.563965,4520.897461,4347.820313,4413.461426,1546.000000,1.000000,22.000000,,,,0.000000,2.000000,2.000000,0.000000,4.000000,2.000000,2.000000,0.000000,0.000000,4.000000,4.000000,4.000000,4.000000,4.000000,4.000000,0.000000,,,,,,,,,,,,,,,,,,,,,,,,,,,,
1732157944.743557,1732157944.746669,127.000000,0.000000,4293.974121,4278.205078,4312.820313,4294.743652,4263.846191,4282.307617,4335.000000,4403.205078,4294.871582,4282.051270,4476.282227,4514.230957,4342.436035,4414.230957,22.000000,1.000000,22.000000,,,,0.000000,2.000000,2.000000,0.000000,4.000000,2.000000,2.000000,0.000000,0.000000,4.000000,4.000000,4.000000,4.000000,4.000000,4.000000,0.000000,,,,,,,,,,,,,,,,,,,,,,,,,,,,
1732157944.751365,1732157944.754577,0.000000,0.000000,4294.871582,4273.589844,4310.897461,4293.333496,4281.666504,4282.051270,4334.743652,4403.077148,4296.794922,4280.769043,4471.922852,4509.358887,4340.128418,4413.077148,0.000000,1.000000,22.000000,,,,0.000000,2.000000,2.000000,0.000000,4.000000,2.000000,2.000000,0.000000,0.000000,4.000000,4.000000,4.000000,4.000000,4.000000,4.000000,0.000000,,,,,,,,,,,,,,,,,0.000000,0.000000,0.497528,0.455505,-0.567383,0.472290,0.970822,-0.084971,-0.054694,-36.416840,44.409519,31.588421
1732157944.759174,1732157944.762385,1.000000,0.000000,4296.153809,4281.025879,4311.794922,4299.487305,4277.692383,4282.948730,4335.128418,4404.871582,4294.487305,4279.743652,4475.384766,4513.333496,4342.179688,4414.358887,1606.000000,1.000000,22.000000,,,,0.000000,2.000000,2.000000,0.000000,4.000000,2.000000,2.000000,0.000000,0.000000,4.000000,4.000000,4.000000,4.000000,4.000000,4.000000,0.000000,,,,,,,,,,,,,,,,,,,,,,,,,,,,
1732157944.766982,1732157944.770393,2.000000,0.000000,4297.436035,4288.589844,4316.282227,4306.538574,4275.256348,4282.307617,4334.871582,4405.128418,4295.769043,4282.051270,4479.358887,4515.384766,4342.948730,4414.230957,1366.000000,1.000000,22.000000,,,,0.000000,2.000000,2.000000,0.000000,4.000000,2.000000,2.000000,0.000000,0.000000,4.000000,4.000000,4.000000,4.000000,4.000000,4.000000,0.000000,,,,,,,,,,,,,,,,,,,,,,,,,,,,
1732157944.774790,1732157944.778202,3.000000,0.000000,4297.692383,4284.358887,4316.025879,4303.333496,4290.769043,4280.384766,4335.256348,4401.282227,4294.487305,4281.410156,4476.794922,4511.410156,4342.051270,4413.205078,1421.000000,1.000000,22.000000,,,,0.000000,2.000000,2.000000,0.000000,4.000000,2.000000,2.000000,0.000000,0.000000,4.000000,4.000000,4.000000,4.000000,4.000000,4.000000,0.000000,,,,,,,,,,,,,,,,,,,,,,,,,,,,
1732157944.782598,1732157944.786110,4.000000,0.000000,4296.538574,4281.025879,4311.538574,4295.897461,4294.615234,4280.512695,4335.897461,4400.512695,4289.743652,4277.179688,4473.333496,4510.000000,4340.897461,4413.846191,1426.000000,1.000000,22.000000,,,,0.000000,2.000000,2.000000,0.000000,4.000000,2.000000,2.000000,0.000000,0.000000,4.000000,4.000000,4.000000,4.000000,4.000000,4.000000,0.000000,,,,,,,,,,,,,,,,,1.000000,0.000000,0.497441,0.455688,-0.567261,0.472351,0.972287,-0.076181,-0.057136,-36.339306,44.401711,31.711620
1732157944.790406,1732157944.793918,5.000000,0.000000,4298.974121,4283.717773,4311.410156,4296.282227,4269.615234,4282.436035,4335.897461,4400.128418,4291.410156,4276.922852,4477.179688,4510.641113,4341.025879,4415.384766,1210.000000,1.000000,22.000000,,,,0.000000,2.000000,2.000000,0.000000,4.000000,2.000000,2.000000,0.000000,0.000000,4.000000,4.000000,4.000000,4.000000,4.000000,4.000000,0.000000,,,,,,,,,,,,,,,,,,,,,,,,,,,,
1732157944.798215,1732157944.801526,6.000000,0.000000,4302.307617,4283.205078,4313.846191,4298.589844,4256.538574,4282.692383,4335.769043,4399.230957,4296.922852,4281.282227,4482.307617,4515.384766,4343.461426,4415.641113,0.000000,1.000000,22.000000,,,,0.000000,2.000000,2.000000,0.000000,4.000000,2.000000,2.000000,0.000000,0.000000,4.000000,4.000000,4.000000,4.000000,4.000000,4.000000,0.000000,,,,,,,,,,,,,,,,,,,,,,,,,,,,
1732157944.806023,1732157944.809335,7.000000,0.000000,4303.589844,4280.512695,4311.922852,4296.153809,4270.641113,4280.769043,4336.282227,4400.641113,4297.051270,4281.410156,4480.384766,4518.205078,4343.077148,4414.871582,0.000000,1.000000,22.000000,,,,0.000000,2.000000,2.000000,0.000000,4.000000,2.000000,2.000000,0.000000,0.000000,4.000000,4.000000,4.000000,4.000000,4.000000,4.000000,0.000000,,,,,,,,,,,,,,,,,,,,,,,,,,,,
1732157944.813831,1732157944.817043,8.000000,0.000000,4302.948730,4281.410156,4312.051270,4296.153809,4268.589844,4279.487305,4336.794922,4401.922852,4298.589844,4281.282227,4476.794922,4514.487305,4342.820313,4414.743652,1529.000000,1.000000,22.000000,,,,0.000000,2.000000,2.000000,0.000000,4.000000,2.000000,2.000000,0.000000,0.000000,4.000000,4.000000,4.000000,4.000000,4.000000,4.000000,0.000000,,,,,,,,,,,,,,,,,2.000000,0.000000,0.497497,0.455627,-0.567261,0.472351,0.971310,-0.094250,-0.071298,-36.179836,44.357052,31.639746
1732157944.821639,1732157944.824851,9.000000,0.000000,4300.384766,4282.563965,4317.051270,4296.666504,4259.871582,4280.512695,4336.794922,4401.410156,4296.282227,4282.051270,4476.410156,4512.051270,4342.436035,4414.743652,1681.000000,1.000000,22.000000,,,,0.000000,2.000000,2.000000,0.000000,4.000000,2.000000,2.000000,0.000000,0.000000,4.000000,4.000000,4.000000,4.000000,4.000000,4.000000,0.000000,,,,,,,,,,,,,,,,,,,,,,,,,,,,
1732157944.829448,1732157944.832459,10.000000,0.000000,4297.307617,4280.384766,4315.512695,4293.333496,4280.512695,4280.256348,4336.153809,4399.487305,4283.333496,4278.717773,4476.025879,4510.641113,4339.358887,4413.974121,1546.000000,1.000000,22.000000,,,,0.000000,2.000000,2.000000,0.000000,4.000000,2.000000,2.000000,0.000000,0.000000,4.000000,4.000000,4.000000,4.000000,4.000000,4.000000,0.000000,,,,,,,,,,,,,,,,,,,,,,,,,,,,
1732157944.837256,1732157944.840268,11.000000,0.000000,4296.538574,4278.589844,4310.512695,4294.102539,4287.692383,4278.333496,4336.410156,4400.000000,4280.512695,4276.794922,4476.922852,4506.666504,4338.589844,4416.282227,1566.000000,1.000000,22.000000,,,,0.000000,2.000000,2.000000,0.000000,4.000000,2.000000,2.000000,0.000000,0.000000,4.000000,4.000000,4.000000,4.000000,4.000000,4.000000,0.000000,,,,,,,,,,,,,,,,,,,,,,,,,,,,
1732157944.845064,1732157944.848176,12.000000,0.000000,4296.794922,4280.256348,4312.051270,4297.307617,4262.563965,4277.307617,4336.538574,4402.307617,4292.436035,4279.230957,4482.051270,4506.410156,4342.436035,4419.102539,1701.000000,1.000000,22.000000,,,,0.000000,2.000000,2.000000,0.000000,4.000000,2.000000,2.000000,0.000000,0.000000,4.000000,4.000000,4.000000,4.000000,4.000000,4.000000,0.000000,,,,,,,,,,,,,,,,,3.000000,0.000000,0.497351,0.455750,-0.567139,0.472534,0.974240,-0.071786,-0.060554,-36.117336,44.437546,31.531527
1732157944.852872,1732157944.855984,13.000000,0.000000,4294.871582,4281.153809,4315.641113,4295.256348,4254.743652,4278.333496,4334.615234,4401.410156,4298.974121,4283.589844,4483.461426,4515.641113,4344.487305,4416.666504,1608.000000,1.000000,22.000000,,,,0.000000,2.000000,2.000000,0.000000,4.000000,2.000000,2.000000,0.000000,0.000000,4.000000,4.000000,4.000000,4.000000,4.000000,4.000000,0.000000,,,,,,,,,,,,,,,,,,,,,,,,,,,,
1732157944.860681,1732157944.863592,14.000000,0.000000,4293.717773,4279.615234,4311.666504,4292.307617,4266.538574,4280.512695,4333.333496,4401.410156,4296.282227,4286.410156,4478.717773,4518.717773,4342.307617,4412.692383,1546.000000,1.000000,22.000000,,,,0.000000,2.000000,2.000000,0.000000,4.000000,2.000000,2.000000,0.000000,0.000000,4.000000,4.000000,4.000000,4.000000,4.000000,4.000000,0.000000,1.000000,0.000000,2.000000,1.000000,0.000000,1.000000,2.000000,0.000000,0.000000,0.000000,1.000000,4.000000,1.000000,4.000000,1.000000,4.000000,,,,,,,,,,,,
1732157944.868489,1732157944.871401,15.000000,0.000000,4294.487305,4281.666504,4309.230957,4294.358887,4267.820313,4279.871582,4333.974121,4403.974121,4296.538574,4284.871582,4476.410156,4509.102539,4341.410156,4411.922852,1566.000000,1.000000,22.000000,,,,0.000000,2.000000,2.000000,0.000000,4.000000,2.000000,2.000000,0.000000,0.000000,4.000000,4.000000,4.000000,4.000000,4.000000,4.000000,0.000000,,,,,,,,,,,,,,,,,,,,,,,,,,,,
1732157944.876297,1732157944.879109,16.000000,0.000000,4294.230957,4283.461426,4312.692383,4295.897461,4270.256348,4278.333496,4334.743652,4402.820313,4297.436035,4281.538574,4477.436035,4505.256348,4342.307617,4411.666504,0.000000,1.000000,22.000000,,,,0.000000,2.000000,2.000000,0.000000,4.000000,2.000000,2.000000,0.000000,0.000000,4.000000,4.000000,4.000000,4.000000,4.000000,4.000000,0.000000,,,,,,,,,,,,,,,,,4.000000,0.000000,0.497425,0.455566,-0.567322,0.472412,0.978147,-0.075204,-0.064949,-36.176708,44.557747,31.565536
1732157944.884105,1732157944.886917,17.000000,0.000000,4293.077148,4281.153809,4312.820313,4295.128418,4279.615234,4279.615234,4335.512695,4401.538574,4295.897461,4281.410156,4477.820313,4514.102539,4343.077148,4411.922852,0.000000,1.000000,22.000000,,,,0.000000,2.000000,2.000000,0.000000,4.000000,2.000000,2.000000,0.000000,0.000000,4.000000,4.000000,4.000000,4.000000,4.000000,4.000000,0.000000,,,,,,,,,,,,,,,,,,,,,,,,,,,,
1732157944.891914,1732157944.894526,18.000000,0.000000,4295.512695,4283.589844,4311.410156,4298.077148,4276.794922,4282.051270,4335.384766,4404.487305,4297.436035,4284.230957,4477.436035,4519.615234,4342.948730,4413.589844,0.000000,1.000000,22.000000,,,,0.000000,2.000000,2.000000,0.000000,4.000000,2.000000,2.000000,0.000000,0.000000,4.000000,4.000000,4.000000,4.000000,4.000000,4.000000,0.000000,,,,,,,,,,,,,,,,,,,,,,,,,,,,
1732157944.899722,1732157944.902334,19.000000,0.000000,4298.974121,4286.410156,4313.589844,4300.512695,4282.179688,4281.153809,4334.102539,4403.974121,4296.538574,4283.077148,4475.897461,4513.333496,4341.153809,4412.948730,0.000000,1.000000,22.000000,,,,0.000000,2.000000,2.000000,0.000000,4.000000,2.000000,2.000000,0.000000,0.000000,4.000000,4.000000,4.000000,4.000000,4.000000,4.000000,0.000000,,,,,,,,,,,,,,,,,,,,,,,,,,,,
1732157944.907530,1732157944.910242,20.000000,0.000000,4296.410156,4286.025879,4314.743652,4300.256348,4291.025879,4280.256348,4334.743652,4399.871582,4290.769043,4279.230957,4475.641113,4508.205078,4342.436035,4411.282227,0.000000,1.000000,22.000000,,,,0.000000,2.000000,2.000000,0.000000,4.000000,2.000000,2.000000,0.000000,0.000000,4.000000,4.000000,4.000000,4.000000,4.000000,4.000000,0.000000,,,,,,,,,,,,,,,,,5.000000,0.000000,0.497425,0.455566,-0.567322,0.472412,0.974728,-0.078623,-0.059578,-36.314800,44.490108,31.593084
1732157944.915338,1732157944.918050,21.000000,0.000000,4295.512695,4286.794922,4312.051270,4300.000000,4275.000000,4282.051270,4336.410156,4400.512695,4292.436035,4281.794922,4475.384766,4516.666504,4343.333496,4412.436035,0.000000,1.000000,22.000000,,,,0.000000,2.000000,2.000000,0.000000,4.000000,2.000000,2.000000,0.000000,0.000000,4.000000,4.000000,4.000000,4.000000,4.000000,4.000000,0.000000,,,,,,,,,,,,,,,,,,,,,,,,,,,,
1732157944.923147,1732157944.925659,22.000000,0.000000,4298.589844,4285.897461,4310.000000,4299.615234,4259.615234,4283.461426,4336.282227,4401.794922,4302.948730,4294.230957,4477.948730,4522.307617,4338.846191,4413.333496,0.000000,1.000000,22.000000,,,,0.000000,2.000000,2.000000,0.000000,4.000000,2.000000,2.000000,0.000000,0.000000,4.000000,4.000000,4.000000,4.000000,4.000000,4.000000,0.000000,,,,,,,,,,,,,,,,,,,,,,,,,,,,
1732157944.930955,1732157944.933467,23.000000,0.000000,4297.820313,4282.692383,4310.769043,4296.153809,4263.077148,4280.897461,4335.769043,4403.589844,4303.589844,4298.205078,4485.384766,4514.615234,4343.333496,4413.205078,0.000000,1.000000,22.000000,,,,0.000000,2.000000,2.000000,0.000000,4.000000,2.000000,2.000000,0.000000,0.000000,4.000000,4.000000,4.000000,4.000000,4.000000,4.000000,0.000000,,,,,,,,,,,,,,,,,,,,,,,,,,,,
1732157944.938763,1732157944.941175,24.000000,0.000000,4295.000000,4280.897461,4314.358887,4293.077148,4269.487305,4276.153809,4336.153809,4406.666504,4292.948730,4284.230957,4485.256348,4514.102539,4352.307617,4416.282227,0.000000,1.000000,22.000000,,,,0.000000,2.000000,2.000000,0.000000,4.000000,2.000000,2.000000,0.000000,0.000000,4.000000,4.000000,4.000000,4.000000,4.000000,4.000000,0.000000,,,,,,,,,,,,,,,,,6.000000,0.000000,0.497444,0.455444,-0.567505,0.472290,0.974728,-0.087413,-0.051764,-36.264988,44.621986,31.812065
1732157944.946571,1732157944.948983,25.000000,0.000000,4295.128418,4279.743652,4316.922852,4292.179688,4269.358887,4280.384766,4336.153809,4405.641113,4291.025879,4278.333496,4476.666504,4521.282227,4348.205078,4419.358887,0.000000,1.000000,22.000000,,,,0.000000,2.000000,2.000000,0.000000,4.000000,2.000000,2.000000,0.000000,0.000000,4.000000,4.000000,4.000000,4.000000,4.000000,4.000000,0.000000,,,,,,,,,,,,,,,,,,,,,,,,,,,,
1732157944.954380,1732157944.956592,26.000000,0.000000,4293.974121,4278.205078,4314.102539,4286.794922,4276.922852,4289.102539,4336.025879,4405.512695,4297.436035,4283.717773,4473.974121,4517.563965,4340.000000,4416.025879,0.000000,1.000000,22.000000,,,,0.000000,2.000000,2.000000,0.000000,4.000000,2.000000,2.000000,0.000000,0.000000,4.000000,4.000000,4.000000,4.000000,4.000000,4.000000,0.000000,,,,,,,,,,,,,,,,,,,,,,,,,,,,
1732157944.962188,1732157944.964400,27.000000,0.000000,4291.538574,4280.128418,4312.307617,4278.205078,4292.179688,4285.384766,4336.025879,4407.051270,4296.153809,4280.897461,4475.128418,4508.461426,4340.512695,4411.153809,0.000000,1.000000,22.000000,,,,0.000000,2.000000,2.000000,0.000000,4.000000,2.000000,2.000000,0.000000,0.000000,4.000000,4.000000,4.000000,4.000000,4.000000,4.000000,0.000000,,,,,,,,,,,,,,,,,,,,,,,,,,,,
1732157944.969996,1732157944.972108,28.000000,0.000000,4293.333496,4280.897461,4314.358887,4281.666504,4281.282227,4276.153809,4336.025879,4402.948730,4292.179688,4278.077148,4474.871582,4507.563965,4344.102539,4411.666504,0.000000,1.000000,22.000000,,,,0.000000,2.000000,2.000000,0.000000,4.000000,2.000000,2.000000,0.000000,0.000000,4.000000,4.000000,4.000000,4.000000,4.000000,4.000000,0.000000,,,,,,,,,,,,,,,,,7.000000,0.000000,0.497519,0.455261,-0.567688,0.472168,0.975217,-0.088390,-0.059578,-36.302975,44.622143,31.807774
1732157944.977804,1732157944.979916,29.000000,0.000000,4295.512695,4278.333496,4314.743652,4291.025879,4258.333496,4276.794922,4336.025879,4398.333496,4294.871582,4283.333496,4478.205078,4508.461426,4346.410156,4415.128418,0.000000,1.000000,22.000000,,,,0.000000,2.000000,2.000000,0.000000,4.000000,2.000000,2.000000,0.000000,0.000000,4.000000,4.000000,4.000000,4.000000,4.000000,4.000000,0.000000,,,,,,,,,,,,,,,,,,,,,,,,,,,,
1732157944.985613,1732157944.987525,30.000000,0.000000,4295.384766,4277.692383,4312.820313,4289.743652,4269.487305,4279.743652,4336.025879,4404.743652,4295.897461,4283.846191,4479.358887,4506.410156,4346.025879,4415.000000,0.000000,1.000000,22.000000,,,,0.000000,2.000000,2.000000,0.000000,4.000000,2.000000,2.000000,0.000000,0.000000,4.000000,4.000000,4.000000,4.000000,4.000000,4.000000,0.000000,,,,,,,,,,,,,,,,,,,,,,,,,,,,
1732157944.993421,1732157944.995333,31.000000,0.000000,4295.769043,4280.128418,4309.615234,4292.051270,4284.615234,4278.589844,4336.025879,4409.230957,4292.948730,4283.077148,4474.615234,4505.512695,4341.922852,4411.794922,0.000000,1.000000,22.000000,,,,0.000000,2.000000,2.000000,0.000000,4.000000,2.000000,2.000000,0.000000,0.000000,4.000000,4.000000,4.000000,4.000000,4.000000,4.000000,0.000000,,,,,,,,,,,,,,,,,,,,,,,,,,,,
1732157945.001229,1732157945.003241,32.000000,0.000000,4296.025879,4281.794922,4310.512695,4301.922852,4266.922852,4280.000000,4336.025879,4403.846191,4293.974121,4286.282227,4474.230957,4506.025879,4342.436035,4411.666504,0.000000,1.000000,22.000000,,,,0.000000,2.000000,2.000000,0.000000,4.000000,2.000000,2.000000,0.000000,0.000000,4.000000,4.000000,4.000000,4.000000,4.000000,4.000000,0.000000,,,,,,,,,,,,,,,,,8.000000,0.000000,0.497488,0.455383,-0.567566,0.472229,0.966915,-0.069833,-0.056159,-36.415409,44.555603,31.654297
1732157945.009037,1732157945.011049,33.000000,0.000000,4294.743652,4279.615234,4313.589844,4298.974121,4258.077148,4281.794922,4336.025879,4400.000000,4300.641113,4284.871582,4475.769043,4510.384766,4344.230957,4412.179688,0.000000,1.000000,22.000000,,,,0.000000,2.000000,2.000000,0.000000,4.000000,2.000000,2.000000,0.000000,0.000000,4.000000,4.000000,4.000000,4.000000,4.000000,4.000000,0.000000,,,,,,,,,,,,,,,,,,,,,,,,,,,,
1732157945.016846,1732157945.019057,34.000000,0.000000,4292.563965,4277.179688,4312.436035,4290.641113,4269.230957,4279.871582,4336.025879,4401.922852,4303.205078,4283.333496,4476.922852,4510.128418,4342.179688,4410.256348,0.000000,1.000000,22.000000,,,,0.000000,2.000000,2.000000,0.000000,4.000000,2.000000,2.000000,0.000000,0.000000,4.000000,4.000000,4.000000,4.000000,4.000000,4.000000,0.000000,,,,,,,,,,,,,,,,,,,,,,,,,,,,
1732157945.024654,1732157945.026866,35.000000,0.000000,4291.538574,4278.333496,4310.256348,4292.563965,4268.461426,4279.871582,4336.025879,4403.333496,4297.436035,4285.256348,4478.846191,4506.922852,4341.666504,4411.153809,0.000000,1.000000,22.000000,,,,0.000000,2.000000,2.000000,0.000000,4.000000,2.000000,2.000000,0.000000,0.000000,4.000000,4.000000,4.000000,4.000000,4.000000,4.000000,0.000000,,,,,,,,,,,,,,,,,,,,,,,,,,,,
1732157945.032462,1732157945.034774,36.000000,0.000000,4293.205078,4277.436035,4311.025879,4292.436035,4277.051270,4279.615234,4336.025879,4403.846191,4292.051270,4282.307617,4478.205078,4506.025879,4342.179688,4414.743652,0.000000,1.000000,22.000000,,,,0.000000,2.000000,2.000000,0.000000,4.000000,2.000000,2.000000,0.000000,0.000000,4.000000,4.000000,4.000000,4.000000,4.000000,4.000000,0.000000,,,,,,,,,,,,,,,,,9.000000,0.000000,0.497516,0.455505,-0.567444,0.472229,0.966915,-0.069833,-0.056159,-36.336479,44.576706,31.529980
1732157945.040270,1732157945.042582,37.000000,0.000000,4296.282227,4278.717773,4312.179688,4289.871582,4286.794922,4280.128418,4336.025879,4404.871582,4297.563965,4281.538574,4475.384766,4502.307617,4342.179688,4417.051270,0.000000,1.000000,22.000000,,,,0.000000,2.000000,2.000000,0.000000,4.000000,2.000000,2.000000,0.000000,0.000000,4.000000,4.000000,4.000000,4.000000,4.000000,4.000000,0.000000,,,,,,,,,,,,,,,,,,,,,,,,,,,,
1732157945.048079,1732157945.050590,38.000000,0.000000,4291.025879,4279.615234,4312.179688,4292.179688,4270.128418,4283.846191,4336.025879,4404.358887,4303.333496,4286.282227,4475.000000,4497.051270,4342.051270,4416.282227,0.000000,1.000000,22.000000,,,,0.000000,2.000000,2.000000,0.000000,4.000000,2.000000,2.000000,0.000000,0.000000,4.000000,4.000000,4.000000,4.000000,4.000000,4.000000,0.000000,,,,,,,,,,,,,,,,,,,,,,,,,,,,
1732157945.055887,1732157945.058398,39.000000,0.000000,4283.974121,4272.692383,4313.205078,4291.922852,4257.051270,4283.717773,4336.025879,4403.205078,4297.436035,4284.487305,4476.538574,4498.077148,4341.410156,4412.307617,0.000000,1.000000,22.000000,,,,0.000000,2.000000,2.000000,0.000000,4.000000,2.000000,2.000000,0.000000,0.000000,4.000000,4.000000,4.000000,4.000000,4.000000,4.000000,0.000000,,,,,,,,,,,,,,,,,,,,,,,,,,,,
1732157945.063695,1732157945.066306,40.000000,0.000000,4288.846191,4271.025879,4312.563965,4292.179688,4262.436035,4278.717773,4336.025879,4403.461426,4292.307617,4280.128418,4475.769043,4504.487305,4339.871582,4410.897461,0.000000,1.000000,22.000000,,,,0.000000,2.000000,2.000000,0.000000,4.000000,2.000000,2.000000,0.000000,0.000000,4.000000,4.000000,4.000000,4.000000,4.000000,4.000000,0.000000,,,,,,,,,,,,,,,,,10.000000,0.000000,0.497397,0.455750,-0.567200,0.472412,0.979123,-0.085460,-0.052741,-36.289215,44.615463,31.409285
1732157945.071503,1732157945.074114,41.000000,0.000000,4296.025879,4278.205078,4312.563965,4291.666504,4266.282227,4278.846191,4336.025879,4404.871582,4295.641113,4281.282227,4475.512695,4508.717773,4339.743652,4414.615234,0.000000,1.000000,22.000000,,,,0.000000,2.000000,2.000000,0.000000,4.000000,2.000000,2.000000,0.000000,0.000000,4.000000,4.000000,4.000000,4.000000,4.000000,4.000000,0.000000,,,,,,,,,,,,,,,,,,,,,,,,,,,,
1732157945.079311,1732157945.082122,42.000000,0.000000,4295.384766,4280.256348,4312.948730,4289.615234,4267.436035,4280.512695,4336.025879,4405.641113,4297.948730,4282.820313,4478.333496,4514.102539,4342.051270,4417.307617,0.000000,1.000000,22.000000,,,,0.000000,2.000000,2.000000,0.000000,4.000000,2.000000,2.000000,0.000000,0.000000,4.000000,4.000000,4.000000,4.000000,4.000000,4.000000,0.000000,,,,,,,,,,,,,,,,,,,,,,,,,,,,
1732157945.087120,1732157945.089931,43.000000,0.000000,4293.974121,4277.820313,4312.179688,4292.948730,4272.820313,4278.333496,4336.025879,4405.000000,4294.615234,4280.128418,4479.230957,4520.897461,4340.641113,4416.282227,0.000000,1.000000,22.000000,,,,0.000000,2.000000,2.000000,0.000000,4.000000,2.000000,2.000000,0.000000,0.000000,4.000000,4.000000,4.000000,4.000000,4.000000,4.000000,0.000000,,,,,,,,,,,,,,,,,,,,,,,,,,,,
1732157945.094928,1732157945.097839,44.000000,0.000000,4296.153809,4279.871582,4312.692383,4298.717773,4272.820313,4279.487305,4336.025879,4402.948730,4297.436035,4279.487305,4478.205078,4520.000000,4336.922852,4416.282227,0.000000,1.000000,22.000000,,,,0.000000,2.000000,2.000000,0.000000,4.000000,2.000000,2.000000,0.000000,0.000000,4.000000,4.000000,4.000000,4.000000,4.000000,4.000000,0.000000,,,,,,,,,,,,,,,,,11.000000,0.000000,0.497353,0.455811,-0.567139,0.472473,0.974728,-0.080088,-0.055671,-36.450932,44.446857,31.211519
1732157945.102736,1732157945.105647,45.000000,0.000000,4296.153809,4281.410156,4313.205078,4295.384766,4282.179688,4282.820313,4336.025879,4401.410156,4302.051270,4281.666504,4477.436035,4517.436035,4335.641113,4414.615234,0.000000,1.000000,22.000000,,,,0.000000,2.000000,2.000000,0.000000,4.000000,2.000000,2.000000,0.000000,0.000000,4.000000,4.000000,4.000000,4.000000,4.000000,4.000000,0.000000,,,,,,,,,,,,,,,,,,,,,,,,,,,,
1732157945.110545,1732157945.113655,46.000000,0.000000,4295.897461,4280.128418,4312.307617,4291.666504,4297.436035,4279.743652,4336.025879,4402.307617,4298.077148,4279.743652,4476.922852,4516.794922,4336.025879,4412.307617,0.000000,1.000000,22.000000,,,,0.000000,2.000000,2.000000,0.000000,4.000000,2.000000,2.000000,0.000000,0.000000,4.000000,4.000000,4.000000,4.000000,4.000000,4.000000,0.000000,,,,,,,,,,,,,,,,,,,,,,,,,,,,
1732157945.118353,1732157945.121463,47.000000,0.000000,4297.692383,4281.282227,4311.794922,4296.153809,4282.820313,4278.974121,4336.025879,4404.615234,4294.230957,4280.128418,4476.410156,4512.436035,4334.743652,4413.333496,0.000000,1.000000,22.000000,,,,0.000000,2.000000,2.000000,0.000000,4.000000,2.000000,2.000000,0.000000,0.000000,4.000000,4.000000,4.000000,4.000000,4.000000,4.000000,0.000000,,,,,,,,,,,,,,,,,,,,,,,,,,,,
1732157945.126161,1732157945.129371,48.000000,0.000000,4289.487305,4278.205078,4311.410156,4291.666504,4259.102539,4286.282227,4336.025879,4402.563965,4297.179688,4288.205078,4475.256348,4505.000000,4334.230957,4411.922852,0.000000,1.000000,22.000000,,,,0.000000,2.000000,2.000000,0.000000,4.000000,2.000000,2.000000,0.000000,0.000000,4.000000,4.000000,4.000000,4.000000,4.000000,4.000000,0.000000,,,,,,,,,,,,,,,,,12.000000,0.000000,0.497397,0.455750,-0.567200,0.472412,0.974728,-0.080088,-0.055671,-36.300255,44.261955,31.314665
1732157945.133969,1732157945.137179,49.000000,0.000000,4280.641113,4272.820313,4312.179688,4281.538574,4262.436035,4289.358887,4336.025879,4399.487305,4300.000000,4293.461426,4473.205078,4503.846191,4334.615234,4409.230957,0.000000,1.000000,22.000000,,,,0.000000,2.000000,2.000000,0.000000,4.000000,2.000000,2.000000,0.000000,0.000000,4.000000,4.000000,4.000000,4.000000,4.000000,4.000000,0.000000,,,,,,,,,,,,,,,,,,,,,,,,,,,,
1732157945.141778,1732157945.145187,50.000000,0.000000,4287.307617,4275.256348,4311.538574,4286.666504,4275.128418,4283.205078,4336.025879,4400.384766,4297.563965,4291.922852,4473.717773,4507.820313,4335.256348,4411.282227,0.000000,1.000000,22.000000,,,,0.000000,2.000000,2.000000,0.000000,4.000000,2.000000,2.000000,0.000000,0.000000,4.000000,4.000000,4.000000,4.000000,4.000000,4.000000,0.000000,,,,,,,,,,,,,,,,,,,,,,,,,,,,
1732157945.149586,1732157945.152996,51.000000,0.000000,4296.666504,4280.384766,4311.153809,4297.692383,4276.282227,4282.948730,4336.025879,4401.153809,4297.563965,4293.205078,4477.948730,4509.230957,4339.615234,4413.077148,0.000000,1.000000,22.000000,,,,0.000000,2.000000,2.000000,0.000000,4.000000,2.000000,2.000000,0.000000,0.000000,4.000000,4.000000,4.000000,4.000000,4.000000,4.000000,0.000000,,,,,,,,,,,,,,,,,,,,,,,,,,,,
1732157945.157394,1732157945.160904,52.000000,0.000000,4290.769043,4280.384766,4312.948730,4296.153809,4282.692383,4293.205078,4336.025879,4400.641113,4301.922852,4297.436035,4478.974121,4508.846191,4340.384766,4410.384766,0.000000,1.000000,22.000000,,,,0.000000,2.000000,2.000000,0.000000,4.000000,2.000000,2.000000,0.000000,0.000000,4.000000,4.000000,4.000000,4.000000,4.000000,4.000000,0.000000,,,,,,,,,,,,,,,,,13.000000,0.000000,0.497530,0.455566,-0.567383,0.472229,0.967892,-0.079600,-0.047857,-36.308205,44.315517,31.506544
1732157945.165202,1732157945.168712,53.000000,0.000000,4284.230957,4279.230957,4312.948730,4293.589844,4286.153809,4293.846191,4336.025879,4401.922852,4303.589844,4292.948730,4476.282227,4505.128418,4335.128418,4409.487305,0.000000,1.000000,22.000000,,,,0.000000,2.000000,2.000000,0.000000,4.000000,2.000000,2.000000,0.000000,0.000000,4.000000,4.000000,4.000000,4.000000,4.000000,4.000000,0.000000,,,,,,,,,,,,,,,,,,,,,,,,,,,,
1732157945.173010,1732157945.176720,54.000000,0.000000,4289.615234,4280.000000,4310.128418,4298.077148,4280.384766,4286.410156,4336.025879,4404.358887,4300.000000,4288.589844,4476.794922,4505.000000,4332.692383,4412.692383,0.000000,1.000000,22.000000,,,,0.000000,2.000000,2.000000,0.000000,4.000000,2.000000,2.000000,0.000000,0.000000,4.000000,4.000000,4.000000,4.000000,4.000000,4.000000,0.000000,,,,,,,,,,,,,,,,,,,,,,,,,,,,
1732157945.180819,1732157945.184528,55.000000,0.000000,4293.077148,4279.487305,4310.256348,4297.051270,4292.179688,4284.358887,4336.025879,4403.589844,4295.512695,4288.333496,4477.692383,4509.230957,4337.563965,4413.205078,0.000000,1.000000,22.000000,,,,0.000000,2.000000,2.000000,0.000000,4.000000,2.000000,2.000000,0.000000,0.000000,4.000000,4.000000,4.000000,4.000000,4.000000,4.000000,0.000000,,,,,,,,,,,,,,,,,,,,,,,,,,,,
1732157945.188627,1732157945.192236,56.000000,0.000000,4293.846191,4279.871582,4313.333496,4294.871582,4298.846191,4283.589844,4336.025879,4401.410156,4294.358887,4285.256348,4476.922852,4509.230957,4342.179688,4412.436035,0.000000,1.000000,22.000000,,,,0.000000,2.000000,2.000000,0.000000,4.000000,2.000000,2.000000,0.000000,0.000000,4.000000,4.000000,4.000000,4.000000,4.000000,4.000000,0.000000,,,,,,,,,,,,,,,,,14.000000,0.000000,0.497487,0.455688,-0.567322,0.472229,0.970822,-0.087901,-0.055671,-36.147980,44.458904,31.561968
1732157945.196435,1732157945.200045,57.000000,0.000000,4295.641113,4282.051270,4312.948730,4297.948730,4276.794922,4280.641113,4336.025879,4401.025879,4293.846191,4284.487305,4476.282227,4506.153809,4341.282227,4412.948730,0.000000,1.000000,22.000000,,,,0.000000,2.000000,2.000000,0.000000,4.000000,2.000000,2.000000,0.000000,0.000000,4.000000,4.000000,4.000000,4.000000,4.000000,4.000000,0.000000,,,,,,,,,,,,,,,,,,,,,,,,,,,,
1732157945.204244,1732157945.207653,58.000000,0.000000,4294.358887,4281.794922,4312.436035,4298.846191,4263.461426,4283.589844,4336.025879,4402.563965,4296.410156,4290.000000,4475.384766,4506.410156,4339.871582,4414.358887,0.000000,1.000000,22.000000,,,,0.000000,2.000000,2.000000,0.000000,4.000000,2.000000,2.000000,0.000000,0.000000,4.000000,4.000000,4.000000,4.000000,4.000000,4.000000,0.000000,,,,,,,,,,,,,,,,,,,,,,,,,,,,
1732157945.212052,1732157945.215461,59.000000,0.000000,4292.051270,4280.769043,4312.692383,4296.666504,4278.077148,4292.179688,4336.025879,4402.307617,4303.846191,4295.641113,4475.897461,4507.179688,4342.307617,4416.282227,0.000000,1.000000,22.000000,,,,0.000000,2.000000,2.000000,0.000000,4.000000,2.000000,2.000000,0.000000,0.000000,4.000000,4.000000,4.000000,4.000000,4.000000,4.000000,0.000000,,,,,,,,,,,,,,,,,,,,,,,,,,,,
1732157945.219860,1732157945.223170,60.000000,0.000000,4295.000000,4281.922852,4312.563965,4295.512695,4283.589844,4296.025879,4336.025879,4401.025879,4308.205078,4296.410156,4479.230957,4506.282227,4345.769043,4417.051270,0.000000,1.000000,22.000000,,,,0.000000,2.000000,2.000000,0.000000,4.000000,2.000000,2.000000,0.000000,0.000000,4.000000,4.000000,4.000000,4.000000,4.000000,4.000000,0.000000,,,,,,,,,,,,,,,,,15.000000,0.000000,0.497487,0.455688,-0.567322,0.472229,0.976682,-0.095715,-0.060554,-36.119865,44.340046,31.518528
1732157945.227668,1732157945.230978,61.000000,0.000000,4292.692383,4280.897461,4312.179688,4296.410156,4277.436035,4291.410156,4336.025879,4402.692383,4304.230957,4294.358887,4478.205078,4507.051270,4339.871582,4415.128418,0.000000,1.000000,22.000000,,,,0.000000,2.000000,2.000000,0.000000,4.000000,2.000000,2.000000,0.000000,0.000000,4.000000,4.000000,4.000000,4.000000,4.000000,4.000000,0.000000,,,,,,,,,,,,,,,,,,,,,,,,,,,,
1732157945.235477,1732157945.238586,62.000000,0.000000,4283.589844,4275.897461,4311.410156,4296.025879,4284.102539,4285.897461,4336.025879,4403.974121,4299.871582,4292.179688,4475.641113,4507.051270,4331.153809,4413.974121,0.000000,1.000000,22.000000,,,,0.000000,2.000000,2.000000,0.000000,4.000000,2.000000,2.000000,0.000000,0.000000,4.000000,4.000000,4.000000,4.000000,4.000000,4.000000,0.000000,,,,,,,,,,,,,,,,,,,,,,,,,,,,
1732157945.243285,1732157945.246394,63.000000,0.000000,4287.307617,4273.846191,4311.410156,4295.000000,4284.487305,4286.153809,4336.025879,4402.051270,4307.563965,4293.846191,4483.205078,4506.666504,4335.769043,4415.128418,0.000000,1.000000,22.000000,,,,0.000000,2.000000,2.000000,0.000000,4.000000,2.000000,2.000000,0.000000,0.000000,4.000000,4.000000,4.000000,4.000000,4.000000,4.000000,0.000000,,,,,,,,,,,,,,,,,,,,,,,,,,,,
1732157945.251093,1732157945.254103,64.000000,0.000000,4295.256348,4278.461426,4311.410156,4294.102539,4278.461426,4288.077148,4336.025879,4401.282227,4311.410156,4297.051270,4488.461426,4509.102539,4345.000000,4414.358887,0.000000,1.000000,22.000000,,,,0.000000,2.000000,2.000000,0.000000,4.000000,2.000000,2.000000,0.000000,0.000000,4.000000,4.000000,4.000000,4.000000,4.000000,4.000000,0.000000,,,,,,,,,,,,,,,,,16.000000,0.000000,0.497441,0.455688,-0.567261,0.472351,0.979612,-0.094738,-0.055671,-35.938755,44.465435,31.641674
1732157945.258901,1732157945.261911,65.000000,0.000000,4293.461426,4281.282227,4310.897461,4294.102539,4292.563965,4282.692383,4336.025879,4401.922852,4299.871582,4294.615234,4485.641113,4509.358887,4348.717773,4414.487305,1606.000000,1.000000,22.000000,,,,0.000000,2.000000,2.000000,0.000000,4.000000,2.000000,2.000000,0.000000,0.000000,4.000000,4.000000,4.000000,4.000000,4.000000,4.000000,0.000000,,,,,,,,,,,,,,,,,,,,,,,,,,,,
1732157945.266709,1732157945.269519,66.000000,0.000000,4291.922852,4279.615234,4311.282227,4295.897461,4301.794922,4279.743652,4336.025879,4401.153809,4290.000000,4291.666504,4486.538574,4509.102539,4347.563965,4418.461426,1366.000000,1.000000,22.000000,,,,0.000000,2.000000,2.000000,0.000000,4.000000,2.000000,2.000000,0.000000,0.000000,4.000000,4.000000,4.000000,4.000000,4.000000,4.000000,0.000000,,,,,,,,,,,,,,,,,,,,,,,,,,,,
1732157945.274518,1732157945.277328,67.000000,0.000000,4295.128418,4279.230957,4310.512695,4296.025879,4280.769043,4284.871582,4336.025879,4400.256348,4295.641113,4290.769043,4487.948730,4511.025879,4346.794922,4420.256348,1421.000000,1.000000,22.000000,,,,0.000000,2.000000,2.000000,0.000000,4.000000,2.000000,2.000000,0.000000,0.000000,4.000000,4.000000,4.000000,4.000000,4.000000,4.000000,0.000000,,,,,,,,,,,,,,,,,,,,,,,,,,,,
1732157945.282326,1732157945.285036,68.000000,0.000000,4292.948730,4279.358887,4310.256348,4294.358887,4260.769043,4287.307617,4336.025879,4400.512695,4305.897461,4296.025879,4488.717773,4511.410156,4348.333496,4420.641113,1427.000000,1.000000,22.000000,,,,0.000000,2.000000,2.000000,0.000000,4.000000,2.000000,2.000000,0.000000,0.000000,4.000000,4.000000,4.000000,4.000000,4.000000,4.000000,0.000000,,,,,,,,,,,,,,,,,17.000000,0.000000,0.497341,0.455811,-0.567200,0.472412,0.970822,-0.080088,-0.055671,-36.082058,44.555336,31.518089
1732157945.290134,1732157945.292844,69.000000,0.000000,4286.666504,4279.358887,4311.794922,4293.589844,4275.000000,4281.153809,4336.025879,4401.153809,4303.974121,4296.410156,4488.333496,4510.641113,4351.922852,4420.384766,1210.000000,1.000000,22.000000,,,,0.000000,2.000000,2.000000,0.000000,4.000000,2.000000,2.000000,0.000000,0.000000,4.000000,4.000000,4.000000,4.000000,4.000000,4.000000,0.000000,,,,,,,,,,,,,,,,,,,,,,,,,,,,
1732157945.297943,1732157945.300453,70.000000,0.000000,4281.153809,4279.615234,4310.128418,4293.077148,4292.563965,4279.743652,4336.025879,4402.436035,4294.615234,4286.666504,4481.410156,4508.846191,4349.743652,4414.743652,0.000000,1.000000,22.000000,,,,0.000000,2.000000,2.000000,0.000000,4.000000,2.000000,2.000000,0.000000,0.000000,4.000000,4.000000,4.000000,4.000000,4.000000,4.000000,0.000000,,,,,,,,,,,,,,,,,,,,,,,,,,,,
1732157945.305751,1732157945.308261,71.000000,0.000000,4281.922852,4279.871582,4307.948730,4295.256348,4284.358887,4286.025879,4336.025879,4403.717773,4294.487305,4285.641113,4478.846191,4506.666504,4344.487305,4411.666504,0.000000,1.000000,22.000000,,,,0.000000,2.000000,2.000000,0.000000,4.000000,2.000000,2.000000,0.000000,0.000000,4.000000,4.000000,4.000000,4.000000,4.000000,4.000000,0.000000,,,,,,,,,,,,,,,,,,,,,,,,,,,,
1732157945.313559,1732157945.315969,72.000000,0.000000,4290.641113,4281.794922,4312.307617,4300.000000,4271.025879,4285.384766,4336.025879,4403.717773,4301.282227,4292.820313,4486.666504,4508.333496,4347.820313,4418.077148,1529.000000,1.000000,22.000000,,,,0.000000,2.000000,2.000000,0.000000,4.000000,2.000000,2.000000,0.000000,0.000000,4.000000,4.000000,4.000000,4.000000,4.000000,4.000000,0.000000,,,,,,,,,,,,,,,,,18.000000,0.000000,0.497501,0.455750,-0.567261,0.472229,0.965938,-0.070321,-0.060554,-36.054802,44.619823,31.421318
1732157945.321367,1732157945.323777,73.000000,0.000000,4293.461426,4281.153809,4315.256348,4300.000000,4269.743652,4281.282227,4336.025879,4403.717773,4301.666504,4294.871582,4490.256348,4511.538574,4352.820313,4422.051270,1683.000000,1.000000,22.000000,,,,0.000000,2.000000,2.000000,0.000000,4.000000,2.000000,2.000000,0.000000,0.000000,4.000000,4.000000,4.000000,4.000000,4.000000,4.000000,0.000000,,,,,,,,,,,,,,,,,,,,,,,,,,,,
1732157945.329176,1732157945.331785,74.000000,0.000000,4289.743652,4279.230957,4311.538574,4294.743652,4286.410156,4284.487305,4336.025879,4403.333496,4296.538574,4290.256348,4485.128418,4510.000000,4350.897461,4417.563965,1546.000000,1.000000,22.000000,,,,0.000000,2.000000,2.000000,0.000000,4.000000,2.000000,2.000000,0.000000,0.000000,4.000000,4.000000,4.000000,4.000000,4.000000,4.000000,0.000000,,,,,,,,,,,,,,,,,,,,,,,,,,,,
1732157945.336984,1732157945.339593,75.000000,0.000000,4291.666504,4281.153809,4311.410156,4295.512695,4300.641113,4285.000000,4336.025879,4401.794922,4296.410156,4287.307617,4481.538574,4506.025879,4348.846191,4417.563965,1566.000000,1.000000,22.000000,,,,0.000000,2.000000,2.000000,0.000000,4.000000,2.000000,2.000000,0.000000,0.000000,4.000000,4.000000,4.000000,4.000000,4.000000,4.000000,0.000000,,,,,,,,,,,,,,,,,,,,,,,,,,,,
1732157945.344792,1732157945.347502,76.000000,0.000000,4295.897461,4282.307617,4314.102539,4301.025879,4284.102539,4281.538574,4336.025879,4400.897461,4301.666504,4289.230957,4479.871582,4507.307617,4348.846191,4419.871582,1701.000000,1.000000,22.000000,,,,0.000000,2.000000,2.000000,0.000000,4.000000,2.000000,2.000000,0.000000,0.000000,4.000000,4.000000,4.000000,4.000000,4.000000,4.000000,0.000000,,,,,,,,,,,,,,,,,19.000000,0.000000,0.497457,0.455811,-0.567200,0.472290,0.977658,-0.080576,-0.067879,-36.159389,44.700390,31.446268
1732157945.352600,1732157945.355310,77.000000,0.000000,4291.025879,4280.384766,4312.436035,4300.128418,4260.384766,4281.538574,4336.025879,4400.512695,4302.948730,4288.461426,4477.563965,4514.230957,4345.897461,4418.846191,1604.000000,1.000000,22.000000,,,,0.000000,2.000000,2.000000,0.000000,4.000000,2.000000,2.000000,0.000000,0.000000,4.000000,4.000000,4.000000,4.000000,4.000000,4.000000,0.000000,,,,,,,,,,,,,,,,,,,,,,,,,,,,
1732157945.360408,1732157945.362918,78.000000,0.000000,4281.538574,4278.589844,4310.000000,4293.205078,4270.000000,4282.436035,4336.025879,4401.025879,4297.051270,4285.128418,4479.743652,4514.871582,4344.487305,4421.666504,1546.000000,1.000000,22.000000,,,,0.000000,2.000000,2.000000,0.000000,4.000000,2.000000,2.000000,0.000000,0.000000,4.000000,4.000000,4.000000,4.000000,4.000000,4.000000,0.000000,1.000000,0.000000,1.000000,1.000000,0.000000,1.000000,2.000000,0.000000,0.000000,0.000000,1.000000,4.000000,1.000000,4.000000,1.000000,1.000000,,,,,,,,,,,,
1732157945.368217,1732157945.370726,79.000000,0.000000,4280.769043,4276.025879,4312.436035,4291.410156,4280.641113,4278.333496,4336.025879,4401.666504,4292.948730,4285.512695,4486.538574,4510.769043,4349.743652,4427.820313,1566.000000,1.000000,22.000000,,,,0.000000,2.000000,2.000000,0.000000,4.000000,2.000000,2.000000,0.000000,0.000000,4.000000,4.000000,4.000000,4.000000,4.000000,4.000000,0.000000,,,,,,,,,,,,,,,,,,,,,,,,,,,,
1732157945.376025,1732157945.378435,80.000000,0.000000,4287.051270,4274.615234,4312.692383,4292.820313,4273.589844,4276.282227,4336.025879,4401.410156,4293.461426,4287.307617,4489.743652,4510.769043,4351.794922,4425.384766,1701.000000,1.000000,22.000000,,,,0.000000,2.000000,2.000000,0.000000,4.000000,2.000000,2.000000,0.000000,0.000000,4.000000,4.000000,4.000000,4.000000,4.000000,4.000000,0.000000,,,,,,,,,,,,,,,,,20.000000,0.000000,0.497559,0.455750,-0.567261,0.472168,0.983518,-0.071298,-0.050299,-36.090771,44.573982,31.511477
1732157945.383833,1732157945.386243,81.000000,0.000000,4289.358887,4273.589844,4310.000000,4287.051270,4287.820313,4277.051270,4336.025879,4400.641113,4293.077148,4280.769043,4483.974121,4513.461426,4350.384766,4421.410156,1604.000000,1.000000,22.000000,,,,0.000000,2.000000,2.000000,0.000000,4.000000,2.000000,2.000000,0.000000,0.000000,4.000000,4.000000,4.000000,4.000000,4.000000,4.000000,0.000000,,,,,,,,,,,,,,,,,,,,,,,,,,,,
1732157945.391642,1732157945.393851,82.000000,0.000000,4288.205078,4271.666504,4309.743652,4284.358887,4292.948730,4278.333496,4336.025879,4400.897461,4293.205078,4279.102539,4480.384766,4511.282227,4350.897461,4425.512695,1546.000000,1.000000,22.000000,,,,0.000000,2.000000,2.000000,0.000000,4.000000,2.000000,2.000000,0.000000,0.000000,4.000000,4.000000,4.000000,4.000000,4.000000,4.000000,0.000000,,,,,,,,,,,,,,,,,,,,,,,,,,,,
1732157945.399450,1732157945.401660,83.000000,0.000000,4290.000000,4274.358887,4312.051270,4293.077148,4264.487305,4280.512695,4336.025879,4402.307617,4294.871582,4288.974121,4480.256348,4511.794922,4351.538574,4427.436035,1566.000000,1.000000,22.000000,,,,0.000000,2.000000,2.000000,0.000000,4.000000,2.000000,2.000000,0.000000,0.000000,4.000000,4.000000,4.000000,4.000000,4.000000,4.000000,0.000000,,,,,,,,,,,,,,,,,,,,,,,,,,,,
1732157945.407258,1732157945.409368,84.000000,0.000000,4292.051270,4280.769043,4311.025879,4297.820313,4255.384766,4280.256348,4336.025879,4402.179688,4294.487305,4292.948730,4480.512695,4513.717773,4349.487305,4426.153809,1701.000000,1.000000,22.000000,,,,0.000000,2.000000,2.000000,0.000000,4.000000,2.000000,2.000000,0.000000,0.000000,4.000000,4.000000,4.000000,4.000000,4.000000,4.000000,0.000000,,,,,,,,,,,,,,,,,21.000000,0.000000,0.497780,0.455444,-0.567566,0.471863,0.963497,-0.081065,-0.053717,-35.956860,44.608257,31.660963
1732157945.415066,1732157945.417176,85.000000,0.000000,4292.436035,4280.641113,4308.589844,4293.205078,4276.153809,4280.128418,4336.025879,4401.794922,4296.410156,4290.769043,4487.051270,4512.563965,4348.974121,4427.307617,1604.000000,1.000000,22.000000,,,,0.000000,2.000000,2.000000,0.000000,4.000000,2.000000,2.000000,0.000000,0.000000,4.000000,4.000000,4.000000,4.000000,4.000000,4.000000,0.000000,,,,,,,,,,,,,,,,,,,,,,,,,,,,
1732157945.422875,1732157945.425184,86.000000,0.000000,4292.307617,4279.102539,4311.153809,4291.666504,4283.333496,4281.410156,4336.025879,4401.794922,4297.948730,4291.282227,4491.153809,4511.666504,4350.897461,4425.769043,1546.000000,1.000000,22.000000,,,,0.000000,2.000000,2.000000,0.000000,4.000000,2.000000,2.000000,0.000000,0.000000,4.000000,4.000000,4.000000,4.000000,4.000000,4.000000,0.000000,,,,,,,,,,,,,,,,,,,,,,,,,,,,
1732157945.430683,1732157945.432992,87.000000,0.000000,4292.820313,4281.666504,4312.307617,4296.666504,4274.615234,4282.948730,4336.025879,4401.538574,4297.051270,4294.358887,4488.846191,4514.871582,4351.922852,4424.487305,1566.000000,1.000000,22.000000,,,,0.000000,2.000000,2.000000,0.000000,4.000000,2.000000,2.000000,0.000000,0.000000,4.000000,4.000000,4.000000,4.000000,4.000000,4.000000,0.000000,,,,,,,,,,,,,,,,,,,,,,,,,,,,
1732157945.438491,1732157945.440900,88.000000,0.000000,4292.179688,4280.384766,4309.487305,4296.153809,4281.922852,4282.179688,4336.025879,4401.666504,4297.948730,4296.538574,4487.948730,4516.153809,4348.077148,4426.025879,1701.000000,1.000000,22.000000,,,,0.000000,2.000000,2.000000,0.000000,4.000000,2.000000,2.000000,0.000000,0.000000,4.000000,4.000000,4.000000,4.000000,4.000000,4.000000,0.000000,,,,,,,,,,,,,,,,,22.000000,0.000000,0.497836,0.455383,-0.567566,0.471863,0.963497,-0.081065,-0.053717,-35.726723,44.634357,31.712048
1732157945.446299,1732157945.448709,89.000000,0.000000,4290.641113,4277.563965,4309.487305,4291.794922,4293.589844,4279.615234,4336.025879,4401.410156,4298.333496,4292.820313,4488.077148,4508.333496,4345.897461,4425.897461,1604.000000,1.000000,22.000000,,,,0.000000,2.000000,2.000000,0.000000,4.000000,2.000000,2.000000,0.000000,0.000000,4.000000,4.000000,4.000000,4.000000,4.000000,4.000000,0.000000,,,,,,,,,,,,,,,,,,,,,,,,,,,,
1732157945.454107,1732157945.456717,90.000000,0.000000,4293.589844,4279.358887,4311.922852,4294.102539,4280.897461,4280.128418,4336.025879,4401.025879,4295.769043,4284.487305,4486.922852,4508.461426,4349.871582,4426.282227,1546.000000,1.000000,22.000000,,,,0.000000,2.000000,2.000000,0.000000,4.000000,2.000000,2.000000,0.000000,0.000000,4.000000,4.000000,4.000000,4.000000,4.000000,4.000000,0.000000,,,,,,,,,,,,,,,,,,,,,,,,,,,,
1732157945.461916,1732157945.464525,91.000000,0.000000,4298.461426,4282.307617,4310.256348,4300.000000,4259.871582,4281.794922,4336.025879,4401.666504,4295.256348,4281.538574,4489.871582,4519.487305,4351.282227,4430.000000,1566.000000,1.000000,22.000000,,,,0.000000,2.000000,2.000000,0.000000,4.000000,2.000000,2.000000,0.000000,0.000000,4.000000,4.000000,4.000000,4.000000,4.000000,4.000000,0.000000,,,,,,,,,,,,,,,,,,,,,,,,,,,,
1732157945.469724,1732157945.472433,92.000000,0.000000,4296.410156,4280.384766,4310.641113,4298.717773,4263.333496,4281.794922,4336.025879,4402.051270,4297.563965,4287.436035,4491.922852,4522.307617,4347.692383,4431.153809,1701.000000,1.000000,22.000000,,,,0.000000,2.000000,2.000000,0.000000,4.000000,2.000000,2.000000,0.000000,0.000000,4.000000,4.000000,4.000000,4.000000,4.000000,4.000000,0.000000,,,,,,,,,,,,,,,,,23.000000,0.000000,0.497866,0.455261,-0.567688,0.471802,0.972775,-0.080088,-0.055183,-35.556980,44.552162,31.553425
1732157945.477532,1732157945.480241,93.000000,0.000000,4293.717773,4277.436035,4313.846191,4294.230957,4275.769043,4281.410156,4336.025879,4401.410156,4297.307617,4289.743652,4489.358887,4519.487305,4347.436035,4430.769043,1604.000000,1.000000,22.000000,,,,0.000000,2.000000,2.000000,0.000000,4.000000,2.000000,2.000000,0.000000,0.000000,4.000000,4.000000,4.000000,4.000000,4.000000,4.000000,0.000000,,,,,,,,,,,,,,,,,,,,,,,,,,,,
1732157945.485340,1732157945.487850,94.000000,0.000000,4297.820313,4278.333496,4313.205078,4294.743652,4276.153809,4281.666504,4336.025879,4402.692383,4301.666504,4292.307617,4489.102539,4522.179688,4350.128418,4431.666504,1546.000000,1.000000,22.000000,,,,0.000000,2.000000,2.000000,0.000000,4.000000,2.000000,2.000000,0.000000,0.000000,4.000000,4.000000,4.000000,4.000000,4.000000,4.000000,0.000000,,,,,,,,,,,,,,,,,,,,,,,,,,,,
1732157945.493149,1732157945.495658,95.000000,0.000000,4297.563965,4279.743652,4311.282227,4298.846191,4280.128418,4281.922852,4336.025879,4404.615234,4310.128418,4297.307617,4491.666504,4524.358887,4351.410156,4431.282227,1566.000000,1.000000,22.000000,,,,0.000000,2.000000,2.000000,0.000000,4.000000,2.000000,2.000000,0.000000,0.000000,4.000000,4.000000,4.000000,4.000000,4.000000,4.000000,0.000000,,,,,,,,,,,,,,,,,,,,,,,,,,,,
1732157945.500957,1732157945.503566,96.000000,0.000000,4295.384766,4279.358887,4312.307617,4301.410156,4280.384766,4282.563965,4336.025879,4403.846191,4305.641113,4289.487305,4491.922852,4521.666504,4350.128418,4432.179688,1701.000000,1.000000,22.000000,,,,0.000000,2.000000,2.000000,0.000000,4.000000,2.000000,2.000000,0.000000,0.000000,4.000000,4.000000,4.000000,4.000000,4.000000,4.000000,0.000000,,,,,,,,,,,,,,,,,24.000000,0.000000,0.497794,0.455200,-0.567749,0.471863,0.987425,-0.089366,-0.060066,-35.586151,44.552250,31.391607
1732157945.508765,1732157945.511374,97.000000,0.000000,4294.615234,4278.974121,4311.282227,4297.692383,4279.743652,4283.461426,4336.025879,4403.333496,4297.948730,4281.153809,4486.794922,4516.153809,4345.128418,4427.948730,1604.000000,1.000000,22.000000,,,,0.000000,2.000000,2.000000,0.000000,4.000000,2.000000,2.000000,0.000000,0.000000,4.000000,4.000000,4.000000,4.000000,4.000000,4.000000,0.000000,,,,,,,,,,,,,,,,,,,,,,,,,,,,
1732157945.516574,1732157945.519382,98.000000,0.000000,4289.615234,4277.436035,4309.102539,4292.051270,4295.256348,4282.692383,4336.025879,4402.948730,4300.769043,4284.102539,4481.025879,4506.794922,4341.153809,4418.974121,1546.000000,1.000000,22.000000,,,,0.000000,2.000000,2.000000,0.000000,4.000000,2.000000,2.000000,0.000000,0.000000,4.000000,4.000000,4.000000,4.000000,4.000000,4.000000,0.000000,,,,,,,,,,,,,,,,,,,,,,,,,,,,
1732157945.524382,1732157945.527190,99.000000,0.000000,4288.205078,4275.128418,4310.384766,4295.128418,4292.563965,4281.153809,4336.025879,4402.307617,4305.128418,4286.025879,4483.205078,4510.128418,4345.384766,4421.282227,1566.000000,1.000000,22.000000,,,,0.000000,2.000000,2.000000,0.000000,4.000000,2.000000,2.000000,0.000000,0.000000,4.000000,4.000000,4.000000,4.000000,4.000000,4.000000,0.000000,,,,,,,,,,,,,,,,,,,,,,,,,,,,
1732157945.532190,1732157945.535098,100.000000,0.000000,4293.974121,4276.666504,4311.666504,4298.846191,4266.025879,4281.025879,4336.025879,4405.897461,4304.743652,4285.641113,4489.102539,4521.410156,4350.769043,4430.128418,1701.000000,1.000000,22.000000,,,,0.000000,2.000000,2.000000,0.000000,4.000000,2.000000,2.000000,0.000000,0.000000,4.000000,4.000000,4.000000,4.000000,4.000000,4.000000,0.000000,,,,,,,,,,,,,,,,,25.000000,0.000000,0.497836,0.455078,-0.567810,0.471863,0.972775,-0.083506,-0.067879,-35.759785,44.732323,31.430534
1732157945.539998,1732157945.542907,101.000000,0.000000,4296.153809,4280.128418,4310.000000,4294.615234,4256.025879,4281.538574,4336.025879,4406.282227,4301.410156,4284.871582,4487.820313,4521.794922,4350.000000,4428.077148,1604.000000,1.000000,22.000000,,,,0.000000,2.000000,2.000000,0.000000,4.000000,2.000000,2.000000,0.000000,0.000000,4.000000,4.000000,4.000000,4.000000,4.000000,4.000000,0.000000,,,,,,,,,,,,,,,,,,,,,,,,,,,,
1732157945.547806,1732157945.550915,102.000000,0.000000,4293.077148,4279.615234,4310.641113,4293.205078,4265.769043,4281.538574,4336.025879,4401.538574,4295.128418,4281.410156,4485.769043,4519.102539,4349.358887,4422.563965,1546.000000,1.000000,22.000000,,,,0.000000,2.000000,2.000000,0.000000,4.000000,2.000000,2.000000,0.000000,0.000000,4.000000,4.000000,4.000000,4.000000,4.000000,4.000000,0.000000,,,,,,,,,,,,,,,,,,,,,,,,,,,,
1732157945.555615,1732157945.558723,103.000000,0.000000,4293.461426,4277.948730,4310.897461,4294.615234,4272.692383,4281.153809,4336.025879,4402.307617,4294.871582,4279.743652,4489.358887,4520.512695,4348.974121,4424.615234,1566.000000,1.000000,22.000000,,,,0.000000,2.000000,2.000000,0.000000,4.000000,2.000000,2.000000,0.000000,0.000000,4.000000,4.000000,4.000000,4.000000,4.000000,4.000000,0.000000,,,,,,,,,,,,,,,,,,,,,,,,,,,,
1732157945.563423,1732157945.566631,104.000000,0.000000,4295.256348,4278.974121,4307.051270,4293.974121,4271.025879,4280.256348,4336.025879,4404.871582,4303.461426,4283.333496,4486.538574,4520.769043,4345.000000,4428.717773,1701.000000,1.000000,22.000000,,,,0.000000,2.000000,2.000000,0.000000,4.000000,2.000000,2.000000,0.000000,0.000000,4.000000,4.000000,4.000000,4.000000,4.000000,4.000000,0.000000,,,,,,,,,,,,,,,,,26.000000,0.000000,0.497723,0.455139,-0.567810,0.471924,0.963497,-0.080088,-0.054694,-35.647091,44.719849,31.412067
1732157945.571231,1732157945.574439,105.000000,0.000000,4291.922852,4278.333496,4306.538574,4294.102539,4270.897461,4278.205078,4336.025879,4402.307617,4299.615234,4281.666504,4479.230957,4516.922852,4342.051270,4426.794922,1604.000000,1.000000,22.000000,,,,0.000000,2.000000,2.000000,0.000000,4.000000,2.000000,2.000000,0.000000,0.000000,4.000000,4.000000,4.000000,4.000000,4.000000,4.000000,0.000000,,,,,,,,,,,,,,,,,,,,,,,,,,,,
1732157945.579039,1732157945.582048,106.000000,0.000000,4286.538574,4277.692383,4309.615234,4294.102539,4286.410156,4277.051270,4336.025879,4401.025879,4290.512695,4276.666504,4480.512695,4512.948730,4341.025879,4422.436035,1546.000000,1.000000,22.000000,,,,0.000000,2.000000,2.000000,0.000000,4.000000,2.000000,2.000000,0.000000,0.000000,4.000000,4.000000,4.000000,4.000000,4.000000,4.000000,0.000000,,,,,,,,,,,,,,,,,,,,,,,,,,,,
1732157945.586848,1732157945.589856,107.000000,0.000000,4286.025879,4280.128418,4311.153809,4292.692383,4293.461426,4278.974121,4336.025879,4403.077148,4301.410156,4282.692383,4488.333496,4516.410156,4343.974121,4424.743652,1566.000000,1.000000,22.000000,,,,0.000000,2.000000,2.000000,0.000000,4.000000,2.000000,2.000000,0.000000,0.000000,4.000000,4.000000,4.000000,4.000000,4.000000,4.000000,0.000000,,,,,,,,,,,,,,,,,,,,,,,,,,,,
1732157945.594656,1732157945.597564,108.000000,0.000000,4292.051270,4281.282227,4310.128418,4293.333496,4268.589844,4281.794922,4336.025879,4405.128418,4311.794922,4293.589844,4490.512695,4524.230957,4350.128418,4431.025879,1701.000000,1.000000,22.000000,,,,0.000000,2.000000,2.000000,0.000000,4.000000,2.000000,2.000000,0.000000,0.000000,4.000000,4.000000,4.000000,4.000000,4.000000,4.000000,0.000000,,,,,,,,,,,,,,,,,27.000000,0.000000,0.497521,0.455322,-0.567688,0.472107,0.984007,-0.091320,-0.060066,-35.869144,44.874744,31.432108
1732157945.602464,1732157945.605372,109.000000,0.000000,4295.641113,4280.512695,4308.717773,4295.641113,4256.922852,4281.922852,4336.025879,4407.436035,4302.179688,4289.871582,4483.333496,4523.589844,4349.615234,4430.641113,1604.000000,1.000000,22.000000,,,,0.000000,2.000000,2.000000,0.000000,4.000000,2.000000,2.000000,0.000000,0.000000,4.000000,4.000000,4.000000,4.000000,4.000000,4.000000,0.000000,,,,,,,,,,,,,,,,,,,,,,,,,,,,
1732157945.610273,1732157945.612981,110.000000,0.000000,4295.384766,4282.307617,4308.589844,4296.538574,4266.666504,4279.487305,4336.025879,4405.512695,4297.051270,4278.974121,4483.717773,4519.487305,4342.436035,4428.461426,1546.000000,1.000000,22.000000,,,,0.000000,2.000000,2.000000,0.000000,4.000000,2.000000,2.000000,0.000000,0.000000,4.000000,4.000000,4.000000,4.000000,4.000000,4.000000,0.000000,,,,,,,,,,,,,,,,,,,,,,,,,,,,
1732157945.618081,1732157945.620789,111.000000,0.000000,4294.743652,4282.051270,4310.769043,4296.794922,4265.384766,4278.589844,4336.025879,4400.512695,4302.692383,4281.025879,4486.794922,4521.666504,4342.307617,4430.512695,1566.000000,1.000000,22.000000,,,,0.000000,2.000000,2.000000,0.000000,4.000000,2.000000,2.000000,0.000000,0.000000,4.000000,4.000000,4.000000,4.000000,4.000000,4.000000,0.000000,,,,,,,,,,,,,,,,,,,,,,,,,,,,
1732157945.625889,1732157945.628697,112.000000,0.000000,4294.102539,4279.487305,4310.512695,4294.615234,4276.538574,4276.666504,4336.025879,4401.410156,4298.077148,4284.102539,4481.282227,4523.077148,4348.461426,4429.615234,1701.000000,1.000000,22.000000,,,,0.000000,2.000000,2.000000,0.000000,4.000000,2.000000,2.000000,0.000000,0.000000,4.000000,4.000000,4.000000,4.000000,4.000000,4.000000,0.000000,,,,,,,,,,,,,,,,,28.000000,0.000000,0.497765,0.455017,-0.567871,0.471924,0.964473,-0.083995,-0.058113,-36.139008,45.018543,31.441673
1732157945.633697,1732157945.636505,113.000000,0.000000,4298.461426,4280.256348,4308.333496,4296.025879,4286.666504,4272.307617,4336.025879,4407.563965,4292.436035,4280.769043,4481.410156,4524.102539,4348.461426,4429.230957,1604.000000,1.000000,22.000000,,,,0.000000,2.000000,2.000000,0.000000,4.000000,2.000000,2.000000,0.000000,0.000000,4.000000,4.000000,4.000000,4.000000,4.000000,4.000000,0.000000,,,,,,,,,,,,,,,,,,,,,,,,,,,,
1732157945.641505,1732157945.644114,114.000000,0.000000,4302.563965,4281.282227,4309.871582,4304.102539,4266.153809,4273.333496,4336.025879,4407.820313,4297.436035,4280.384766,4487.692383,4523.717773,4342.820313,4434.487305,1546.000000,1.000000,22.000000,,,,0.000000,2.000000,2.000000,0.000000,4.000000,2.000000,2.000000,0.000000,0.000000,4.000000,4.000000,4.000000,4.000000,4.000000,4.000000,0.000000,,,,,,,,,,,,,,,,,,,,,,,,,,,,
1732157945.649314,1732157945.651922,115.000000,0.000000,4299.230957,4279.102539,4312.436035,4303.589844,4256.922852,4278.589844,4336.025879,4403.461426,4297.948730,4279.102539,4481.410156,4513.717773,4339.487305,4432.948730,1566.000000,1.000000,22.000000,,,,0.000000,2.000000,2.000000,0.000000,4.000000,2.000000,2.000000,0.000000,0.000000,4.000000,4.000000,4.000000,4.000000,4.000000,4.000000,0.000000,,,,,,,,,,,,,,,,,,,,,,,,,,,,
1732157945.657122,1732157945.659630,116.000000,0.000000,4295.769043,4279.102539,4312.436035,4298.333496,4267.948730,4282.307617,4336.025879,4403.205078,4293.461426,4278.974121,4473.205078,4507.436035,4342.563965,4426.410156,1701.000000,1.000000,22.000000,,,,0.000000,2.000000,2.000000,0.000000,4.000000,2.000000,2.000000,0.000000,0.000000,4.000000,4.000000,4.000000,4.000000,4.000000,4.000000,0.000000,,,,,,,,,,,,,,,,,29.000000,0.000000,0.497721,0.455078,-0.567810,0.471985,0.981077,-0.078623,-0.058113,-36.105930,44.920021,31.506088
1732157945.664930,1732157945.667438,117.000000,0.000000,4296.282227,4281.153809,4310.769043,4300.256348,4274.102539,4281.538574,4336.025879,4402.948730,4292.436035,4279.102539,4476.922852,4510.000000,4343.974121,4426.666504,1604.000000,1.000000,22.000000,,,,0.000000,2.000000,2.000000,0.000000,4.000000,2.000000,2.000000,0.000000,0.000000,4.000000,4.000000,4.000000,4.000000,4.000000,4.000000,0.000000,,,,,,,,,,,,,,,,,,,,,,,,,,,,
1732157945.672738,1732157945.675446,118.000000,0.000000,4296.025879,4280.512695,4311.666504,4299.358887,4284.358887,4279.615234,4336.025879,4400.641113,4291.153809,4270.769043,4476.410156,4509.615234,4339.230957,4425.512695,1546.000000,1.000000,22.000000,,,,0.000000,2.000000,2.000000,0.000000,4.000000,2.000000,2.000000,0.000000,0.000000,4.000000,4.000000,4.000000,4.000000,4.000000,4.000000,0.000000,,,,,,,,,,,,,,,,,,,,,,,,,,,,
1732157945.680547,1732157945.683255,119.000000,0.000000,4290.512695,4278.846191,4311.538574,4293.461426,4285.000000,4285.384766,4336.025879,4400.384766,4292.307617,4268.717773,4470.512695,4505.128418,4334.358887,4416.153809,1566.000000,1.000000,22.000000,,,,0.000000,2.000000,2.000000,0.000000,4.000000,2.000000,2.000000,0.000000,0.000000,4.000000,4.000000,4.000000,4.000000,4.000000,4.000000,0.000000,,,,,,,,,,,,,,,,,,,,,,,,,,,,
1732157945.688355,1732157945.690963,120.000000,0.000000,4285.769043,4277.948730,4309.358887,4292.948730,4267.692383,4291.025879,4336.025879,4401.794922,4296.153809,4277.307617,4470.128418,4502.820313,4331.666504,4410.128418,1701.000000,1.000000,22.000000,,,,0.000000,2.000000,2.000000,0.000000,4.000000,2.000000,2.000000,0.000000,0.000000,4.000000,4.000000,4.000000,4.000000,4.000000,4.000000,0.000000,,,,,,,,,,,,,,,,,30.000000,0.000000,0.497461,0.455261,-0.567688,0.472229,0.966915,-0.087413,-0.057136,-36.212467,45.156883,31.599932
1732157945.696163,1732157945.698771,121.000000,0.000000,4287.179688,4277.436035,4308.974121,4296.666504,4263.205078,4283.974121,4336.025879,4401.666504,4295.641113,4279.871582,4473.077148,4505.128418,4335.897461,4413.333496,1604.000000,1.000000,22.000000,,,,0.000000,2.000000,2.000000,0.000000,4.000000,2.000000,2.000000,0.000000,0.000000,4.000000,4.000000,4.000000,4.000000,4.000000,4.000000,0.000000,,,,,,,,,,,,,,,,,,,,,,,,,,,,
1732157945.703972,1732157945.706379,122.000000,0.000000,4291.410156,4278.717773,4310.128418,4296.922852,4265.384766,4278.333496,4336.025879,4403.717773,4296.922852,4279.615234,4478.461426,4511.410156,4343.589844,4419.615234,1546.000000,1.000000,22.000000,,,,0.000000,2.000000,2.000000,0.000000,4.000000,2.000000,2.000000,0.000000,0.000000,4.000000,4.000000,4.000000,4.000000,4.000000,4.000000,0.000000,,,,,,,,,,,,,,,,,,,,,,,,,,,,
1732157945.711780,1732157945.714188,123.000000,0.000000,4292.948730,4281.025879,4309.487305,4296.666504,4269.743652,4283.461426,4336.025879,4403.333496,4302.179688,4282.179688,4479.358887,4512.692383,4344.871582,4424.743652,1566.000000,1.000000,22.000000,,,,0.000000,2.000000,2.000000,0.000000,4.000000,2.000000,2.000000,0.000000,0.000000,4.000000,4.000000,4.000000,4.000000,4.000000,4.000000,0.000000,,,,,,,,,,,,,,,,,,,,,,,,,,,,
1732157945.719588,1732157945.721896,124.000000,0.000000,4293.846191,4282.051270,4310.128418,4296.666504,4285.000000,4276.538574,4336.025879,4402.563965,4298.333496,4278.974121,4478.589844,4512.307617,4342.692383,4427.051270,1701.000000,1.000000,22.000000,,,,0.000000,2.000000,2.000000,0.000000,4.000000,2.000000,2.000000,0.000000,0.000000,4.000000,4.000000,4.000000,4.000000,4.000000,4.000000,0.000000,,,,,,,,,,,,,,,,,31.000000,0.000000,0.497473,0.455261,-0.567627,0.472290,0.984495,-0.084483,-0.057624,-36.263767,45.193741,31.577612
1732157945.727396,1732157945.729704,125.000000,0.000000,4296.282227,4282.307617,4312.307617,4297.051270,4275.512695,4264.871582,4336.025879,4405.000000,4295.384766,4279.102539,4481.922852,4515.897461,4343.589844,4427.692383,1604.000000,1.000000,22.000000,,,,0.000000,2.000000,2.000000,0.000000,4.000000,2.000000,2.000000,0.000000,0.000000,4.000000,4.000000,4.000000,4.000000,4.000000,4.000000,0.000000,,,,,,,,,,,,,,,,,,,,,,,,,,,,
1732157945.735204,1732157945.737313,126.000000,0.000000,4295.641113,4280.897461,4311.153809,4297.307617,4248.846191,4268.846191,4336.025879,4403.461426,4302.692383,4286.410156,4482.948730,4512.948730,4343.846191,4427.692383,1546.000000,1.000000,22.000000,,,,0.000000,2.000000,2.000000,0.000000,4.000000,2.000000,2.000000,0.000000,0.000000,4.000000,4.000000,4.000000,4.000000,4.000000,4.000000,0.000000,,,,,,,,,,,,,,,,,,,,,,,,,,,,
1732157945.743013,1732157945.745121,127.000000,0.000000,4295.897461,4279.871582,4306.922852,4296.282227,4254.871582,4278.333496,4336.025879,4399.615234,4303.717773,4284.102539,4480.641113,4505.384766,4344.230957,4426.410156,22.000000,1.000000,22.000000,,,,0.000000,2.000000,2.000000,0.000000,4.000000,2.000000,2.000000,0.000000,0.000000,4.000000,4.000000,4.000000,4.000000,4.000000,4.000000,0.000000,,,,,,,,,,,,,,,,,,,,,,,,,,,,
1732157945.750821,1732157945.753029,0.000000,0.000000,4297.179688,4281.922852,4306.922852,4297.179688,4271.153809,4281.538574,4336.025879,4401.410156,4297.051270,4279.487305,4480.512695,4510.256348,4348.589844,4427.436035,0.000000,1.000000,22.000000,,,,0.000000,2.000000,2.000000,0.000000,4.000000,2.000000,2.000000,0.000000,0.000000,4.000000,4.000000,4.000000,4.000000,4.000000,4.000000,0.000000,,,,,,,,,,,,,,,,,0.000000,0.000000,0.497477,0.455383,-0.567627,0.472168,0.972287,-0.071786,-0.057136,-36.178650,45.300262,31.599533
1732157945.758629,1732157945.760837,1.000000,0.000000,4296.153809,4282.307617,4312.179688,4297.692383,4271.538574,4280.256348,4336.025879,4404.743652,4296.153809,4281.794922,4480.000000,4515.897461,4350.256348,4426.666504,1604.000000,1.000000,22.000000,,,,0.000000,2.000000,2.000000,0.000000,4.000000,2.000000,2.000000,0.000000,0.000000,4.000000,4.000000,4.000000,4.000000,4.000000,4.000000,0.000000,,,,,,,,,,,,,,,,,,,,,,,,,,,,
1732157945.766437,1732157945.768845,2.000000,0.000000,4296.410156,4279.358887,4314.487305,4295.256348,4274.230957,4279.487305,4335.897461,4404.743652,4298.589844,4282.436035,4478.205078,4509.871582,4348.846191,4421.282227,1366.000000,1.000000,22.000000,,,,0.000000,2.000000,2.000000,0.000000,4.000000,2.000000,2.000000,0.000000,0.000000,4.000000,4.000000,4.000000,4.000000,4.000000,4.000000,0.000000,,,,,,,,,,,,,,,,,,,,,,,,,,,,
1732157945.774246,1732157945.776653,3.000000,0.000000,4296.153809,4278.846191,4310.897461,4296.025879,4276.538574,4281.025879,4335.897461,4402.307617,4298.205078,4281.666504,4478.589844,4507.436035,4352.436035,4420.000000,1417.000000,1.000000,22.000000,,,,0.000000,2.000000,2.000000,0.000000,4.000000,2.000000,2.000000,0.000000,0.000000,4.000000,4.000000,4.000000,4.000000,4.000000,4.000000,0.000000,,,,,,,,,,,,,,,,,,,,,,,,,,,,
1732157945.782054,1732157945.784561,4.000000,0.000000,4294.871582,4279.743652,4309.230957,4297.051270,4283.589844,4281.794922,4336.538574,4401.410156,4295.897461,4281.282227,4477.436035,4511.538574,4350.128418,4418.846191,1424.000000,1.000000,22.000000,,,,0.000000,2.000000,2.000000,0.000000,4.000000,2.000000,2.000000,0.000000,0.000000,4.000000,4.000000,4.000000,4.000000,4.000000,4.000000,0.000000,,,,,,,,,,,,,,,,,1.000000,0.000000,0.497635,0.455261,-0.567688,0.472046,0.979123,-0.089366,-0.057136,-36.176373,45.369881,31.897287
1732157945.789862,1732157945.792370,5.000000,0.000000,4293.333496,4278.974121,4311.410156,4296.410156,4292.436035,4279.102539,4335.641113,4403.205078,4297.948730,4281.666504,4475.384766,4508.077148,4343.333496,4413.077148,1210.000000,1.000000,22.000000,,,,0.000000,2.000000,2.000000,0.000000,4.000000,2.000000,2.000000,0.000000,0.000000,4.000000,4.000000,4.000000,4.000000,4.000000,4.000000,0.000000,,,,,,,,,,,,,,,,,,,,,,,,,,,,
1732157945.797670,1732157945.799978,6.000000,0.000000,4291.282227,4279.230957,4313.077148,4298.974121,4275.769043,4279.230957,4335.769043,4404.102539,4303.974121,4284.102539,4479.230957,4508.589844,4344.743652,4412.692383,0.000000,1.000000,22.000000,,,,0.000000,2.000000,2.000000,0.000000,4.000000,2.000000,2.000000,0.000000,0.000000,4.000000,4.000000,4.000000,4.000000,4.000000,4.000000,0.000000,,,,,,,,,,,,,,,,,,,,,,,,,,,,
1732157945.805479,1732157945.807786,7.000000,0.000000,4291.666504,4279.102539,4312.820313,4300.256348,4255.256348,4281.025879,4338.333496,4402.051270,4301.025879,4285.897461,4478.461426,4515.641113,4347.307617,4415.641113,0.000000,1.000000,22.000000,,,,0.000000,2.000000,2.000000,0.000000,4.000000,2.000000,2.000000,0.000000,0.000000,4.000000,4.000000,4.000000,4.000000,4.000000,4.000000,0.000000,,,,,,,,,,,,,,,,,,,,,,,,,,,,
1732157945.813287,1732157945.815495,8.000000,0.000000,4294.871582,4278.717773,4311.153809,4294.615234,4263.077148,4278.333496,4337.820313,4401.538574,4300.000000,4287.436035,4474.871582,4516.410156,4342.820313,4415.256348,1529.000000,1.000000,22.000000,,,,0.000000,2.000000,2.000000,0.000000,4.000000,2.000000,2.000000,0.000000,0.000000,4.000000,4.000000,4.000000,4.000000,4.000000,4.000000,0.000000,,,,,,,,,,,,,,,,,2.000000,0.000000,0.497577,0.455261,-0.567688,0.472107,0.973263,-0.073251,-0.048346,-36.086197,45.101269,31.833469
1732157945.821095,1732157945.823303,9.000000,0.000000,4295.000000,4279.358887,4310.128418,4293.205078,4267.692383,4276.666504,4334.487305,4403.974121,4313.205078,4295.128418,4483.461426,4517.051270,4342.051270,4417.563965,1683.000000,1.000000,22.000000,,,,0.000000,2.000000,2.000000,0.000000,4.000000,2.000000,2.000000,0.000000,0.000000,4.000000,4.000000,4.000000,4.000000,4.000000,4.000000,0.000000,,,,,,,,,,,,,,,,,,,,,,,,,,,,
1732157945.828903,1732157945.831311,10.000000,0.000000,4293.461426,4280.256348,4311.153809,4300.000000,4261.794922,4279.615234,4334.102539,4404.358887,4312.692383,4297.436035,4488.589844,4519.871582,4344.358887,4424.358887,1544.000000,1.000000,22.000000,,,,0.000000,2.000000,2.000000,0.000000,4.000000,2.000000,2.000000,0.000000,0.000000,4.000000,4.000000,4.000000,4.000000,4.000000,4.000000,0.000000,,,,,,,,,,,,,,,,,,,,,,,,,,,,
1732157945.836712,1732157945.839119,11.000000,0.000000,4295.512695,4279.743652,4313.077148,4301.922852,4278.974121,4281.282227,4336.538574,4401.410156,4294.615234,4284.358887,4477.436035,4515.384766,4342.820313,4424.743652,1566.000000,1.000000,22.000000,,,,0.000000,2.000000,2.000000,0.000000,4.000000,2.000000,2.000000,0.000000,0.000000,4.000000,4.000000,4.000000,4.000000,4.000000,4.000000,0.000000,,,,,,,,,,,,,,,,,,,,,,,,,,,,
1732157945.844520,1732157945.847027,12.000000,0.000000,4298.333496,4278.974121,4311.922852,4296.025879,4288.974121,4279.743652,4337.307617,4401.410156,4291.025879,4279.615234,4473.589844,4512.051270,4345.897461,4421.666504,1701.000000,1.000000,22.000000,,,,0.000000,2.000000,2.000000,0.000000,4.000000,2.000000,2.000000,0.000000,0.000000,4.000000,4.000000,4.000000,4.000000,4.000000,4.000000,0.000000,,,,,,,,,,,,,,,,,3.000000,0.000000,0.497384,0.455383,-0.567505,0.472412,0.974728,-0.073739,-0.060066,-35.981487,44.983696,31.756777
1732157945.852328,1732157945.854835,13.000000,0.000000,4299.230957,4279.102539,4310.384766,4295.769043,4268.333496,4280.897461,4336.410156,4405.641113,4298.589844,4291.922852,4482.820313,4517.692383,4350.000000,4423.974121,1601.000000,1.000000,22.000000,,,,0.000000,2.000000,2.000000,0.000000,4.000000,2.000000,2.000000,0.000000,0.000000,4.000000,4.000000,4.000000,4.000000,4.000000,4.000000,0.000000,,,,,,,,,,,,,,,,,,,,,,,,,,,,
1732157945.860136,1732157945.862843,14.000000,0.000000,4296.538574,4280.256348,4310.512695,4301.922852,4259.487305,4282.307617,4334.743652,4406.153809,4297.820313,4295.897461,4481.666504,4518.077148,4345.512695,4422.436035,1544.000000,1.000000,22.000000,,,,0.000000,2.000000,2.000000,0.000000,4.000000,2.000000,2.000000,0.000000,0.000000,4.000000,4.000000,4.000000,4.000000,4.000000,4.000000,0.000000,1.000000,0.000000,1.000000,0.000000,0.000000,0.000000,2.000000,0.000000,0.000000,0.000000,1.000000,4.000000,1.000000,4.000000,1.000000,1.000000,,,,,,,,,,,,
1732157945.867945,1732157945.870652,15.000000,0.000000,4294.743652,4279.743652,4312.436035,4302.563965,4269.871582,4278.589844,4333.205078,4405.000000,4295.256348,4287.563965,4475.641113,4513.974121,4341.922852,4417.563965,1566.000000,1.000000,22.000000,,,,0.000000,2.000000,2.000000,0.000000,4.000000,2.000000,2.000000,0.000000,0.000000,4.000000,4.000000,4.000000,4.000000,4.000000,4.000000,0.000000,,,,,,,,,,,,,,,,,,,,,,,,,,,,
1732157945.875753,1732157945.878560,16.000000,0.000000,4299.871582,4278.589844,4312.563965,4300.256348,4271.410156,4277.436035,4334.102539,4404.743652,4295.512695,4288.205078,4478.333496,4514.230957,4345.000000,4417.948730,0.000000,1.000000,22.000000,,,,0.000000,2.000000,2.000000,0.000000,4.000000,2.000000,2.000000,0.000000,0.000000,4.000000,4.000000,4.000000,4.000000,4.000000,4.000000,0.000000,,,,,,,,,,,,,,,,,4.000000,0.000000,0.497326,0.455383,-0.567505,0.472473,0.974728,-0.073739,-0.060066,-35.953335,45.113461,31.581324
1732157945.883561,1732157945.886368,17.000000,0.000000,4301.410156,4280.641113,4311.666504,4300.641113,4279.102539,4279.871582,4334.615234,4402.563965,4295.128418,4295.256348,4479.358887,4514.871582,4344.871582,4418.717773,0.000000,1.000000,22.000000,,,,0.000000,2.000000,2.000000,0.000000,4.000000,2.000000,2.000000,0.000000,0.000000,4.000000,4.000000,4.000000,4.000000,4.000000,4.000000,0.000000,,,,,,,,,,,,,,,,,,,,,,,,,,,,
1732157945.891369,1732157945.894376,18.000000,0.000000,4296.410156,4280.641113,4311.922852,4297.436035,4291.666504,4278.461426,4334.743652,4400.000000,4299.358887,4295.384766,4478.077148,4514.230957,4344.358887,4416.153809,0.000000,1.000000,22.000000,,,,0.000000,2.000000,2.000000,0.000000,4.000000,2.000000,2.000000,0.000000,0.000000,4.000000,4.000000,4.000000,4.000000,4.000000,4.000000,0.000000,,,,,,,,,,,,,,,,,,,,,,,,,,,,
1732157945.899178,1732157945.902184,19.000000,0.000000,4293.205078,4277.948730,4312.051270,4292.563965,4274.615234,4276.794922,4335.384766,4402.820313,4306.410156,4295.384766,4478.461426,4511.538574,4348.461426,4414.358887,0.000000,1.000000,22.000000,,,,0.000000,2.000000,2.000000,0.000000,4.000000,2.000000,2.000000,0.000000,0.000000,4.000000,4.000000,4.000000,4.000000,4.000000,4.000000,0.000000,,,,,,,,,,,,,,,,,,,,,,,,,,,,
1732157945.906986,1732157945.910092,20.000000,0.000000,4287.948730,4277.948730,4311.025879,4292.948730,4254.743652,4279.487305,4336.410156,4404.743652,4307.692383,4297.179688,4477.051270,4508.846191,4346.538574,4413.333496,0.000000,1.000000,22.000000,,,,0.000000,2.000000,2.000000,0.000000,4.000000,2.000000,2.000000,0.000000,0.000000,4.000000,4.000000,4.000000,4.000000,4.000000,4.000000,0.000000,,,,,,,,,,,,,,,,,5.000000,0.000000,0.497352,0.455444,-0.567383,0.472534,0.971798,-0.087901,-0.058601,-36.057201,45.000237,31.495871
1732157945.914794,1732157945.917900,21.000000,0.000000,4282.051270,4275.512695,4310.384766,4292.563965,4264.743652,4281.410156,4336.666504,4400.769043,4303.461426,4294.871582,4474.871582,4504.487305,4340.256348,4410.512695,0.000000,1.000000,22.000000,,,,0.000000,2.000000,2.000000,0.000000,4.000000,2.000000,2.000000,0.000000,0.000000,4.000000,4.000000,4.000000,4.000000,4.000000,4.000000,0.000000,,,,,,,,,,,,,,,,,,,,,,,,,,,,
1732157945.922602,1732157945.925908,22.000000,0.000000,4288.717773,4272.436035,4311.282227,4291.410156,4280.000000,4280.641113,4336.410156,4401.282227,4299.615234,4292.820313,4475.256348,4503.589844,4343.077148,4412.307617,0.000000,1.000000,22.000000,,,,0.000000,2.000000,2.000000,0.000000,4.000000,2.000000,2.000000,0.000000,0.000000,4.000000,4.000000,4.000000,4.000000,4.000000,4.000000,0.000000,,,,,,,,,,,,,,,,,,,,,,,,,,,,
1732157945.930411,1732157945.933717,23.000000,0.000000,4293.589844,4276.025879,4310.769043,4294.487305,4277.436035,4281.025879,4335.512695,4405.128418,4296.153809,4293.461426,4476.922852,4505.641113,4349.743652,4414.743652,0.000000,1.000000,22.000000,,,,0.000000,2.000000,2.000000,0.000000,4.000000,2.000000,2.000000,0.000000,0.000000,4.000000,4.000000,4.000000,4.000000,4.000000,4.000000,0.000000,,,,,,,,,,,,,,,,,,,,,,,,,,,,
1732157945.938219,1732157945.941625,24.000000,0.000000,4286.666504,4280.512695,4310.256348,4294.358887,4277.948730,4282.436035,4334.358887,4403.205078,4297.307617,4293.077148,4479.487305,4507.563965,4350.641113,4416.666504,0.000000,1.000000,22.000000,,,,0.000000,2.000000,2.000000,0.000000,4.000000,2.000000,2.000000,0.000000,0.000000,4.000000,4.000000,4.000000,4.000000,4.000000,4.000000,0.000000,,,,,,,,,,,,,,,,,6.000000,0.000000,0.497004,0.455811,-0.567139,0.472839,0.956171,-0.083995,-0.060066,-36.007999,45.208523,31.393322
1732157945.946027,1732157945.949433,25.000000,0.000000,4287.051270,4279.358887,4311.538574,4293.077148,4295.512695,4282.307617,4334.743652,4400.256348,4306.282227,4294.230957,4478.205078,4506.538574,4349.102539,4420.641113,0.000000,1.000000,22.000000,,,,0.000000,2.000000,2.000000,0.000000,4.000000,2.000000,2.000000,0.000000,0.000000,4.000000,4.000000,4.000000,4.000000,4.000000,4.000000,0.000000,,,,,,,,,,,,,,,,,,,,,,,,,,,,
1732157945.953835,1732157945.957041,26.000000,0.000000,4294.487305,4279.871582,4311.025879,4296.153809,4293.846191,4280.512695,4335.897461,4404.358887,4315.128418,4298.077148,4479.615234,4506.922852,4349.871582,4423.461426,0.000000,1.000000,22.000000,,,,0.000000,2.000000,2.000000,0.000000,4.000000,2.000000,2.000000,0.000000,0.000000,4.000000,4.000000,4.000000,4.000000,4.000000,4.000000,0.000000,,,,,,,,,,,,,,,,,,,,,,,,,,,,
1732157945.961644,1732157945.964850,27.000000,0.000000,4293.205078,4282.563965,4310.000000,4300.256348,4266.282227,4280.897461,4335.897461,4407.179688,4311.025879,4297.563965,4486.794922,4507.179688,4351.282227,4419.871582,0.000000,1.000000,22.000000,,,,0.000000,2.000000,2.000000,0.000000,4.000000,2.000000,2.000000,0.000000,0.000000,4.000000,4.000000,4.000000,4.000000,4.000000,4.000000,0.000000,,,,,,,,,,,,,,,,,,,,,,,,,,,,
1732157945.969452,1732157945.972558,28.000000,0.000000,4290.769043,4282.436035,4311.153809,4303.333496,4260.769043,4282.179688,4334.487305,4402.051270,4301.410156,4293.333496,4486.282227,4505.000000,4348.717773,4417.307617,0.000000,1.000000,22.000000,,,,0.000000,2.000000,2.000000,0.000000,4.000000,2.000000,2.000000,0.000000,0.000000,4.000000,4.000000,4.000000,4.000000,4.000000,4.000000,0.000000,,,,,,,,,,,,,,,,,7.000000,0.000000,0.497004,0.455811,-0.567139,0.472839,0.956171,-0.083995,-0.060066,-35.981480,45.172237,31.276924
1732157945.977260,1732157945.980366,29.000000,0.000000,4296.282227,4282.563965,4310.897461,4304.102539,4274.230957,4280.641113,4334.358887,4400.000000,4298.589844,4294.743652,4479.871582,4505.897461,4343.461426,4420.512695,0.000000,1.000000,22.000000,,,,0.000000,2.000000,2.000000,0.000000,4.000000,2.000000,2.000000,0.000000,0.000000,4.000000,4.000000,4.000000,4.000000,4.000000,4.000000,0.000000,,,,,,,,,,,,,,,,,,,,,,,,,,,,
1732157945.985068,1732157945.988374,30.000000,0.000000,4296.794922,4281.025879,4310.000000,4299.358887,4277.436035,4282.179688,4335.897461,4404.102539,4299.230957,4292.692383,4479.615234,4506.794922,4342.307617,4419.102539,0.000000,1.000000,22.000000,,,,0.000000,2.000000,2.000000,0.000000,4.000000,2.000000,2.000000,0.000000,0.000000,4.000000,4.000000,4.000000,4.000000,4.000000,4.000000,0.000000,,,,,,,,,,,,,,,,,,,,,,,,,,,,
1732157945.992877,1732157945.996182,31.000000,0.000000,4286.153809,4278.589844,4309.487305,4292.948730,4288.717773,4281.922852,4335.384766,4403.974121,4297.051270,4283.077148,4480.641113,4504.743652,4344.230957,4413.974121,0.000000,1.000000,22.000000,,,,0.000000,2.000000,2.000000,0.000000,4.000000,2.000000,2.000000,0.000000,0.000000,4.000000,4.000000,4.000000,4.000000,4.000000,4.000000,0.000000,,,,,,,,,,,,,,,,,,,,,,,,,,,,
1732157946.000685,1732157946.003891,32.000000,0.000000,4280.000000,4278.717773,4310.512695,4291.538574,4290.512695,4278.974121,4334.358887,4403.461426,4298.077148,4284.358887,4477.820313,4503.974121,4342.692383,4416.025879,0.000000,1.000000,22.000000,,,,0.000000,2.000000,2.000000,0.000000,4.000000,2.000000,2.000000,0.000000,0.000000,4.000000,4.000000,4.000000,4.000000,4.000000,4.000000,0.000000,,,,,,,,,,,,,,,,,8.000000,0.000000,0.497168,0.455505,-0.567444,0.472595,0.978147,-0.085460,-0.056159,-35.953331,44.949512,31.255976
1732157946.008493,1732157946.011699,33.000000,0.000000,4284.743652,4279.487305,4311.922852,4297.179688,4263.589844,4287.307617,4335.384766,4406.666504,4307.948730,4295.128418,4478.205078,4507.948730,4340.897461,4419.615234,0.000000,1.000000,22.000000,,,,0.000000,2.000000,2.000000,0.000000,4.000000,2.000000,2.000000,0.000000,0.000000,4.000000,4.000000,4.000000,4.000000,4.000000,4.000000,0.000000,,,,,,,,,,,,,,,,,,,,,,,,,,,,
1732157946.016301,1732157946.019307,34.000000,0.000000,4293.077148,4279.615234,4311.410156,4300.897461,4263.589844,4296.025879,4336.153809,4405.897461,4312.436035,4296.410156,4478.333496,4508.846191,4345.641113,4415.769043,0.000000,1.000000,22.000000,,,,0.000000,2.000000,2.000000,0.000000,4.000000,2.000000,2.000000,0.000000,0.000000,4.000000,4.000000,4.000000,4.000000,4.000000,4.000000,0.000000,,,,,,,,,,,,,,,,,,,,,,,,,,,,
1732157946.024110,1732157946.027115,35.000000,0.000000,4292.436035,4280.256348,4309.102539,4296.538574,4296.025879,4285.897461,4335.000000,4401.025879,4306.025879,4291.025879,4477.436035,4504.871582,4351.025879,4413.461426,0.000000,1.000000,22.000000,,,,0.000000,2.000000,2.000000,0.000000,4.000000,2.000000,2.000000,0.000000,0.000000,4.000000,4.000000,4.000000,4.000000,4.000000,4.000000,0.000000,,,,,,,,,,,,,,,,,,,,,,,,,,,,
1732157946.031918,1732157946.034824,36.000000,0.000000,4286.922852,4280.000000,4309.487305,4293.717773,4291.410156,4275.641113,4334.615234,4399.358887,4304.487305,4293.461426,4484.230957,4506.922852,4351.025879,4415.897461,0.000000,1.000000,22.000000,,,,0.000000,2.000000,2.000000,0.000000,4.000000,2.000000,2.000000,0.000000,0.000000,4.000000,4.000000,4.000000,4.000000,4.000000,4.000000,0.000000,,,,,,,,,,,,,,,,,9.000000,0.000000,0.497098,0.455505,-0.567505,0.472595,0.966915,-0.095715,-0.060554,-36.283867,44.914104,31.384007
1732157946.039726,1732157946.042632,37.000000,0.000000,4287.692383,4278.589844,4311.282227,4296.153809,4266.922852,4285.897461,4335.000000,4400.256348,4310.512695,4300.384766,4490.128418,4508.589844,4349.743652,4415.256348,0.000000,1.000000,22.000000,,,,0.000000,2.000000,2.000000,0.000000,4.000000,2.000000,2.000000,0.000000,0.000000,4.000000,4.000000,4.000000,4.000000,4.000000,4.000000,0.000000,,,,,,,,,,,,,,,,,,,,,,,,,,,,
1732157946.047534,1732157946.050240,38.000000,0.000000,4288.589844,4279.743652,4309.230957,4297.051270,4268.077148,4293.717773,4334.871582,4403.974121,4315.384766,4301.794922,4488.717773,4501.922852,4350.641113,4413.461426,0.000000,1.000000,22.000000,,,,0.000000,2.000000,2.000000,0.000000,4.000000,2.000000,2.000000,0.000000,0.000000,4.000000,4.000000,4.000000,4.000000,4.000000,4.000000,0.000000,,,,,,,,,,,,,,,,,,,,,,,,,,,,
1732157946.055343,1732157946.058049,39.000000,0.000000,4287.436035,4280.641113,4309.102539,4296.794922,4282.051270,4284.743652,4335.000000,4406.025879,4309.230957,4297.179688,4486.794922,4499.102539,4350.000000,4413.589844,0.000000,1.000000,22.000000,,,,0.000000,2.000000,2.000000,0.000000,4.000000,2.000000,2.000000,0.000000,0.000000,4.000000,4.000000,4.000000,4.000000,4.000000,4.000000,0.000000,,,,,,,,,,,,,,,,,,,,,,,,,,,,
1732157946.063151,1732157946.065757,40.000000,0.000000,4290.256348,4279.230957,4311.153809,4296.410156,4292.051270,4277.563965,4334.487305,4403.205078,4296.922852,4292.948730,4488.461426,4504.615234,4348.333496,4415.897461,0.000000,1.000000,22.000000,,,,0.000000,2.000000,2.000000,0.000000,4.000000,2.000000,2.000000,0.000000,0.000000,4.000000,4.000000,4.000000,4.000000,4.000000,4.000000,0.000000,,,,,,,,,,,,,,,,,10.000000,0.000000,0.497187,0.455383,-0.567627,0.472473,0.966915,-0.082041,-0.052741,-36.441597,44.880424,31.632711
1732157946.070959,1732157946.073565,41.000000,0.000000,4293.077148,4279.102539,4308.589844,4295.512695,4282.820313,4279.358887,4335.384766,4402.179688,4296.025879,4294.358887,4488.205078,4505.769043,4350.641113,4417.820313,0.000000,1.000000,22.000000,,,,0.000000,2.000000,2.000000,0.000000,4.000000,2.000000,2.000000,0.000000,0.000000,4.000000,4.000000,4.000000,4.000000,4.000000,4.000000,0.000000,,,,,,,,,,,,,,,,,,,,,,,,,,,,
1732157946.078767,1732157946.081573,42.000000,0.000000,4291.410156,4278.846191,4305.769043,4296.025879,4260.512695,4281.794922,4337.692383,4403.974121,4307.948730,4296.922852,4486.794922,4503.205078,4352.051270,4419.358887,0.000000,1.000000,22.000000,,,,0.000000,2.000000,2.000000,0.000000,4.000000,2.000000,2.000000,0.000000,0.000000,4.000000,4.000000,4.000000,4.000000,4.000000,4.000000,0.000000,,,,,,,,,,,,,,,,,,,,,,,,,,,,
1732157946.086576,1732157946.089381,43.000000,0.000000,4294.102539,4277.307617,4309.871582,4295.128418,4260.000000,4281.410156,4337.820313,4403.717773,4312.051270,4297.436035,4487.948730,4505.769043,4350.384766,4422.692383,0.000000,1.000000,22.000000,,,,0.000000,2.000000,2.000000,0.000000,4.000000,2.000000,2.000000,0.000000,0.000000,4.000000,4.000000,4.000000,4.000000,4.000000,4.000000,0.000000,,,,,,,,,,,,,,,,,,,,,,,,,,,,
1732157946.094384,1732157946.097090,44.000000,0.000000,4298.974121,4276.794922,4312.436035,4293.205078,4276.538574,4285.000000,4336.666504,4403.461426,4306.666504,4295.512695,4489.358887,4509.102539,4351.666504,4426.282227,0.000000,1.000000,22.000000,,,,0.000000,2.000000,2.000000,0.000000,4.000000,2.000000,2.000000,0.000000,0.000000,4.000000,4.000000,4.000000,4.000000,4.000000,4.000000,0.000000,,,,,,,,,,,,,,,,,11.000000,0.000000,0.497187,0.455383,-0.567627,0.472473,0.979612,-0.081065,-0.061043,-36.239361,44.718143,31.744164
1732157946.102192,1732157946.104898,45.000000,0.000000,4297.563965,4277.436035,4309.102539,4295.000000,4271.538574,4287.179688,4336.794922,4405.897461,4308.077148,4294.102539,4490.256348,4513.333496,4358.717773,4428.461426,0.000000,1.000000,22.000000,,,,0.000000,2.000000,2.000000,0.000000,4.000000,2.000000,2.000000,0.000000,0.000000,4.000000,4.000000,4.000000,4.000000,4.000000,4.000000,0.000000,,,,,,,,,,,,,,,,,,,,,,,,,,,,
1732157946.110000,1732157946.112506,46.000000,0.000000,4297.051270,4277.307617,4308.974121,4296.282227,4274.102539,4280.897461,4336.410156,4405.641113,4309.743652,4295.641113,4490.128418,4516.666504,4360.641113,4428.846191,0.000000,1.000000,22.000000,,,,0.000000,2.000000,2.000000,0.000000,4.000000,2.000000,2.000000,0.000000,0.000000,4.000000,4.000000,4.000000,4.000000,4.000000,4.000000,0.000000,,,,,,,,,,,,,,,,,,,,,,,,,,,,
1732157946.117809,1732157946.120314,47.000000,0.000000,4297.692383,4278.974121,4312.436035,4294.871582,4292.307617,4280.000000,4335.128418,4402.563965,4306.538574,4294.102539,4488.461426,4516.794922,4351.922852,4428.333496,0.000000,1.000000,22.000000,,,,0.000000,2.000000,2.000000,0.000000,4.000000,2.000000,2.000000,0.000000,0.000000,4.000000,4.000000,4.000000,4.000000,4.000000,4.000000,0.000000,,,,,,,,,,,,,,,,,,,,,,,,,,,,
1732157946.125617,1732157946.128023,48.000000,0.000000,4296.538574,4281.666504,4310.384766,4294.487305,4276.922852,4287.948730,4334.615234,4400.384766,4308.717773,4294.871582,4488.974121,4513.589844,4351.282227,4427.948730,0.000000,1.000000,22.000000,,,,0.000000,2.000000,2.000000,0.000000,4.000000,2.000000,2.000000,0.000000,0.000000,4.000000,4.000000,4.000000,4.000000,4.000000,4.000000,0.000000,,,,,,,,,,,,,,,,,12.000000,0.000000,0.497345,0.455261,-0.567688,0.472351,0.976682,-0.089855,-0.063484,-36.193882,44.708363,31.666105
1732157946.133425,1732157946.135831,49.000000,0.000000,4295.897461,4280.000000,4308.461426,4293.205078,4255.000000,4288.589844,4335.512695,4402.436035,4313.461426,4301.794922,4491.666504,4509.102539,4360.128418,4430.769043,0.000000,1.000000,22.000000,,,,0.000000,2.000000,2.000000,0.000000,4.000000,2.000000,2.000000,0.000000,0.000000,4.000000,4.000000,4.000000,4.000000,4.000000,4.000000,0.000000,,,,,,,,,,,,,,,,,,,,,,,,,,,,
1732157946.141233,1732157946.143439,50.000000,0.000000,4292.563965,4276.794922,4310.897461,4291.025879,4273.205078,4281.025879,4336.025879,4406.666504,4313.461426,4302.179688,4490.256348,4507.820313,4359.615234,4428.461426,0.000000,1.000000,22.000000,,,,0.000000,2.000000,2.000000,0.000000,4.000000,2.000000,2.000000,0.000000,0.000000,4.000000,4.000000,4.000000,4.000000,4.000000,4.000000,0.000000,,,,,,,,,,,,,,,,,,,,,,,,,,,,
1732157946.149042,1732157946.151248,51.000000,0.000000,4292.563965,4277.179688,4310.769043,4289.615234,4292.307617,4280.256348,4335.512695,4407.820313,4311.922852,4295.769043,4487.436035,4508.846191,4354.615234,4421.666504,0.000000,1.000000,22.000000,,,,0.000000,2.000000,2.000000,0.000000,4.000000,2.000000,2.000000,0.000000,0.000000,4.000000,4.000000,4.000000,4.000000,4.000000,4.000000,0.000000,,,,,,,,,,,,,,,,,,,,,,,,,,,,
1732157946.156850,1732157946.158956,52.000000,0.000000,4293.077148,4279.230957,4308.589844,4290.512695,4270.641113,4285.897461,4335.384766,4406.538574,4312.820313,4297.307617,4488.589844,4507.692383,4357.948730,4423.077148,0.000000,1.000000,22.000000,,,,0.000000,2.000000,2.000000,0.000000,4.000000,2.000000,2.000000,0.000000,0.000000,4.000000,4.000000,4.000000,4.000000,4.000000,4.000000,0.000000,,,,,,,,,,,,,,,,,13.000000,0.000000,0.497287,0.455261,-0.567688,0.472412,0.984007,-0.084483,-0.052741,-36.162045,44.597107,31.686213
1732157946.164658,1732157946.166764,53.000000,0.000000,4285.769043,4279.358887,4308.846191,4291.282227,4255.256348,4285.897461,4336.153809,4402.307617,4313.717773,4304.743652,4489.871582,4504.871582,4360.128418,4427.820313,0.000000,1.000000,22.000000,,,,0.000000,2.000000,2.000000,0.000000,4.000000,2.000000,2.000000,0.000000,0.000000,4.000000,4.000000,4.000000,4.000000,4.000000,4.000000,0.000000,,,,,,,,,,,,,,,,,,,,,,,,,,,,
1732157946.172466,1732157946.174772,54.000000,0.000000,4281.922852,4278.974121,4310.512695,4290.769043,4272.820313,4285.000000,4337.051270,4401.922852,4312.948730,4305.512695,4488.333496,4505.000000,4356.666504,4428.077148,0.000000,1.000000,22.000000,,,,0.000000,2.000000,2.000000,0.000000,4.000000,2.000000,2.000000,0.000000,0.000000,4.000000,4.000000,4.000000,4.000000,4.000000,4.000000,0.000000,,,,,,,,,,,,,,,,,,,,,,,,,,,,
1732157946.180275,1732157946.182580,55.000000,0.000000,4289.102539,4280.128418,4310.256348,4293.205078,4280.384766,4287.820313,4336.410156,4403.205078,4312.436035,4302.179688,4488.846191,4512.051270,4356.666504,4426.794922,0.000000,1.000000,22.000000,,,,0.000000,2.000000,2.000000,0.000000,4.000000,2.000000,2.000000,0.000000,0.000000,4.000000,4.000000,4.000000,4.000000,4.000000,4.000000,0.000000,,,,,,,,,,,,,,,,,,,,,,,,,,,,
1732157946.188083,1732157946.190488,56.000000,0.000000,4295.128418,4280.128418,4310.769043,4296.794922,4274.230957,4287.307617,4335.128418,4402.051270,4310.769043,4301.153809,4492.179688,4517.051270,4359.487305,4427.051270,0.000000,1.000000,22.000000,,,,0.000000,2.000000,2.000000,0.000000,4.000000,2.000000,2.000000,0.000000,0.000000,4.000000,4.000000,4.000000,4.000000,4.000000,4.000000,0.000000,,,,,,,,,,,,,,,,,14.000000,0.000000,0.497331,0.455200,-0.567749,0.472351,0.977658,-0.079600,-0.062996,-36.399590,44.550323,31.657499
1732157946.195891,1732157946.198297,57.000000,0.000000,4294.358887,4278.205078,4310.128418,4294.102539,4291.410156,4282.436035,4336.025879,4402.307617,4309.230957,4300.256348,4492.051270,4512.563965,4361.410156,4427.436035,0.000000,1.000000,22.000000,,,,0.000000,2.000000,2.000000,0.000000,4.000000,2.000000,2.000000,0.000000,0.000000,4.000000,4.000000,4.000000,4.000000,4.000000,4.000000,0.000000,,,,,,,,,,,,,,,,,,,,,,,,,,,,
1732157946.203699,1732157946.205905,58.000000,0.000000,4295.769043,4278.205078,4310.000000,4295.128418,4297.307617,4281.666504,4339.230957,4402.948730,4313.717773,4298.461426,4490.256348,4512.307617,4361.025879,4428.461426,0.000000,1.000000,22.000000,,,,0.000000,2.000000,2.000000,0.000000,4.000000,2.000000,2.000000,0.000000,0.000000,4.000000,4.000000,4.000000,4.000000,4.000000,4.000000,0.000000,,,,,,,,,,,,,,,,,,,,,,,,,,,,
1732157946.211508,1732157946.213713,59.000000,0.000000,4298.205078,4280.897461,4311.538574,4303.077148,4267.563965,4283.461426,4340.769043,4402.820313,4315.000000,4296.538574,4489.871582,4515.769043,4358.974121,4428.974121,0.000000,1.000000,22.000000,,,,0.000000,2.000000,2.000000,0.000000,4.000000,2.000000,2.000000,0.000000,0.000000,4.000000,4.000000,4.000000,4.000000,4.000000,4.000000,0.000000,,,,,,,,,,,,,,,,,,,,,,,,,,,,
1732157946.219316,1732157946.221422,60.000000,0.000000,4297.948730,4282.307617,4311.922852,4305.256348,4259.230957,4281.538574,4340.128418,4404.871582,4301.922852,4294.743652,4489.871582,4508.846191,4358.846191,4426.282227,0.000000,1.000000,22.000000,,,,0.000000,2.000000,2.000000,0.000000,4.000000,2.000000,2.000000,0.000000,0.000000,4.000000,4.000000,4.000000,4.000000,4.000000,4.000000,0.000000,,,,,,,,,,,,,,,,,15.000000,0.000000,0.497419,0.455078,-0.567871,0.472229,0.980588,-0.081065,-0.059578,-36.577000,44.635761,31.374241
1732157946.227124,1732157946.229230,61.000000,0.000000,4298.333496,4282.436035,4311.025879,4303.846191,4282.179688,4280.384766,4340.384766,4405.256348,4296.025879,4293.974121,4490.256348,4503.461426,4359.102539,4427.436035,0.000000,1.000000,22.000000,,,,0.000000,2.000000,2.000000,0.000000,4.000000,2.000000,2.000000,0.000000,0.000000,4.000000,4.000000,4.000000,4.000000,4.000000,4.000000,0.000000,,,,,,,,,,,,,,,,,,,,,,,,,,,,
1732157946.234932,1732157946.237238,62.000000,0.000000,4297.436035,4282.179688,4311.153809,4302.051270,4282.948730,4281.922852,4340.641113,4402.436035,4307.051270,4295.769043,4490.897461,4508.205078,4359.102539,4427.436035,0.000000,1.000000,22.000000,,,,0.000000,2.000000,2.000000,0.000000,4.000000,2.000000,2.000000,0.000000,0.000000,4.000000,4.000000,4.000000,4.000000,4.000000,4.000000,0.000000,,,,,,,,,,,,,,,,,,,,,,,,,,,,
1732157946.242741,1732157946.245046,63.000000,0.000000,4295.897461,4280.384766,4310.512695,4296.922852,4272.436035,4282.820313,4340.000000,4403.589844,4308.589844,4296.922852,4489.230957,4505.256348,4358.461426,4421.410156,0.000000,1.000000,22.000000,,,,0.000000,2.000000,2.000000,0.000000,4.000000,2.000000,2.000000,0.000000,0.000000,4.000000,4.000000,4.000000,4.000000,4.000000,4.000000,0.000000,,,,,,,,,,,,,,,,,,,,,,,,,,,,
1732157946.250549,1732157946.252954,64.000000,0.000000,4293.974121,4279.743652,4310.384766,4293.974121,4291.025879,4283.077148,4340.512695,4404.230957,4295.641113,4292.436035,4486.794922,4498.846191,4356.666504,4420.256348,0.000000,1.000000,22.000000,,,,0.000000,2.000000,2.000000,0.000000,4.000000,2.000000,2.000000,0.000000,0.000000,4.000000,4.000000,4.000000,4.000000,4.000000,4.000000,0.000000,,,,,,,,,,,,,,,,,16.000000,0.000000,0.497431,0.455078,-0.567810,0.472290,0.979123,-0.078623,-0.049322,-36.405704,44.696636,31.183134
1732157946.258357,1732157946.260762,65.000000,0.000000,4294.743652,4281.666504,4312.051270,4297.820313,4296.666504,4281.794922,4340.256348,4401.153809,4293.461426,4290.384766,4489.230957,4503.717773,4356.282227,4426.666504,1601.000000,1.000000,22.000000,,,,0.000000,2.000000,2.000000,0.000000,4.000000,2.000000,2.000000,0.000000,0.000000,4.000000,4.000000,4.000000,4.000000,4.000000,4.000000,0.000000,,,,,,,,,,,,,,,,,,,,,,,,,,,,
1732157946.266165,1732157946.268770,66.000000,0.000000,4296.153809,4281.666504,4311.794922,4298.461426,4268.077148,4280.512695,4336.410156,4403.589844,4305.641113,4296.410156,4492.307617,4509.102539,4358.717773,4430.769043,1366.000000,1.000000,22.000000,,,,0.000000,2.000000,2.000000,0.000000,4.000000,2.000000,2.000000,0.000000,0.000000,4.000000,4.000000,4.000000,4.000000,4.000000,4.000000,0.000000,,,,,,,,,,,,,,,,,,,,,,,,,,,,
1732157946.273974,1732157946.276578,67.000000,0.000000,4295.641113,4280.000000,4309.358887,4297.692383,4260.256348,4282.820313,4333.589844,4407.179688,4314.358887,4300.384766,4490.769043,4508.077148,4358.333496,4428.717773,1417.000000,1.000000,22.000000,,,,0.000000,2.000000,2.000000,0.000000,4.000000,2.000000,2.000000,0.000000,0.000000,4.000000,4.000000,4.000000,4.000000,4.000000,4.000000,0.000000,,,,,,,,,,,,,,,,,,,,,,,,,,,,
1732157946.281782,1732157946.284487,68.000000,0.000000,4295.641113,4281.922852,4309.230957,4300.000000,4281.025879,4289.615234,4335.256348,4403.461426,4306.666504,4295.897461,4486.922852,4506.794922,4355.897461,4424.102539,1422.000000,1.000000,22.000000,,,,0.000000,2.000000,2.000000,0.000000,4.000000,2.000000,2.000000,0.000000,0.000000,4.000000,4.000000,4.000000,4.000000,4.000000,4.000000,0.000000,,,,,,,,,,,,,,,,,17.000000,0.000000,0.497254,0.455322,-0.567566,0.472534,0.973752,-0.085948,-0.053717,-36.396954,44.697609,31.096672
1732157946.289590,1732157946.292295,69.000000,0.000000,4295.769043,4283.461426,4311.410156,4301.410156,4281.282227,4290.384766,4336.153809,4401.410156,4297.307617,4292.820313,4487.179688,4509.358887,4357.179688,4419.487305,1210.000000,1.000000,22.000000,,,,0.000000,2.000000,2.000000,0.000000,4.000000,2.000000,2.000000,0.000000,0.000000,4.000000,4.000000,4.000000,4.000000,4.000000,4.000000,0.000000,,,,,,,,,,,,,,,,,,,,,,,,,,,,
1732157946.297398,1732157946.300303,70.000000,0.000000,4294.871582,4281.666504,4310.128418,4301.282227,4279.358887,4282.563965,4334.743652,4402.948730,4300.512695,4295.641113,4488.461426,4508.974121,4356.794922,4419.743652,0.000000,1.000000,22.000000,,,,0.000000,2.000000,2.000000,0.000000,4.000000,2.000000,2.000000,0.000000,0.000000,4.000000,4.000000,4.000000,4.000000,4.000000,4.000000,0.000000,,,,,,,,,,,,,,,,,,,,,,,,,,,,
1732157946.305207,1732157946.308111,71.000000,0.000000,4293.589844,4280.512695,4308.077148,4298.333496,4298.077148,4278.589844,4334.487305,4402.563965,4301.794922,4293.077148,4482.820313,4505.897461,4351.025879,4421.282227,0.000000,1.000000,22.000000,,,,0.000000,2.000000,2.000000,0.000000,4.000000,2.000000,2.000000,0.000000,0.000000,4.000000,4.000000,4.000000,4.000000,4.000000,4.000000,0.000000,,,,,,,,,,,,,,,,,,,,,,,,,,,,
1732157946.313015,1732157946.316019,72.000000,0.000000,4293.333496,4280.000000,4309.871582,4296.025879,4285.897461,4281.666504,4335.128418,4400.897461,4297.179688,4285.512695,4476.153809,4505.641113,4346.538574,4420.000000,1529.000000,1.000000,22.000000,,,,0.000000,2.000000,2.000000,0.000000,4.000000,2.000000,2.000000,0.000000,0.000000,4.000000,4.000000,4.000000,4.000000,4.000000,4.000000,0.000000,,,,,,,,,,,,,,,,,18.000000,0.000000,0.497310,0.455261,-0.567566,0.472534,0.975217,-0.085948,-0.057624,-36.796532,44.723396,31.204971
1732157946.320823,1732157946.323827,73.000000,0.000000,4294.615234,4279.358887,4312.307617,4296.794922,4257.307617,4282.307617,4335.000000,4401.282227,4302.563965,4287.051270,4480.256348,4508.333496,4348.333496,4423.846191,1683.000000,1.000000,22.000000,,,,0.000000,2.000000,2.000000,0.000000,4.000000,2.000000,2.000000,0.000000,0.000000,4.000000,4.000000,4.000000,4.000000,4.000000,4.000000,0.000000,,,,,,,,,,,,,,,,,,,,,,,,,,,,
1732157946.328631,1732157946.331735,74.000000,0.000000,4294.615234,4278.333496,4311.282227,4297.563965,4264.871582,4281.282227,4334.871582,4403.846191,4304.743652,4294.230957,4488.333496,4509.358887,4352.051270,4428.461426,1544.000000,1.000000,22.000000,,,,0.000000,2.000000,2.000000,0.000000,4.000000,2.000000,2.000000,0.000000,0.000000,4.000000,4.000000,4.000000,4.000000,4.000000,4.000000,0.000000,,,,,,,,,,,,,,,,,,,,,,,,,,,,
1732157946.336439,1732157946.339544,75.000000,0.000000,4293.461426,4278.333496,4308.589844,4295.000000,4282.820313,4282.563965,4335.000000,4409.102539,4299.743652,4294.230957,4489.102539,4506.794922,4352.820313,4428.589844,1566.000000,1.000000,22.000000,,,,0.000000,2.000000,2.000000,0.000000,4.000000,2.000000,2.000000,0.000000,0.000000,4.000000,4.000000,4.000000,4.000000,4.000000,4.000000,0.000000,,,,,,,,,,,,,,,,,,,,,,,,,,,,
1732157946.344248,1732157946.347452,76.000000,0.000000,4294.230957,4280.256348,4308.717773,4297.948730,4281.410156,4282.051270,4334.871582,4408.077148,4303.974121,4293.077148,4486.666504,4506.666504,4355.000000,4428.846191,1701.000000,1.000000,22.000000,,,,0.000000,2.000000,2.000000,0.000000,4.000000,2.000000,2.000000,0.000000,0.000000,4.000000,4.000000,4.000000,4.000000,4.000000,4.000000,0.000000,,,,,,,,,,,,,,,,,19.000000,0.000000,0.497355,0.455200,-0.567627,0.472473,0.988402,-0.082530,-0.059089,-36.631859,44.712616,31.279360
1732157946.352056,1732157946.355260,77.000000,0.000000,4296.153809,4281.410156,4311.666504,4303.974121,4275.000000,4281.538574,4334.487305,4401.025879,4305.769043,4295.128418,4483.077148,4509.102539,4352.820313,4428.717773,1608.000000,1.000000,22.000000,,,,0.000000,2.000000,2.000000,0.000000,4.000000,2.000000,2.000000,0.000000,0.000000,4.000000,4.000000,4.000000,4.000000,4.000000,4.000000,0.000000,,,,,,,,,,,,,,,,,,,,,,,,,,,,
1732157946.359864,1732157946.363268,78.000000,0.000000,4295.256348,4279.487305,4310.384766,4300.384766,4281.538574,4282.436035,4335.000000,4399.358887,4300.512695,4292.692383,4476.922852,4502.820313,4347.307617,4424.871582,1544.000000,1.000000,22.000000,,,,0.000000,2.000000,2.000000,0.000000,4.000000,2.000000,2.000000,0.000000,0.000000,4.000000,4.000000,4.000000,4.000000,4.000000,4.000000,0.000000,1.000000,0.000000,1.000000,0.000000,0.000000,1.000000,2.000000,1.000000,0.000000,0.000000,4.000000,4.000000,1.000000,4.000000,1.000000,3.000000,,,,,,,,,,,,
1732157946.367673,1732157946.371076,79.000000,0.000000,4293.205078,4277.436035,4308.333496,4294.743652,4295.769043,4281.153809,4335.384766,4401.922852,4301.153809,4290.897461,4474.358887,4495.512695,4347.948730,4417.948730,1566.000000,1.000000,22.000000,,,,0.000000,2.000000,2.000000,0.000000,4.000000,2.000000,2.000000,0.000000,0.000000,4.000000,4.000000,4.000000,4.000000,4.000000,4.000000,0.000000,,,,,,,,,,,,,,,,,,,,,,,,,,,,
1732157946.375481,1732157946.378784,80.000000,0.000000,4293.846191,4279.358887,4310.384766,4298.077148,4290.641113,4283.589844,4333.846191,4402.948730,4297.820313,4293.333496,4475.256348,4495.769043,4350.000000,4415.512695,1701.000000,1.000000,22.000000,,,,0.000000,2.000000,2.000000,0.000000,4.000000,2.000000,2.000000,0.000000,0.000000,4.000000,4.000000,4.000000,4.000000,4.000000,4.000000,0.000000,,,,,,,,,,,,,,,,,20.000000,0.000000,0.497094,0.455383,-0.567505,0.472717,0.976682,-0.083506,-0.062508,-36.748470,44.553886,31.156282
1732157946.383289,1732157946.386593,81.000000,0.000000,4297.179688,4281.666504,4311.410156,4303.205078,4269.487305,4286.153809,4335.897461,4400.256348,4293.974121,4293.333496,4475.000000,4499.871582,4349.615234,4421.922852,1608.000000,1.000000,22.000000,,,,0.000000,2.000000,2.000000,0.000000,4.000000,2.000000,2.000000,0.000000,0.000000,4.000000,4.000000,4.000000,4.000000,4.000000,4.000000,0.000000,,,,,,,,,,,,,,,,,,,,,,,,,,,,
1732157946.391097,1732157946.394201,82.000000,0.000000,4298.974121,4281.666504,4309.615234,4302.436035,4265.000000,4285.128418,4340.897461,4400.897461,4305.256348,4294.615234,4476.922852,4501.666504,4353.974121,4427.436035,1544.000000,1.000000,22.000000,,,,0.000000,2.000000,2.000000,0.000000,4.000000,2.000000,2.000000,0.000000,0.000000,4.000000,4.000000,4.000000,4.000000,4.000000,4.000000,0.000000,,,,,,,,,,,,,,,,,,,,,,,,,,,,
1732157946.398906,1732157946.402009,83.000000,0.000000,4296.922852,4282.051270,4311.410156,4299.871582,4274.615234,4281.282227,4341.538574,4409.358887,4313.846191,4297.563965,4479.615234,4501.282227,4356.922852,4425.897461,1566.000000,1.000000,22.000000,,,,0.000000,2.000000,2.000000,0.000000,4.000000,2.000000,2.000000,0.000000,0.000000,4.000000,4.000000,4.000000,4.000000,4.000000,4.000000,0.000000,,,,,,,,,,,,,,,,,,,,,,,,,,,,
1732157946.406714,1732157946.409718,84.000000,0.000000,4293.589844,4278.846191,4311.922852,4296.153809,4289.230957,4282.307617,4338.205078,4410.769043,4307.436035,4294.743652,4478.974121,4501.538574,4349.871582,4424.871582,1701.000000,1.000000,22.000000,,,,0.000000,2.000000,2.000000,0.000000,4.000000,2.000000,2.000000,0.000000,0.000000,4.000000,4.000000,4.000000,4.000000,4.000000,4.000000,0.000000,,,,,,,,,,,,,,,,,21.000000,0.000000,0.497050,0.455444,-0.567444,0.472778,0.971798,-0.097668,-0.066903,-36.574596,44.536980,31.083256
1732157946.414522,1732157946.417526,85.000000,0.000000,4291.794922,4273.205078,4309.230957,4293.333496,4292.563965,4290.000000,4337.820313,4401.538574,4306.538574,4292.563965,4478.333496,4506.025879,4347.563965,4424.230957,1608.000000,1.000000,22.000000,,,,0.000000,2.000000,2.000000,0.000000,4.000000,2.000000,2.000000,0.000000,0.000000,4.000000,4.000000,4.000000,4.000000,4.000000,4.000000,0.000000,,,,,,,,,,,,,,,,,,,,,,,,,,,,
1732157946.422330,1732157946.425134,86.000000,0.000000,4289.230957,4275.897461,4311.153809,4296.794922,4272.051270,4294.487305,4340.000000,4400.512695,4312.436035,4296.666504,4478.333496,4505.256348,4352.436035,4418.333496,1544.000000,1.000000,22.000000,,,,0.000000,2.000000,2.000000,0.000000,4.000000,2.000000,2.000000,0.000000,0.000000,4.000000,4.000000,4.000000,4.000000,4.000000,4.000000,0.000000,,,,,,,,,,,,,,,,,,,,,,,,,,,,
1732157946.430138,1732157946.432942,87.000000,0.000000,4286.538574,4278.461426,4311.538574,4297.436035,4264.487305,4291.922852,4340.384766,4405.512695,4316.666504,4298.205078,4478.333496,4498.077148,4351.282227,4413.846191,1566.000000,1.000000,22.000000,,,,0.000000,2.000000,2.000000,0.000000,4.000000,2.000000,2.000000,0.000000,0.000000,4.000000,4.000000,4.000000,4.000000,4.000000,4.000000,0.000000,,,,,,,,,,,,,,,,,,,,,,,,,,,,
1732157946.437947,1732157946.440651,88.000000,0.000000,4289.487305,4277.948730,4309.358887,4299.487305,4280.000000,4293.461426,4339.743652,4402.051270,4316.282227,4297.563965,4479.230957,4497.948730,4349.615234,4414.743652,1701.000000,1.000000,22.000000,,,,0.000000,2.000000,2.000000,0.000000,4.000000,2.000000,2.000000,0.000000,0.000000,4.000000,4.000000,4.000000,4.000000,4.000000,4.000000,0.000000,,,,,,,,,,,,,,,,,22.000000,0.000000,0.497194,0.455261,-0.567566,0.472656,0.963497,-0.086925,-0.048346,-36.592091,44.481621,31.277437
1732157946.445755,1732157946.448459,89.000000,0.000000,4293.974121,4283.205078,4309.615234,4304.871582,4284.358887,4295.256348,4339.871582,4399.358887,4305.128418,4294.230957,4476.922852,4497.820313,4351.538574,4414.615234,1608.000000,1.000000,22.000000,,,,0.000000,2.000000,2.000000,0.000000,4.000000,2.000000,2.000000,0.000000,0.000000,4.000000,4.000000,4.000000,4.000000,4.000000,4.000000,0.000000,,,,,,,,,,,,,,,,,,,,,,,,,,,,
1732157946.453563,1732157946.456067,90.000000,0.000000,4293.205078,4289.230957,4311.794922,4305.512695,4291.410156,4287.051270,4340.256348,4402.692383,4293.589844,4285.769043,4472.051270,4493.077148,4349.230957,4412.820313,1544.000000,1.000000,22.000000,,,,0.000000,2.000000,2.000000,0.000000,4.000000,2.000000,2.000000,0.000000,0.000000,4.000000,4.000000,4.000000,4.000000,4.000000,4.000000,0.000000,,,,,,,,,,,,,,,,,,,,,,,,,,,,
1732157946.461372,1732157946.463876,91.000000,0.000000,4292.692383,4287.179688,4311.922852,4303.205078,4295.641113,4285.384766,4340.256348,4402.692383,4297.563965,4282.948730,4472.051270,4494.743652,4345.512695,4413.846191,1566.000000,1.000000,22.000000,,,,0.000000,2.000000,2.000000,0.000000,4.000000,2.000000,2.000000,0.000000,0.000000,4.000000,4.000000,4.000000,4.000000,4.000000,4.000000,0.000000,,,,,,,,,,,,,,,,,,,,,,,,,,,,
1732157946.469180,1732157946.471784,92.000000,0.000000,4295.384766,4286.922852,4311.410156,4303.717773,4273.333496,4293.974121,4340.641113,4401.794922,4304.871582,4287.051270,4473.205078,4496.153809,4344.358887,4415.512695,1701.000000,1.000000,22.000000,,,,0.000000,2.000000,2.000000,0.000000,4.000000,2.000000,2.000000,0.000000,0.000000,4.000000,4.000000,4.000000,4.000000,4.000000,4.000000,0.000000,,,,,,,,,,,,,,,,,23.000000,0.000000,0.497283,0.455139,-0.567688,0.472534,0.969845,-0.092785,-0.060066,-36.591259,44.525112,31.399723
1732157946.476988,1732157946.479592,93.000000,0.000000,4294.871582,4290.512695,4310.384766,4306.538574,4268.333496,4291.025879,4339.230957,4401.153809,4306.282227,4291.282227,4473.077148,4491.794922,4347.307617,4413.461426,1608.000000,1.000000,22.000000,,,,0.000000,2.000000,2.000000,0.000000,4.000000,2.000000,2.000000,0.000000,0.000000,4.000000,4.000000,4.000000,4.000000,4.000000,4.000000,0.000000,,,,,,,,,,,,,,,,,,,,,,,,,,,,
1732157946.484796,1732157946.487200,94.000000,0.000000,4293.205078,4286.666504,4309.230957,4308.333496,4281.282227,4283.974121,4336.025879,4400.641113,4309.871582,4296.153809,4475.384766,4494.487305,4348.461426,4415.000000,1544.000000,1.000000,22.000000,,,,0.000000,2.000000,2.000000,0.000000,4.000000,2.000000,2.000000,0.000000,0.000000,4.000000,4.000000,4.000000,4.000000,4.000000,4.000000,0.000000,,,,,,,,,,,,,,,,,,,,,,,,,,,,
1732157946.492605,1732157946.495009,95.000000,0.000000,4294.871582,4285.384766,4309.230957,4307.692383,4282.051270,4286.410156,4335.256348,4401.922852,4312.436035,4297.948730,4475.256348,4498.589844,4347.307617,4419.487305,1566.000000,1.000000,22.000000,,,,0.000000,2.000000,2.000000,0.000000,4.000000,2.000000,2.000000,0.000000,0.000000,4.000000,4.000000,4.000000,4.000000,4.000000,4.000000,0.000000,,,,,,,,,,,,,,,,,,,,,,,,,,,,
1732157946.500413,1732157946.502717,96.000000,0.000000,4295.256348,4286.794922,4311.025879,4303.974121,4293.461426,4289.230957,4335.769043,4404.615234,4309.615234,4293.077148,4473.205078,4495.128418,4347.307617,4416.922852,1701.000000,1.000000,22.000000,,,,0.000000,2.000000,2.000000,0.000000,4.000000,2.000000,2.000000,0.000000,0.000000,4.000000,4.000000,4.000000,4.000000,4.000000,4.000000,0.000000,,,,,,,,,,,,,,,,,24.000000,0.000000,0.497429,0.455017,-0.567810,0.472351,0.979612,-0.086925,-0.060554,-36.573921,44.627010,31.432110
1732157946.508221,1732157946.510525,97.000000,0.000000,4294.230957,4284.743652,4310.641113,4305.128418,4295.769043,4289.487305,4335.769043,4403.846191,4309.358887,4291.025879,4474.743652,4493.461426,4349.358887,4414.615234,1608.000000,1.000000,22.000000,,,,0.000000,2.000000,2.000000,0.000000,4.000000,2.000000,2.000000,0.000000,0.000000,4.000000,4.000000,4.000000,4.000000,4.000000,4.000000,0.000000,,,,,,,,,,,,,,,,,,,,,,,,,,,,
1732157946.516029,1732157946.518133,98.000000,0.000000,4293.717773,4283.461426,4310.000000,4306.666504,4268.846191,4292.563965,4336.538574,4400.384766,4307.563965,4292.179688,4477.563965,4497.820313,4348.974121,4421.922852,1544.000000,1.000000,22.000000,,,,0.000000,2.000000,2.000000,0.000000,4.000000,2.000000,2.000000,0.000000,0.000000,4.000000,4.000000,4.000000,4.000000,4.000000,4.000000,0.000000,,,,,,,,,,,,,,,,,,,,,,,,,,,,
1732157946.523837,1732157946.525942,99.000000,0.000000,4294.230957,4282.948730,4311.410156,4300.897461,4260.641113,4293.974121,4336.794922,4398.717773,4306.666504,4291.538574,4476.666504,4503.589844,4347.051270,4427.051270,1566.000000,1.000000,22.000000,,,,0.000000,2.000000,2.000000,0.000000,4.000000,2.000000,2.000000,0.000000,0.000000,4.000000,4.000000,4.000000,4.000000,4.000000,4.000000,0.000000,,,,,,,,,,,,,,,,,,,,,,,,,,,,
1732157946.531646,1732157946.533650,100.000000,0.000000,4296.410156,4283.077148,4310.769043,4299.743652,4276.410156,4289.358887,4336.282227,4400.769043,4310.897461,4293.461426,4477.692383,4504.871582,4349.487305,4425.256348,1701.000000,1.000000,22.000000,,,,0.000000,2.000000,2.000000,0.000000,4.000000,2.000000,2.000000,0.000000,0.000000,4.000000,4.000000,4.000000,4.000000,4.000000,4.000000,0.000000,,,,,,,,,,,,,,,,,25.000000,0.000000,0.497373,0.455078,-0.567810,0.472351,0.975705,-0.075693,-0.055183,-36.433208,44.507877,31.318342
1732157946.539454,1732157946.541458,101.000000,0.000000,4296.025879,4281.794922,4307.563965,4304.743652,4279.615234,4282.051270,4338.589844,4401.538574,4305.512695,4294.871582,4483.846191,4505.769043,4350.512695,4426.538574,1608.000000,1.000000,22.000000,,,,0.000000,2.000000,2.000000,0.000000,4.000000,2.000000,2.000000,0.000000,0.000000,4.000000,4.000000,4.000000,4.000000,4.000000,4.000000,0.000000,,,,,,,,,,,,,,,,,,,,,,,,,,,,
1732157946.547262,1732157946.549067,102.000000,0.000000,4293.717773,4282.563965,4308.205078,4306.538574,4272.692383,4281.025879,4342.307617,4401.025879,4299.230957,4293.205078,4489.230957,4509.615234,4350.256348,4430.000000,1544.000000,1.000000,22.000000,,,,0.000000,2.000000,2.000000,0.000000,4.000000,2.000000,2.000000,0.000000,0.000000,4.000000,4.000000,4.000000,4.000000,4.000000,4.000000,0.000000,,,,,,,,,,,,,,,,,,,,,,,,,,,,
1732157946.555071,1732157946.556875,103.000000,0.000000,4295.000000,4281.794922,4311.922852,4302.563965,4277.563965,4281.666504,4340.512695,4405.769043,4308.846191,4292.820313,4489.615234,4510.000000,4350.897461,4430.128418,1566.000000,1.000000,22.000000,,,,0.000000,2.000000,2.000000,0.000000,4.000000,2.000000,2.000000,0.000000,0.000000,4.000000,4.000000,4.000000,4.000000,4.000000,4.000000,0.000000,,,,,,,,,,,,,,,,,,,,,,,,,,,,
1732157946.562879,1732157946.564583,104.000000,0.000000,4294.487305,4281.922852,4312.307617,4302.051270,4291.153809,4275.256348,4335.384766,4410.000000,4311.666504,4292.820313,4485.000000,4507.436035,4348.461426,4431.794922,1701.000000,1.000000,22.000000,,,,0.000000,2.000000,2.000000,0.000000,4.000000,2.000000,2.000000,0.000000,0.000000,4.000000,4.000000,4.000000,4.000000,4.000000,4.000000,0.000000,,,,,,,,,,,,,,,,,26.000000,0.000000,0.497038,0.455444,-0.567505,0.472717,0.981565,-0.087413,-0.069344,-36.604233,44.601379,31.099524
1732157946.570687,1732157946.572391,105.000000,0.000000,4294.615234,4283.077148,4311.410156,4306.794922,4286.025879,4272.692383,4335.384766,4403.974121,4297.051270,4290.512695,4481.282227,4512.692383,4348.846191,4433.589844,1608.000000,1.000000,22.000000,,,,0.000000,2.000000,2.000000,0.000000,4.000000,2.000000,2.000000,0.000000,0.000000,4.000000,4.000000,4.000000,4.000000,4.000000,4.000000,0.000000,,,,,,,,,,,,,,,,,,,,,,,,,,,,
1732157946.578495,1732157946.580399,106.000000,0.000000,4300.769043,4283.205078,4312.436035,4310.512695,4263.717773,4279.615234,4337.563965,4398.461426,4292.563965,4293.333496,4481.025879,4518.077148,4354.615234,4432.563965,1544.000000,1.000000,22.000000,,,,0.000000,2.000000,2.000000,0.000000,4.000000,2.000000,2.000000,0.000000,0.000000,4.000000,4.000000,4.000000,4.000000,4.000000,4.000000,0.000000,,,,,,,,,,,,,,,,,,,,,,,,,,,,
1732157946.586304,1732157946.588208,107.000000,0.000000,4302.307617,4283.077148,4312.307617,4310.256348,4256.922852,4281.794922,4336.282227,4406.666504,4302.307617,4298.077148,4480.000000,4511.025879,4352.948730,4430.512695,1566.000000,1.000000,22.000000,,,,0.000000,2.000000,2.000000,0.000000,4.000000,2.000000,2.000000,0.000000,0.000000,4.000000,4.000000,4.000000,4.000000,4.000000,4.000000,0.000000,,,,,,,,,,,,,,,,,,,,,,,,,,,,
1732157946.594112,1732157946.596116,108.000000,0.000000,4296.410156,4282.563965,4310.641113,4307.563965,4275.641113,4279.871582,4335.512695,4411.794922,4309.102539,4296.538574,4475.641113,4499.871582,4343.717773,4423.205078,1701.000000,1.000000,22.000000,,,,0.000000,2.000000,2.000000,0.000000,4.000000,2.000000,2.000000,0.000000,0.000000,4.000000,4.000000,4.000000,4.000000,4.000000,4.000000,0.000000,,,,,,,,,,,,,,,,,27.000000,0.000000,0.497080,0.455322,-0.567566,0.472717,0.974728,-0.095715,-0.051276,-36.667763,44.718784,31.118948
1732157946.601920,1732157946.603924,109.000000,0.000000,4293.077148,4281.025879,4310.897461,4303.846191,4295.641113,4282.307617,4335.256348,4406.282227,4308.974121,4296.794922,4473.461426,4496.794922,4342.307617,4413.333496,1608.000000,1.000000,22.000000,,,,0.000000,2.000000,2.000000,0.000000,4.000000,2.000000,2.000000,0.000000,0.000000,4.000000,4.000000,4.000000,4.000000,4.000000,4.000000,0.000000,,,,,,,,,,,,,,,,,,,,,,,,,,,,
1732157946.609728,1732157946.611532,110.000000,0.000000,4293.717773,4280.000000,4311.410156,4304.102539,4288.717773,4284.230957,4334.615234,4405.384766,4308.717773,4302.051270,4475.512695,4497.436035,4345.256348,4411.282227,1544.000000,1.000000,22.000000,,,,0.000000,2.000000,2.000000,0.000000,4.000000,2.000000,2.000000,0.000000,0.000000,4.000000,4.000000,4.000000,4.000000,4.000000,4.000000,0.000000,,,,,,,,,,,,,,,,,,,,,,,,,,,,
1732157946.617536,1732157946.619340,111.000000,0.000000,4293.589844,4282.051270,4310.256348,4309.871582,4268.205078,4286.538574,4337.948730,4406.153809,4311.153809,4301.538574,4474.743652,4493.589844,4344.230957,4415.512695,1566.000000,1.000000,22.000000,,,,0.000000,2.000000,2.000000,0.000000,4.000000,2.000000,2.000000,0.000000,0.000000,4.000000,4.000000,4.000000,4.000000,4.000000,4.000000,0.000000,,,,,,,,,,,,,,,,,,,,,,,,,,,,
1732157946.625345,1732157946.627049,112.000000,0.000000,4293.333496,4284.743652,4310.000000,4313.717773,4272.563965,4292.307617,4339.102539,4401.666504,4304.615234,4295.000000,4472.563965,4489.230957,4340.128418,4415.128418,1701.000000,1.000000,22.000000,,,,0.000000,2.000000,2.000000,0.000000,4.000000,2.000000,2.000000,0.000000,0.000000,4.000000,4.000000,4.000000,4.000000,4.000000,4.000000,0.000000,,,,,,,,,,,,,,,,,28.000000,0.000000,0.497080,0.455322,-0.567566,0.472717,0.986449,-0.085460,-0.063973,-36.459221,44.707214,31.361347
1732157946.633153,1732157946.634857,113.000000,0.000000,4294.230957,4283.461426,4311.794922,4311.410156,4288.333496,4289.743652,4335.256348,4399.871582,4293.974121,4293.846191,4473.205078,4494.743652,4335.512695,4412.820313,1608.000000,1.000000,22.000000,,,,0.000000,2.000000,2.000000,0.000000,4.000000,2.000000,2.000000,0.000000,0.000000,4.000000,4.000000,4.000000,4.000000,4.000000,4.000000,0.000000,,,,,,,,,,,,,,,,,,,,,,,,,,,,
1732157946.640961,1732157946.642865,114.000000,0.000000,4295.128418,4280.512695,4313.333496,4308.846191,4277.051270,4281.153809,4335.128418,4403.077148,4296.538574,4297.307617,4476.282227,4502.692383,4333.333496,4420.256348,1544.000000,1.000000,22.000000,,,,0.000000,2.000000,2.000000,0.000000,4.000000,2.000000,2.000000,0.000000,0.000000,4.000000,4.000000,4.000000,4.000000,4.000000,4.000000,0.000000,,,,,,,,,,,,,,,,,,,,,,,,,,,,
1732157946.648770,1732157946.650673,115.000000,0.000000,4292.692383,4279.615234,4312.820313,4310.000000,4278.717773,4281.410156,4336.794922,4402.051270,4301.282227,4297.051270,4476.410156,4498.717773,4334.615234,4425.000000,1566.000000,1.000000,22.000000,,,,0.000000,2.000000,2.000000,0.000000,4.000000,2.000000,2.000000,0.000000,0.000000,4.000000,4.000000,4.000000,4.000000,4.000000,4.000000,0.000000,,,,,,,,,,,,,,,,,,,,,,,,,,,,
1732157946.656578,1732157946.658581,116.000000,0.000000,4289.102539,4280.384766,4311.282227,4310.512695,4302.820313,4282.307617,4335.384766,4401.025879,4300.512695,4295.128418,4472.563965,4491.666504,4334.487305,4416.410156,1701.000000,1.000000,22.000000,,,,0.000000,2.000000,2.000000,0.000000,4.000000,2.000000,2.000000,0.000000,0.000000,4.000000,4.000000,4.000000,4.000000,4.000000,4.000000,0.000000,,,,,,,,,,,,,,,,,29.000000,0.000000,0.497067,0.455261,-0.567627,0.472717,0.961055,-0.090831,-0.050787,-36.403633,44.097843,31.324358
1732157946.664386,1732157946.666390,117.000000,0.000000,4285.641113,4280.769043,4310.512695,4309.487305,4290.000000,4281.538574,4335.641113,4404.487305,4304.871582,4295.512695,4471.794922,4490.128418,4333.205078,4411.025879,1608.000000,1.000000,22.000000,,,,0.000000,2.000000,2.000000,0.000000,4.000000,2.000000,2.000000,0.000000,0.000000,4.000000,4.000000,4.000000,4.000000,4.000000,4.000000,0.000000,,,,,,,,,,,,,,,,,,,,,,,,,,,,
1732157946.672194,1732157946.674398,118.000000,0.000000,4283.205078,4279.743652,4311.538574,4308.205078,4265.641113,4283.846191,4336.538574,4406.538574,4312.820313,4298.589844,4475.256348,4489.743652,4336.410156,4421.538574,1544.000000,1.000000,22.000000,,,,0.000000,2.000000,2.000000,0.000000,4.000000,2.000000,2.000000,0.000000,0.000000,4.000000,4.000000,4.000000,4.000000,4.000000,4.000000,0.000000,,,,,,,,,,,,,,,,,,,,,,,,,,,,
1732157946.680003,1732157946.682206,119.000000,0.000000,4289.487305,4278.846191,4312.051270,4310.128418,4272.179688,4284.871582,4336.538574,4406.153809,4312.948730,4302.051270,4476.282227,4493.333496,4341.794922,4429.487305,1566.000000,1.000000,22.000000,,,,0.000000,2.000000,2.000000,0.000000,4.000000,2.000000,2.000000,0.000000,0.000000,4.000000,4.000000,4.000000,4.000000,4.000000,4.000000,0.000000,,,,,,,,,,,,,,,,,,,,,,,,,,,,
1732157946.687811,1732157946.690114,120.000000,0.000000,4298.589844,4283.333496,4311.282227,4313.205078,4285.384766,4283.461426,4339.230957,4404.871582,4308.333496,4299.871582,4474.230957,4498.333496,4343.333496,4427.563965,1701.000000,1.000000,22.000000,,,,0.000000,2.000000,2.000000,0.000000,4.000000,2.000000,2.000000,0.000000,0.000000,4.000000,4.000000,4.000000,4.000000,4.000000,4.000000,0.000000,,,,,,,,,,,,,,,,,30.000000,0.000000,0.497269,0.455078,-0.567749,0.472534,0.976682,-0.094250,-0.044439,-36.331944,44.319256,31.534397
1732157946.695619,1732157946.697922,121.000000,0.000000,4298.846191,4287.179688,4308.717773,4311.794922,4293.461426,4282.307617,4340.897461,4403.205078,4303.205078,4294.358887,4475.256348,4496.025879,4340.897461,4427.948730,1608.000000,1.000000,22.000000,,,,0.000000,2.000000,2.000000,0.000000,4.000000,2.000000,2.000000,0.000000,0.000000,4.000000,4.000000,4.000000,4.000000,4.000000,4.000000,0.000000,,,,,,,,,,,,,,,,,,,,,,,,,,,,
1732157946.703427,1732157946.705930,122.000000,0.000000,4295.897461,4285.512695,4309.871582,4310.128418,4294.487305,4281.922852,4339.615234,4401.666504,4302.692383,4294.615234,4477.051270,4497.179688,4340.897461,4429.102539,1544.000000,1.000000,22.000000,,,,0.000000,2.000000,2.000000,0.000000,4.000000,2.000000,2.000000,0.000000,0.000000,4.000000,4.000000,4.000000,4.000000,4.000000,4.000000,0.000000,,,,,,,,,,,,,,,,,,,,,,,,,,,,
1732157946.711235,1732157946.713738,123.000000,0.000000,4297.820313,4288.461426,4312.307617,4316.666504,4281.410156,4283.333496,4339.615234,4402.051270,4308.846191,4297.948730,4477.692383,4506.794922,4343.974121,4429.743652,1566.000000,1.000000,22.000000,,,,0.000000,2.000000,2.000000,0.000000,4.000000,2.000000,2.000000,0.000000,0.000000,4.000000,4.000000,4.000000,4.000000,4.000000,4.000000,0.000000,,,,,,,,,,,,,,,,,,,,,,,,,,,,
1732157946.719044,1732157946.721646,124.000000,0.000000,4298.974121,4289.743652,4311.410156,4320.641113,4272.179688,4284.615234,4339.871582,4404.487305,4306.282227,4297.179688,4477.436035,4507.051270,4344.743652,4430.384766,1701.000000,1.000000,22.000000,,,,0.000000,2.000000,2.000000,0.000000,4.000000,2.000000,2.000000,0.000000,0.000000,4.000000,4.000000,4.000000,4.000000,4.000000,4.000000,0.000000,,,,,,,,,,,,,,,,,31.000000,0.000000,0.497311,0.454956,-0.567810,0.472534,0.970333,-0.072274,-0.051276,-36.300541,44.416927,31.739529
1732157946.726852,1732157946.729455,125.000000,0.000000,4297.179688,4282.820313,4309.871582,4312.436035,4280.384766,4282.692383,4338.846191,4403.846191,4299.358887,4294.230957,4475.384766,4504.358887,4341.282227,4429.358887,1608.000000,1.000000,22.000000,,,,0.000000,2.000000,2.000000,0.000000,4.000000,2.000000,2.000000,0.000000,0.000000,4.000000,4.000000,4.000000,4.000000,4.000000,4.000000,0.000000,,,,,,,,,,,,,,,,,,,,,,,,,,,,
1732157946.734660,1732157946.737063,126.000000,0.000000,4297.436035,4280.256348,4310.641113,4308.589844,4281.922852,4281.282227,4339.615234,4401.410156,4303.461426,4293.461426,4473.974121,4508.333496,4338.333496,4427.436035,1544.000000,1.000000,22.000000,,,,0.000000,2.000000,2.000000,0.000000,4.000000,2.000000,2.000000,0.000000,0.000000,4.000000,4.000000,4.000000,4.000000,4.000000,4.000000,0.000000,,,,,,,,,,,,,,,,,,,,,,,,,,,,
1732157946.742468,1732157946.744871,127.000000,0.000000,4298.205078,4283.205078,4310.512695,4315.512695,4280.000000,4282.179688,4339.230957,4400.256348,4307.563965,4294.871582,4475.256348,4502.820313,4339.871582,4426.410156,22.000000,1.000000,22.000000,,,,0.000000,2.000000,2.000000,0.000000,4.000000,2.000000,2.000000,0.000000,0.000000,4.000000,4.000000,4.000000,4.000000,4.000000,4.000000,0.000000,,,,,,,,,,,,,,,,,,,,,,,,,,,,
1732157946.750277,1732157946.752579,0.000000,0.000000,4298.077148,4282.948730,4309.743652,4317.179688,4280.000000,4281.282227,4335.256348,4401.153809,4306.666504,4296.922852,4478.846191,4497.563965,4342.179688,4428.333496,0.000000,1.000000,22.000000,,,,0.000000,2.000000,2.000000,0.000000,4.000000,2.000000,2.000000,0.000000,0.000000,4.000000,4.000000,4.000000,4.000000,4.000000,4.000000,0.000000,,,,,,,,,,,,,,,,,0.000000,0.000000,0.497311,0.454956,-0.567810,0.472534,0.975705,-0.076181,-0.055671,-36.365105,44.496044,31.950684
1732157946.758085,1732157946.760388,1.000000,0.000000,4295.512695,4281.666504,4309.615234,4311.794922,4278.077148,4281.794922,4333.846191,4401.410156,4309.871582,4297.563965,4481.282227,4500.641113,4342.563965,4430.641113,1601.000000,1.000000,22.000000,,,,0.000000,2.000000,2.000000,0.000000,4.000000,2.000000,2.000000,0.000000,0.000000,4.000000,4.000000,4.000000,4.000000,4.000000,4.000000,0.000000,,,,,,,,,,,,,,,,,,,,,,,,,,,,
1732157946.765893,1732157946.767996,2.000000,0.000000,4293.077148,4280.897461,4310.128418,4307.436035,4291.922852,4280.512695,4335.769043,4402.179688,4307.563965,4296.153809,4479.230957,4499.615234,4341.153809,4431.410156,1366.000000,1.000000,22.000000,,,,0.000000,2.000000,2.000000,0.000000,4.000000,2.000000,2.000000,0.000000,0.000000,4.000000,4.000000,4.000000,4.000000,4.000000,4.000000,0.000000,,,,,,,,,,,,,,,,,,,,,,,,,,,,
1732157946.773702,1732157946.775804,3.000000,0.000000,4293.461426,4279.230957,4310.384766,4310.512695,4298.205078,4278.589844,4335.897461,4404.230957,4296.666504,4294.615234,4476.794922,4498.333496,4339.102539,4430.128418,1417.000000,1.000000,22.000000,,,,0.000000,2.000000,2.000000,0.000000,4.000000,2.000000,2.000000,0.000000,0.000000,4.000000,4.000000,4.000000,4.000000,4.000000,4.000000,0.000000,,,,,,,,,,,,,,,,,,,,,,,,,,,,
1732157946.781510,1732157946.783513,4.000000,0.000000,4296.538574,4281.922852,4309.743652,4317.692383,4275.897461,4280.512695,4334.487305,4402.692383,4299.102539,4294.871582,4477.820313,4502.436035,4341.282227,4432.051270,1424.000000,1.000000,22.000000,,,,0.000000,2.000000,2.000000,0.000000,4.000000,2.000000,2.000000,0.000000,0.000000,4.000000,4.000000,4.000000,4.000000,4.000000,4.000000,0.000000,,,,,,,,,,,,,,,,,1.000000,0.000000,0.497515,0.454834,-0.567932,0.472290,0.970822,-0.085460,-0.056159,-36.532402,44.511799,31.786720
1732157946.789318,1732157946.791321,5.000000,0.000000,4299.871582,4283.205078,4310.256348,4318.333496,4257.820313,4282.307617,4334.743652,4399.615234,4306.410156,4297.563965,4479.743652,4505.897461,4345.128418,4435.512695,1210.000000,1.000000,22.000000,,,,0.000000,2.000000,2.000000,0.000000,4.000000,2.000000,2.000000,0.000000,0.000000,4.000000,4.000000,4.000000,4.000000,4.000000,4.000000,0.000000,,,,,,,,,,,,,,,,,,,,,,,,,,,,
1732157946.797126,1732157946.798929,6.000000,0.000000,4298.077148,4280.897461,4310.512695,4312.692383,4274.358887,4281.410156,4335.128418,4399.743652,4303.077148,4296.794922,4477.692383,4507.051270,4342.179688,4433.717773,0.000000,1.000000,22.000000,,,,0.000000,2.000000,2.000000,0.000000,4.000000,2.000000,2.000000,0.000000,0.000000,4.000000,4.000000,4.000000,4.000000,4.000000,4.000000,0.000000,,,,,,,,,,,,,,,,,,,,,,,,,,,,
1732157946.804934,1732157946.806737,7.000000,0.000000,4293.846191,4280.128418,4309.871582,4309.230957,4295.128418,4278.974121,4334.871582,4401.410156,4303.333496,4296.282227,4474.871582,4501.025879,4338.333496,4428.717773,0.000000,1.000000,22.000000,,,,0.000000,2.000000,2.000000,0.000000,4.000000,2.000000,2.000000,0.000000,0.000000,4.000000,4.000000,4.000000,4.000000,4.000000,4.000000,0.000000,,,,,,,,,,,,,,,,,,,,,,,,,,,,
1732157946.812743,1732157946.814446,8.000000,0.000000,4292.820313,4280.512695,4308.461426,4310.128418,4284.615234,4280.128418,4334.871582,4402.436035,4305.000000,4295.641113,4475.128418,4493.589844,4340.641113,4426.410156,1529.000000,1.000000,22.000000,,,,0.000000,2.000000,2.000000,0.000000,4.000000,2.000000,2.000000,0.000000,0.000000,4.000000,4.000000,4.000000,4.000000,4.000000,4.000000,0.000000,,,,,,,,,,,,,,,,,2.000000,0.000000,0.497485,0.454956,-0.567810,0.472351,0.972775,-0.082530,-0.052252,-36.552914,44.326221,31.585577
1732157946.820551,1732157946.822254,9.000000,0.000000,4293.717773,4280.256348,4307.436035,4310.000000,4274.615234,4281.794922,4335.000000,4402.820313,4298.846191,4286.666504,4476.153809,4497.948730,4339.487305,4426.794922,1683.000000,1.000000,22.000000,,,,0.000000,2.000000,2.000000,0.000000,4.000000,2.000000,2.000000,0.000000,0.000000,4.000000,4.000000,4.000000,4.000000,4.000000,4.000000,0.000000,,,,,,,,,,,,,,,,,,,,,,,,,,,,
1732157946.828359,1732157946.829862,10.000000,0.000000,4293.846191,4278.974121,4308.333496,4309.615234,4278.974121,4279.871582,4335.000000,4402.051270,4299.743652,4284.615234,4475.769043,4502.692383,4337.820313,4427.179688,1548.000000,1.000000,22.000000,,,,0.000000,2.000000,2.000000,0.000000,4.000000,2.000000,2.000000,0.000000,0.000000,4.000000,4.000000,4.000000,4.000000,4.000000,4.000000,0.000000,,,,,,,,,,,,,,,,,,,,,,,,,,,,
1732157946.836167,1732157946.837671,11.000000,0.000000,4295.256348,4278.461426,4312.179688,4310.000000,4271.282227,4280.000000,4335.000000,4402.307617,4303.846191,4291.794922,4475.000000,4501.922852,4340.641113,4428.461426,1566.000000,1.000000,22.000000,,,,0.000000,2.000000,2.000000,0.000000,4.000000,2.000000,2.000000,0.000000,0.000000,4.000000,4.000000,4.000000,4.000000,4.000000,4.000000,0.000000,,,,,,,,,,,,,,,,,,,,,,,,,,,,
1732157946.843976,1732157946.845379,12.000000,0.000000,4297.051270,4280.000000,4313.717773,4310.769043,4263.333496,4283.717773,4335.000000,4404.102539,4303.333496,4293.461426,4474.230957,4499.871582,4342.179688,4428.205078,1701.000000,1.000000,22.000000,,,,0.000000,2.000000,2.000000,0.000000,4.000000,2.000000,2.000000,0.000000,0.000000,4.000000,4.000000,4.000000,4.000000,4.000000,4.000000,0.000000,,,,,,,,,,,,,,,,,3.000000,0.000000,0.497410,0.455139,-0.567627,0.472473,0.974728,-0.082041,-0.065926,-36.546192,44.244240,31.414318
1732157946.851784,1732157946.853187,13.000000,0.000000,4297.051270,4281.666504,4312.563965,4312.436035,4276.922852,4283.974121,4335.000000,4403.333496,4307.179688,4292.563965,4474.871582,4498.461426,4341.794922,4428.589844,1608.000000,1.000000,22.000000,,,,0.000000,2.000000,2.000000,0.000000,4.000000,2.000000,2.000000,0.000000,0.000000,4.000000,4.000000,4.000000,4.000000,4.000000,4.000000,0.000000,,,,,,,,,,,,,,,,,,,,,,,,,,,,
1732157946.859592,1732157946.860796,14.000000,0.000000,4297.692383,4282.436035,4311.922852,4312.436035,4284.358887,4281.666504,4335.000000,4400.641113,4306.153809,4293.205078,4478.974121,4503.333496,4342.948730,4432.948730,1548.000000,1.000000,22.000000,,,,0.000000,2.000000,2.000000,0.000000,4.000000,2.000000,2.000000,0.000000,0.000000,4.000000,4.000000,4.000000,4.000000,4.000000,4.000000,0.000000,1.000000,0.000000,1.000000,0.000000,0.000000,1.000000,2.000000,1.000000,0.000000,0.000000,4.000000,4.000000,4.000000,4.000000,4.000000,4.000000,,,,,,,,,,,,
1732157946.867401,1732157946.868604,15.000000,0.000000,4297.179688,4282.436035,4311.410156,4312.307617,4277.436035,4280.384766,4335.000000,4401.282227,4300.000000,4293.589844,4480.769043,4507.307617,4343.589844,4433.077148,1566.000000,1.000000,22.000000,,,,0.000000,2.000000,2.000000,0.000000,4.000000,2.000000,2.000000,0.000000,0.000000,4.000000,4.000000,4.000000,4.000000,4.000000,4.000000,0.000000,,,,,,,,,,,,,,,,,,,,,,,,,,,,
1732157946.875209,1732157946.876512,16.000000,0.000000,4295.000000,4282.051270,4309.743652,4312.692383,4282.179688,4279.230957,4335.000000,4402.436035,4303.589844,4295.256348,4479.102539,4505.256348,4343.205078,4428.974121,0.000000,1.000000,22.000000,,,,0.000000,2.000000,2.000000,0.000000,4.000000,2.000000,2.000000,0.000000,0.000000,4.000000,4.000000,4.000000,4.000000,4.000000,4.000000,0.000000,,,,,,,,,,,,,,,,,4.000000,0.000000,0.497441,0.455017,-0.567749,0.472412,0.974728,-0.082041,-0.065926,-36.442417,44.071167,31.715597
1732157946.883017,1732157946.884320,17.000000,0.000000,4295.641113,4281.410156,4310.000000,4312.436035,4286.794922,4279.487305,4335.000000,4402.948730,4307.179688,4291.538574,4478.461426,4506.153809,4344.230957,4428.846191,0.000000,1.000000,22.000000,,,,0.000000,2.000000,2.000000,0.000000,4.000000,2.000000,2.000000,0.000000,0.000000,4.000000,4.000000,4.000000,4.000000,4.000000,4.000000,0.000000,,,,,,,,,,,,,,,,,,,,,,,,,,,,
1732157946.890825,1732157946.892328,18.000000,0.000000,4295.256348,4280.000000,4309.230957,4310.000000,4283.846191,4280.512695,4335.000000,4403.077148,4299.487305,4281.922852,4476.794922,4505.000000,4342.820313,4428.717773,0.000000,1.000000,22.000000,,,,0.000000,2.000000,2.000000,0.000000,4.000000,2.000000,2.000000,0.000000,0.000000,4.000000,4.000000,4.000000,4.000000,4.000000,4.000000,0.000000,,,,,,,,,,,,,,,,,,,,,,,,,,,,
1732157946.898633,1732157946.900136,19.000000,0.000000,4292.436035,4277.820313,4308.589844,4309.358887,4275.897461,4281.025879,4335.000000,4401.794922,4299.358887,4285.256348,4474.871582,4499.102539,4341.666504,4426.025879,0.000000,1.000000,22.000000,,,,0.000000,2.000000,2.000000,0.000000,4.000000,2.000000,2.000000,0.000000,0.000000,4.000000,4.000000,4.000000,4.000000,4.000000,4.000000,0.000000,,,,,,,,,,,,,,,,,,,,,,,,,,,,
1732157946.906442,1732157946.908044,20.000000,0.000000,4293.846191,4278.846191,4309.615234,4311.153809,4279.102539,4282.051270,4335.000000,4401.410156,4309.230957,4295.384766,4476.282227,4504.487305,4343.846191,4427.948730,0.000000,1.000000,22.000000,,,,0.000000,2.000000,2.000000,0.000000,4.000000,2.000000,2.000000,0.000000,0.000000,4.000000,4.000000,4.000000,4.000000,4.000000,4.000000,0.000000,,,,,,,,,,,,,,,,,5.000000,0.000000,0.497411,0.454834,-0.567871,0.472473,0.974240,-0.077646,-0.060554,-36.606689,44.134312,31.654634
1732157946.914250,1732157946.915853,21.000000,0.000000,4297.051270,4279.743652,4308.333496,4308.717773,4295.897461,4279.743652,4335.000000,4401.153809,4310.256348,4295.128418,4477.307617,4507.692383,4343.974121,4431.282227,0.000000,1.000000,22.000000,,,,0.000000,2.000000,2.000000,0.000000,4.000000,2.000000,2.000000,0.000000,0.000000,4.000000,4.000000,4.000000,4.000000,4.000000,4.000000,0.000000,,,,,,,,,,,,,,,,,,,,,,,,,,,,
1732157946.922058,1732157946.923861,22.000000,0.000000,4297.692383,4278.974121,4306.794922,4306.025879,4286.666504,4279.487305,4335.000000,4401.282227,4310.384766,4294.487305,4476.794922,4504.230957,4342.948730,4430.512695,0.000000,1.000000,22.000000,,,,0.000000,2.000000,2.000000,0.000000,4.000000,2.000000,2.000000,0.000000,0.000000,4.000000,4.000000,4.000000,4.000000,4.000000,4.000000,0.000000,,,,,,,,,,,,,,,,,,,,,,,,,,,,
1732157946.929866,1732157946.931669,23.000000,0.000000,4296.922852,4280.128418,4308.333496,4308.717773,4261.025879,4285.769043,4335.000000,4400.897461,4310.384766,4297.436035,4477.051270,4506.666504,4345.000000,4430.128418,0.000000,1.000000,22.000000,,,,0.000000,2.000000,2.000000,0.000000,4.000000,2.000000,2.000000,0.000000,0.000000,4.000000,4.000000,4.000000,4.000000,4.000000,4.000000,0.000000,,,,,,,,,,,,,,,,,,,,,,,,,,,,
1732157946.937675,1732157946.939377,24.000000,0.000000,4296.025879,4283.205078,4310.384766,4315.256348,4260.897461,4288.205078,4335.000000,4400.000000,4304.487305,4297.820313,4477.436035,4509.487305,4347.436035,4434.743652,0.000000,1.000000,22.000000,,,,0.000000,2.000000,2.000000,0.000000,4.000000,2.000000,2.000000,0.000000,0.000000,4.000000,4.000000,4.000000,4.000000,4.000000,4.000000,0.000000,,,,,,,,,,,,,,,,,6.000000,0.000000,0.497353,0.454834,-0.567871,0.472534,0.972287,-0.085460,-0.053229,-36.624752,44.282127,31.518587
1732157946.945483,1732157946.947185,25.000000,0.000000,4294.615234,4282.563965,4309.615234,4312.820313,4279.230957,4281.794922,4335.000000,4400.000000,4298.974121,4292.051270,4476.666504,4506.666504,4345.000000,4435.769043,0.000000,1.000000,22.000000,,,,0.000000,2.000000,2.000000,0.000000,4.000000,2.000000,2.000000,0.000000,0.000000,4.000000,4.000000,4.000000,4.000000,4.000000,4.000000,0.000000,,,,,,,,,,,,,,,,,,,,,,,,,,,,
1732157946.953291,1732157946.954794,26.000000,0.000000,4293.846191,4278.205078,4309.487305,4303.077148,4285.128418,4276.794922,4335.000000,4400.897461,4302.307617,4286.410156,4474.871582,4505.769043,4341.794922,4433.589844,0.000000,1.000000,22.000000,,,,0.000000,2.000000,2.000000,0.000000,4.000000,2.000000,2.000000,0.000000,0.000000,4.000000,4.000000,4.000000,4.000000,4.000000,4.000000,0.000000,,,,,,,,,,,,,,,,,,,,,,,,,,,,
1732157946.961100,1732157946.962602,27.000000,0.000000,4295.128418,4278.461426,4308.589844,4303.974121,4274.487305,4277.692383,4334.871582,4400.000000,4309.871582,4286.410156,4475.000000,4508.205078,4342.436035,4438.846191,0.000000,1.000000,22.000000,,,,0.000000,2.000000,2.000000,0.000000,4.000000,2.000000,2.000000,0.000000,0.000000,4.000000,4.000000,4.000000,4.000000,4.000000,4.000000,0.000000,,,,,,,,,,,,,,,,,,,,,,,,,,,,
1732157946.968908,1732157946.970510,28.000000,0.000000,4296.922852,4281.794922,4307.692383,4312.820313,4262.051270,4278.589844,4334.487305,4399.743652,4305.256348,4288.846191,4478.205078,4508.589844,4344.230957,4445.512695,0.000000,1.000000,22.000000,,,,0.000000,2.000000,2.000000,0.000000,4.000000,2.000000,2.000000,0.000000,0.000000,4.000000,4.000000,4.000000,4.000000,4.000000,4.000000,0.000000,,,,,,,,,,,,,,,,,7.000000,0.000000,0.497353,0.454834,-0.567871,0.472534,0.972287,-0.085460,-0.053229,-36.347717,44.196857,31.578388
1732157946.976716,1732157946.978318,29.000000,0.000000,4296.282227,4281.794922,4307.948730,4312.307617,4262.436035,4278.974121,4335.000000,4401.282227,4299.102539,4291.666504,4479.487305,4506.922852,4343.077148,4441.153809,0.000000,1.000000,22.000000,,,,0.000000,2.000000,2.000000,0.000000,4.000000,2.000000,2.000000,0.000000,0.000000,4.000000,4.000000,4.000000,4.000000,4.000000,4.000000,0.000000,,,,,,,,,,,,,,,,,,,,,,,,,,,,
1732157946.984524,1732157946.986326,30.000000,0.000000,4293.846191,4278.717773,4308.333496,4305.641113,4272.179688,4279.871582,4335.384766,4400.897461,4302.051270,4288.974121,4475.897461,4504.615234,4342.948730,4434.743652,0.000000,1.000000,22.000000,,,,0.000000,2.000000,2.000000,0.000000,4.000000,2.000000,2.000000,0.000000,0.000000,4.000000,4.000000,4.000000,4.000000,4.000000,4.000000,0.000000,,,,,,,,,,,,,,,,,,,,,,,,,,,,
1732157946.992332,1732157946.994134,31.000000,0.000000,4293.205078,4278.974121,4310.512695,4308.205078,4276.794922,4280.641113,4334.102539,4399.487305,4304.615234,4281.410156,4471.922852,4504.358887,4342.563965,4434.615234,0.000000,1.000000,22.000000,,,,0.000000,2.000000,2.000000,0.000000,4.000000,2.000000,2.000000,0.000000,0.000000,4.000000,4.000000,4.000000,4.000000,4.000000,4.000000,0.000000,,,,,,,,,,,,,,,,,,,,,,,,,,,,
1732157947.000141,1732157947.002043,32.000000,0.000000,4294.743652,4280.641113,4311.538574,4312.179688,4281.410156,4281.153809,4335.769043,4399.871582,4304.743652,4279.615234,4471.410156,4504.102539,4336.538574,4431.410156,0.000000,1.000000,22.000000,,,,0.000000,2.000000,2.000000,0.000000,4.000000,2.000000,2.000000,0.000000,0.000000,4.000000,4.000000,4.000000,4.000000,4.000000,4.000000,0.000000,,,,,,,,,,,,,,,,,8.000000,0.000000,0.497409,0.454773,-0.567871,0.472534,0.963008,-0.081553,-0.062019,-36.138317,44.234455,31.591827
1732157947.007949,1732157947.009851,33.000000,0.000000,4296.538574,4281.025879,4310.128418,4312.179688,4278.974121,4282.436035,4340.641113,4400.897461,4304.487305,4283.846191,4472.051270,4505.512695,4335.897461,4427.820313,0.000000,1.000000,22.000000,,,,0.000000,2.000000,2.000000,0.000000,4.000000,2.000000,2.000000,0.000000,0.000000,4.000000,4.000000,4.000000,4.000000,4.000000,4.000000,0.000000,,,,,,,,,,,,,,,,,,,,,,,,,,,,
1732157947.015757,1732157947.017859,34.000000,0.000000,4295.897461,4278.717773,4310.384766,4310.256348,4279.230957,4281.410156,4340.256348,4403.205078,4303.717773,4283.717773,4472.179688,4508.205078,4341.025879,4430.256348,0.000000,1.000000,22.000000,,,,0.000000,2.000000,2.000000,0.000000,4.000000,2.000000,2.000000,0.000000,0.000000,4.000000,4.000000,4.000000,4.000000,4.000000,4.000000,0.000000,,,,,,,,,,,,,,,,,,,,,,,,,,,,
1732157947.023565,1732157947.025667,35.000000,0.000000,4293.077148,4277.436035,4311.666504,4307.820313,4294.487305,4277.179688,4335.384766,4404.487305,4305.128418,4280.384766,4472.179688,4500.897461,4339.230957,4429.871582,0.000000,1.000000,22.000000,,,,0.000000,2.000000,2.000000,0.000000,4.000000,2.000000,2.000000,0.000000,0.000000,4.000000,4.000000,4.000000,4.000000,4.000000,4.000000,0.000000,,,,,,,,,,,,,,,,,,,,,,,,,,,,
1732157947.031374,1732157947.033575,36.000000,0.000000,4295.000000,4282.436035,4310.641113,4313.077148,4287.307617,4278.717773,4334.230957,4401.922852,4306.794922,4282.820313,4471.794922,4493.717773,4335.512695,4426.666504,0.000000,1.000000,22.000000,,,,0.000000,2.000000,2.000000,0.000000,4.000000,2.000000,2.000000,0.000000,0.000000,4.000000,4.000000,4.000000,4.000000,4.000000,4.000000,0.000000,,,,,,,,,,,,,,,,,9.000000,0.000000,0.497451,0.454651,-0.567932,0.472534,0.968868,-0.083018,-0.046881,-36.118702,44.114906,31.502714
1732157947.039182,1732157947.041383,37.000000,0.000000,4299.102539,4286.153809,4310.641113,4320.512695,4263.461426,4283.205078,4335.512695,4400.256348,4300.128418,4287.563965,4473.077148,4501.410156,4340.641113,4432.436035,0.000000,1.000000,22.000000,,,,0.000000,2.000000,2.000000,0.000000,4.000000,2.000000,2.000000,0.000000,0.000000,4.000000,4.000000,4.000000,4.000000,4.000000,4.000000,0.000000,,,,,,,,,,,,,,,,,,,,,,,,,,,,
1732157947.046990,1732157947.049391,38.000000,0.000000,4298.205078,4282.563965,4312.051270,4320.256348,4266.794922,4280.769043,4334.871582,4401.794922,4296.282227,4289.871582,4474.871582,4510.000000,4346.153809,4438.717773,0.000000,1.000000,22.000000,,,,0.000000,2.000000,2.000000,0.000000,4.000000,2.000000,2.000000,0.000000,0.000000,4.000000,4.000000,4.000000,4.000000,4.000000,4.000000,0.000000,,,,,,,,,,,,,,,,,,,,,,,,,,,,
1732157947.054798,1732157947.057200,39.000000,0.000000,4296.922852,4279.743652,4310.384766,4313.974121,4277.179688,4277.820313,4334.230957,4401.410156,4308.717773,4287.436035,4474.487305,4506.410156,4344.871582,4433.974121,0.000000,1.000000,22.000000,,,,0.000000,2.000000,2.000000,0.000000,4.000000,2.000000,2.000000,0.000000,0.000000,4.000000,4.000000,4.000000,4.000000,4.000000,4.000000,0.000000,,,,,,,,,,,,,,,,,,,,,,,,,,,,
1732157947.062607,1732157947.065108,40.000000,0.000000,4297.436035,4281.794922,4309.358887,4310.000000,4275.384766,4281.538574,4335.512695,4399.743652,4314.871582,4285.256348,4472.820313,4500.256348,4343.205078,4429.230957,0.000000,1.000000,22.000000,,,,0.000000,2.000000,2.000000,0.000000,4.000000,2.000000,2.000000,0.000000,0.000000,4.000000,4.000000,4.000000,4.000000,4.000000,4.000000,0.000000,,,,,,,,,,,,,,,,,10.000000,0.000000,0.497451,0.454651,-0.567932,0.472534,0.977170,-0.076181,-0.064949,-36.282818,44.153076,31.490532
1732157947.070415,1732157947.072916,41.000000,0.000000,4296.922852,4282.179688,4311.410156,4308.846191,4289.615234,4282.563965,4335.000000,4400.897461,4301.538574,4284.102539,4472.179688,4502.948730,4341.538574,4430.512695,0.000000,1.000000,22.000000,,,,0.000000,2.000000,2.000000,0.000000,4.000000,2.000000,2.000000,0.000000,0.000000,4.000000,4.000000,4.000000,4.000000,4.000000,4.000000,0.000000,,,,,,,,,,,,,,,,,,,,,,,,,,,,
1732157947.078223,1732157947.080924,42.000000,0.000000,4296.794922,4281.025879,4311.153809,4309.871582,4294.358887,4279.615234,4333.717773,4403.205078,4292.692383,4279.487305,4472.820313,4507.307617,4340.897461,4431.538574,0.000000,1.000000,22.000000,,,,0.000000,2.000000,2.000000,0.000000,4.000000,2.000000,2.000000,0.000000,0.000000,4.000000,4.000000,4.000000,4.000000,4.000000,4.000000,0.000000,,,,,,,,,,,,,,,,,,,,,,,,,,,,
1732157947.086031,1732157947.088732,43.000000,0.000000,4296.922852,4282.563965,4309.230957,4312.436035,4268.846191,4281.410156,4337.563965,4401.282227,4295.256348,4279.230957,4473.461426,4508.077148,4342.179688,4430.769043,0.000000,1.000000,22.000000,,,,0.000000,2.000000,2.000000,0.000000,4.000000,2.000000,2.000000,0.000000,0.000000,4.000000,4.000000,4.000000,4.000000,4.000000,4.000000,0.000000,,,,,,,,,,,,,,,,,,,,,,,,,,,,
1732157947.093840,1732157947.096640,44.000000,0.000000,4297.563965,4283.077148,4309.487305,4309.871582,4264.615234,4282.692383,4340.128418,4400.897461,4299.102539,4285.384766,4473.717773,4505.897461,4343.717773,4431.922852,0.000000,1.000000,22.000000,,,,0.000000,2.000000,2.000000,0.000000,4.000000,2.000000,2.000000,0.000000,0.000000,4.000000,4.000000,4.000000,4.000000,4.000000,4.000000,0.000000,,,,,,,,,,,,,,,,,11.000000,0.000000,0.497146,0.454895,-0.567749,0.472839,0.976193,-0.098157,-0.060554,-36.007416,44.123989,31.682331
1732157947.101648,1732157947.104448,45.000000,0.000000,4297.179688,4280.897461,4311.794922,4307.820313,4276.666504,4281.410156,4336.153809,4406.282227,4302.948730,4287.051270,4472.692383,4506.794922,4343.205078,4433.974121,0.000000,1.000000,22.000000,,,,0.000000,2.000000,2.000000,0.000000,4.000000,2.000000,2.000000,0.000000,0.000000,4.000000,4.000000,4.000000,4.000000,4.000000,4.000000,0.000000,,,,,,,,,,,,,,,,,,,,,,,,,,,,
1732157947.109456,1732157947.112356,46.000000,0.000000,4295.000000,4279.230957,4311.794922,4306.410156,4280.000000,4282.436035,4332.948730,4406.922852,4304.871582,4283.717773,4471.922852,4509.487305,4340.128418,4437.436035,0.000000,1.000000,22.000000,,,,0.000000,2.000000,2.000000,0.000000,4.000000,2.000000,2.000000,0.000000,0.000000,4.000000,4.000000,4.000000,4.000000,4.000000,4.000000,0.000000,,,,,,,,,,,,,,,,,,,,,,,,,,,,
1732157947.117264,1732157947.120165,47.000000,0.000000,4292.051270,4279.230957,4310.128418,4301.410156,4290.256348,4278.846191,4335.128418,4405.128418,4303.333496,4284.615234,4472.179688,4507.307617,4340.128418,4436.922852,0.000000,1.000000,22.000000,,,,0.000000,2.000000,2.000000,0.000000,4.000000,2.000000,2.000000,0.000000,0.000000,4.000000,4.000000,4.000000,4.000000,4.000000,4.000000,0.000000,,,,,,,,,,,,,,,,,,,,,,,,,,,,
1732157947.125073,1732157947.128073,48.000000,0.000000,4292.563965,4279.615234,4309.358887,4301.666504,4282.307617,4274.230957,4335.769043,4405.512695,4306.538574,4290.897461,4473.589844,4506.282227,4342.948730,4432.692383,0.000000,1.000000,22.000000,,,,0.000000,2.000000,2.000000,0.000000,4.000000,2.000000,2.000000,0.000000,0.000000,4.000000,4.000000,4.000000,4.000000,4.000000,4.000000,0.000000,,,,,,,,,,,,,,,,,12.000000,0.000000,0.497365,0.454529,-0.568054,0.472595,0.978635,-0.078623,-0.054694,-36.007671,44.095432,31.704355
1732157947.132881,1732157947.135881,49.000000,0.000000,4294.358887,4280.641113,4311.153809,4303.974121,4256.794922,4277.179688,4334.102539,4403.461426,4306.922852,4295.128418,4474.871582,4507.692383,4340.512695,4431.538574,0.000000,1.000000,22.000000,,,,0.000000,2.000000,2.000000,0.000000,4.000000,2.000000,2.000000,0.000000,0.000000,4.000000,4.000000,4.000000,4.000000,4.000000,4.000000,0.000000,,,,,,,,,,,,,,,,,,,,,,,,,,,,
1732157947.140689,1732157947.143489,50.000000,0.000000,4293.589844,4279.358887,4310.641113,4300.769043,4268.589844,4280.641113,4334.487305,4400.256348,4296.538574,4287.307617,4467.820313,4506.794922,4333.461426,4429.230957,0.000000,1.000000,22.000000,,,,0.000000,2.000000,2.000000,0.000000,4.000000,2.000000,2.000000,0.000000,0.000000,4.000000,4.000000,4.000000,4.000000,4.000000,4.000000,0.000000,,,,,,,,,,,,,,,,,,,,,,,,,,,,
1732157947.148497,1732157947.151298,51.000000,0.000000,4292.563965,4277.179688,4307.051270,4296.666504,4285.641113,4280.384766,4335.384766,4400.384766,4297.051270,4278.205078,4462.948730,4505.384766,4331.410156,4427.051270,0.000000,1.000000,22.000000,,,,0.000000,2.000000,2.000000,0.000000,4.000000,2.000000,2.000000,0.000000,0.000000,4.000000,4.000000,4.000000,4.000000,4.000000,4.000000,0.000000,,,,,,,,,,,,,,,,,,,,,,,,,,,,
1732157947.156306,1732157947.159006,52.000000,0.000000,4293.461426,4279.487305,4308.333496,4301.025879,4261.538574,4281.153809,4336.025879,4400.897461,4308.461426,4287.051270,4470.256348,4507.948730,4335.897461,4430.512695,0.000000,1.000000,22.000000,,,,0.000000,2.000000,2.000000,0.000000,4.000000,2.000000,2.000000,0.000000,0.000000,4.000000,4.000000,4.000000,4.000000,4.000000,4.000000,0.000000,,,,,,,,,,,,,,,,,13.000000,0.000000,0.497251,0.454590,-0.568054,0.472656,0.974728,-0.092785,-0.068368,-36.071213,44.048965,31.668861
1732157947.164114,1732157947.166814,53.000000,0.000000,4294.615234,4281.282227,4312.436035,4303.205078,4254.102539,4280.128418,4336.410156,4400.000000,4306.538574,4295.769043,4476.666504,4507.307617,4338.974121,4432.179688,0.000000,1.000000,22.000000,,,,0.000000,2.000000,2.000000,0.000000,4.000000,2.000000,2.000000,0.000000,0.000000,4.000000,4.000000,4.000000,4.000000,4.000000,4.000000,0.000000,,,,,,,,,,,,,,,,,,,,,,,,,,,,
1732157947.171922,1732157947.174423,54.000000,0.000000,4295.384766,4278.333496,4310.128418,4302.948730,4281.282227,4276.538574,4335.384766,4401.282227,4296.922852,4290.000000,4472.692383,4503.461426,4336.922852,4430.256348,0.000000,1.000000,22.000000,,,,0.000000,2.000000,2.000000,0.000000,4.000000,2.000000,2.000000,0.000000,0.000000,4.000000,4.000000,4.000000,4.000000,4.000000,4.000000,0.000000,,,,,,,,,,,,,,,,,,,,,,,,,,,,
1732157947.179730,1732157947.182231,55.000000,0.000000,4295.769043,4279.102539,4310.384766,4305.512695,4285.000000,4276.794922,4333.461426,4400.128418,4296.153809,4287.563965,4471.410156,4506.410156,4338.589844,4435.897461,0.000000,1.000000,22.000000,,,,0.000000,2.000000,2.000000,0.000000,4.000000,2.000000,2.000000,0.000000,0.000000,4.000000,4.000000,4.000000,4.000000,4.000000,4.000000,0.000000,,,,,,,,,,,,,,,,,,,,,,,,,,,,
1732157947.187539,1732157947.189939,56.000000,0.000000,4295.000000,4281.922852,4317.307617,4302.563965,4266.538574,4279.487305,4333.846191,4400.000000,4299.358887,4288.846191,4475.384766,4510.512695,4345.128418,4443.589844,0.000000,1.000000,22.000000,,,,0.000000,2.000000,2.000000,0.000000,4.000000,2.000000,2.000000,0.000000,0.000000,4.000000,4.000000,4.000000,4.000000,4.000000,4.000000,0.000000,,,,,,,,,,,,,,,,,14.000000,0.000000,0.497295,0.454529,-0.568115,0.472595,0.966915,-0.086436,-0.050299,-36.032684,44.071331,31.730110
1732157947.195347,1732157947.197747,57.000000,0.000000,4294.358887,4281.025879,4315.256348,4301.794922,4256.922852,4280.512695,4336.025879,4402.051270,4298.974121,4286.282227,4474.358887,4508.461426,4342.692383,4443.333496,0.000000,1.000000,22.000000,,,,0.000000,2.000000,2.000000,0.000000,4.000000,2.000000,2.000000,0.000000,0.000000,4.000000,4.000000,4.000000,4.000000,4.000000,4.000000,0.000000,,,,,,,,,,,,,,,,,,,,,,,,,,,,
1732157947.203155,1732157947.205356,58.000000,0.000000,4295.256348,4280.769043,4309.230957,4303.077148,4268.846191,4278.589844,4335.769043,4401.666504,4297.692383,4282.820313,4471.794922,4505.769043,4334.487305,4439.871582,0.000000,1.000000,22.000000,,,,0.000000,2.000000,2.000000,0.000000,4.000000,2.000000,2.000000,0.000000,0.000000,4.000000,4.000000,4.000000,4.000000,4.000000,4.000000,0.000000,,,,,,,,,,,,,,,,,,,,,,,,,,,,
1732157947.210963,1732157947.213164,59.000000,0.000000,4295.512695,4280.769043,4310.769043,4299.230957,4285.641113,4275.897461,4335.128418,4399.871582,4295.641113,4282.179688,4471.922852,4506.794922,4336.538574,4438.589844,0.000000,1.000000,22.000000,,,,0.000000,2.000000,2.000000,0.000000,4.000000,2.000000,2.000000,0.000000,0.000000,4.000000,4.000000,4.000000,4.000000,4.000000,4.000000,0.000000,,,,,,,,,,,,,,,,,,,,,,,,,,,,
1732157947.218772,1732157947.220872,60.000000,0.000000,4294.358887,4279.230957,4312.436035,4294.615234,4276.794922,4278.333496,4335.897461,4400.897461,4297.563965,4287.179688,4472.436035,4507.948730,4340.000000,4440.128418,0.000000,1.000000,22.000000,,,,0.000000,2.000000,2.000000,0.000000,4.000000,2.000000,2.000000,0.000000,0.000000,4.000000,4.000000,4.000000,4.000000,4.000000,4.000000,0.000000,,,,,,,,,,,,,,,,,15.000000,0.000000,0.497339,0.454468,-0.568176,0.472534,0.966915,-0.077646,-0.057136,-35.868141,44.056110,31.699722
1732157947.226580,1732157947.228680,61.000000,0.000000,4293.974121,4278.846191,4308.205078,4295.512695,4257.179688,4281.282227,4336.153809,4403.077148,4304.358887,4288.846191,4472.948730,4508.461426,4335.000000,4442.179688,0.000000,1.000000,22.000000,,,,0.000000,2.000000,2.000000,0.000000,4.000000,2.000000,2.000000,0.000000,0.000000,4.000000,4.000000,4.000000,4.000000,4.000000,4.000000,0.000000,,,,,,,,,,,,,,,,,,,,,,,,,,,,
1732157947.234388,1732157947.236289,62.000000,0.000000,4296.025879,4279.871582,4309.358887,4297.307617,4260.000000,4279.743652,4335.769043,4402.307617,4303.974121,4283.846191,4473.461426,4511.538574,4334.871582,4441.922852,0.000000,1.000000,22.000000,,,,0.000000,2.000000,2.000000,0.000000,4.000000,2.000000,2.000000,0.000000,0.000000,4.000000,4.000000,4.000000,4.000000,4.000000,4.000000,0.000000,,,,,,,,,,,,,,,,,,,,,,,,,,,,
1732157947.242196,1732157947.244097,63.000000,0.000000,4296.794922,4280.641113,4313.333496,4296.282227,4270.256348,4281.538574,4335.641113,4401.153809,4301.282227,4286.410156,4474.102539,4512.948730,4339.871582,4439.871582,0.000000,1.000000,22.000000,,,,0.000000,2.000000,2.000000,0.000000,4.000000,2.000000,2.000000,0.000000,0.000000,4.000000,4.000000,4.000000,4.000000,4.000000,4.000000,0.000000,,,,,,,,,,,,,,,,,,,,,,,,,,,,
1732157947.250005,1732157947.252005,64.000000,0.000000,4293.461426,4279.487305,4309.358887,4296.666504,4274.871582,4284.871582,4334.871582,4402.436035,4302.051270,4294.358887,4474.230957,4511.666504,4337.820313,4436.282227,0.000000,1.000000,22.000000,,,,0.000000,2.000000,2.000000,0.000000,4.000000,2.000000,2.000000,0.000000,0.000000,4.000000,4.000000,4.000000,4.000000,4.000000,4.000000,0.000000,,,,,,,,,,,,,,,,,16.000000,0.000000,0.497611,0.454285,-0.568237,0.472351,0.979123,-0.093761,-0.046392,-35.848194,44.130451,31.725109
1732157947.257813,1732157947.259813,65.000000,0.000000,4293.846191,4278.205078,4305.769043,4294.871582,4292.051270,4282.692383,4334.358887,4402.692383,4301.410156,4291.410156,4473.974121,4510.128418,4338.205078,4433.589844,1601.000000,1.000000,22.000000,,,,0.000000,2.000000,2.000000,0.000000,4.000000,2.000000,2.000000,0.000000,0.000000,4.000000,4.000000,4.000000,4.000000,4.000000,4.000000,0.000000,,,,,,,,,,,,,,,,,,,,,,,,,,,,
1732157947.265621,1732157947.267422,66.000000,0.000000,4297.307617,4278.205078,4310.641113,4294.743652,4289.487305,4279.615234,4334.871582,4401.282227,4300.897461,4291.410156,4474.358887,4511.794922,4342.307617,4436.666504,1366.000000,1.000000,22.000000,,,,0.000000,2.000000,2.000000,0.000000,4.000000,2.000000,2.000000,0.000000,0.000000,4.000000,4.000000,4.000000,4.000000,4.000000,4.000000,0.000000,,,,,,,,,,,,,,,,,,,,,,,,,,,,
1732157947.273429,1732157947.275230,67.000000,0.000000,4296.282227,4279.230957,4313.333496,4297.051270,4259.487305,4281.922852,4335.897461,4400.512695,4300.897461,4295.641113,4474.615234,4514.743652,4338.205078,4438.717773,1421.000000,1.000000,22.000000,,,,0.000000,2.000000,2.000000,0.000000,4.000000,2.000000,2.000000,0.000000,0.000000,4.000000,4.000000,4.000000,4.000000,4.000000,4.000000,0.000000,,,,,,,,,,,,,,,,,,,,,,,,,,,,
1732157947.281237,1732157947.282938,68.000000,0.000000,4293.589844,4279.102539,4306.153809,4294.743652,4265.769043,4282.436035,4335.769043,4400.897461,4297.179688,4291.794922,4472.820313,4513.461426,4334.871582,4432.820313,1422.000000,1.000000,22.000000,,,,0.000000,2.000000,2.000000,0.000000,4.000000,2.000000,2.000000,0.000000,0.000000,4.000000,4.000000,4.000000,4.000000,4.000000,4.000000,0.000000,,,,,,,,,,,,,,,,,17.000000,0.000000,0.497597,0.454224,-0.568298,0.472351,0.979123,-0.093761,-0.046392,-35.943703,44.195663,31.729004
1732157947.289046,1732157947.290746,69.000000,0.000000,4295.641113,4277.692383,4303.205078,4292.307617,4288.974121,4280.769043,4335.256348,4402.692383,4299.615234,4290.641113,4471.922852,4509.230957,4339.743652,4428.461426,1210.000000,1.000000,22.000000,,,,0.000000,2.000000,2.000000,0.000000,4.000000,2.000000,2.000000,0.000000,0.000000,4.000000,4.000000,4.000000,4.000000,4.000000,4.000000,0.000000,,,,,,,,,,,,,,,,,,,,,,,,,,,,
1732157947.296854,1732157947.298755,70.000000,0.000000,4292.051270,4276.922852,4309.487305,4289.871582,4273.077148,4286.538574,4335.769043,4404.102539,4307.948730,4295.769043,4473.461426,4506.922852,4342.820313,4428.589844,0.000000,1.000000,22.000000,,,,0.000000,2.000000,2.000000,0.000000,4.000000,2.000000,2.000000,0.000000,0.000000,4.000000,4.000000,4.000000,4.000000,4.000000,4.000000,0.000000,,,,,,,,,,,,,,,,,,,,,,,,,,,,
1732157947.304662,1732157947.306563,71.000000,0.000000,4285.256348,4278.077148,4311.282227,4285.000000,4259.615234,4295.000000,4336.025879,4401.794922,4309.102539,4295.384766,4473.077148,4508.846191,4342.692383,4429.102539,0.000000,1.000000,22.000000,,,,0.000000,2.000000,2.000000,0.000000,4.000000,2.000000,2.000000,0.000000,0.000000,4.000000,4.000000,4.000000,4.000000,4.000000,4.000000,0.000000,,,,,,,,,,,,,,,,,,,,,,,,,,,,
1732157947.312471,1732157947.314471,72.000000,0.000000,4284.102539,4280.000000,4307.563965,4285.000000,4273.589844,4296.410156,4335.897461,4399.743652,4306.666504,4294.743652,4468.461426,4507.692383,4342.307617,4427.820313,1528.000000,1.000000,22.000000,,,,0.000000,2.000000,2.000000,0.000000,4.000000,2.000000,2.000000,0.000000,0.000000,4.000000,4.000000,4.000000,4.000000,4.000000,4.000000,0.000000,,,,,,,,,,,,,,,,,18.000000,0.000000,0.497793,0.453613,-0.568665,0.472290,0.972287,-0.097180,-0.064461,-36.196068,44.330154,31.525494
1732157947.320279,1732157947.322279,73.000000,0.000000,4283.461426,4278.717773,4307.436035,4287.307617,4282.051270,4294.358887,4335.769043,4400.512695,4303.717773,4295.641113,4463.461426,4503.717773,4336.410156,4424.615234,1685.000000,1.000000,22.000000,,,,0.000000,2.000000,2.000000,0.000000,4.000000,2.000000,2.000000,0.000000,0.000000,4.000000,4.000000,4.000000,4.000000,4.000000,4.000000,0.000000,,,,,,,,,,,,,,,,,,,,,,,,,,,,
1732157947.328087,1732157947.329887,74.000000,0.000000,4284.487305,4277.948730,4309.358887,4288.077148,4291.410156,4294.102539,4335.256348,4400.641113,4300.384766,4294.743652,4465.897461,4503.974121,4335.769043,4424.358887,1548.000000,1.000000,22.000000,,,,0.000000,2.000000,2.000000,0.000000,4.000000,2.000000,2.000000,0.000000,0.000000,4.000000,4.000000,4.000000,4.000000,4.000000,4.000000,0.000000,,,,,,,,,,,,,,,,,,,,,,,,,,,,
1732157947.335895,1732157947.337696,75.000000,0.000000,4288.461426,4280.769043,4310.512695,4291.794922,4293.974121,4289.871582,4334.743652,4399.871582,4303.461426,4295.897461,4472.436035,4506.922852,4341.153809,4429.230957,1564.000000,1.000000,22.000000,,,,0.000000,2.000000,2.000000,0.000000,4.000000,2.000000,2.000000,0.000000,0.000000,4.000000,4.000000,4.000000,4.000000,4.000000,4.000000,0.000000,,,,,,,,,,,,,,,,,,,,,,,,,,,,
1732157947.343704,1732157947.345604,76.000000,0.000000,4286.282227,4280.000000,4310.641113,4296.410156,4272.307617,4287.563965,4334.615234,4400.384766,4306.666504,4298.589844,4469.615234,4508.717773,4337.563965,4430.384766,1703.000000,1.000000,22.000000,,,,0.000000,2.000000,2.000000,0.000000,4.000000,2.000000,2.000000,0.000000,0.000000,4.000000,4.000000,4.000000,4.000000,4.000000,4.000000,0.000000,,,,,,,,,,,,,,,,,19.000000,0.000000,0.497448,0.453979,-0.568420,0.472595,0.972287,-0.083995,-0.056159,-36.400482,44.355759,31.327316
1732157947.351512,1732157947.353412,77.000000,0.000000,4280.641113,4275.000000,4309.743652,4293.461426,4274.230957,4291.922852,4334.743652,4399.743652,4302.436035,4296.410156,4461.282227,4507.692383,4333.205078,4426.794922,1609.000000,1.000000,22.000000,,,,0.000000,2.000000,2.000000,0.000000,4.000000,2.000000,2.000000,0.000000,0.000000,4.000000,4.000000,4.000000,4.000000,4.000000,4.000000,0.000000,,,,,,,,,,,,,,,,,,,,,,,,,,,,
1732157947.359320,1732157947.361420,78.000000,0.000000,4282.436035,4275.384766,4310.384766,4290.897461,4298.974121,4292.692383,4336.025879,4397.948730,4297.307617,4292.692383,4458.077148,4505.256348,4333.461426,4426.282227,1548.000000,1.000000,22.000000,,,,0.000000,2.000000,2.000000,0.000000,4.000000,2.000000,2.000000,0.000000,0.000000,4.000000,4.000000,4.000000,4.000000,4.000000,4.000000,0.000000,1.000000,0.000000,1.000000,0.000000,0.000000,4.000000,1.000000,1.000000,0.000000,0.000000,4.000000,4.000000,4.000000,4.000000,3.000000,4.000000,,,,,,,,,,,,
1732157947.367128,1732157947.369228,79.000000,0.000000,4288.846191,4281.794922,4312.820313,4296.538574,4286.153809,4292.307617,4336.666504,4398.974121,4296.794922,4293.205078,4458.589844,4507.563965,4333.589844,4428.205078,1564.000000,1.000000,22.000000,,,,0.000000,2.000000,2.000000,0.000000,4.000000,2.000000,2.000000,0.000000,0.000000,4.000000,4.000000,4.000000,4.000000,4.000000,4.000000,0.000000,,,,,,,,,,,,,,,,,,,,,,,,,,,,
1732157947.374936,1732157947.377136,80.000000,0.000000,4290.000000,4282.436035,4312.820313,4298.205078,4267.948730,4296.794922,4335.512695,4401.922852,4303.461426,4295.897461,4462.436035,4511.794922,4336.666504,4428.846191,1703.000000,1.000000,22.000000,,,,0.000000,2.000000,2.000000,0.000000,4.000000,2.000000,2.000000,0.000000,0.000000,4.000000,4.000000,4.000000,4.000000,4.000000,4.000000,0.000000,,,,,,,,,,,,,,,,,20.000000,0.000000,0.497290,0.454102,-0.568359,0.472717,0.983518,-0.100598,-0.050299,-36.489388,44.491497,31.258459
1732157947.382745,1732157947.384944,81.000000,0.000000,4286.538574,4277.820313,4311.282227,4291.794922,4276.410156,4294.615234,4334.487305,4401.922852,4311.410156,4297.307617,4470.641113,4510.641113,4341.922852,4430.384766,1609.000000,1.000000,22.000000,,,,0.000000,2.000000,2.000000,0.000000,4.000000,2.000000,2.000000,0.000000,0.000000,4.000000,4.000000,4.000000,4.000000,4.000000,4.000000,0.000000,,,,,,,,,,,,,,,,,,,,,,,,,,,,
1732157947.390553,1732157947.392952,82.000000,0.000000,4285.512695,4277.563965,4310.641113,4284.871582,4280.000000,4286.666504,4334.743652,4398.589844,4307.307617,4297.820313,4475.512695,4507.692383,4340.897461,4431.666504,1548.000000,1.000000,22.000000,,,,0.000000,2.000000,2.000000,0.000000,4.000000,2.000000,2.000000,0.000000,0.000000,4.000000,4.000000,4.000000,4.000000,4.000000,4.000000,0.000000,,,,,,,,,,,,,,,,,,,,,,,,,,,,
1732157947.398361,1732157947.400761,83.000000,0.000000,4290.384766,4279.102539,4310.641113,4281.666504,4287.179688,4282.948730,4334.871582,4398.846191,4296.666504,4295.256348,4469.871582,4508.077148,4337.563965,4429.487305,1564.000000,1.000000,22.000000,,,,0.000000,2.000000,2.000000,0.000000,4.000000,2.000000,2.000000,0.000000,0.000000,4.000000,4.000000,4.000000,4.000000,4.000000,4.000000,0.000000,,,,,,,,,,,,,,,,,,,,,,,,,,,,
1732157947.406170,1732157947.408669,84.000000,0.000000,4293.589844,4279.230957,4311.153809,4285.384766,4294.871582,4283.077148,4334.871582,4401.794922,4295.512695,4291.922852,4464.615234,4508.974121,4337.692383,4428.205078,1703.000000,1.000000,22.000000,,,,0.000000,2.000000,2.000000,0.000000,4.000000,2.000000,2.000000,0.000000,0.000000,4.000000,4.000000,4.000000,4.000000,4.000000,4.000000,0.000000,,,,,,,,,,,,,,,,,21.000000,0.000000,0.497304,0.454163,-0.568298,0.472717,0.987425,-0.088390,-0.053229,-36.301407,44.588112,31.272686
1732157947.413978,1732157947.416477,85.000000,0.000000,4291.153809,4278.589844,4311.282227,4288.077148,4275.897461,4284.871582,4334.871582,4399.871582,4301.922852,4290.769043,4469.230957,4509.358887,4338.205078,4430.256348,1609.000000,1.000000,22.000000,,,,0.000000,2.000000,2.000000,0.000000,4.000000,2.000000,2.000000,0.000000,0.000000,4.000000,4.000000,4.000000,4.000000,4.000000,4.000000,0.000000,,,,,,,,,,,,,,,,,,,,,,,,,,,,
1732157947.421786,1732157947.424485,86.000000,0.000000,4288.333496,4278.974121,4310.512695,4287.563965,4254.871582,4289.615234,4334.871582,4399.102539,4301.794922,4295.512695,4475.769043,4511.025879,4341.282227,4431.538574,1548.000000,1.000000,22.000000,,,,0.000000,2.000000,2.000000,0.000000,4.000000,2.000000,2.000000,0.000000,0.000000,4.000000,4.000000,4.000000,4.000000,4.000000,4.000000,0.000000,,,,,,,,,,,,,,,,,,,,,,,,,,,,
1732157947.429594,1732157947.432293,87.000000,0.000000,4283.717773,4280.897461,4308.717773,4287.692383,4272.051270,4287.179688,4334.871582,4400.897461,4298.077148,4293.974121,4468.333496,4511.025879,4341.410156,4429.615234,1564.000000,1.000000,22.000000,,,,0.000000,2.000000,2.000000,0.000000,4.000000,2.000000,2.000000,0.000000,0.000000,4.000000,4.000000,4.000000,4.000000,4.000000,4.000000,0.000000,,,,,,,,,,,,,,,,,,,,,,,,,,,,
1732157947.437403,1732157947.440201,88.000000,0.000000,4280.128418,4280.000000,4309.615234,4286.410156,4293.846191,4283.077148,4334.871582,4397.307617,4296.025879,4284.743652,4457.436035,4501.282227,4336.666504,4427.307617,1703.000000,1.000000,22.000000,,,,0.000000,2.000000,2.000000,0.000000,4.000000,2.000000,2.000000,0.000000,0.000000,4.000000,4.000000,4.000000,4.000000,4.000000,4.000000,0.000000,,,,,,,,,,,,,,,,,22.000000,0.000000,0.497232,0.454102,-0.568359,0.472778,0.965938,-0.091808,-0.050787,-36.272472,44.621372,31.419209
1732157947.445211,1732157947.448010,89.000000,0.000000,4285.128418,4276.153809,4311.025879,4286.282227,4281.410156,4287.307617,4334.871582,4395.384766,4296.794922,4288.333496,4463.974121,4495.000000,4338.205078,4427.563965,1609.000000,1.000000,22.000000,,,,0.000000,2.000000,2.000000,0.000000,4.000000,2.000000,2.000000,0.000000,0.000000,4.000000,4.000000,4.000000,4.000000,4.000000,4.000000,0.000000,,,,,,,,,,,,,,,,,,,,,,,,,,,,
1732157947.453019,1732157947.456018,90.000000,0.000000,4289.358887,4277.820313,4310.000000,4285.512695,4259.871582,4287.948730,4334.871582,4401.153809,4301.922852,4297.436035,4473.461426,4501.666504,4343.589844,4429.615234,1548.000000,1.000000,22.000000,,,,0.000000,2.000000,2.000000,0.000000,4.000000,2.000000,2.000000,0.000000,0.000000,4.000000,4.000000,4.000000,4.000000,4.000000,4.000000,0.000000,,,,,,,,,,,,,,,,,,,,,,,,,,,,
1732157947.460827,1732157947.463826,91.000000,0.000000,4284.358887,4280.512695,4307.436035,4282.692383,4264.230957,4285.512695,4334.871582,4403.333496,4309.102539,4296.282227,4472.692383,4503.589844,4344.230957,4431.025879,1564.000000,1.000000,22.000000,,,,0.000000,2.000000,2.000000,0.000000,4.000000,2.000000,2.000000,0.000000,0.000000,4.000000,4.000000,4.000000,4.000000,4.000000,4.000000,0.000000,,,,,,,,,,,,,,,,,,,,,,,,,,,,
1732157947.468635,1732157947.471734,92.000000,0.000000,4279.358887,4274.615234,4308.717773,4281.410156,4282.692383,4286.538574,4334.871582,4400.000000,4307.307617,4293.974121,4471.794922,4499.102539,4342.179688,4428.974121,1703.000000,1.000000,22.000000,,,,0.000000,2.000000,2.000000,0.000000,4.000000,2.000000,2.000000,0.000000,0.000000,4.000000,4.000000,4.000000,4.000000,4.000000,4.000000,0.000000,,,,,,,,,,,,,,,,,23.000000,0.000000,0.497121,0.454224,-0.568359,0.472778,0.977658,-0.093273,-0.064461,-36.390701,44.659977,31.402893
1732157947.476444,1732157947.479542,93.000000,0.000000,4282.307617,4272.692383,4310.512695,4281.410156,4276.410156,4284.615234,4334.871582,4398.846191,4297.948730,4296.410156,4475.000000,4501.666504,4342.820313,4428.077148,1609.000000,1.000000,22.000000,,,,0.000000,2.000000,2.000000,0.000000,4.000000,2.000000,2.000000,0.000000,0.000000,4.000000,4.000000,4.000000,4.000000,4.000000,4.000000,0.000000,,,,,,,,,,,,,,,,,,,,,,,,,,,,
1732157947.484252,1732157947.487550,94.000000,0.000000,4286.282227,4278.333496,4309.102539,4282.307617,4269.743652,4281.538574,4334.871582,4400.128418,4295.769043,4295.897461,4475.384766,4504.743652,4343.846191,4429.743652,1548.000000,1.000000,22.000000,,,,0.000000,2.000000,2.000000,0.000000,4.000000,2.000000,2.000000,0.000000,0.000000,4.000000,4.000000,4.000000,4.000000,4.000000,4.000000,0.000000,,,,,,,,,,,,,,,,,,,,,,,,,,,,
1732157947.492060,1732157947.495358,95.000000,0.000000,4285.256348,4278.974121,4307.307617,4283.333496,4294.102539,4279.871582,4334.871582,4401.153809,4295.897461,4294.487305,4473.205078,4502.692383,4342.179688,4427.051270,1564.000000,1.000000,22.000000,,,,0.000000,2.000000,2.000000,0.000000,4.000000,2.000000,2.000000,0.000000,0.000000,4.000000,4.000000,4.000000,4.000000,4.000000,4.000000,0.000000,,,,,,,,,,,,,,,,,,,,,,,,,,,,
1732157947.499869,1732157947.503266,96.000000,0.000000,4285.384766,4277.051270,4307.179688,4288.205078,4296.538574,4281.922852,4334.871582,4401.282227,4299.358887,4295.256348,4472.692383,4505.384766,4340.641113,4423.589844,1703.000000,1.000000,22.000000,,,,0.000000,2.000000,2.000000,0.000000,4.000000,2.000000,2.000000,0.000000,0.000000,4.000000,4.000000,4.000000,4.000000,4.000000,4.000000,0.000000,,,,,,,,,,,,,,,,,24.000000,0.000000,0.497063,0.454224,-0.568359,0.472839,0.958613,-0.094250,-0.059089,-36.256470,44.637917,31.374676
1732157947.507677,1732157947.511075,97.000000,0.000000,4290.384766,4278.589844,4309.102539,4291.410156,4264.743652,4288.717773,4334.871582,4399.358887,4309.487305,4294.871582,4472.051270,4507.307617,4340.512695,4427.948730,1609.000000,1.000000,22.000000,,,,0.000000,2.000000,2.000000,0.000000,4.000000,2.000000,2.000000,0.000000,0.000000,4.000000,4.000000,4.000000,4.000000,4.000000,4.000000,0.000000,,,,,,,,,,,,,,,,,,,,,,,,,,,,
1732157947.515485,1732157947.518683,98.000000,0.000000,4296.666504,4280.897461,4310.512695,4293.077148,4264.102539,4289.871582,4334.871582,4398.974121,4306.538574,4295.897461,4472.179688,4505.000000,4342.179688,4433.205078,1548.000000,1.000000,22.000000,,,,0.000000,2.000000,2.000000,0.000000,4.000000,2.000000,2.000000,0.000000,0.000000,4.000000,4.000000,4.000000,4.000000,4.000000,4.000000,0.000000,,,,,,,,,,,,,,,,,,,,,,,,,,,,
1732157947.523293,1732157947.526491,99.000000,0.000000,4295.000000,4280.897461,4309.871582,4292.820313,4288.974121,4282.307617,4334.871582,4401.025879,4292.563965,4294.871582,4472.563965,4508.077148,4342.692383,4430.897461,1564.000000,1.000000,22.000000,,,,0.000000,2.000000,2.000000,0.000000,4.000000,2.000000,2.000000,0.000000,0.000000,4.000000,4.000000,4.000000,4.000000,4.000000,4.000000,0.000000,,,,,,,,,,,,,,,,,,,,,,,,,,,,
1732157947.531102,1732157947.534200,100.000000,0.000000,4287.179688,4278.846191,4308.846191,4291.538574,4277.948730,4283.974121,4334.871582,4402.307617,4297.179688,4292.820313,4472.692383,4507.692383,4341.410156,4428.333496,1703.000000,1.000000,22.000000,,,,0.000000,2.000000,2.000000,0.000000,4.000000,2.000000,2.000000,0.000000,0.000000,4.000000,4.000000,4.000000,4.000000,4.000000,4.000000,0.000000,,,,,,,,,,,,,,,,,25.000000,0.000000,0.497195,0.454041,-0.568542,0.472656,0.964962,-0.083018,-0.064949,-36.334408,44.833378,31.651821
1732157947.538910,1732157947.542008,101.000000,0.000000,4288.205078,4276.538574,4309.615234,4291.025879,4258.974121,4287.179688,4334.871582,4402.051270,4312.692383,4295.128418,4471.153809,4505.256348,4341.282227,4428.717773,1609.000000,1.000000,22.000000,,,,0.000000,2.000000,2.000000,0.000000,4.000000,2.000000,2.000000,0.000000,0.000000,4.000000,4.000000,4.000000,4.000000,4.000000,4.000000,0.000000,,,,,,,,,,,,,,,,,,,,,,,,,,,,
1732157947.546718,1732157947.549616,102.000000,0.000000,4295.128418,4277.948730,4309.615234,4292.563965,4268.461426,4282.179688,4334.871582,4401.282227,4309.871582,4298.077148,4473.205078,4506.025879,4342.948730,4429.487305,1548.000000,1.000000,22.000000,,,,0.000000,2.000000,2.000000,0.000000,4.000000,2.000000,2.000000,0.000000,0.000000,4.000000,4.000000,4.000000,4.000000,4.000000,4.000000,0.000000,,,,,,,,,,,,,,,,,,,,,,,,,,,,
1732157947.554526,1732157947.557424,103.000000,0.000000,4294.102539,4280.256348,4310.128418,4295.641113,4286.794922,4281.538574,4334.871582,4401.410156,4297.692383,4293.333496,4475.769043,4506.922852,4343.461426,4430.000000,1564.000000,1.000000,22.000000,,,,0.000000,2.000000,2.000000,0.000000,4.000000,2.000000,2.000000,0.000000,0.000000,4.000000,4.000000,4.000000,4.000000,4.000000,4.000000,0.000000,,,,,,,,,,,,,,,,,,,,,,,,,,,,
1732157947.562334,1732157947.565133,104.000000,0.000000,4291.410156,4281.025879,4310.769043,4295.512695,4294.358887,4282.563965,4334.871582,4400.897461,4294.615234,4282.692383,4467.820313,4504.487305,4341.538574,4426.666504,1703.000000,1.000000,22.000000,,,,0.000000,2.000000,2.000000,0.000000,4.000000,2.000000,2.000000,0.000000,0.000000,4.000000,4.000000,4.000000,4.000000,4.000000,4.000000,0.000000,,,,,,,,,,,,,,,,,26.000000,0.000000,0.497265,0.454041,-0.568481,0.472656,0.966427,-0.074228,-0.060554,-36.270870,44.735035,31.674643
1732157947.570143,1732157947.572941,105.000000,0.000000,4292.436035,4280.769043,4311.666504,4294.871582,4278.077148,4283.589844,4334.871582,4399.743652,4297.051270,4280.512695,4464.102539,4504.230957,4341.538574,4423.974121,1609.000000,1.000000,22.000000,,,,0.000000,2.000000,2.000000,0.000000,4.000000,2.000000,2.000000,0.000000,0.000000,4.000000,4.000000,4.000000,4.000000,4.000000,4.000000,0.000000,,,,,,,,,,,,,,,,,,,,,,,,,,,,
1732157947.577951,1732157947.580549,106.000000,0.000000,4292.051270,4278.717773,4312.436035,4294.358887,4260.128418,4286.025879,4334.871582,4399.615234,4296.922852,4289.487305,4471.153809,4506.410156,4341.153809,4427.179688,1548.000000,1.000000,22.000000,,,,0.000000,2.000000,2.000000,0.000000,4.000000,2.000000,2.000000,0.000000,0.000000,4.000000,4.000000,4.000000,4.000000,4.000000,4.000000,0.000000,,,,,,,,,,,,,,,,,,,,,,,,,,,,
1732157947.585759,1732157947.588357,107.000000,0.000000,4288.205078,4278.717773,4308.461426,4290.256348,4268.333496,4283.205078,4334.871582,4400.641113,4296.025879,4295.641113,4470.897461,4505.641113,4338.589844,4428.461426,1564.000000,1.000000,22.000000,,,,0.000000,2.000000,2.000000,0.000000,4.000000,2.000000,2.000000,0.000000,0.000000,4.000000,4.000000,4.000000,4.000000,4.000000,4.000000,0.000000,,,,,,,,,,,,,,,,,,,,,,,,,,,,
1732157947.593567,1732157947.596266,108.000000,0.000000,4283.717773,4279.358887,4305.897461,4289.487305,4276.410156,4282.179688,4334.871582,4400.256348,4300.256348,4293.717773,4464.230957,4505.384766,4335.641113,4420.769043,1703.000000,1.000000,22.000000,,,,0.000000,2.000000,2.000000,0.000000,4.000000,2.000000,2.000000,0.000000,0.000000,4.000000,4.000000,4.000000,4.000000,4.000000,4.000000,0.000000,,,,,,,,,,,,,,,,,27.000000,0.000000,0.497276,0.454041,-0.568420,0.472717,0.977658,-0.090343,-0.055671,-36.152737,44.730381,31.668127
1732157947.601376,1732157947.604074,109.000000,0.000000,4278.077148,4274.230957,4308.974121,4287.948730,4279.743652,4285.384766,4334.871582,4399.102539,4300.256348,4290.384766,4461.922852,4505.000000,4329.871582,4414.871582,1609.000000,1.000000,22.000000,,,,0.000000,2.000000,2.000000,0.000000,4.000000,2.000000,2.000000,0.000000,0.000000,4.000000,4.000000,4.000000,4.000000,4.000000,4.000000,0.000000,,,,,,,,,,,,,,,,,,,,,,,,,,,,
1732157947.609184,1732157947.611682,110.000000,0.000000,4278.717773,4271.025879,4308.589844,4281.922852,4292.692383,4283.333496,4334.871582,4399.615234,4299.230957,4291.794922,4465.128418,4504.102539,4327.692383,4420.384766,1548.000000,1.000000,22.000000,,,,0.000000,2.000000,2.000000,0.000000,4.000000,2.000000,2.000000,0.000000,0.000000,4.000000,4.000000,4.000000,4.000000,4.000000,4.000000,0.000000,,,,,,,,,,,,,,,,,,,,,,,,,,,,
1732157947.616992,1732157947.619490,111.000000,0.000000,4285.384766,4275.897461,4307.563965,4283.077148,4282.179688,4281.538574,4334.871582,4400.897461,4304.615234,4296.025879,4471.282227,4507.563965,4334.871582,4430.384766,1564.000000,1.000000,22.000000,,,,0.000000,2.000000,2.000000,0.000000,4.000000,2.000000,2.000000,0.000000,0.000000,4.000000,4.000000,4.000000,4.000000,4.000000,4.000000,0.000000,,,,,,,,,,,,,,,,,,,,,,,,,,,,
1732157947.624801,1732157947.627199,112.000000,0.000000,4289.743652,4280.897461,4310.128418,4292.948730,4257.307617,4283.205078,4334.871582,4401.153809,4303.589844,4296.410156,4475.384766,4508.717773,4340.128418,4430.769043,1703.000000,1.000000,22.000000,,,,0.000000,2.000000,2.000000,0.000000,4.000000,2.000000,2.000000,0.000000,0.000000,4.000000,4.000000,4.000000,4.000000,4.000000,4.000000,0.000000,,,,,,,,,,,,,,,,,28.000000,0.000000,0.497390,0.453979,-0.568420,0.472656,0.979123,-0.081065,-0.053717,-36.630383,44.939941,31.699516
1732157947.632609,1732157947.635007,113.000000,0.000000,4292.436035,4279.743652,4312.307617,4296.666504,4266.794922,4280.769043,4334.871582,4401.538574,4296.282227,4292.692383,4472.179688,4508.846191,4336.025879,4428.974121,1609.000000,1.000000,22.000000,,,,0.000000,2.000000,2.000000,0.000000,4.000000,2.000000,2.000000,0.000000,0.000000,4.000000,4.000000,4.000000,4.000000,4.000000,4.000000,0.000000,,,,,,,,,,,,,,,,,,,,,,,,,,,,
1732157947.640417,1732157947.642615,114.000000,0.000000,4294.230957,4277.692383,4311.410156,4294.871582,4279.102539,4280.384766,4334.871582,4402.051270,4297.307617,4293.974121,4471.922852,4512.820313,4334.871582,4438.077148,1548.000000,1.000000,22.000000,,,,0.000000,2.000000,2.000000,0.000000,4.000000,2.000000,2.000000,0.000000,0.000000,4.000000,4.000000,4.000000,4.000000,4.000000,4.000000,0.000000,,,,,,,,,,,,,,,,,,,,,,,,,,,,
1732157947.648225,1732157947.650424,115.000000,0.000000,4292.436035,4277.692383,4311.794922,4293.846191,4275.897461,4280.897461,4334.871582,4401.153809,4299.102539,4292.307617,4475.128418,4514.871582,4337.948730,4442.948730,1564.000000,1.000000,22.000000,,,,0.000000,2.000000,2.000000,0.000000,4.000000,2.000000,2.000000,0.000000,0.000000,4.000000,4.000000,4.000000,4.000000,4.000000,4.000000,0.000000,,,,,,,,,,,,,,,,,,,,,,,,,,,,
1732157947.656033,1732157947.658132,116.000000,0.000000,4290.897461,4277.948730,4310.128418,4292.051270,4288.205078,4274.102539,4335.000000,4401.153809,4293.461426,4284.487305,4474.102539,4509.102539,4337.948730,4433.717773,1703.000000,1.000000,22.000000,,,,0.000000,2.000000,2.000000,0.000000,4.000000,2.000000,2.000000,0.000000,0.000000,4.000000,4.000000,4.000000,4.000000,4.000000,4.000000,0.000000,,,,,,,,,,,,,,,,,29.000000,0.000000,0.497188,0.454163,-0.568298,0.472839,0.973263,-0.082041,-0.051276,-36.805611,44.879684,31.371609
1732157947.663842,1732157947.665940,117.000000,0.000000,4293.717773,4277.948730,4307.436035,4293.077148,4292.820313,4273.333496,4335.000000,4401.794922,4292.948730,4283.077148,4473.846191,4508.589844,4340.000000,4432.307617,1609.000000,1.000000,22.000000,,,,0.000000,2.000000,2.000000,0.000000,4.000000,2.000000,2.000000,0.000000,0.000000,4.000000,4.000000,4.000000,4.000000,4.000000,4.000000,0.000000,,,,,,,,,,,,,,,,,,,,,,,,,,,,
1732157947.671650,1732157947.673948,118.000000,0.000000,4295.897461,4278.846191,4310.769043,4295.256348,4268.461426,4279.871582,4334.487305,4401.538574,4295.769043,4285.000000,4473.205078,4513.717773,4342.179688,4438.333496,1548.000000,1.000000,22.000000,,,,0.000000,2.000000,2.000000,0.000000,4.000000,2.000000,2.000000,0.000000,0.000000,4.000000,4.000000,4.000000,4.000000,4.000000,4.000000,0.000000,,,,,,,,,,,,,,,,,,,,,,,,,,,,
1732157947.679458,1732157947.681756,119.000000,0.000000,4294.743652,4278.077148,4313.077148,4295.769043,4253.974121,4282.179688,4335.128418,4400.128418,4295.384766,4288.974121,4471.410156,4511.282227,4341.410156,4434.487305,1564.000000,1.000000,22.000000,,,,0.000000,2.000000,2.000000,0.000000,4.000000,2.000000,2.000000,0.000000,0.000000,4.000000,4.000000,4.000000,4.000000,4.000000,4.000000,0.000000,,,,,,,,,,,,,,,,,,,,,,,,,,,,
1732157947.687266,1732157947.689664,120.000000,0.000000,4293.846191,4273.717773,4312.948730,4292.948730,4271.538574,4280.256348,4335.128418,4399.230957,4297.051270,4292.820313,4472.692383,4506.282227,4341.922852,4426.153809,1703.000000,1.000000,22.000000,,,,0.000000,2.000000,2.000000,0.000000,4.000000,2.000000,2.000000,0.000000,0.000000,4.000000,4.000000,4.000000,4.000000,4.000000,4.000000,0.000000,,,,,,,,,,,,,,,,,30.000000,0.000000,0.497030,0.454285,-0.568237,0.472961,0.982542,-0.082041,-0.057624,-36.860878,44.915878,31.149336
1732157947.695075,1732157947.697473,121.000000,0.000000,4292.051270,4273.205078,4313.205078,4293.333496,4287.820313,4278.717773,4333.333496,4399.871582,4297.179688,4288.077148,4474.615234,4506.282227,4343.461426,4427.436035,1609.000000,1.000000,22.000000,,,,0.000000,2.000000,2.000000,0.000000,4.000000,2.000000,2.000000,0.000000,0.000000,4.000000,4.000000,4.000000,4.000000,4.000000,4.000000,0.000000,,,,,,,,,,,,,,,,,,,,,,,,,,,,
1732157947.702883,1732157947.705481,122.000000,0.000000,4289.102539,4278.589844,4314.230957,4296.538574,4278.077148,4279.102539,4332.948730,4400.897461,4294.487305,4280.769043,4474.487305,4508.717773,4339.487305,4428.205078,1548.000000,1.000000,22.000000,,,,0.000000,2.000000,2.000000,0.000000,4.000000,2.000000,2.000000,0.000000,0.000000,4.000000,4.000000,4.000000,4.000000,4.000000,4.000000,0.000000,,,,,,,,,,,,,,,,,,,,,,,,,,,,
1732157947.710691,1732157947.713289,123.000000,0.000000,4288.461426,4280.256348,4312.307617,4295.512695,4262.179688,4281.153809,4335.384766,4399.871582,4294.871582,4281.282227,4472.692383,4508.077148,4333.846191,4421.922852,1564.000000,1.000000,22.000000,,,,0.000000,2.000000,2.000000,0.000000,4.000000,2.000000,2.000000,0.000000,0.000000,4.000000,4.000000,4.000000,4.000000,4.000000,4.000000,0.000000,,,,,,,,,,,,,,,,,,,,,,,,,,,,
1732157947.718500,1732157947.721197,124.000000,0.000000,4294.615234,4277.563965,4310.641113,4294.102539,4260.512695,4282.692383,4336.282227,4400.384766,4296.922852,4282.692383,4469.615234,4505.641113,4334.615234,4420.128418,1703.000000,1.000000,22.000000,,,,0.000000,2.000000,2.000000,0.000000,4.000000,2.000000,2.000000,0.000000,0.000000,4.000000,4.000000,4.000000,4.000000,4.000000,4.000000,0.000000,,,,,,,,,,,,,,,,,31.000000,0.000000,0.496928,0.454346,-0.568176,0.473083,0.982542,-0.082041,-0.057624,-36.762310,44.970196,31.060963
1732157947.726308,1732157947.729005,125.000000,0.000000,4296.538574,4277.563965,4311.666504,4295.897461,4277.948730,4280.769043,4335.641113,4401.666504,4295.128418,4278.461426,4467.948730,4506.025879,4335.769043,4421.538574,1609.000000,1.000000,22.000000,,,,0.000000,2.000000,2.000000,0.000000,4.000000,2.000000,2.000000,0.000000,0.000000,4.000000,4.000000,4.000000,4.000000,4.000000,4.000000,0.000000,,,,,,,,,,,,,,,,,,,,,,,,,,,,
1732157947.734116,1732157947.737013,126.000000,0.000000,4287.820313,4278.717773,4310.512695,4296.025879,4288.846191,4280.384766,4335.512695,4398.717773,4294.102539,4277.051270,4470.128418,4505.641113,4333.717773,4420.897461,1548.000000,1.000000,22.000000,,,,0.000000,2.000000,2.000000,0.000000,4.000000,2.000000,2.000000,0.000000,0.000000,4.000000,4.000000,4.000000,4.000000,4.000000,4.000000,0.000000,,,,,,,,,,,,,,,,,,,,,,,,,,,,
1732157947.741924,1732157947.744821,127.000000,0.000000,4285.512695,4279.102539,4310.256348,4294.871582,4274.871582,4281.282227,4335.128418,4396.922852,4294.487305,4281.153809,4473.077148,4504.487305,4335.128418,4420.128418,22.000000,1.000000,22.000000,,,,0.000000,2.000000,2.000000,0.000000,4.000000,2.000000,2.000000,0.000000,0.000000,4.000000,4.000000,4.000000,4.000000,4.000000,4.000000,0.000000,,,,,,,,,,,,,,,,,,,,,,,,,,,,
1732157947.749732,1732157947.752729,0.000000,0.000000,4293.461426,4279.743652,4311.794922,4296.538574,4258.205078,4282.051270,4334.871582,4400.512695,4294.487305,4285.769043,4473.974121,4508.077148,4341.025879,4422.307617,0.000000,1.000000,22.000000,,,,0.000000,2.000000,2.000000,0.000000,4.000000,2.000000,2.000000,0.000000,0.000000,4.000000,4.000000,4.000000,4.000000,4.000000,4.000000,0.000000,,,,,,,,,,,,,,,,,0.000000,0.000000,0.496884,0.454407,-0.568115,0.473145,0.966915,-0.080088,-0.050787,-36.615807,44.780857,31.122713
1732157947.757541,1732157947.760538,1.000000,0.000000,4297.307617,4280.128418,4310.641113,4298.077148,4264.615234,4282.820313,4335.641113,4401.025879,4295.000000,4284.358887,4474.102539,4512.307617,4343.333496,4425.769043,1609.000000,1.000000,22.000000,,,,0.000000,2.000000,2.000000,0.000000,4.000000,2.000000,2.000000,0.000000,0.000000,4.000000,4.000000,4.000000,4.000000,4.000000,4.000000,0.000000,,,,,,,,,,,,,,,,,,,,,,,,,,,,
1732157947.765349,1732157947.768546,2.000000,0.000000,4294.871582,4281.538574,4310.512695,4296.153809,4282.436035,4282.307617,4335.769043,4398.461426,4294.743652,4281.922852,4473.974121,4513.205078,4341.282227,4426.282227,1366.000000,1.000000,22.000000,,,,0.000000,2.000000,2.000000,0.000000,4.000000,2.000000,2.000000,0.000000,0.000000,4.000000,4.000000,4.000000,4.000000,4.000000,4.000000,0.000000,,,,,,,,,,,,,,,,,,,,,,,,,,,,
1732157947.773157,1732157947.776354,3.000000,0.000000,4293.717773,4281.153809,4311.666504,4295.512695,4279.615234,4281.666504,4335.128418,4400.897461,4298.205078,4290.000000,4474.358887,4513.205078,4343.846191,4427.563965,1427.000000,1.000000,22.000000,,,,0.000000,2.000000,2.000000,0.000000,4.000000,2.000000,2.000000,0.000000,0.000000,4.000000,4.000000,4.000000,4.000000,4.000000,4.000000,0.000000,,,,,,,,,,,,,,,,,,,,,,,,,,,,
1732157947.780965,1732157947.784262,4.000000,0.000000,4293.333496,4280.384766,4310.641113,4296.538574,4272.563965,4280.641113,4334.871582,4401.922852,4302.820313,4296.282227,4476.538574,4516.282227,4347.948730,4428.717773,1422.000000,1.000000,22.000000,,,,0.000000,2.000000,2.000000,0.000000,4.000000,2.000000,2.000000,0.000000,0.000000,4.000000,4.000000,4.000000,4.000000,4.000000,4.000000,0.000000,,,,,,,,,,,,,,,,,1.000000,0.000000,0.496896,0.454407,-0.568054,0.473206,0.962520,-0.100598,-0.061043,-36.483803,44.565826,31.159397
1732157947.788774,1732157947.792070,5.000000,0.000000,4294.230957,4280.256348,4309.871582,4294.487305,4288.974121,4278.974121,4334.871582,4398.461426,4299.487305,4292.563965,4476.922852,4516.153809,4344.615234,4426.794922,1212.000000,1.000000,22.000000,,,,0.000000,2.000000,2.000000,0.000000,4.000000,2.000000,2.000000,0.000000,0.000000,4.000000,4.000000,4.000000,4.000000,4.000000,4.000000,0.000000,,,,,,,,,,,,,,,,,,,,,,,,,,,,
1732157947.796582,1732157947.800078,6.000000,0.000000,4293.333496,4279.102539,4311.025879,4292.307617,4296.410156,4277.820313,4334.358887,4398.205078,4295.128418,4291.666504,4475.512695,4513.077148,4341.282227,4423.077148,0.000000,1.000000,22.000000,,,,0.000000,2.000000,2.000000,0.000000,4.000000,2.000000,2.000000,0.000000,0.000000,4.000000,4.000000,4.000000,4.000000,4.000000,4.000000,0.000000,,,,,,,,,,,,,,,,,,,,,,,,,,,,
1732157947.804390,1732157947.807886,7.000000,0.000000,4285.512695,4276.922852,4310.256348,4294.102539,4272.307617,4280.897461,4335.256348,4400.769043,4297.948730,4295.000000,4474.615234,4513.589844,4343.461426,4419.871582,0.000000,1.000000,22.000000,,,,0.000000,2.000000,2.000000,0.000000,4.000000,2.000000,2.000000,0.000000,0.000000,4.000000,4.000000,4.000000,4.000000,4.000000,4.000000,0.000000,,,,,,,,,,,,,,,,,,,,,,,,,,,,
1732157947.812199,1732157947.815795,8.000000,0.000000,4283.589844,4276.538574,4307.820313,4296.025879,4258.974121,4283.974121,4336.538574,4401.282227,4298.589844,4293.717773,4473.974121,4513.846191,4342.820313,4415.641113,1528.000000,1.000000,22.000000,,,,0.000000,2.000000,2.000000,0.000000,4.000000,2.000000,2.000000,0.000000,0.000000,4.000000,4.000000,4.000000,4.000000,4.000000,4.000000,0.000000,,,,,,,,,,,,,,,,,2.000000,0.000000,0.496838,0.454407,-0.568054,0.473267,0.962520,-0.100598,-0.061043,-36.525215,44.381653,31.212444
1732157947.820007,1732157947.823603,9.000000,0.000000,4289.230957,4278.333496,4309.358887,4295.000000,4272.179688,4282.563965,4336.153809,4400.128418,4294.487305,4291.410156,4472.051270,4508.461426,4339.615234,4411.922852,1685.000000,1.000000,22.000000,,,,0.000000,2.000000,2.000000,0.000000,4.000000,2.000000,2.000000,0.000000,0.000000,4.000000,4.000000,4.000000,4.000000,4.000000,4.000000,0.000000,,,,,,,,,,,,,,,,,,,,,,,,,,,,
1732157947.827815,1732157947.831611,10.000000,0.000000,4288.077148,4279.871582,4310.256348,4293.974121,4278.461426,4283.205078,4334.743652,4399.743652,4293.077148,4291.025879,4470.384766,4504.615234,4340.641113,4413.333496,1548.000000,1.000000,22.000000,,,,0.000000,2.000000,2.000000,0.000000,4.000000,2.000000,2.000000,0.000000,0.000000,4.000000,4.000000,4.000000,4.000000,4.000000,4.000000,0.000000,,,,,,,,,,,,,,,,,,,,,,,,,,,,
1732157947.835623,1732157947.839419,11.000000,0.000000,4280.256348,4281.025879,4308.717773,4295.256348,4277.436035,4286.282227,4334.743652,4399.102539,4296.794922,4288.589844,4472.051270,4507.051270,4342.820313,4412.051270,1564.000000,1.000000,22.000000,,,,0.000000,2.000000,2.000000,0.000000,4.000000,2.000000,2.000000,0.000000,0.000000,4.000000,4.000000,4.000000,4.000000,4.000000,4.000000,0.000000,,,,,,,,,,,,,,,,,,,,,,,,,,,,
1732157947.843431,1732157947.847127,12.000000,0.000000,4278.461426,4278.974121,4308.589844,4295.128418,4276.538574,4285.000000,4335.000000,4398.333496,4300.769043,4288.077148,4473.333496,4502.692383,4341.666504,4409.615234,1703.000000,1.000000,22.000000,,,,0.000000,2.000000,2.000000,0.000000,4.000000,2.000000,2.000000,0.000000,0.000000,4.000000,4.000000,4.000000,4.000000,4.000000,4.000000,0.000000,,,,,,,,,,,,,,,,,3.000000,0.000000,0.496793,0.454468,-0.567993,0.473328,0.966915,-0.083506,-0.057136,-36.583755,44.435806,31.077080
1732157947.851240,1732157947.854935,13.000000,0.000000,4280.641113,4277.307617,4310.512695,4290.512695,4283.205078,4280.512695,4334.743652,4398.846191,4303.205078,4292.820313,4472.820313,4496.794922,4341.410156,4411.025879,1608.000000,1.000000,22.000000,,,,0.000000,2.000000,2.000000,0.000000,4.000000,2.000000,2.000000,0.000000,0.000000,4.000000,4.000000,4.000000,4.000000,4.000000,4.000000,0.000000,,,,,,,,,,,,,,,,,,,,,,,,,,,,
1732157947.859048,1732157947.862544,14.000000,0.000000,4280.769043,4280.128418,4308.077148,4289.743652,4295.128418,4279.743652,4334.743652,4398.589844,4307.051270,4296.025879,4475.000000,4503.205078,4345.128418,4415.000000,1548.000000,1.000000,22.000000,,,,0.000000,2.000000,2.000000,0.000000,4.000000,2.000000,2.000000,0.000000,0.000000,4.000000,4.000000,4.000000,4.000000,4.000000,4.000000,0.000000,1.000000,0.000000,1.000000,0.000000,0.000000,4.000000,2.000000,1.000000,0.000000,0.000000,4.000000,4.000000,1.000000,4.000000,3.000000,4.000000,,,,,,,,,,,,
1732157947.866856,1732157947.870352,15.000000,0.000000,4285.128418,4282.563965,4305.641113,4295.769043,4280.897461,4280.256348,4334.871582,4396.282227,4305.641113,4293.974121,4478.333496,4509.615234,4349.743652,4419.487305,1564.000000,1.000000,22.000000,,,,0.000000,2.000000,2.000000,0.000000,4.000000,2.000000,2.000000,0.000000,0.000000,4.000000,4.000000,4.000000,4.000000,4.000000,4.000000,0.000000,,,,,,,,,,,,,,,,,,,,,,,,,,,,
1732157947.874664,1732157947.878060,16.000000,0.000000,4291.282227,4281.922852,4309.615234,4297.820313,4259.358887,4278.589844,4334.871582,4396.794922,4296.794922,4291.282227,4477.307617,4509.230957,4351.538574,4419.487305,0.000000,1.000000,22.000000,,,,0.000000,2.000000,2.000000,0.000000,4.000000,2.000000,2.000000,0.000000,0.000000,4.000000,4.000000,4.000000,4.000000,4.000000,4.000000,0.000000,,,,,,,,,,,,,,,,,4.000000,0.000000,0.496607,0.454468,-0.568054,0.473450,0.964473,-0.080576,-0.055671,-36.517841,44.429668,31.220768
1732157947.882473,1732157947.885869,17.000000,0.000000,4293.974121,4281.410156,4313.333496,4294.871582,4263.717773,4279.358887,4334.871582,4399.615234,4293.077148,4290.000000,4476.025879,4507.179688,4350.897461,4418.589844,0.000000,1.000000,22.000000,,,,0.000000,2.000000,2.000000,0.000000,4.000000,2.000000,2.000000,0.000000,0.000000,4.000000,4.000000,4.000000,4.000000,4.000000,4.000000,0.000000,,,,,,,,,,,,,,,,,,,,,,,,,,,,
1732157947.890281,1732157947.893477,18.000000,0.000000,4293.205078,4282.948730,4313.974121,4294.743652,4277.563965,4281.666504,4334.871582,4399.615234,4297.436035,4285.000000,4476.025879,4507.179688,4344.358887,4419.615234,0.000000,1.000000,22.000000,,,,0.000000,2.000000,2.000000,0.000000,4.000000,2.000000,2.000000,0.000000,0.000000,4.000000,4.000000,4.000000,4.000000,4.000000,4.000000,0.000000,,,,,,,,,,,,,,,,,,,,,,,,,,,,
1732157947.898089,1732157947.901285,19.000000,0.000000,4290.512695,4281.538574,4312.948730,4295.769043,4289.615234,4282.051270,4334.871582,4399.871582,4296.794922,4279.743652,4472.948730,4505.769043,4337.436035,4415.897461,0.000000,1.000000,22.000000,,,,0.000000,2.000000,2.000000,0.000000,4.000000,2.000000,2.000000,0.000000,0.000000,4.000000,4.000000,4.000000,4.000000,4.000000,4.000000,0.000000,,,,,,,,,,,,,,,,,,,,,,,,,,,,
1732157947.905898,1732157947.908994,20.000000,0.000000,4292.179688,4279.743652,4309.743652,4296.025879,4288.077148,4279.615234,4334.871582,4401.153809,4293.461426,4280.897461,4472.563965,4505.641113,4344.230957,4413.589844,0.000000,1.000000,22.000000,,,,0.000000,2.000000,2.000000,0.000000,4.000000,2.000000,2.000000,0.000000,0.000000,4.000000,4.000000,4.000000,4.000000,4.000000,4.000000,0.000000,,,,,,,,,,,,,,,,,5.000000,0.000000,0.496507,0.454590,-0.567993,0.473511,0.975705,-0.073251,-0.056159,-36.236118,44.379700,31.337156
1732157947.913706,1732157947.916802,21.000000,0.000000,4292.692383,4280.256348,4307.436035,4295.769043,4265.128418,4279.230957,4334.871582,4400.128418,4293.974121,4283.205078,4476.282227,4505.384766,4352.692383,4416.410156,0.000000,1.000000,22.000000,,,,0.000000,2.000000,2.000000,0.000000,4.000000,2.000000,2.000000,0.000000,0.000000,4.000000,4.000000,4.000000,4.000000,4.000000,4.000000,0.000000,,,,,,,,,,,,,,,,,,,,,,,,,,,,
1732157947.921514,1732157947.924810,22.000000,0.000000,4285.384766,4281.666504,4309.615234,4294.102539,4259.743652,4281.025879,4334.871582,4398.205078,4297.051270,4282.563965,4477.563965,4505.384766,4347.692383,4415.897461,0.000000,1.000000,22.000000,,,,0.000000,2.000000,2.000000,0.000000,4.000000,2.000000,2.000000,0.000000,0.000000,4.000000,4.000000,4.000000,4.000000,4.000000,4.000000,0.000000,,,,,,,,,,,,,,,,,,,,,,,,,,,,
1732157947.929322,1732157947.932618,23.000000,0.000000,4279.743652,4275.641113,4311.025879,4290.256348,4272.051270,4280.641113,4334.871582,4398.077148,4303.333496,4287.948730,4477.179688,4505.897461,4346.666504,4413.717773,0.000000,1.000000,22.000000,,,,0.000000,2.000000,2.000000,0.000000,4.000000,2.000000,2.000000,0.000000,0.000000,4.000000,4.000000,4.000000,4.000000,4.000000,4.000000,0.000000,,,,,,,,,,,,,,,,,,,,,,,,,,,,
1732157947.937130,1732157947.940326,24.000000,0.000000,4282.307617,4268.077148,4310.897461,4283.461426,4274.871582,4280.256348,4334.871582,4397.820313,4309.743652,4296.410156,4478.589844,4505.512695,4352.563965,4415.512695,0.000000,1.000000,22.000000,,,,0.000000,2.000000,2.000000,0.000000,4.000000,2.000000,2.000000,0.000000,0.000000,4.000000,4.000000,4.000000,4.000000,4.000000,4.000000,0.000000,,,,,,,,,,,,,,,,,6.000000,0.000000,0.496507,0.454590,-0.567993,0.473511,0.987914,-0.081553,-0.059089,-35.992924,44.279224,31.266430
1732157947.944939,1732157947.948134,25.000000,0.000000,4281.666504,4266.666504,4311.025879,4281.282227,4288.077148,4281.282227,4334.871582,4397.820313,4311.282227,4294.487305,4478.333496,4505.384766,4351.282227,4415.256348,0.000000,1.000000,22.000000,,,,0.000000,2.000000,2.000000,0.000000,4.000000,2.000000,2.000000,0.000000,0.000000,4.000000,4.000000,4.000000,4.000000,4.000000,4.000000,0.000000,,,,,,,,,,,,,,,,,,,,,,,,,,,,
1732157947.952747,1732157947.955743,26.000000,0.000000,4280.897461,4269.230957,4311.153809,4287.436035,4290.128418,4281.025879,4334.871582,4400.384766,4303.077148,4289.358887,4477.051270,4506.666504,4348.846191,4416.410156,0.000000,1.000000,22.000000,,,,0.000000,2.000000,2.000000,0.000000,4.000000,2.000000,2.000000,0.000000,0.000000,4.000000,4.000000,4.000000,4.000000,4.000000,4.000000,0.000000,,,,,,,,,,,,,,,,,,,,,,,,,,,,
1732157947.960555,1732157947.963551,27.000000,0.000000,4284.871582,4271.282227,4308.974121,4292.179688,4262.563965,4280.769043,4334.871582,4400.769043,4294.102539,4292.948730,4478.589844,4507.820313,4351.794922,4420.128418,0.000000,1.000000,22.000000,,,,0.000000,2.000000,2.000000,0.000000,4.000000,2.000000,2.000000,0.000000,0.000000,4.000000,4.000000,4.000000,4.000000,4.000000,4.000000,0.000000,,,,,,,,,,,,,,,,,,,,,,,,,,,,
1732157947.968363,1732157947.971259,28.000000,0.000000,4284.487305,4272.436035,4307.820313,4291.153809,4258.717773,4285.128418,4334.871582,4397.948730,4299.487305,4297.051270,4479.743652,4508.333496,4351.922852,4420.641113,0.000000,1.000000,22.000000,,,,0.000000,2.000000,2.000000,0.000000,4.000000,2.000000,2.000000,0.000000,0.000000,4.000000,4.000000,4.000000,4.000000,4.000000,4.000000,0.000000,,,,,,,,,,,,,,,,,7.000000,0.000000,0.496379,0.454895,-0.567810,0.473572,0.975217,-0.086436,-0.060554,-36.059269,44.292839,31.314140
1732157947.976172,1732157947.979068,29.000000,0.000000,4286.025879,4275.641113,4309.487305,4291.666504,4277.820313,4293.974121,4334.871582,4397.051270,4305.897461,4295.128418,4478.717773,4509.871582,4349.743652,4417.820313,0.000000,1.000000,22.000000,,,,0.000000,2.000000,2.000000,0.000000,4.000000,2.000000,2.000000,0.000000,0.000000,4.000000,4.000000,4.000000,4.000000,4.000000,4.000000,0.000000,,,,,,,,,,,,,,,,,,,,,,,,,,,,
1732157947.983980,1732157947.986676,30.000000,0.000000,4294.487305,4278.333496,4312.051270,4295.384766,4279.743652,4293.461426,4334.871582,4398.205078,4302.820313,4293.589844,4479.102539,4509.102539,4351.153809,4415.897461,0.000000,1.000000,22.000000,,,,0.000000,2.000000,2.000000,0.000000,4.000000,2.000000,2.000000,0.000000,0.000000,4.000000,4.000000,4.000000,4.000000,4.000000,4.000000,0.000000,,,,,,,,,,,,,,,,,,,,,,,,,,,,
1732157947.991788,1732157947.994484,31.000000,0.000000,4294.871582,4278.333496,4311.410156,4294.871582,4284.615234,4282.179688,4334.871582,4398.589844,4305.000000,4292.051270,4478.846191,4505.000000,4350.000000,4413.717773,0.000000,1.000000,22.000000,,,,0.000000,2.000000,2.000000,0.000000,4.000000,2.000000,2.000000,0.000000,0.000000,4.000000,4.000000,4.000000,4.000000,4.000000,4.000000,0.000000,,,,,,,,,,,,,,,,,,,,,,,,,,,,
1732157947.999596,1732157948.002193,32.000000,0.000000,4288.205078,4277.563965,4309.615234,4290.384766,4291.025879,4276.922852,4334.871582,4399.102539,4308.205078,4290.769043,4475.641113,4506.794922,4346.153809,4412.179688,0.000000,1.000000,22.000000,,,,0.000000,2.000000,2.000000,0.000000,4.000000,2.000000,2.000000,0.000000,0.000000,4.000000,4.000000,4.000000,4.000000,4.000000,4.000000,0.000000,,,,,,,,,,,,,,,,,8.000000,0.000000,0.496435,0.454834,-0.567810,0.473572,0.974240,-0.084483,-0.062019,-35.926342,44.370533,31.494455
1732157948.007405,1732157948.010001,33.000000,0.000000,4290.256348,4277.692383,4310.256348,4291.282227,4270.897461,4281.153809,4334.871582,4400.128418,4299.487305,4293.461426,4475.000000,4512.051270,4347.051270,4413.461426,0.000000,1.000000,22.000000,,,,0.000000,2.000000,2.000000,0.000000,4.000000,2.000000,2.000000,0.000000,0.000000,4.000000,4.000000,4.000000,4.000000,4.000000,4.000000,0.000000,,,,,,,,,,,,,,,,,,,,,,,,,,,,
1732157948.015213,1732157948.018009,34.000000,0.000000,4294.230957,4277.948730,4311.153809,4294.743652,4256.153809,4283.333496,4334.871582,4399.487305,4298.333496,4294.102539,4476.410156,4511.025879,4350.897461,4413.333496,0.000000,1.000000,22.000000,,,,0.000000,2.000000,2.000000,0.000000,4.000000,2.000000,2.000000,0.000000,0.000000,4.000000,4.000000,4.000000,4.000000,4.000000,4.000000,0.000000,,,,,,,,,,,,,,,,,,,,,,,,,,,,
1732157948.023021,1732157948.025817,35.000000,0.000000,4292.820313,4278.205078,4309.358887,4291.282227,4268.589844,4280.384766,4334.871582,4399.358887,4306.153809,4293.205078,4475.128418,4506.410156,4350.769043,4410.769043,0.000000,1.000000,22.000000,,,,0.000000,2.000000,2.000000,0.000000,4.000000,2.000000,2.000000,0.000000,0.000000,4.000000,4.000000,4.000000,4.000000,4.000000,4.000000,0.000000,,,,,,,,,,,,,,,,,,,,,,,,,,,,
1732157948.030829,1732157948.033725,36.000000,0.000000,4290.641113,4280.512695,4307.436035,4288.846191,4281.153809,4280.384766,4334.871582,4401.282227,4301.410156,4294.358887,4474.743652,4507.563965,4349.230957,4411.410156,0.000000,1.000000,22.000000,,,,0.000000,2.000000,2.000000,0.000000,4.000000,2.000000,2.000000,0.000000,0.000000,4.000000,4.000000,4.000000,4.000000,4.000000,4.000000,0.000000,,,,,,,,,,,,,,,,,9.000000,0.000000,0.496535,0.454712,-0.567871,0.473511,0.963008,-0.097180,-0.061043,-35.998669,44.493465,31.550508
1732157948.038638,1732157948.041533,37.000000,0.000000,4285.256348,4278.846191,4310.897461,4293.589844,4279.487305,4281.794922,4334.871582,4401.794922,4292.563965,4292.436035,4475.897461,4505.128418,4351.410156,4410.384766,0.000000,1.000000,22.000000,,,,0.000000,2.000000,2.000000,0.000000,4.000000,2.000000,2.000000,0.000000,0.000000,4.000000,4.000000,4.000000,4.000000,4.000000,4.000000,0.000000,,,,,,,,,,,,,,,,,,,,,,,,,,,,
1732157948.046446,1732157948.049142,38.000000,0.000000,4280.769043,4277.436035,4312.948730,4293.205078,4276.153809,4281.794922,4334.871582,4400.512695,4295.512695,4287.820313,4475.512695,4499.358887,4350.128418,4405.256348,0.000000,1.000000,22.000000,,,,0.000000,2.000000,2.000000,0.000000,4.000000,2.000000,2.000000,0.000000,0.000000,4.000000,4.000000,4.000000,4.000000,4.000000,4.000000,0.000000,,,,,,,,,,,,,,,,,,,,,,,,,,,,
1732157948.054254,1732157948.056950,39.000000,0.000000,4281.538574,4277.436035,4308.717773,4287.563965,4289.230957,4280.897461,4334.871582,4399.358887,4299.743652,4287.436035,4474.743652,4497.051270,4344.615234,4403.333496,0.000000,1.000000,22.000000,,,,0.000000,2.000000,2.000000,0.000000,4.000000,2.000000,2.000000,0.000000,0.000000,4.000000,4.000000,4.000000,4.000000,4.000000,4.000000,0.000000,,,,,,,,,,,,,,,,,,,,,,,,,,,,
1732157948.062062,1732157948.064658,40.000000,0.000000,4282.179688,4276.666504,4306.153809,4286.666504,4301.410156,4280.512695,4334.871582,4397.692383,4297.948730,4290.000000,4473.717773,4497.179688,4345.641113,4406.538574,0.000000,1.000000,22.000000,,,,0.000000,2.000000,2.000000,0.000000,4.000000,2.000000,2.000000,0.000000,0.000000,4.000000,4.000000,4.000000,4.000000,4.000000,4.000000,0.000000,,,,,,,,,,,,,,,,,10.000000,0.000000,0.496579,0.454651,-0.567932,0.473450,0.951776,-0.086436,-0.064949,-36.030590,44.558041,31.414246
1732157948.069871,1732157948.072466,41.000000,0.000000,4279.743652,4277.820313,4309.487305,4291.282227,4280.512695,4280.641113,4334.871582,4396.794922,4296.538574,4288.333496,4472.692383,4499.743652,4350.512695,4410.128418,0.000000,1.000000,22.000000,,,,0.000000,2.000000,2.000000,0.000000,4.000000,2.000000,2.000000,0.000000,0.000000,4.000000,4.000000,4.000000,4.000000,4.000000,4.000000,0.000000,,,,,,,,,,,,,,,,,,,,,,,,,,,,
1732157948.077679,1732157948.080075,42.000000,0.000000,4280.897461,4279.615234,4310.000000,4293.205078,4256.282227,4281.794922,4334.871582,4398.717773,4295.000000,4282.948730,4475.256348,4501.025879,4350.769043,4413.333496,0.000000,1.000000,22.000000,,,,0.000000,2.000000,2.000000,0.000000,4.000000,2.000000,2.000000,0.000000,0.000000,4.000000,4.000000,4.000000,4.000000,4.000000,4.000000,0.000000,,,,,,,,,,,,,,,,,,,,,,,,,,,,
1732157948.085487,1732157948.087883,43.000000,0.000000,4282.563965,4278.077148,4308.333496,4289.615234,4264.871582,4283.077148,4334.871582,4401.410156,4293.205078,4279.230957,4477.692383,4500.769043,4349.743652,4411.794922,0.000000,1.000000,22.000000,,,,0.000000,2.000000,2.000000,0.000000,4.000000,2.000000,2.000000,0.000000,0.000000,4.000000,4.000000,4.000000,4.000000,4.000000,4.000000,0.000000,,,,,,,,,,,,,,,,,,,,,,,,,,,,
1732157948.093295,1732157948.095791,44.000000,0.000000,4280.897461,4277.307617,4309.615234,4288.846191,4279.487305,4280.897461,4334.871582,4400.000000,4295.512695,4282.436035,4476.794922,4502.563965,4350.384766,4407.948730,0.000000,1.000000,22.000000,,,,0.000000,2.000000,2.000000,0.000000,4.000000,2.000000,2.000000,0.000000,0.000000,4.000000,4.000000,4.000000,4.000000,4.000000,4.000000,0.000000,,,,,,,,,,,,,,,,,11.000000,0.000000,0.496856,0.454285,-0.568237,0.473145,0.975217,-0.077646,-0.052252,-36.279778,44.457012,31.642204
1732157948.101104,1732157948.103599,45.000000,0.000000,4282.820313,4280.384766,4310.897461,4294.743652,4278.974121,4279.487305,4334.871582,4399.230957,4299.743652,4285.641113,4477.692383,4507.051270,4350.641113,4410.769043,0.000000,1.000000,22.000000,,,,0.000000,2.000000,2.000000,0.000000,4.000000,2.000000,2.000000,0.000000,0.000000,4.000000,4.000000,4.000000,4.000000,4.000000,4.000000,0.000000,,,,,,,,,,,,,,,,,,,,,,,,,,,,
1732157948.108912,1732157948.111607,46.000000,0.000000,4285.641113,4279.358887,4309.871582,4295.256348,4275.769043,4281.794922,4334.871582,4401.282227,4301.794922,4283.333496,4479.615234,4508.717773,4351.153809,4410.384766,0.000000,1.000000,22.000000,,,,0.000000,2.000000,2.000000,0.000000,4.000000,2.000000,2.000000,0.000000,0.000000,4.000000,4.000000,4.000000,4.000000,4.000000,4.000000,0.000000,,,,,,,,,,,,,,,,,,,,,,,,,,,,
1732157948.116720,1732157948.119416,47.000000,0.000000,4283.461426,4273.461426,4309.743652,4286.410156,4280.641113,4276.025879,4334.743652,4401.153809,4300.128418,4281.153809,4479.102539,4505.897461,4349.615234,4404.102539,0.000000,1.000000,22.000000,,,,0.000000,2.000000,2.000000,0.000000,4.000000,2.000000,2.000000,0.000000,0.000000,4.000000,4.000000,4.000000,4.000000,4.000000,4.000000,0.000000,,,,,,,,,,,,,,,,,,,,,,,,,,,,
1732157948.124528,1732157948.127324,48.000000,0.000000,4282.692383,4274.615234,4311.538574,4285.000000,4285.641113,4268.077148,4334.871582,4399.871582,4296.025879,4279.487305,4476.153809,4505.641113,4347.692383,4407.051270,0.000000,1.000000,22.000000,,,,0.000000,2.000000,2.000000,0.000000,4.000000,2.000000,2.000000,0.000000,0.000000,4.000000,4.000000,4.000000,4.000000,4.000000,4.000000,0.000000,,,,,,,,,,,,,,,,,12.000000,0.000000,0.496798,0.454285,-0.568237,0.473206,0.964473,-0.094250,-0.063973,-36.628284,44.265179,31.748520
1732157948.132337,1732157948.135132,49.000000,0.000000,4289.230957,4280.128418,4313.717773,4294.615234,4273.461426,4273.333496,4335.000000,4399.358887,4293.717773,4280.897461,4474.743652,4510.000000,4348.974121,4414.230957,0.000000,1.000000,22.000000,,,,0.000000,2.000000,2.000000,0.000000,4.000000,2.000000,2.000000,0.000000,0.000000,4.000000,4.000000,4.000000,4.000000,4.000000,4.000000,0.000000,,,,,,,,,,,,,,,,,,,,,,,,,,,,
1732157948.140145,1732157948.143140,50.000000,0.000000,4294.230957,4280.128418,4312.563965,4298.205078,4258.461426,4281.153809,4334.102539,4397.692383,4298.333496,4287.179688,4481.794922,4512.307617,4352.820313,4414.358887,0.000000,1.000000,22.000000,,,,0.000000,2.000000,2.000000,0.000000,4.000000,2.000000,2.000000,0.000000,0.000000,4.000000,4.000000,4.000000,4.000000,4.000000,4.000000,0.000000,,,,,,,,,,,,,,,,,,,,,,,,,,,,
1732157948.147953,1732157948.150948,51.000000,0.000000,4292.563965,4278.205078,4309.743652,4294.615234,4267.051270,4281.025879,4334.743652,4397.948730,4302.948730,4291.025879,4489.871582,4509.743652,4355.641113,4410.897461,0.000000,1.000000,22.000000,,,,0.000000,2.000000,2.000000,0.000000,4.000000,2.000000,2.000000,0.000000,0.000000,4.000000,4.000000,4.000000,4.000000,4.000000,4.000000,0.000000,,,,,,,,,,,,,,,,,,,,,,,,,,,,
1732157948.155761,1732157948.158856,52.000000,0.000000,4292.948730,4278.461426,4311.410156,4292.563965,4280.512695,4280.769043,4335.769043,4400.769043,4303.077148,4291.794922,4488.846191,4512.820313,4353.846191,4412.179688,0.000000,1.000000,22.000000,,,,0.000000,2.000000,2.000000,0.000000,4.000000,2.000000,2.000000,0.000000,0.000000,4.000000,4.000000,4.000000,4.000000,4.000000,4.000000,0.000000,,,,,,,,,,,,,,,,,13.000000,0.000000,0.496900,0.454224,-0.568298,0.473083,0.976682,-0.076181,-0.053717,-36.540577,44.373127,31.891300
1732157948.163570,1732157948.166664,53.000000,0.000000,4292.948730,4278.717773,4313.461426,4295.769043,4276.538574,4280.384766,4334.743652,4399.615234,4305.769043,4292.051270,4483.461426,4515.128418,4351.153809,4412.692383,0.000000,1.000000,22.000000,,,,0.000000,2.000000,2.000000,0.000000,4.000000,2.000000,2.000000,0.000000,0.000000,4.000000,4.000000,4.000000,4.000000,4.000000,4.000000,0.000000,,,,,,,,,,,,,,,,,,,,,,,,,,,,
1732157948.171378,1732157948.174672,54.000000,0.000000,4287.563965,4278.846191,4310.000000,4298.077148,4273.461426,4280.384766,4334.615234,4396.538574,4311.666504,4291.282227,4480.256348,4508.589844,4351.538574,4410.128418,0.000000,1.000000,22.000000,,,,0.000000,2.000000,2.000000,0.000000,4.000000,2.000000,2.000000,0.000000,0.000000,4.000000,4.000000,4.000000,4.000000,4.000000,4.000000,0.000000,,,,,,,,,,,,,,,,,,,,,,,,,,,,
1732157948.179186,1732157948.182481,55.000000,0.000000,4281.153809,4278.333496,4308.717773,4294.358887,4289.102539,4277.692383,4335.384766,4399.102539,4310.384766,4287.307617,4476.282227,4503.461426,4349.871582,4405.769043,0.000000,1.000000,22.000000,,,,0.000000,2.000000,2.000000,0.000000,4.000000,2.000000,2.000000,0.000000,0.000000,4.000000,4.000000,4.000000,4.000000,4.000000,4.000000,0.000000,,,,,,,,,,,,,,,,,,,,,,,,,,,,
1732157948.186994,1732157948.190389,56.000000,0.000000,4281.153809,4277.179688,4313.205078,4289.358887,4293.077148,4270.000000,4334.230957,4401.538574,4301.025879,4285.128418,4471.922852,4504.230957,4347.436035,4402.051270,0.000000,1.000000,22.000000,,,,0.000000,2.000000,2.000000,0.000000,4.000000,2.000000,2.000000,0.000000,0.000000,4.000000,4.000000,4.000000,4.000000,4.000000,4.000000,0.000000,,,,,,,,,,,,,,,,,14.000000,0.000000,0.496944,0.454163,-0.568359,0.473022,0.983518,-0.076670,-0.065438,-36.681202,44.210567,31.753620
1732157948.194803,1732157948.198197,57.000000,0.000000,4285.384766,4279.102539,4313.333496,4292.820313,4271.410156,4269.615234,4333.717773,4400.128418,4293.717773,4286.794922,4475.128418,4504.871582,4353.077148,4407.563965,0.000000,1.000000,22.000000,,,,0.000000,2.000000,2.000000,0.000000,4.000000,2.000000,2.000000,0.000000,0.000000,4.000000,4.000000,4.000000,4.000000,4.000000,4.000000,0.000000,,,,,,,,,,,,,,,,,,,,,,,,,,,,
1732157948.202611,1732157948.206205,58.000000,0.000000,4283.589844,4279.230957,4310.641113,4296.410156,4260.128418,4278.077148,4334.743652,4400.128418,4294.487305,4289.743652,4480.384766,4504.102539,4358.461426,4411.794922,0.000000,1.000000,22.000000,,,,0.000000,2.000000,2.000000,0.000000,4.000000,2.000000,2.000000,0.000000,0.000000,4.000000,4.000000,4.000000,4.000000,4.000000,4.000000,0.000000,,,,,,,,,,,,,,,,,,,,,,,,,,,,
1732157948.210419,1732157948.214013,59.000000,0.000000,4282.307617,4277.948730,4309.102539,4294.358887,4267.563965,4281.922852,4335.128418,4401.282227,4304.487305,4291.794922,4479.615234,4505.384766,4355.897461,4405.897461,0.000000,1.000000,22.000000,,,,0.000000,2.000000,2.000000,0.000000,4.000000,2.000000,2.000000,0.000000,0.000000,4.000000,4.000000,4.000000,4.000000,4.000000,4.000000,0.000000,,,,,,,,,,,,,,,,,,,,,,,,,,,,
1732157948.218227,1732157948.221921,60.000000,0.000000,4284.871582,4280.000000,4309.615234,4292.948730,4277.820313,4279.487305,4335.769043,4400.641113,4307.563965,4288.717773,4477.307617,4505.128418,4352.820313,4402.948730,0.000000,1.000000,22.000000,,,,0.000000,2.000000,2.000000,0.000000,4.000000,2.000000,2.000000,0.000000,0.000000,4.000000,4.000000,4.000000,4.000000,4.000000,4.000000,0.000000,,,,,,,,,,,,,,,,,15.000000,0.000000,0.497032,0.454041,-0.568481,0.472900,0.977170,-0.090831,-0.060554,-36.456772,44.360561,31.673765
1732157948.226036,1732157948.229729,61.000000,0.000000,4284.358887,4280.000000,4310.384766,4293.589844,4291.666504,4278.333496,4335.769043,4399.358887,4299.230957,4283.461426,4477.820313,4500.128418,4351.282227,4410.512695,0.000000,1.000000,22.000000,,,,0.000000,2.000000,2.000000,0.000000,4.000000,2.000000,2.000000,0.000000,0.000000,4.000000,4.000000,4.000000,4.000000,4.000000,4.000000,0.000000,,,,,,,,,,,,,,,,,,,,,,,,,,,,
1732157948.233844,1732157948.237638,62.000000,0.000000,4282.051270,4277.179688,4310.128418,4294.615234,4288.333496,4278.846191,4334.230957,4400.000000,4297.179688,4280.897461,4477.820313,4498.974121,4350.512695,4415.000000,0.000000,1.000000,22.000000,,,,0.000000,2.000000,2.000000,0.000000,4.000000,2.000000,2.000000,0.000000,0.000000,4.000000,4.000000,4.000000,4.000000,4.000000,4.000000,0.000000,,,,,,,,,,,,,,,,,,,,,,,,,,,,
1732157948.241652,1732157948.245446,63.000000,0.000000,4281.025879,4276.922852,4309.230957,4295.384766,4264.487305,4281.922852,4333.974121,4401.538574,4304.743652,4281.922852,4476.666504,4502.563965,4350.128418,4407.051270,0.000000,1.000000,22.000000,,,,0.000000,2.000000,2.000000,0.000000,4.000000,2.000000,2.000000,0.000000,0.000000,4.000000,4.000000,4.000000,4.000000,4.000000,4.000000,0.000000,,,,,,,,,,,,,,,,,,,,,,,,,,,,
1732157948.249460,1732157948.253154,64.000000,0.000000,4282.051270,4279.358887,4311.410156,4295.256348,4262.563965,4282.563965,4333.846191,4404.102539,4311.794922,4287.179688,4477.051270,4503.205078,4350.000000,4403.333496,0.000000,1.000000,22.000000,,,,0.000000,2.000000,2.000000,0.000000,4.000000,2.000000,2.000000,0.000000,0.000000,4.000000,4.000000,4.000000,4.000000,4.000000,4.000000,0.000000,,,,,,,,,,,,,,,,,16.000000,0.000000,0.497091,0.454041,-0.568481,0.472839,0.987425,-0.081065,-0.061043,-36.191654,44.365387,31.659084
1732157948.257269,1732157948.260962,65.000000,0.000000,4289.230957,4281.666504,4313.333496,4296.922852,4278.461426,4280.000000,4333.077148,4403.461426,4314.743652,4293.717773,4478.205078,4504.743652,4350.384766,4408.589844,1609.000000,1.000000,22.000000,,,,0.000000,2.000000,2.000000,0.000000,4.000000,2.000000,2.000000,0.000000,0.000000,4.000000,4.000000,4.000000,4.000000,4.000000,4.000000,0.000000,,,,,,,,,,,,,,,,,,,,,,,,,,,,
1732157948.265077,1732157948.268571,66.000000,0.000000,4292.563965,4281.794922,4312.051270,4299.230957,4279.102539,4282.179688,4333.717773,4401.538574,4310.512695,4294.871582,4480.128418,4509.102539,4351.025879,4409.358887,1366.000000,1.000000,22.000000,,,,0.000000,2.000000,2.000000,0.000000,4.000000,2.000000,2.000000,0.000000,0.000000,4.000000,4.000000,4.000000,4.000000,4.000000,4.000000,0.000000,,,,,,,,,,,,,,,,,,,,,,,,,,,,
1732157948.272885,1732157948.276379,67.000000,0.000000,4286.282227,4281.025879,4310.512695,4296.922852,4278.846191,4282.563965,4335.128418,4401.538574,4298.589844,4284.743652,4480.256348,4507.692383,4350.512695,4402.051270,1427.000000,1.000000,22.000000,,,,0.000000,2.000000,2.000000,0.000000,4.000000,2.000000,2.000000,0.000000,0.000000,4.000000,4.000000,4.000000,4.000000,4.000000,4.000000,0.000000,,,,,,,,,,,,,,,,,,,,,,,,,,,,
1732157948.280693,1732157948.284087,68.000000,0.000000,4286.282227,4280.384766,4311.282227,4294.102539,4278.077148,4280.769043,4334.358887,4400.769043,4295.512695,4280.000000,4476.282227,4506.025879,4348.974121,4398.077148,1427.000000,1.000000,22.000000,,,,0.000000,2.000000,2.000000,0.000000,4.000000,2.000000,2.000000,0.000000,0.000000,4.000000,4.000000,4.000000,4.000000,4.000000,4.000000,0.000000,,,,,,,,,,,,,,,,,17.000000,0.000000,0.496963,0.454041,-0.568542,0.472900,0.975217,-0.092785,-0.054206,-36.183571,44.414295,31.758858
1732157948.288502,1732157948.291895,69.000000,0.000000,4291.282227,4279.487305,4312.563965,4295.000000,4274.615234,4280.641113,4333.205078,4400.641113,4298.333496,4283.461426,4473.717773,4506.922852,4344.871582,4399.487305,1214.000000,1.000000,22.000000,,,,0.000000,2.000000,2.000000,0.000000,4.000000,2.000000,2.000000,0.000000,0.000000,4.000000,4.000000,4.000000,4.000000,4.000000,4.000000,0.000000,,,,,,,,,,,,,,,,,,,,,,,,,,,,
1732157948.296310,1732157948.299504,70.000000,0.000000,4288.333496,4279.358887,4313.461426,4294.743652,4289.487305,4280.000000,4333.461426,4401.538574,4295.384766,4281.153809,4474.358887,4501.538574,4341.794922,4399.487305,0.000000,1.000000,22.000000,,,,0.000000,2.000000,2.000000,0.000000,4.000000,2.000000,2.000000,0.000000,0.000000,4.000000,4.000000,4.000000,4.000000,4.000000,4.000000,0.000000,,,,,,,,,,,,,,,,,,,,,,,,,,,,
1732157948.304118,1732157948.307312,71.000000,0.000000,4285.641113,4279.615234,4315.000000,4292.436035,4292.436035,4279.615234,4334.230957,4402.563965,4297.051270,4276.538574,4474.615234,4500.256348,4346.282227,4401.666504,0.000000,1.000000,22.000000,,,,0.000000,2.000000,2.000000,0.000000,4.000000,2.000000,2.000000,0.000000,0.000000,4.000000,4.000000,4.000000,4.000000,4.000000,4.000000,0.000000,,,,,,,,,,,,,,,,,,,,,,,,,,,,
1732157948.311926,1732157948.315020,72.000000,0.000000,4286.922852,4277.692383,4312.563965,4292.692383,4267.692383,4281.025879,4333.974121,4400.000000,4302.692383,4279.743652,4474.230957,4505.641113,4348.205078,4401.538574,1529.000000,1.000000,22.000000,,,,0.000000,2.000000,2.000000,0.000000,4.000000,2.000000,2.000000,0.000000,0.000000,4.000000,4.000000,4.000000,4.000000,4.000000,4.000000,0.000000,,,,,,,,,,,,,,,,,18.000000,0.000000,0.497120,0.453918,-0.568604,0.472778,0.968380,-0.079600,-0.053229,-36.170361,44.312248,31.394674
1732157948.319735,1732157948.322829,73.000000,0.000000,4287.948730,4278.717773,4310.512695,4295.641113,4259.871582,4280.897461,4333.846191,4397.051270,4301.025879,4281.282227,4473.974121,4507.307617,4343.461426,4398.461426,1685.000000,1.000000,22.000000,,,,0.000000,2.000000,2.000000,0.000000,4.000000,2.000000,2.000000,0.000000,0.000000,4.000000,4.000000,4.000000,4.000000,4.000000,4.000000,0.000000,,,,,,,,,,,,,,,,,,,,,,,,,,,,
1732157948.327543,1732157948.330437,74.000000,0.000000,4290.000000,4277.820313,4312.948730,4295.512695,4270.769043,4279.358887,4333.974121,4398.461426,4295.256348,4275.897461,4474.615234,4507.179688,4345.384766,4398.333496,1548.000000,1.000000,22.000000,,,,0.000000,2.000000,2.000000,0.000000,4.000000,2.000000,2.000000,0.000000,0.000000,4.000000,4.000000,4.000000,4.000000,4.000000,4.000000,0.000000,,,,,,,,,,,,,,,,,,,,,,,,,,,,
1732157948.335351,1732157948.338245,75.000000,0.000000,4287.948730,4269.743652,4314.102539,4292.051270,4276.794922,4280.641113,4333.974121,4401.025879,4296.282227,4274.743652,4474.615234,4507.820313,4348.846191,4398.077148,1564.000000,1.000000,22.000000,,,,0.000000,2.000000,2.000000,0.000000,4.000000,2.000000,2.000000,0.000000,0.000000,4.000000,4.000000,4.000000,4.000000,4.000000,4.000000,0.000000,,,,,,,,,,,,,,,,,,,,,,,,,,,,
1732157948.343159,1732157948.345954,76.000000,0.000000,4284.102539,4268.461426,4311.025879,4291.282227,4286.538574,4280.769043,4333.974121,4399.230957,4299.102539,4276.794922,4472.692383,4503.717773,4343.333496,4396.666504,1703.000000,1.000000,22.000000,,,,0.000000,2.000000,2.000000,0.000000,4.000000,2.000000,2.000000,0.000000,0.000000,4.000000,4.000000,4.000000,4.000000,4.000000,4.000000,0.000000,,,,,,,,,,,,,,,,,19.000000,0.000000,0.497120,0.453918,-0.568604,0.472778,0.968868,-0.087413,-0.045904,-36.092991,44.296253,31.366354
1732157948.350968,1732157948.353762,77.000000,0.000000,4288.333496,4277.307617,4311.282227,4294.358887,4285.512695,4279.230957,4333.974121,4398.461426,4296.666504,4275.512695,4471.922852,4500.641113,4339.102539,4396.794922,1604.000000,1.000000,22.000000,,,,0.000000,2.000000,2.000000,0.000000,4.000000,2.000000,2.000000,0.000000,0.000000,4.000000,4.000000,4.000000,4.000000,4.000000,4.000000,0.000000,,,,,,,,,,,,,,,,,,,,,,,,,,,,
1732157948.358776,1732157948.361370,78.000000,0.000000,4294.743652,4280.384766,4314.230957,4298.974121,4263.461426,4280.128418,4333.974121,4401.410156,4293.077148,4274.230957,4473.717773,4505.512695,4340.897461,4398.589844,1548.000000,1.000000,22.000000,,,,0.000000,2.000000,2.000000,0.000000,4.000000,2.000000,2.000000,0.000000,0.000000,4.000000,4.000000,4.000000,4.000000,4.000000,4.000000,0.000000,1.000000,0.000000,1.000000,0.000000,0.000000,4.000000,2.000000,1.000000,0.000000,0.000000,4.000000,4.000000,1.000000,4.000000,1.000000,3.000000,,,,,,,,,,,,
1732157948.366584,1732157948.369178,79.000000,0.000000,4293.205078,4278.205078,4312.820313,4301.666504,4258.846191,4281.922852,4333.974121,4401.922852,4295.769043,4276.794922,4476.025879,4507.820313,4341.282227,4399.487305,1564.000000,1.000000,22.000000,,,,0.000000,2.000000,2.000000,0.000000,4.000000,2.000000,2.000000,0.000000,0.000000,4.000000,4.000000,4.000000,4.000000,4.000000,4.000000,0.000000,,,,,,,,,,,,,,,,,,,,,,,,,,,,
1732157948.374392,1732157948.376887,80.000000,0.000000,4285.000000,4277.948730,4311.538574,4298.205078,4271.410156,4280.641113,4333.974121,4399.871582,4304.487305,4280.000000,4475.897461,4505.256348,4341.922852,4399.871582,1703.000000,1.000000,22.000000,,,,0.000000,2.000000,2.000000,0.000000,4.000000,2.000000,2.000000,0.000000,0.000000,4.000000,4.000000,4.000000,4.000000,4.000000,4.000000,0.000000,,,,,,,,,,,,,,,,,20.000000,0.000000,0.497220,0.453796,-0.568665,0.472717,0.990355,-0.083018,-0.053717,-36.075325,44.208298,31.455080
1732157948.382201,1732157948.384695,81.000000,0.000000,4283.205078,4277.436035,4313.461426,4293.205078,4275.512695,4279.358887,4333.974121,4399.871582,4304.487305,4277.692383,4473.974121,4504.487305,4344.230957,4399.230957,1604.000000,1.000000,22.000000,,,,0.000000,2.000000,2.000000,0.000000,4.000000,2.000000,2.000000,0.000000,0.000000,4.000000,4.000000,4.000000,4.000000,4.000000,4.000000,0.000000,,,,,,,,,,,,,,,,,,,,,,,,,,,,
1732157948.390009,1732157948.392303,82.000000,0.000000,4290.641113,4277.436035,4313.974121,4296.025879,4274.615234,4281.410156,4333.717773,4400.641113,4299.615234,4276.666504,4473.589844,4506.282227,4342.820313,4398.461426,1548.000000,1.000000,22.000000,,,,0.000000,2.000000,2.000000,0.000000,4.000000,2.000000,2.000000,0.000000,0.000000,4.000000,4.000000,4.000000,4.000000,4.000000,4.000000,0.000000,,,,,,,,,,,,,,,,,,,,,,,,,,,,
1732157948.397817,1732157948.400111,83.000000,0.000000,4293.846191,4277.563965,4311.794922,4301.666504,4277.563965,4283.717773,4334.230957,4401.282227,4301.153809,4276.153809,4475.128418,4508.333496,4339.487305,4399.230957,1564.000000,1.000000,22.000000,,,,0.000000,2.000000,2.000000,0.000000,4.000000,2.000000,2.000000,0.000000,0.000000,4.000000,4.000000,4.000000,4.000000,4.000000,4.000000,0.000000,,,,,,,,,,,,,,,,,,,,,,,,,,,,
1732157948.405625,1732157948.407820,84.000000,0.000000,4286.410156,4276.538574,4311.282227,4299.230957,4290.128418,4282.307617,4334.102539,4402.051270,4300.128418,4272.436035,4475.000000,4506.922852,4338.974121,4399.358887,1703.000000,1.000000,22.000000,,,,0.000000,2.000000,2.000000,0.000000,4.000000,2.000000,2.000000,0.000000,0.000000,4.000000,4.000000,4.000000,4.000000,4.000000,4.000000,0.000000,,,,,,,,,,,,,,,,,21.000000,0.000000,0.497218,0.453735,-0.568665,0.472778,0.982053,-0.072274,-0.051764,-36.092678,44.168720,31.336948
1732157948.413434,1732157948.415628,85.000000,0.000000,4280.769043,4277.948730,4311.794922,4294.358887,4294.743652,4280.384766,4332.692383,4401.410156,4295.769043,4273.333496,4474.102539,4505.256348,4342.051270,4398.077148,1604.000000,1.000000,22.000000,,,,0.000000,2.000000,2.000000,0.000000,4.000000,2.000000,2.000000,0.000000,0.000000,4.000000,4.000000,4.000000,4.000000,4.000000,4.000000,0.000000,,,,,,,,,,,,,,,,,,,,,,,,,,,,
1732157948.421242,1732157948.423636,86.000000,0.000000,4282.436035,4279.102539,4312.563965,4295.128418,4274.230957,4278.846191,4333.589844,4401.410156,4299.615234,4278.846191,4479.871582,4507.051270,4344.230957,4397.820313,1548.000000,1.000000,22.000000,,,,0.000000,2.000000,2.000000,0.000000,4.000000,2.000000,2.000000,0.000000,0.000000,4.000000,4.000000,4.000000,4.000000,4.000000,4.000000,0.000000,,,,,,,,,,,,,,,,,,,,,,,,,,,,
1732157948.429050,1732157948.431444,87.000000,0.000000,4287.692383,4276.153809,4313.974121,4294.871582,4253.974121,4277.179688,4336.282227,4401.794922,4306.282227,4281.025879,4486.538574,4512.436035,4345.384766,4398.846191,1564.000000,1.000000,22.000000,,,,0.000000,2.000000,2.000000,0.000000,4.000000,2.000000,2.000000,0.000000,0.000000,4.000000,4.000000,4.000000,4.000000,4.000000,4.000000,0.000000,,,,,,,,,,,,,,,,,,,,,,,,,,,,
1732157948.436858,1732157948.439352,88.000000,0.000000,4293.974121,4278.461426,4315.897461,4294.615234,4261.282227,4277.436035,4335.000000,4399.871582,4300.512695,4279.615234,4483.974121,4516.666504,4347.436035,4398.717773,1703.000000,1.000000,22.000000,,,,0.000000,2.000000,2.000000,0.000000,4.000000,2.000000,2.000000,0.000000,0.000000,4.000000,4.000000,4.000000,4.000000,4.000000,4.000000,0.000000,,,,,,,,,,,,,,,,,22.000000,0.000000,0.497360,0.453796,-0.568542,0.472717,0.958613,-0.075693,-0.056159,-36.120071,44.134998,31.347927
1732157948.444667,1732157948.447161,89.000000,0.000000,4292.948730,4280.641113,4315.641113,4298.461426,4283.717773,4278.077148,4332.436035,4398.974121,4294.230957,4277.436035,4476.538574,4513.589844,4345.641113,4397.051270,1604.000000,1.000000,22.000000,,,,0.000000,2.000000,2.000000,0.000000,4.000000,2.000000,2.000000,0.000000,0.000000,4.000000,4.000000,4.000000,4.000000,4.000000,4.000000,0.000000,,,,,,,,,,,,,,,,,,,,,,,,,,,,
1732157948.452475,1732157948.454769,90.000000,0.000000,4288.077148,4274.358887,4313.205078,4300.128418,4282.563965,4276.794922,4333.461426,4400.256348,4298.846191,4277.179688,4475.641113,4510.384766,4341.922852,4396.666504,1548.000000,1.000000,22.000000,,,,0.000000,2.000000,2.000000,0.000000,4.000000,2.000000,2.000000,0.000000,0.000000,4.000000,4.000000,4.000000,4.000000,4.000000,4.000000,0.000000,,,,,,,,,,,,,,,,,,,,,,,,,,,,
1732157948.460283,1732157948.462577,91.000000,0.000000,4289.487305,4270.641113,4310.000000,4299.487305,4261.538574,4277.307617,4334.230957,4399.871582,4302.179688,4280.897461,4479.102539,4512.051270,4343.077148,4396.922852,1564.000000,1.000000,22.000000,,,,0.000000,2.000000,2.000000,0.000000,4.000000,2.000000,2.000000,0.000000,0.000000,4.000000,4.000000,4.000000,4.000000,4.000000,4.000000,0.000000,,,,,,,,,,,,,,,,,,,,,,,,,,,,
1732157948.468091,1732157948.470285,92.000000,0.000000,4292.563965,4272.436035,4310.128418,4299.615234,4257.692383,4280.512695,4334.230957,4398.846191,4297.436035,4279.487305,4477.179688,4516.025879,4344.487305,4397.051270,1703.000000,1.000000,22.000000,,,,0.000000,2.000000,2.000000,0.000000,4.000000,2.000000,2.000000,0.000000,0.000000,4.000000,4.000000,4.000000,4.000000,4.000000,4.000000,0.000000,,,,,,,,,,,,,,,,,23.000000,0.000000,0.497014,0.454163,-0.568298,0.473022,0.988402,-0.078135,-0.061531,-36.075588,44.207684,31.173489
1732157948.475900,1732157948.478094,93.000000,0.000000,4292.692383,4274.743652,4313.077148,4301.025879,4271.538574,4279.743652,4335.000000,4399.487305,4292.307617,4273.333496,4474.615234,4516.410156,4341.538574,4396.666504,1604.000000,1.000000,22.000000,,,,0.000000,2.000000,2.000000,0.000000,4.000000,2.000000,2.000000,0.000000,0.000000,4.000000,4.000000,4.000000,4.000000,4.000000,4.000000,0.000000,,,,,,,,,,,,,,,,,,,,,,,,,,,,
1732157948.483708,1732157948.485702,94.000000,0.000000,4294.487305,4271.922852,4312.820313,4302.051270,4268.333496,4279.230957,4334.871582,4400.512695,4292.436035,4274.358887,4475.128418,4516.922852,4340.128418,4396.538574,1548.000000,1.000000,22.000000,,,,0.000000,2.000000,2.000000,0.000000,4.000000,2.000000,2.000000,0.000000,0.000000,4.000000,4.000000,4.000000,4.000000,4.000000,4.000000,0.000000,,,,,,,,,,,,,,,,,,,,,,,,,,,,
1732157948.491516,1732157948.493510,95.000000,0.000000,4290.897461,4265.897461,4310.641113,4299.487305,4260.641113,4280.000000,4334.743652,4400.641113,4295.128418,4279.230957,4476.153809,4516.153809,4341.922852,4394.487305,1564.000000,1.000000,22.000000,,,,0.000000,2.000000,2.000000,0.000000,4.000000,2.000000,2.000000,0.000000,0.000000,4.000000,4.000000,4.000000,4.000000,4.000000,4.000000,0.000000,,,,,,,,,,,,,,,,,,,,,,,,,,,,
1732157948.499324,1732157948.501418,96.000000,0.000000,4282.948730,4265.384766,4312.051270,4292.563965,4279.871582,4271.282227,4335.000000,4399.871582,4296.282227,4280.256348,4476.410156,4516.282227,4342.563965,4392.179688,1703.000000,1.000000,22.000000,,,,0.000000,2.000000,2.000000,0.000000,4.000000,2.000000,2.000000,0.000000,0.000000,4.000000,4.000000,4.000000,4.000000,4.000000,4.000000,0.000000,,,,,,,,,,,,,,,,,24.000000,0.000000,0.496926,0.454285,-0.568176,0.473145,0.980588,-0.077646,-0.055183,-36.156227,44.136555,30.982191
1732157948.507133,1732157948.509227,97.000000,0.000000,4283.846191,4273.717773,4313.333496,4296.153809,4288.205078,4265.897461,4334.102539,4398.846191,4295.384766,4278.846191,4476.922852,4517.051270,4340.769043,4393.461426,1604.000000,1.000000,22.000000,,,,0.000000,2.000000,2.000000,0.000000,4.000000,2.000000,2.000000,0.000000,0.000000,4.000000,4.000000,4.000000,4.000000,4.000000,4.000000,0.000000,,,,,,,,,,,,,,,,,,,,,,,,,,,,
1732157948.514941,1732157948.517235,98.000000,0.000000,4290.641113,4278.333496,4313.077148,4305.512695,4268.205078,4274.487305,4333.717773,4400.897461,4299.615234,4282.179688,4477.563965,4514.487305,4340.769043,4397.051270,1548.000000,1.000000,22.000000,,,,0.000000,2.000000,2.000000,0.000000,4.000000,2.000000,2.000000,0.000000,0.000000,4.000000,4.000000,4.000000,4.000000,4.000000,4.000000,0.000000,,,,,,,,,,,,,,,,,,,,,,,,,,,,
1732157948.522749,1732157948.525043,99.000000,0.000000,4293.461426,4276.025879,4315.000000,4303.589844,4257.307617,4281.410156,4334.871582,4401.922852,4306.025879,4286.153809,4478.846191,4514.230957,4345.256348,4400.128418,1564.000000,1.000000,22.000000,,,,0.000000,2.000000,2.000000,0.000000,4.000000,2.000000,2.000000,0.000000,0.000000,4.000000,4.000000,4.000000,4.000000,4.000000,4.000000,0.000000,,,,,,,,,,,,,,,,,,,,,,,,,,,,
1732157948.530557,1732157948.532951,100.000000,0.000000,4292.563965,4277.179688,4315.128418,4301.922852,4266.794922,4278.974121,4335.000000,4400.256348,4300.641113,4282.436035,4478.205078,4512.948730,4345.512695,4399.615234,1703.000000,1.000000,22.000000,,,,0.000000,2.000000,2.000000,0.000000,4.000000,2.000000,2.000000,0.000000,0.000000,4.000000,4.000000,4.000000,4.000000,4.000000,4.000000,0.000000,,,,,,,,,,,,,,,,,25.000000,0.000000,0.497158,0.453979,-0.568420,0.472900,0.976193,-0.087413,-0.058601,-36.111546,44.252277,31.078909
1732157948.538365,1732157948.540759,101.000000,0.000000,4286.666504,4276.922852,4313.205078,4306.153809,4267.307617,4279.487305,4334.615234,4401.282227,4294.615234,4278.846191,4475.512695,4508.077148,4338.077148,4394.487305,1604.000000,1.000000,22.000000,,,,0.000000,2.000000,2.000000,0.000000,4.000000,2.000000,2.000000,0.000000,0.000000,4.000000,4.000000,4.000000,4.000000,4.000000,4.000000,0.000000,,,,,,,,,,,,,,,,,,,,,,,,,,,,
1732157948.546174,1732157948.548767,102.000000,0.000000,4281.922852,4274.358887,4311.794922,4305.641113,4272.051270,4281.538574,4334.871582,4403.077148,4290.641113,4274.871582,4475.256348,4506.410156,4334.615234,4391.153809,1548.000000,1.000000,22.000000,,,,0.000000,2.000000,2.000000,0.000000,4.000000,2.000000,2.000000,0.000000,0.000000,4.000000,4.000000,4.000000,4.000000,4.000000,4.000000,0.000000,,,,,,,,,,,,,,,,,,,,,,,,,,,,
1732157948.553982,1732157948.556575,103.000000,0.000000,4283.461426,4270.384766,4309.871582,4299.230957,4291.538574,4280.384766,4334.743652,4400.256348,4285.512695,4266.666504,4473.717773,4505.000000,4334.871582,4387.948730,1564.000000,1.000000,22.000000,,,,0.000000,2.000000,2.000000,0.000000,4.000000,2.000000,2.000000,0.000000,0.000000,4.000000,4.000000,4.000000,4.000000,4.000000,4.000000,0.000000,,,,,,,,,,,,,,,,,,,,,,,,,,,,
1732157948.561790,1732157948.564483,104.000000,0.000000,4281.538574,4264.871582,4310.769043,4293.589844,4282.436035,4284.230957,4334.743652,4398.333496,4289.358887,4267.692383,4469.615234,4496.538574,4332.179688,4381.410156,1703.000000,1.000000,22.000000,,,,0.000000,2.000000,2.000000,0.000000,4.000000,2.000000,2.000000,0.000000,0.000000,4.000000,4.000000,4.000000,4.000000,4.000000,4.000000,0.000000,,,,,,,,,,,,,,,,,26.000000,0.000000,0.497046,0.453796,-0.568665,0.472900,0.976682,-0.090343,-0.040044,-36.240353,44.352676,31.238916
1732157948.569599,1732157948.572292,105.000000,0.000000,4278.461426,4264.230957,4314.102539,4296.410156,4258.717773,4286.922852,4334.743652,4398.846191,4296.538574,4278.589844,4470.769043,4495.128418,4334.358887,4382.692383,1604.000000,1.000000,22.000000,,,,0.000000,2.000000,2.000000,0.000000,4.000000,2.000000,2.000000,0.000000,0.000000,4.000000,4.000000,4.000000,4.000000,4.000000,4.000000,0.000000,,,,,,,,,,,,,,,,,,,,,,,,,,,,
1732157948.577407,1732157948.580300,106.000000,0.000000,4284.487305,4272.692383,4311.153809,4304.743652,4261.666504,4282.563965,4334.871582,4398.717773,4294.230957,4281.538574,4475.256348,4505.769043,4344.743652,4394.230957,1548.000000,1.000000,22.000000,,,,0.000000,2.000000,2.000000,0.000000,4.000000,2.000000,2.000000,0.000000,0.000000,4.000000,4.000000,4.000000,4.000000,4.000000,4.000000,0.000000,,,,,,,,,,,,,,,,,,,,,,,,,,,,
1732157948.585215,1732157948.588108,107.000000,0.000000,4288.461426,4279.102539,4309.230957,4304.358887,4271.282227,4278.974121,4334.358887,4400.128418,4292.563965,4280.256348,4477.179688,4509.615234,4348.205078,4400.128418,1564.000000,1.000000,22.000000,,,,0.000000,2.000000,2.000000,0.000000,4.000000,2.000000,2.000000,0.000000,0.000000,4.000000,4.000000,4.000000,4.000000,4.000000,4.000000,0.000000,,,,,,,,,,,,,,,,,,,,,,,,,,,,
1732157948.593023,1732157948.596016,108.000000,0.000000,4284.102539,4275.000000,4312.820313,4298.589844,4265.769043,4282.692383,4334.230957,4400.897461,4297.563965,4283.333496,4476.922852,4506.794922,4342.820313,4397.820313,1703.000000,1.000000,22.000000,,,,0.000000,2.000000,2.000000,0.000000,4.000000,2.000000,2.000000,0.000000,0.000000,4.000000,4.000000,4.000000,4.000000,4.000000,4.000000,0.000000,,,,,,,,,,,,,,,,,27.000000,0.000000,0.497046,0.453796,-0.568665,0.472900,0.984007,-0.092785,-0.060554,-36.359684,44.299004,31.278522
1732157948.600832,1732157948.603824,109.000000,0.000000,4281.025879,4267.179688,4312.051270,4298.717773,4272.436035,4281.538574,4335.897461,4400.641113,4297.563965,4281.666504,4475.128418,4506.282227,4341.410156,4398.974121,1604.000000,1.000000,22.000000,,,,0.000000,2.000000,2.000000,0.000000,4.000000,2.000000,2.000000,0.000000,0.000000,4.000000,4.000000,4.000000,4.000000,4.000000,4.000000,0.000000,,,,,,,,,,,,,,,,,,,,,,,,,,,,
1732157948.608640,1732157948.611832,110.000000,0.000000,4280.512695,4263.589844,4310.000000,4295.128418,4287.307617,4273.333496,4335.897461,4402.820313,4295.641113,4277.948730,4474.230957,4507.307617,4343.333496,4401.538574,1548.000000,1.000000,22.000000,,,,0.000000,2.000000,2.000000,0.000000,4.000000,2.000000,2.000000,0.000000,0.000000,4.000000,4.000000,4.000000,4.000000,4.000000,4.000000,0.000000,,,,,,,,,,,,,,,,,,,,,,,,,,,,
1732157948.616448,1732157948.619640,111.000000,0.000000,4281.282227,4267.948730,4313.205078,4290.769043,4271.666504,4275.256348,4333.717773,4402.307617,4297.051270,4281.153809,4477.563965,4506.538574,4343.461426,4401.025879,1564.000000,1.000000,22.000000,,,,0.000000,2.000000,2.000000,0.000000,4.000000,2.000000,2.000000,0.000000,0.000000,4.000000,4.000000,4.000000,4.000000,4.000000,4.000000,0.000000,,,,,,,,,,,,,,,,,,,,,,,,,,,,
1732157948.624256,1732157948.627349,112.000000,0.000000,4284.102539,4277.051270,4312.948730,4297.307617,4252.692383,4282.948730,4334.487305,4397.820313,4296.794922,4282.563965,4479.871582,4506.538574,4341.666504,4400.000000,1703.000000,1.000000,22.000000,,,,0.000000,2.000000,2.000000,0.000000,4.000000,2.000000,2.000000,0.000000,0.000000,4.000000,4.000000,4.000000,4.000000,4.000000,4.000000,0.000000,,,,,,,,,,,,,,,,,28.000000,0.000000,0.496904,0.453735,-0.568787,0.472961,0.976193,-0.081553,-0.055183,-36.394676,44.293858,31.317270
1732157948.632064,1732157948.635157,113.000000,0.000000,4291.025879,4279.358887,4310.256348,4302.051270,4259.230957,4281.153809,4336.153809,4398.461426,4295.128418,4278.205078,4477.307617,4509.615234,4343.205078,4402.820313,1604.000000,1.000000,22.000000,,,,0.000000,2.000000,2.000000,0.000000,4.000000,2.000000,2.000000,0.000000,0.000000,4.000000,4.000000,4.000000,4.000000,4.000000,4.000000,0.000000,,,,,,,,,,,,,,,,,,,,,,,,,,,,
1732157948.639873,1732157948.643165,114.000000,0.000000,4297.563965,4277.563965,4312.948730,4300.769043,4271.282227,4277.948730,4334.230957,4402.436035,4292.051270,4277.948730,4477.820313,4513.077148,4346.025879,4407.436035,1548.000000,1.000000,22.000000,,,,0.000000,2.000000,2.000000,0.000000,4.000000,2.000000,2.000000,0.000000,0.000000,4.000000,4.000000,4.000000,4.000000,4.000000,4.000000,0.000000,,,,,,,,,,,,,,,,,,,,,,,,,,,,
1732157948.647681,1732157948.650973,115.000000,0.000000,4293.077148,4280.128418,4314.230957,4301.666504,4268.717773,4281.410156,4333.077148,4401.025879,4293.205078,4283.589844,4481.153809,4512.692383,4343.589844,4408.077148,1564.000000,1.000000,22.000000,,,,0.000000,2.000000,2.000000,0.000000,4.000000,2.000000,2.000000,0.000000,0.000000,4.000000,4.000000,4.000000,4.000000,4.000000,4.000000,0.000000,,,,,,,,,,,,,,,,,,,,,,,,,,,,
1732157948.655489,1732157948.658681,116.000000,0.000000,4282.436035,4278.205078,4312.563965,4299.358887,4270.256348,4282.820313,4334.615234,4399.743652,4301.025879,4288.333496,4481.282227,4508.717773,4344.230957,4402.948730,1703.000000,1.000000,22.000000,,,,0.000000,2.000000,2.000000,0.000000,4.000000,2.000000,2.000000,0.000000,0.000000,4.000000,4.000000,4.000000,4.000000,4.000000,4.000000,0.000000,,,,,,,,,,,,,,,,,29.000000,0.000000,0.496892,0.453735,-0.568848,0.472900,0.966427,-0.092296,-0.059089,-36.288021,44.163025,31.371988
1732157948.663298,1732157948.666490,117.000000,0.000000,4280.384766,4272.563965,4312.563965,4296.922852,4277.820313,4280.512695,4335.000000,4401.153809,4304.743652,4290.769043,4480.512695,4508.461426,4347.948730,4399.871582,1604.000000,1.000000,22.000000,,,,0.000000,2.000000,2.000000,0.000000,4.000000,2.000000,2.000000,0.000000,0.000000,4.000000,4.000000,4.000000,4.000000,4.000000,4.000000,0.000000,,,,,,,,,,,,,,,,,,,,,,,,,,,,
1732157948.671106,1732157948.674098,118.000000,0.000000,4283.974121,4278.077148,4311.153809,4298.717773,4271.794922,4280.641113,4334.743652,4400.128418,4297.051270,4286.153809,4479.358887,4509.871582,4346.666504,4403.205078,1548.000000,1.000000,22.000000,,,,0.000000,2.000000,2.000000,0.000000,4.000000,2.000000,2.000000,0.000000,0.000000,4.000000,4.000000,4.000000,4.000000,4.000000,4.000000,0.000000,,,,,,,,,,,,,,,,,,,,,,,,,,,,
1732157948.678914,1732157948.681906,119.000000,0.000000,4282.179688,4278.333496,4309.871582,4296.025879,4275.897461,4280.769043,4335.641113,4398.846191,4290.256348,4274.743652,4475.128418,4502.051270,4338.974121,4399.871582,1564.000000,1.000000,22.000000,,,,0.000000,2.000000,2.000000,0.000000,4.000000,2.000000,2.000000,0.000000,0.000000,4.000000,4.000000,4.000000,4.000000,4.000000,4.000000,0.000000,,,,,,,,,,,,,,,,,,,,,,,,,,,,
1732157948.686722,1732157948.689615,120.000000,0.000000,4279.615234,4266.666504,4313.717773,4292.948730,4288.461426,4280.384766,4336.025879,4400.769043,4295.384766,4272.563965,4472.436035,4494.615234,4335.000000,4391.025879,1703.000000,1.000000,22.000000,,,,0.000000,2.000000,2.000000,0.000000,4.000000,2.000000,2.000000,0.000000,0.000000,4.000000,4.000000,4.000000,4.000000,4.000000,4.000000,0.000000,,,,,,,,,,,,,,,,,30.000000,0.000000,0.496989,0.453552,-0.568909,0.472900,0.971798,-0.083995,-0.062019,-36.201630,44.182049,31.541311
1732157948.694531,1732157948.697423,121.000000,0.000000,4279.743652,4270.769043,4313.974121,4297.820313,4276.282227,4279.615234,4335.769043,4400.641113,4299.871582,4279.230957,4473.589844,4502.051270,4337.692383,4393.205078,1604.000000,1.000000,22.000000,,,,0.000000,2.000000,2.000000,0.000000,4.000000,2.000000,2.000000,0.000000,0.000000,4.000000,4.000000,4.000000,4.000000,4.000000,4.000000,0.000000,,,,,,,,,,,,,,,,,,,,,,,,,,,,
1732157948.702339,1732157948.705031,122.000000,0.000000,4278.077148,4279.358887,4309.615234,4298.846191,4257.948730,4282.692383,4335.897461,4397.820313,4296.410156,4278.846191,4473.717773,4507.692383,4337.948730,4397.179688,1548.000000,1.000000,22.000000,,,,0.000000,2.000000,2.000000,0.000000,4.000000,2.000000,2.000000,0.000000,0.000000,4.000000,4.000000,4.000000,4.000000,4.000000,4.000000,0.000000,,,,,,,,,,,,,,,,,,,,,,,,,,,,
1732157948.710147,1732157948.712839,123.000000,0.000000,4276.410156,4268.205078,4309.615234,4293.589844,4268.589844,4285.897461,4335.897461,4397.563965,4293.589844,4275.384766,4472.692383,4498.589844,4336.666504,4389.358887,1564.000000,1.000000,22.000000,,,,0.000000,2.000000,2.000000,0.000000,4.000000,2.000000,2.000000,0.000000,0.000000,4.000000,4.000000,4.000000,4.000000,4.000000,4.000000,0.000000,,,,,,,,,,,,,,,,,,,,,,,,,,,,
1732157948.717955,1732157948.720548,124.000000,0.000000,4277.307617,4260.512695,4313.205078,4293.717773,4277.948730,4285.000000,4335.897461,4399.358887,4295.256348,4277.692383,4472.436035,4496.025879,4339.102539,4387.307617,1703.000000,1.000000,22.000000,,,,0.000000,2.000000,2.000000,0.000000,4.000000,2.000000,2.000000,0.000000,0.000000,4.000000,4.000000,4.000000,4.000000,4.000000,4.000000,0.000000,,,,,,,,,,,,,,,,,31.000000,0.000000,0.496989,0.453552,-0.568909,0.472900,0.971798,-0.083995,-0.062019,-35.909988,44.020794,31.438461
1732157948.725763,1732157948.728356,125.000000,0.000000,4279.230957,4270.384766,4311.538574,4296.794922,4275.384766,4284.743652,4335.897461,4399.615234,4296.153809,4281.410156,4471.282227,4500.897461,4344.102539,4396.794922,1604.000000,1.000000,22.000000,,,,0.000000,2.000000,2.000000,0.000000,4.000000,2.000000,2.000000,0.000000,0.000000,4.000000,4.000000,4.000000,4.000000,4.000000,4.000000,0.000000,,,,,,,,,,,,,,,,,,,,,,,,,,,,
1732157948.733572,1732157948.735964,126.000000,0.000000,4278.205078,4273.333496,4310.512695,4295.769043,4293.077148,4287.051270,4335.897461,4398.846191,4294.615234,4280.128418,4471.538574,4501.153809,4344.102539,4397.436035,1548.000000,1.000000,22.000000,,,,0.000000,2.000000,2.000000,0.000000,4.000000,2.000000,2.000000,0.000000,0.000000,4.000000,4.000000,4.000000,4.000000,4.000000,4.000000,0.000000,,,,,,,,,,,,,,,,,,,,,,,,,,,,
1732157948.741380,1732157948.743773,127.000000,0.000000,4277.692383,4265.512695,4312.820313,4297.563965,4294.871582,4292.563965,4335.897461,4399.102539,4294.871582,4280.769043,4473.461426,4497.563965,4341.538574,4394.358887,22.000000,1.000000,22.000000,,,,0.000000,2.000000,2.000000,0.000000,4.000000,2.000000,2.000000,0.000000,0.000000,4.000000,4.000000,4.000000,4.000000,4.000000,4.000000,0.000000,,,,,,,,,,,,,,,,,,,,,,,,,,,,
1732157948.749188,1732157948.751481,0.000000,0.000000,4281.025879,4266.666504,4313.589844,4301.410156,4270.000000,4293.974121,4335.897461,4400.128418,4296.666504,4289.358887,4474.487305,4494.871582,4342.307617,4397.948730,0.000000,1.000000,22.000000,,,,0.000000,2.000000,2.000000,0.000000,4.000000,2.000000,2.000000,0.000000,0.000000,4.000000,4.000000,4.000000,4.000000,4.000000,4.000000,0.000000,,,,,,,,,,,,,,,,,0.000000,0.000000,0.496891,0.453430,-0.569092,0.472900,0.959101,-0.081065,-0.060554,-35.963757,44.010178,31.521820
1732157948.756997,1732157948.759289,1.000000,0.000000,4283.461426,4272.948730,4312.820313,4299.358887,4267.307617,4287.820313,4335.897461,4400.384766,4296.538574,4295.128418,4473.589844,4496.794922,4343.077148,4401.025879,1606.000000,1.000000,22.000000,,,,0.000000,2.000000,2.000000,0.000000,4.000000,2.000000,2.000000,0.000000,0.000000,4.000000,4.000000,4.000000,4.000000,4.000000,4.000000,0.000000,,,,,,,,,,,,,,,,,,,,,,,,,,,,
1732157948.764805,1732157948.766897,2.000000,0.000000,4281.153809,4270.128418,4312.436035,4295.512695,4282.436035,4282.051270,4335.897461,4399.358887,4295.769043,4293.205078,4472.820313,4498.717773,4342.563965,4399.743652,1366.000000,1.000000,22.000000,,,,0.000000,2.000000,2.000000,0.000000,4.000000,2.000000,2.000000,0.000000,0.000000,4.000000,4.000000,4.000000,4.000000,4.000000,4.000000,0.000000,,,,,,,,,,,,,,,,,,,,,,,,,,,,
1732157948.772613,1732157948.774706,3.000000,0.000000,4279.615234,4267.307617,4312.820313,4295.384766,4278.846191,4287.948730,4335.897461,4399.871582,4297.948730,4290.512695,4474.230957,4489.487305,4341.666504,4400.000000,1427.000000,1.000000,22.000000,,,,0.000000,2.000000,2.000000,0.000000,4.000000,2.000000,2.000000,0.000000,0.000000,4.000000,4.000000,4.000000,4.000000,4.000000,4.000000,0.000000,,,,,,,,,,,,,,,,,,,,,,,,,,,,
1732157948.780421,1732157948.782614,4.000000,0.000000,4279.102539,4270.769043,4311.794922,4296.794922,4278.333496,4294.743652,4335.897461,4400.384766,4295.897461,4284.487305,4472.948730,4480.256348,4341.538574,4398.205078,1427.000000,1.000000,22.000000,,,,0.000000,2.000000,2.000000,0.000000,4.000000,2.000000,2.000000,0.000000,0.000000,4.000000,4.000000,4.000000,4.000000,4.000000,4.000000,0.000000,,,,,,,,,,,,,,,,,1.000000,0.000000,0.496833,0.453430,-0.569092,0.472961,0.973263,-0.099133,-0.057136,-36.015644,44.059910,31.414341
1732157948.788230,1732157948.790422,5.000000,0.000000,4277.563965,4270.641113,4310.897461,4296.282227,4299.230957,4288.846191,4335.897461,4398.589844,4292.051270,4276.794922,4470.256348,4481.922852,4341.025879,4393.205078,1214.000000,1.000000,22.000000,,,,0.000000,2.000000,2.000000,0.000000,4.000000,2.000000,2.000000,0.000000,0.000000,4.000000,4.000000,4.000000,4.000000,4.000000,4.000000,0.000000,,,,,,,,,,,,,,,,,,,,,,,,,,,,
1732157948.796038,1732157948.798030,6.000000,0.000000,4277.051270,4272.307617,4311.282227,4293.717773,4294.487305,4286.538574,4335.897461,4398.974121,4296.538574,4282.948730,4471.922852,4484.358887,4340.512695,4394.871582,0.000000,1.000000,22.000000,,,,0.000000,2.000000,2.000000,0.000000,4.000000,2.000000,2.000000,0.000000,0.000000,4.000000,4.000000,4.000000,4.000000,4.000000,4.000000,0.000000,,,,,,,,,,,,,,,,,,,,,,,,,,,,
1732157948.803846,1732157948.805839,7.000000,0.000000,4279.230957,4278.974121,4311.794922,4295.769043,4267.436035,4293.461426,4335.897461,4402.179688,4302.692383,4296.922852,4476.153809,4488.846191,4343.333496,4400.897461,0.000000,1.000000,22.000000,,,,0.000000,2.000000,2.000000,0.000000,4.000000,2.000000,2.000000,0.000000,0.000000,4.000000,4.000000,4.000000,4.000000,4.000000,4.000000,0.000000,,,,,,,,,,,,,,,,,,,,,,,,,,,,
1732157948.811654,1732157948.813547,8.000000,0.000000,4281.922852,4280.128418,4311.153809,4302.179688,4269.102539,4296.922852,4335.897461,4400.641113,4295.769043,4296.025879,4476.282227,4492.563965,4346.922852,4400.641113,1529.000000,1.000000,22.000000,,,,0.000000,2.000000,2.000000,0.000000,4.000000,2.000000,2.000000,0.000000,0.000000,4.000000,4.000000,4.000000,4.000000,4.000000,4.000000,0.000000,,,,,,,,,,,,,,,,,2.000000,0.000000,0.496689,0.453613,-0.568970,0.473083,0.973263,-0.099133,-0.057136,-36.177670,44.230194,31.327284
1732157948.819462,1732157948.821355,9.000000,0.000000,4282.179688,4276.666504,4311.794922,4304.358887,4287.307617,4291.922852,4335.897461,4397.179688,4285.256348,4284.743652,4473.077148,4488.974121,4344.743652,4396.153809,1685.000000,1.000000,22.000000,,,,0.000000,2.000000,2.000000,0.000000,4.000000,2.000000,2.000000,0.000000,0.000000,4.000000,4.000000,4.000000,4.000000,4.000000,4.000000,0.000000,,,,,,,,,,,,,,,,,,,,,,,,,,,,
1732157948.827271,1732157948.829363,10.000000,0.000000,4280.769043,4277.051270,4313.846191,4301.794922,4279.102539,4287.307617,4335.897461,4398.333496,4286.794922,4280.512695,4471.922852,4488.461426,4340.641113,4396.410156,1548.000000,1.000000,22.000000,,,,0.000000,2.000000,2.000000,0.000000,4.000000,2.000000,2.000000,0.000000,0.000000,4.000000,4.000000,4.000000,4.000000,4.000000,4.000000,0.000000,,,,,,,,,,,,,,,,,,,,,,,,,,,,
1732157948.835079,1732157948.837171,11.000000,0.000000,4281.025879,4278.205078,4313.589844,4300.769043,4276.025879,4285.384766,4335.897461,4399.230957,4289.871582,4280.897461,4472.948730,4489.743652,4344.230957,4397.692383,1564.000000,1.000000,22.000000,,,,0.000000,2.000000,2.000000,0.000000,4.000000,2.000000,2.000000,0.000000,0.000000,4.000000,4.000000,4.000000,4.000000,4.000000,4.000000,0.000000,,,,,,,,,,,,,,,,,,,,,,,,,,,,
1732157948.842887,1732157948.845079,12.000000,0.000000,4282.179688,4274.871582,4311.666504,4300.384766,4298.077148,4280.128418,4335.897461,4397.563965,4291.410156,4282.307617,4472.948730,4489.230957,4351.153809,4395.512695,1703.000000,1.000000,22.000000,,,,0.000000,2.000000,2.000000,0.000000,4.000000,2.000000,2.000000,0.000000,0.000000,4.000000,4.000000,4.000000,4.000000,4.000000,4.000000,0.000000,,,,,,,,,,,,,,,,,3.000000,0.000000,0.496543,0.453735,-0.568848,0.473267,0.975217,-0.084483,-0.056159,-36.235580,44.379791,31.340099
1732157948.850695,1732157948.852888,13.000000,0.000000,4281.794922,4270.897461,4310.769043,4298.717773,4289.743652,4279.615234,4335.897461,4398.077148,4294.487305,4285.128418,4472.179688,4490.897461,4352.307617,4394.487305,1609.000000,1.000000,22.000000,,,,0.000000,2.000000,2.000000,0.000000,4.000000,2.000000,2.000000,0.000000,0.000000,4.000000,4.000000,4.000000,4.000000,4.000000,4.000000,0.000000,,,,,,,,,,,,,,,,,,,,,,,,,,,,
1732157948.858504,1732157948.860496,14.000000,0.000000,4279.615234,4268.077148,4310.384766,4297.307617,4259.487305,4283.974121,4335.897461,4398.205078,4293.333496,4283.461426,4473.205078,4488.974121,4350.897461,4395.641113,1548.000000,1.000000,22.000000,,,,0.000000,2.000000,2.000000,0.000000,4.000000,2.000000,2.000000,0.000000,0.000000,4.000000,4.000000,4.000000,4.000000,4.000000,4.000000,0.000000,1.000000,0.000000,2.000000,0.000000,0.000000,4.000000,1.000000,1.000000,0.000000,0.000000,4.000000,4.000000,1.000000,4.000000,1.000000,4.000000,,,,,,,,,,,,
1732157948.866312,1732157948.868304,15.000000,0.000000,4278.974121,4267.948730,4311.538574,4295.128418,4263.974121,4286.410156,4335.897461,4396.794922,4292.307617,4280.128418,4473.846191,4483.205078,4350.641113,4395.000000,1564.000000,1.000000,22.000000,,,,0.000000,2.000000,2.000000,0.000000,4.000000,2.000000,2.000000,0.000000,0.000000,4.000000,4.000000,4.000000,4.000000,4.000000,4.000000,0.000000,,,,,,,,,,,,,,,,,,,,,,,,,,,,
1732157948.874120,1732157948.876212,16.000000,0.000000,4280.256348,4270.384766,4311.153809,4295.512695,4284.102539,4285.512695,4335.897461,4398.205078,4295.256348,4281.410156,4472.179688,4481.282227,4351.025879,4394.102539,0.000000,1.000000,22.000000,,,,0.000000,2.000000,2.000000,0.000000,4.000000,2.000000,2.000000,0.000000,0.000000,4.000000,4.000000,4.000000,4.000000,4.000000,4.000000,0.000000,,,,,,,,,,,,,,,,,4.000000,0.000000,0.496558,0.453796,-0.568787,0.473267,0.986937,-0.095226,-0.056159,-36.322487,44.377628,31.393814
1732157948.881929,1732157948.884021,17.000000,0.000000,4280.897461,4273.717773,4307.692383,4299.358887,4278.461426,4289.743652,4335.897461,4400.128418,4296.922852,4285.000000,4472.051270,4482.948730,4352.436035,4396.794922,0.000000,1.000000,22.000000,,,,0.000000,2.000000,2.000000,0.000000,4.000000,2.000000,2.000000,0.000000,0.000000,4.000000,4.000000,4.000000,4.000000,4.000000,4.000000,0.000000,,,,,,,,,,,,,,,,,,,,,,,,,,,,
1732157948.889737,1732157948.891629,18.000000,0.000000,4279.358887,4275.384766,4307.436035,4302.436035,4284.615234,4294.871582,4335.897461,4399.743652,4295.000000,4282.179688,4472.563965,4480.897461,4347.436035,4397.307617,0.000000,1.000000,22.000000,,,,0.000000,2.000000,2.000000,0.000000,4.000000,2.000000,2.000000,0.000000,0.000000,4.000000,4.000000,4.000000,4.000000,4.000000,4.000000,0.000000,,,,,,,,,,,,,,,,,,,,,,,,,,,,
1732157948.897545,1732157948.899437,19.000000,0.000000,4278.974121,4273.333496,4310.769043,4301.153809,4307.179688,4288.461426,4335.897461,4399.102539,4294.230957,4278.717773,4471.025879,4479.102539,4340.000000,4393.846191,0.000000,1.000000,22.000000,,,,0.000000,2.000000,2.000000,0.000000,4.000000,2.000000,2.000000,0.000000,0.000000,4.000000,4.000000,4.000000,4.000000,4.000000,4.000000,0.000000,,,,,,,,,,,,,,,,,,,,,,,,,,,,
1732157948.905353,1732157948.907345,20.000000,0.000000,4284.102539,4276.282227,4312.051270,4301.153809,4287.948730,4280.128418,4335.897461,4399.230957,4296.025879,4286.282227,4472.436035,4485.256348,4346.794922,4397.948730,0.000000,1.000000,22.000000,,,,0.000000,2.000000,2.000000,0.000000,4.000000,2.000000,2.000000,0.000000,0.000000,4.000000,4.000000,4.000000,4.000000,4.000000,4.000000,0.000000,,,,,,,,,,,,,,,,,5.000000,0.000000,0.496558,0.453796,-0.568787,0.473267,0.965450,-0.062996,-0.054206,-36.422882,44.270882,31.257322
1732157948.913161,1732157948.915154,21.000000,0.000000,4288.205078,4277.563965,4310.256348,4304.871582,4262.948730,4280.641113,4335.897461,4400.128418,4300.256348,4296.922852,4475.641113,4491.282227,4356.666504,4406.025879,0.000000,1.000000,22.000000,,,,0.000000,2.000000,2.000000,0.000000,4.000000,2.000000,2.000000,0.000000,0.000000,4.000000,4.000000,4.000000,4.000000,4.000000,4.000000,0.000000,,,,,,,,,,,,,,,,,,,,,,,,,,,,
1732157948.920970,1732157948.923162,22.000000,0.000000,4285.128418,4271.666504,4307.948730,4301.538574,4279.358887,4281.794922,4335.897461,4398.717773,4299.615234,4295.897461,4474.358887,4490.897461,4353.717773,4404.615234,0.000000,1.000000,22.000000,,,,0.000000,2.000000,2.000000,0.000000,4.000000,2.000000,2.000000,0.000000,0.000000,4.000000,4.000000,4.000000,4.000000,4.000000,4.000000,0.000000,,,,,,,,,,,,,,,,,,,,,,,,,,,,
1732157948.928778,1732157948.930970,23.000000,0.000000,4281.410156,4269.358887,4308.974121,4297.179688,4283.333496,4279.358887,4335.897461,4396.922852,4295.256348,4290.641113,4473.077148,4488.589844,4352.051270,4404.230957,0.000000,1.000000,22.000000,,,,0.000000,2.000000,2.000000,0.000000,4.000000,2.000000,2.000000,0.000000,0.000000,4.000000,4.000000,4.000000,4.000000,4.000000,4.000000,0.000000,,,,,,,,,,,,,,,,,,,,,,,,,,,,
1732157948.936586,1732157948.938878,24.000000,0.000000,4282.692383,4272.307617,4313.205078,4303.461426,4258.589844,4278.077148,4335.769043,4399.615234,4296.922852,4294.358887,4475.512695,4490.512695,4354.743652,4409.102539,0.000000,1.000000,22.000000,,,,0.000000,2.000000,2.000000,0.000000,4.000000,2.000000,2.000000,0.000000,0.000000,4.000000,4.000000,4.000000,4.000000,4.000000,4.000000,0.000000,,,,,,,,,,,,,,,,,6.000000,0.000000,0.496526,0.454163,-0.568420,0.473389,0.974240,-0.079111,-0.058113,-36.342533,44.346081,31.208431
1732157948.944394,1732157948.946686,25.000000,0.000000,4284.358887,4273.205078,4312.692383,4306.538574,4257.051270,4280.000000,4335.897461,4401.538574,4299.487305,4297.051270,4476.282227,4491.410156,4352.179688,4407.436035,0.000000,1.000000,22.000000,,,,0.000000,2.000000,2.000000,0.000000,4.000000,2.000000,2.000000,0.000000,0.000000,4.000000,4.000000,4.000000,4.000000,4.000000,4.000000,0.000000,,,,,,,,,,,,,,,,,,,,,,,,,,,,
1732157948.952203,1732157948.954694,26.000000,0.000000,4282.051270,4267.692383,4311.025879,4298.717773,4272.820313,4280.769043,4335.897461,4399.358887,4295.897461,4286.922852,4473.205078,4490.512695,4349.487305,4402.307617,0.000000,1.000000,22.000000,,,,0.000000,2.000000,2.000000,0.000000,4.000000,2.000000,2.000000,0.000000,0.000000,4.000000,4.000000,4.000000,4.000000,4.000000,4.000000,0.000000,,,,,,,,,,,,,,,,,,,,,,,,,,,,
1732157948.960011,1732157948.962502,27.000000,0.000000,4280.897461,4267.179688,4312.692383,4298.205078,4273.974121,4281.282227,4335.769043,4397.948730,4293.717773,4280.512695,4471.025879,4491.666504,4350.128418,4402.436035,0.000000,1.000000,22.000000,,,,0.000000,2.000000,2.000000,0.000000,4.000000,2.000000,2.000000,0.000000,0.000000,4.000000,4.000000,4.000000,4.000000,4.000000,4.000000,0.000000,,,,,,,,,,,,,,,,,,,,,,,,,,,,
1732157948.967819,1732157948.970410,28.000000,0.000000,4282.948730,4276.282227,4314.358887,4306.538574,4275.128418,4283.589844,4336.025879,4398.717773,4294.358887,4284.230957,4472.051270,4490.512695,4350.000000,4400.769043,0.000000,1.000000,22.000000,,,,0.000000,2.000000,2.000000,0.000000,4.000000,2.000000,2.000000,0.000000,0.000000,4.000000,4.000000,4.000000,4.000000,4.000000,4.000000,0.000000,,,,,,,,,,,,,,,,,7.000000,0.000000,0.496071,0.454773,-0.567871,0.473938,0.969357,-0.074228,-0.058113,-36.404118,44.491993,31.092163
1732157948.975628,1732157948.978219,29.000000,0.000000,4284.615234,4280.641113,4312.563965,4305.897461,4290.000000,4281.794922,4336.153809,4399.358887,4294.871582,4287.051270,4472.307617,4486.666504,4349.487305,4397.436035,0.000000,1.000000,22.000000,,,,0.000000,2.000000,2.000000,0.000000,4.000000,2.000000,2.000000,0.000000,0.000000,4.000000,4.000000,4.000000,4.000000,4.000000,4.000000,0.000000,,,,,,,,,,,,,,,,,,,,,,,,,,,,
1732157948.983436,1732157948.986227,30.000000,0.000000,4283.077148,4273.846191,4311.282227,4299.871582,4294.102539,4277.179688,4336.666504,4399.102539,4296.794922,4287.179688,4471.025879,4484.743652,4350.897461,4402.563965,0.000000,1.000000,22.000000,,,,0.000000,2.000000,2.000000,0.000000,4.000000,2.000000,2.000000,0.000000,0.000000,4.000000,4.000000,4.000000,4.000000,4.000000,4.000000,0.000000,,,,,,,,,,,,,,,,,,,,,,,,,,,,
1732157948.991244,1732157948.994035,31.000000,0.000000,4284.102539,4271.410156,4310.769043,4303.461426,4274.230957,4281.922852,4336.922852,4398.077148,4297.051270,4291.666504,4472.692383,4488.846191,4354.358887,4411.025879,0.000000,1.000000,22.000000,,,,0.000000,2.000000,2.000000,0.000000,4.000000,2.000000,2.000000,0.000000,0.000000,4.000000,4.000000,4.000000,4.000000,4.000000,4.000000,0.000000,,,,,,,,,,,,,,,,,,,,,,,,,,,,
1732157948.999052,1732157949.001843,32.000000,0.000000,4293.461426,4280.769043,4311.025879,4311.410156,4259.102539,4287.692383,4335.000000,4397.179688,4295.000000,4293.333496,4476.794922,4493.205078,4358.846191,4413.717773,0.000000,1.000000,22.000000,,,,0.000000,2.000000,2.000000,0.000000,4.000000,2.000000,2.000000,0.000000,0.000000,4.000000,4.000000,4.000000,4.000000,4.000000,4.000000,0.000000,,,,,,,,,,,,,,,,,8.000000,0.000000,0.496060,0.454773,-0.567932,0.473877,0.977170,-0.096691,-0.060554,-36.587337,44.331844,31.126318
1732157949.006860,1732157949.009651,33.000000,0.000000,4296.282227,4281.538574,4312.692383,4308.077148,4267.820313,4282.307617,4333.846191,4398.077148,4293.589844,4290.256348,4475.769043,4493.717773,4358.205078,4412.692383,0.000000,1.000000,22.000000,,,,0.000000,2.000000,2.000000,0.000000,4.000000,2.000000,2.000000,0.000000,0.000000,4.000000,4.000000,4.000000,4.000000,4.000000,4.000000,0.000000,,,,,,,,,,,,,,,,,,,,,,,,,,,,
1732157949.014669,1732157949.017260,34.000000,0.000000,4285.512695,4273.846191,4312.820313,4300.000000,4278.461426,4278.205078,4335.641113,4399.743652,4295.897461,4293.589844,4474.358887,4492.436035,4357.820313,4412.948730,0.000000,1.000000,22.000000,,,,0.000000,2.000000,2.000000,0.000000,4.000000,2.000000,2.000000,0.000000,0.000000,4.000000,4.000000,4.000000,4.000000,4.000000,4.000000,0.000000,,,,,,,,,,,,,,,,,,,,,,,,,,,,
1732157949.022477,1732157949.025068,35.000000,0.000000,4279.487305,4272.948730,4311.538574,4300.512695,4272.307617,4281.410156,4336.538574,4399.230957,4300.000000,4299.615234,4476.282227,4489.358887,4361.282227,4413.717773,0.000000,1.000000,22.000000,,,,0.000000,2.000000,2.000000,0.000000,4.000000,2.000000,2.000000,0.000000,0.000000,4.000000,4.000000,4.000000,4.000000,4.000000,4.000000,0.000000,,,,,,,,,,,,,,,,,,,,,,,,,,,,
1732157949.030285,1732157949.032776,36.000000,0.000000,4282.948730,4277.436035,4310.512695,4302.436035,4271.538574,4282.179688,4334.871582,4398.589844,4297.692383,4296.025879,4475.769043,4491.153809,4360.000000,4413.205078,0.000000,1.000000,22.000000,,,,0.000000,2.000000,2.000000,0.000000,4.000000,2.000000,2.000000,0.000000,0.000000,4.000000,4.000000,4.000000,4.000000,4.000000,4.000000,0.000000,,,,,,,,,,,,,,,,,9.000000,0.000000,0.496104,0.454712,-0.567993,0.473816,0.963985,-0.085948,-0.061043,-36.460743,44.447128,31.200651
1732157949.038093,1732157949.040584,37.000000,0.000000,4282.436035,4276.282227,4311.282227,4297.436035,4288.205078,4280.512695,4334.230957,4400.769043,4294.230957,4291.794922,4473.077148,4496.153809,4355.897461,4413.846191,0.000000,1.000000,22.000000,,,,0.000000,2.000000,2.000000,0.000000,4.000000,2.000000,2.000000,0.000000,0.000000,4.000000,4.000000,4.000000,4.000000,4.000000,4.000000,0.000000,,,,,,,,,,,,,,,,,,,,,,,,,,,,
1732157949.045902,1732157949.048193,38.000000,0.000000,4279.615234,4276.153809,4309.487305,4297.307617,4292.820313,4280.769043,4335.256348,4402.179688,4303.717773,4299.358887,4475.512695,4496.922852,4359.487305,4413.846191,0.000000,1.000000,22.000000,,,,0.000000,2.000000,2.000000,0.000000,4.000000,2.000000,2.000000,0.000000,0.000000,4.000000,4.000000,4.000000,4.000000,4.000000,4.000000,0.000000,,,,,,,,,,,,,,,,,,,,,,,,,,,,
1732157949.053710,1732157949.056001,39.000000,0.000000,4281.282227,4278.589844,4308.717773,4301.282227,4269.615234,4280.897461,4335.384766,4401.025879,4313.333496,4305.641113,4479.487305,4496.282227,4367.436035,4413.717773,0.000000,1.000000,22.000000,,,,0.000000,2.000000,2.000000,0.000000,4.000000,2.000000,2.000000,0.000000,0.000000,4.000000,4.000000,4.000000,4.000000,4.000000,4.000000,0.000000,,,,,,,,,,,,,,,,,,,,,,,,,,,,
1732157949.061518,1732157949.063709,40.000000,0.000000,4281.153809,4278.461426,4313.205078,4301.538574,4254.871582,4282.307617,4336.538574,4399.358887,4304.615234,4300.769043,4478.333496,4495.641113,4365.128418,4412.948730,0.000000,1.000000,22.000000,,,,0.000000,2.000000,2.000000,0.000000,4.000000,2.000000,2.000000,0.000000,0.000000,4.000000,4.000000,4.000000,4.000000,4.000000,4.000000,0.000000,,,,,,,,,,,,,,,,,10.000000,0.000000,0.496060,0.454773,-0.567932,0.473877,0.975705,-0.087413,-0.062996,-36.181534,44.547173,31.220861
1732157949.069327,1732157949.071518,41.000000,0.000000,4280.641113,4277.948730,4314.743652,4297.948730,4277.307617,4281.666504,4337.563965,4398.461426,4293.205078,4294.743652,4475.256348,4493.589844,4358.333496,4412.307617,0.000000,1.000000,22.000000,,,,0.000000,2.000000,2.000000,0.000000,4.000000,2.000000,2.000000,0.000000,0.000000,4.000000,4.000000,4.000000,4.000000,4.000000,4.000000,0.000000,,,,,,,,,,,,,,,,,,,,,,,,,,,,
1732157949.077135,1732157949.079126,42.000000,0.000000,4282.307617,4278.846191,4311.153809,4296.025879,4292.179688,4278.589844,4336.025879,4398.589844,4293.846191,4295.128418,4475.641113,4493.205078,4361.538574,4412.948730,0.000000,1.000000,22.000000,,,,0.000000,2.000000,2.000000,0.000000,4.000000,2.000000,2.000000,0.000000,0.000000,4.000000,4.000000,4.000000,4.000000,4.000000,4.000000,0.000000,,,,,,,,,,,,,,,,,,,,,,,,,,,,
1732157949.084943,1732157949.086934,43.000000,0.000000,4284.230957,4276.410156,4310.897461,4296.794922,4273.461426,4278.461426,4335.000000,4401.282227,4295.384766,4296.538574,4478.589844,4494.615234,4365.641113,4412.307617,0.000000,1.000000,22.000000,,,,0.000000,2.000000,2.000000,0.000000,4.000000,2.000000,2.000000,0.000000,0.000000,4.000000,4.000000,4.000000,4.000000,4.000000,4.000000,0.000000,,,,,,,,,,,,,,,,,,,,,,,,,,,,
1732157949.092751,1732157949.094642,44.000000,0.000000,4284.615234,4274.743652,4313.205078,4296.538574,4257.692383,4279.615234,4335.512695,4401.794922,4293.846191,4297.051270,4478.205078,4492.692383,4360.128418,4412.179688,0.000000,1.000000,22.000000,,,,0.000000,2.000000,2.000000,0.000000,4.000000,2.000000,2.000000,0.000000,0.000000,4.000000,4.000000,4.000000,4.000000,4.000000,4.000000,0.000000,,,,,,,,,,,,,,,,,11.000000,0.000000,0.496102,0.454651,-0.567993,0.473877,0.987425,-0.087901,-0.052252,-36.055378,44.661545,31.270563
1732157949.100559,1732157949.102451,45.000000,0.000000,4284.358887,4278.461426,4313.077148,4296.282227,4261.153809,4279.615234,4335.512695,4400.897461,4294.615234,4296.666504,4474.743652,4494.871582,4356.410156,4414.358887,0.000000,1.000000,22.000000,,,,0.000000,2.000000,2.000000,0.000000,4.000000,2.000000,2.000000,0.000000,0.000000,4.000000,4.000000,4.000000,4.000000,4.000000,4.000000,0.000000,,,,,,,,,,,,,,,,,,,,,,,,,,,,
1732157949.108368,1732157949.110059,46.000000,0.000000,4285.897461,4279.615234,4310.641113,4298.846191,4271.025879,4280.769043,4335.384766,4400.641113,4297.051270,4294.358887,4474.615234,4499.230957,4358.717773,4415.000000,0.000000,1.000000,22.000000,,,,0.000000,2.000000,2.000000,0.000000,4.000000,2.000000,2.000000,0.000000,0.000000,4.000000,4.000000,4.000000,4.000000,4.000000,4.000000,0.000000,,,,,,,,,,,,,,,,,,,,,,,,,,,,
1732157949.116176,1732157949.117867,47.000000,0.000000,4284.743652,4276.794922,4310.000000,4301.922852,4278.974121,4282.563965,4336.538574,4400.256348,4297.179688,4294.102539,4475.256348,4494.487305,4359.358887,4413.974121,0.000000,1.000000,22.000000,,,,0.000000,2.000000,2.000000,0.000000,4.000000,2.000000,2.000000,0.000000,0.000000,4.000000,4.000000,4.000000,4.000000,4.000000,4.000000,0.000000,,,,,,,,,,,,,,,,,,,,,,,,,,,,
1732157949.123984,1732157949.125576,48.000000,0.000000,4281.153809,4276.666504,4312.563965,4301.538574,4279.358887,4282.563965,4336.410156,4400.384766,4295.641113,4293.846191,4472.436035,4489.743652,4356.794922,4413.846191,0.000000,1.000000,22.000000,,,,0.000000,2.000000,2.000000,0.000000,4.000000,2.000000,2.000000,0.000000,0.000000,4.000000,4.000000,4.000000,4.000000,4.000000,4.000000,0.000000,,,,,,,,,,,,,,,,,12.000000,0.000000,0.496043,0.454651,-0.567993,0.473938,0.987425,-0.087901,-0.052252,-36.079853,44.544186,31.234158
1732157949.131792,1732157949.133384,49.000000,0.000000,4280.769043,4279.230957,4314.230957,4303.461426,4277.051270,4283.077148,4335.128418,4400.641113,4294.487305,4290.641113,4470.512695,4491.794922,4351.666504,4412.820313,0.000000,1.000000,22.000000,,,,0.000000,2.000000,2.000000,0.000000,4.000000,2.000000,2.000000,0.000000,0.000000,4.000000,4.000000,4.000000,4.000000,4.000000,4.000000,0.000000,,,,,,,,,,,,,,,,,,,,,,,,,,,,
1732157949.139601,1732157949.141392,50.000000,0.000000,4281.922852,4280.000000,4314.230957,4307.179688,4294.230957,4282.563965,4336.025879,4399.487305,4294.358887,4286.410156,4471.794922,4492.436035,4349.487305,4411.794922,0.000000,1.000000,22.000000,,,,0.000000,2.000000,2.000000,0.000000,4.000000,2.000000,2.000000,0.000000,0.000000,4.000000,4.000000,4.000000,4.000000,4.000000,4.000000,0.000000,,,,,,,,,,,,,,,,,,,,,,,,,,,,
1732157949.147409,1732157949.149200,51.000000,0.000000,4283.205078,4279.487305,4312.820313,4308.717773,4301.794922,4283.077148,4336.538574,4399.102539,4296.025879,4288.846191,4473.077148,4493.717773,4355.000000,4412.179688,0.000000,1.000000,22.000000,,,,0.000000,2.000000,2.000000,0.000000,4.000000,2.000000,2.000000,0.000000,0.000000,4.000000,4.000000,4.000000,4.000000,4.000000,4.000000,0.000000,,,,,,,,,,,,,,,,,,,,,,,,,,,,
1732157949.155217,1732157949.157108,52.000000,0.000000,4287.820313,4279.487305,4311.666504,4310.256348,4277.307617,4285.512695,4335.000000,4400.384766,4297.051270,4294.871582,4474.487305,4497.692383,4359.871582,4413.205078,0.000000,1.000000,22.000000,,,,0.000000,2.000000,2.000000,0.000000,4.000000,2.000000,2.000000,0.000000,0.000000,4.000000,4.000000,4.000000,4.000000,4.000000,4.000000,0.000000,,,,,,,,,,,,,,,,,13.000000,0.000000,0.496132,0.454529,-0.568115,0.473816,0.981077,-0.074228,-0.060066,-36.064682,44.884121,31.411333
1732157949.163026,1732157949.164916,53.000000,0.000000,4290.512695,4279.615234,4313.333496,4311.538574,4263.461426,4284.102539,4336.025879,4400.897461,4295.897461,4295.256348,4474.230957,4500.897461,4358.846191,4413.589844,0.000000,1.000000,22.000000,,,,0.000000,2.000000,2.000000,0.000000,4.000000,2.000000,2.000000,0.000000,0.000000,4.000000,4.000000,4.000000,4.000000,4.000000,4.000000,0.000000,,,,,,,,,,,,,,,,,,,,,,,,,,,,
1732157949.170834,1732157949.172924,54.000000,0.000000,4284.743652,4279.487305,4316.410156,4311.153809,4276.538574,4281.153809,4336.538574,4400.128418,4294.871582,4295.128418,4472.948730,4501.410156,4356.794922,4412.436035,0.000000,1.000000,22.000000,,,,0.000000,2.000000,2.000000,0.000000,4.000000,2.000000,2.000000,0.000000,0.000000,4.000000,4.000000,4.000000,4.000000,4.000000,4.000000,0.000000,,,,,,,,,,,,,,,,,,,,,,,,,,,,
1732157949.178642,1732157949.180733,55.000000,0.000000,4281.282227,4278.589844,4314.230957,4309.102539,4292.179688,4281.025879,4330.641113,4401.282227,4294.871582,4292.692383,4473.461426,4500.000000,4357.692383,4411.282227,0.000000,1.000000,22.000000,,,,0.000000,2.000000,2.000000,0.000000,4.000000,2.000000,2.000000,0.000000,0.000000,4.000000,4.000000,4.000000,4.000000,4.000000,4.000000,0.000000,,,,,,,,,,,,,,,,,,,,,,,,,,,,
1732157949.186450,1732157949.188441,56.000000,0.000000,4283.077148,4278.974121,4311.025879,4308.974121,4287.692383,4281.153809,4329.487305,4401.153809,4294.230957,4290.384766,4472.948730,4500.000000,4359.102539,4412.948730,0.000000,1.000000,22.000000,,,,0.000000,2.000000,2.000000,0.000000,4.000000,2.000000,2.000000,0.000000,0.000000,4.000000,4.000000,4.000000,4.000000,4.000000,4.000000,0.000000,,,,,,,,,,,,,,,,,14.000000,0.000000,0.495974,0.454651,-0.568054,0.473938,0.984984,-0.090343,-0.067879,-35.910725,44.747807,31.463181
1732157949.194258,1732157949.196249,57.000000,0.000000,4283.846191,4281.153809,4313.205078,4311.538574,4266.794922,4283.205078,4335.128418,4399.743652,4294.102539,4293.077148,4471.025879,4500.128418,4357.563965,4414.358887,0.000000,1.000000,22.000000,,,,0.000000,2.000000,2.000000,0.000000,4.000000,2.000000,2.000000,0.000000,0.000000,4.000000,4.000000,4.000000,4.000000,4.000000,4.000000,0.000000,,,,,,,,,,,,,,,,,,,,,,,,,,,,
1732157949.202067,1732157949.203857,58.000000,0.000000,4283.461426,4281.282227,4314.358887,4310.128418,4258.461426,4286.282227,4335.384766,4399.615234,4295.897461,4292.179688,4472.436035,4498.974121,4354.230957,4413.077148,0.000000,1.000000,22.000000,,,,0.000000,2.000000,2.000000,0.000000,4.000000,2.000000,2.000000,0.000000,0.000000,4.000000,4.000000,4.000000,4.000000,4.000000,4.000000,0.000000,,,,,,,,,,,,,,,,,,,,,,,,,,,,
1732157949.209875,1732157949.211666,59.000000,0.000000,4283.077148,4277.307617,4310.769043,4303.717773,4275.384766,4282.820313,4333.333496,4400.512695,4294.871582,4284.230957,4473.589844,4495.897461,4353.333496,4414.358887,0.000000,1.000000,22.000000,,,,0.000000,2.000000,2.000000,0.000000,4.000000,2.000000,2.000000,0.000000,0.000000,4.000000,4.000000,4.000000,4.000000,4.000000,4.000000,0.000000,,,,,,,,,,,,,,,,,,,,,,,,,,,,
1732157949.217683,1732157949.219374,60.000000,0.000000,4283.589844,4275.384766,4310.769043,4303.333496,4279.487305,4280.384766,4334.743652,4400.769043,4292.436035,4282.563965,4471.410156,4492.563965,4353.205078,4417.307617,0.000000,1.000000,22.000000,,,,0.000000,2.000000,2.000000,0.000000,4.000000,2.000000,2.000000,0.000000,0.000000,4.000000,4.000000,4.000000,4.000000,4.000000,4.000000,0.000000,,,,,,,,,,,,,,,,,15.000000,0.000000,0.496062,0.454529,-0.568176,0.473816,0.980100,-0.084483,-0.058601,-35.802689,44.404057,31.488510
1732157949.225491,1732157949.227182,61.000000,0.000000,4285.641113,4278.974121,4311.794922,4308.974121,4271.922852,4282.436035,4334.230957,4400.384766,4291.410156,4285.256348,4468.333496,4491.666504,4351.282227,4416.025879,0.000000,1.000000,22.000000,,,,0.000000,2.000000,2.000000,0.000000,4.000000,2.000000,2.000000,0.000000,0.000000,4.000000,4.000000,4.000000,4.000000,4.000000,4.000000,0.000000,,,,,,,,,,,,,,,,,,,,,,,,,,,,
1732157949.233300,1732157949.235190,62.000000,0.000000,4286.794922,4280.384766,4312.436035,4307.692383,4289.358887,4280.641113,4333.589844,4400.256348,4291.794922,4280.256348,4463.461426,4492.051270,4350.128418,4413.717773,0.000000,1.000000,22.000000,,,,0.000000,2.000000,2.000000,0.000000,4.000000,2.000000,2.000000,0.000000,0.000000,4.000000,4.000000,4.000000,4.000000,4.000000,4.000000,0.000000,,,,,,,,,,,,,,,,,,,,,,,,,,,,
1732157949.241108,1732157949.242998,63.000000,0.000000,4290.769043,4278.205078,4314.102539,4307.563965,4295.128418,4282.820313,4336.025879,4401.025879,4294.358887,4281.794922,4464.487305,4491.794922,4353.717773,4415.128418,0.000000,1.000000,22.000000,,,,0.000000,2.000000,2.000000,0.000000,4.000000,2.000000,2.000000,0.000000,0.000000,4.000000,4.000000,4.000000,4.000000,4.000000,4.000000,0.000000,,,,,,,,,,,,,,,,,,,,,,,,,,,,
1732157949.248916,1732157949.250907,64.000000,0.000000,4292.948730,4280.384766,4315.128418,4313.717773,4273.077148,4285.512695,4335.128418,4403.717773,4297.051270,4293.077148,4472.436035,4493.589844,4357.436035,4415.128418,0.000000,1.000000,22.000000,,,,0.000000,2.000000,2.000000,0.000000,4.000000,2.000000,2.000000,0.000000,0.000000,4.000000,4.000000,4.000000,4.000000,4.000000,4.000000,0.000000,,,,,,,,,,,,,,,,,16.000000,0.000000,0.496034,0.454407,-0.568298,0.473816,0.962031,-0.099622,-0.066903,-35.966843,44.643951,31.744026
1732157949.256724,1732157949.258715,65.000000,0.000000,4286.410156,4282.436035,4312.948730,4315.128418,4260.384766,4285.641113,4333.461426,4403.077148,4295.769043,4295.256348,4471.538574,4500.256348,4357.820313,4412.436035,1604.000000,1.000000,22.000000,,,,0.000000,2.000000,2.000000,0.000000,4.000000,2.000000,2.000000,0.000000,0.000000,4.000000,4.000000,4.000000,4.000000,4.000000,4.000000,0.000000,,,,,,,,,,,,,,,,,,,,,,,,,,,,
1732157949.264533,1732157949.266723,66.000000,0.000000,4279.102539,4278.717773,4310.641113,4309.743652,4272.436035,4288.846191,4333.717773,4400.256348,4293.717773,4289.358887,4463.974121,4498.461426,4355.897461,4413.846191,1366.000000,1.000000,22.000000,,,,0.000000,2.000000,2.000000,0.000000,4.000000,2.000000,2.000000,0.000000,0.000000,4.000000,4.000000,4.000000,4.000000,4.000000,4.000000,0.000000,,,,,,,,,,,,,,,,,,,,,,,,,,,,
1732157949.272341,1732157949.274531,67.000000,0.000000,4279.615234,4276.153809,4312.436035,4306.025879,4290.769043,4290.384766,4334.487305,4401.025879,4295.769043,4287.307617,4460.128418,4490.512695,4351.282227,4414.102539,1427.000000,1.000000,22.000000,,,,0.000000,2.000000,2.000000,0.000000,4.000000,2.000000,2.000000,0.000000,0.000000,4.000000,4.000000,4.000000,4.000000,4.000000,4.000000,0.000000,,,,,,,,,,,,,,,,,,,,,,,,,,,,
1732157949.280149,1732157949.282439,68.000000,0.000000,4281.538574,4277.948730,4314.743652,4305.512695,4292.820313,4285.769043,4334.871582,4401.666504,4296.025879,4291.025879,4461.410156,4491.538574,4350.128418,4410.512695,1426.000000,1.000000,22.000000,,,,0.000000,2.000000,2.000000,0.000000,4.000000,2.000000,2.000000,0.000000,0.000000,4.000000,4.000000,4.000000,4.000000,4.000000,4.000000,0.000000,,,,,,,,,,,,,,,,,17.000000,0.000000,0.496209,0.454102,-0.568542,0.473633,0.975705,-0.095226,-0.056648,-36.181477,44.774933,31.754328
1732157949.287957,1732157949.290247,69.000000,0.000000,4282.179688,4279.358887,4313.461426,4309.102539,4272.948730,4285.000000,4335.256348,4400.769043,4294.102539,4294.487305,4469.102539,4500.512695,4360.256348,4417.563965,1210.000000,1.000000,22.000000,,,,0.000000,2.000000,2.000000,0.000000,4.000000,2.000000,2.000000,0.000000,0.000000,4.000000,4.000000,4.000000,4.000000,4.000000,4.000000,0.000000,,,,,,,,,,,,,,,,,,,,,,,,,,,,
1732157949.295766,1732157949.298255,70.000000,0.000000,4284.487305,4280.128418,4311.410156,4310.641113,4255.897461,4286.666504,4335.641113,4400.641113,4296.922852,4297.436035,4478.077148,4502.563965,4368.077148,4425.384766,0.000000,1.000000,22.000000,,,,0.000000,2.000000,2.000000,0.000000,4.000000,2.000000,2.000000,0.000000,0.000000,4.000000,4.000000,4.000000,4.000000,4.000000,4.000000,0.000000,,,,,,,,,,,,,,,,,,,,,,,,,,,,
1732157949.303574,1732157949.306063,71.000000,0.000000,4282.051270,4278.717773,4313.717773,4302.307617,4273.974121,4281.666504,4336.025879,4400.641113,4299.230957,4297.948730,4474.487305,4494.487305,4361.153809,4417.436035,0.000000,1.000000,22.000000,,,,0.000000,2.000000,2.000000,0.000000,4.000000,2.000000,2.000000,0.000000,0.000000,4.000000,4.000000,4.000000,4.000000,4.000000,4.000000,0.000000,,,,,,,,,,,,,,,,,,,,,,,,,,,,
1732157949.311382,1732157949.313972,72.000000,0.000000,4278.077148,4275.769043,4314.743652,4301.025879,4288.974121,4279.615234,4336.025879,4400.256348,4296.025879,4297.179688,4468.333496,4491.282227,4355.641113,4410.128418,1529.000000,1.000000,22.000000,,,,0.000000,2.000000,2.000000,0.000000,4.000000,2.000000,2.000000,0.000000,0.000000,4.000000,4.000000,4.000000,4.000000,4.000000,4.000000,0.000000,,,,,,,,,,,,,,,,,18.000000,0.000000,0.496209,0.454102,-0.568542,0.473633,0.979123,-0.090343,-0.051764,-36.198662,44.697697,31.692673
1732157949.319190,1732157949.321780,73.000000,0.000000,4277.436035,4277.820313,4312.820313,4308.205078,4271.410156,4283.205078,4335.641113,4399.102539,4293.974121,4297.948730,4472.436035,4493.589844,4358.717773,4414.102539,1685.000000,1.000000,22.000000,,,,0.000000,2.000000,2.000000,0.000000,4.000000,2.000000,2.000000,0.000000,0.000000,4.000000,4.000000,4.000000,4.000000,4.000000,4.000000,0.000000,,,,,,,,,,,,,,,,,,,,,,,,,,,,
1732157949.326999,1732157949.329788,74.000000,0.000000,4277.436035,4281.410156,4312.692383,4308.846191,4260.256348,4284.102539,4336.025879,4398.846191,4295.256348,4297.820313,4473.846191,4491.153809,4358.205078,4414.871582,1548.000000,1.000000,22.000000,,,,0.000000,2.000000,2.000000,0.000000,4.000000,2.000000,2.000000,0.000000,0.000000,4.000000,4.000000,4.000000,4.000000,4.000000,4.000000,0.000000,,,,,,,,,,,,,,,,,,,,,,,,,,,,
1732157949.334807,1732157949.337596,75.000000,0.000000,4279.487305,4281.153809,4313.589844,4308.846191,4268.589844,4283.461426,4336.153809,4403.846191,4296.153809,4297.179688,4471.153809,4493.717773,4357.307617,4415.641113,1564.000000,1.000000,22.000000,,,,0.000000,2.000000,2.000000,0.000000,4.000000,2.000000,2.000000,0.000000,0.000000,4.000000,4.000000,4.000000,4.000000,4.000000,4.000000,0.000000,,,,,,,,,,,,,,,,,,,,,,,,,,,,
1732157949.342615,1732157949.345504,76.000000,0.000000,4282.948730,4281.025879,4312.563965,4313.589844,4277.051270,4283.205078,4335.000000,4407.051270,4296.794922,4297.692383,4474.230957,4500.128418,4362.563965,4419.615234,1703.000000,1.000000,22.000000,,,,0.000000,2.000000,2.000000,0.000000,4.000000,2.000000,2.000000,0.000000,0.000000,4.000000,4.000000,4.000000,4.000000,4.000000,4.000000,0.000000,,,,,,,,,,,,,,,,,19.000000,0.000000,0.496295,0.453918,-0.568665,0.473572,0.976682,-0.085460,-0.057624,-36.472584,44.655136,31.741064
1732157949.350423,1732157949.353312,77.000000,0.000000,4283.974121,4281.538574,4313.205078,4313.333496,4276.794922,4283.333496,4334.358887,4402.563965,4296.666504,4297.563965,4473.333496,4498.461426,4362.820313,4419.358887,1611.000000,1.000000,22.000000,,,,0.000000,2.000000,2.000000,0.000000,4.000000,2.000000,2.000000,0.000000,0.000000,4.000000,4.000000,4.000000,4.000000,4.000000,4.000000,0.000000,,,,,,,,,,,,,,,,,,,,,,,,,,,,
1732157949.358232,1732157949.361320,78.000000,0.000000,4282.436035,4277.820313,4312.820313,4308.974121,4278.333496,4280.384766,4334.743652,4399.871582,4293.461426,4295.256348,4465.000000,4495.000000,4358.717773,4417.820313,1548.000000,1.000000,22.000000,,,,0.000000,2.000000,2.000000,0.000000,4.000000,2.000000,2.000000,0.000000,0.000000,4.000000,4.000000,4.000000,4.000000,4.000000,4.000000,0.000000,1.000000,0.000000,2.000000,1.000000,0.000000,4.000000,1.000000,1.000000,0.000000,0.000000,4.000000,4.000000,1.000000,4.000000,4.000000,4.000000,,,,,,,,,,,,
1732157949.366040,1732157949.369129,79.000000,0.000000,4282.820313,4276.666504,4311.410156,4309.102539,4275.769043,4279.358887,4334.871582,4401.410156,4288.461426,4292.820313,4461.153809,4498.205078,4355.641113,4417.051270,1564.000000,1.000000,22.000000,,,,0.000000,2.000000,2.000000,0.000000,4.000000,2.000000,2.000000,0.000000,0.000000,4.000000,4.000000,4.000000,4.000000,4.000000,4.000000,0.000000,,,,,,,,,,,,,,,,,,,,,,,,,,,,
1732157949.373848,1732157949.376837,80.000000,0.000000,4281.794922,4280.384766,4313.717773,4307.563965,4277.179688,4280.256348,4334.871582,4401.153809,4291.410156,4293.333496,4462.692383,4498.333496,4352.820313,4413.205078,1703.000000,1.000000,22.000000,,,,0.000000,2.000000,2.000000,0.000000,4.000000,2.000000,2.000000,0.000000,0.000000,4.000000,4.000000,4.000000,4.000000,4.000000,4.000000,0.000000,,,,,,,,,,,,,,,,,20.000000,0.000000,0.496195,0.454346,-0.568359,0.473633,0.983030,-0.081065,-0.051764,-36.509460,44.625660,31.568596
1732157949.381656,1732157949.384645,81.000000,0.000000,4280.128418,4279.230957,4314.615234,4301.410156,4292.436035,4280.384766,4334.487305,4400.641113,4296.410156,4295.128418,4461.794922,4492.051270,4352.692383,4410.897461,1611.000000,1.000000,22.000000,,,,0.000000,2.000000,2.000000,0.000000,4.000000,2.000000,2.000000,0.000000,0.000000,4.000000,4.000000,4.000000,4.000000,4.000000,4.000000,0.000000,,,,,,,,,,,,,,,,,,,,,,,,,,,,
1732157949.389465,1732157949.392253,82.000000,0.000000,4281.282227,4276.538574,4313.333496,4299.871582,4288.461426,4282.820313,4334.358887,4402.179688,4290.897461,4294.487305,4461.282227,4491.025879,4353.717773,4412.563965,1548.000000,1.000000,22.000000,,,,0.000000,2.000000,2.000000,0.000000,4.000000,2.000000,2.000000,0.000000,0.000000,4.000000,4.000000,4.000000,4.000000,4.000000,4.000000,0.000000,,,,,,,,,,,,,,,,,,,,,,,,,,,,
1732157949.397273,1732157949.400062,83.000000,0.000000,4281.666504,4279.230957,4312.563965,4304.358887,4263.974121,4285.000000,4335.512695,4401.922852,4287.692383,4294.230957,4463.461426,4493.589844,4354.743652,4412.820313,1564.000000,1.000000,22.000000,,,,0.000000,2.000000,2.000000,0.000000,4.000000,2.000000,2.000000,0.000000,0.000000,4.000000,4.000000,4.000000,4.000000,4.000000,4.000000,0.000000,,,,,,,,,,,,,,,,,,,,,,,,,,,,
1732157949.405081,1732157949.407770,84.000000,0.000000,4279.743652,4281.794922,4313.846191,4307.820313,4257.179688,4283.846191,4336.538574,4401.410156,4296.538574,4297.436035,4464.487305,4491.666504,4358.077148,4411.922852,1703.000000,1.000000,22.000000,,,,0.000000,2.000000,2.000000,0.000000,4.000000,2.000000,2.000000,0.000000,0.000000,4.000000,4.000000,4.000000,4.000000,4.000000,4.000000,0.000000,,,,,,,,,,,,,,,,,21.000000,0.000000,0.496062,0.454529,-0.568176,0.473816,0.971310,-0.104993,-0.061043,-36.467663,44.635117,31.470562
1732157949.412889,1732157949.415578,85.000000,0.000000,4277.179688,4279.102539,4313.461426,4306.025879,4280.000000,4280.384766,4335.897461,4401.538574,4299.743652,4295.769043,4462.307617,4485.897461,4357.051270,4412.051270,1611.000000,1.000000,22.000000,,,,0.000000,2.000000,2.000000,0.000000,4.000000,2.000000,2.000000,0.000000,0.000000,4.000000,4.000000,4.000000,4.000000,4.000000,4.000000,0.000000,,,,,,,,,,,,,,,,,,,,,,,,,,,,
1732157949.420698,1732157949.423187,86.000000,0.000000,4276.410156,4278.461426,4312.179688,4304.743652,4291.153809,4283.205078,4336.025879,4400.384766,4293.717773,4297.563965,4461.794922,4488.974121,4352.179688,4412.563965,1548.000000,1.000000,22.000000,,,,0.000000,2.000000,2.000000,0.000000,4.000000,2.000000,2.000000,0.000000,0.000000,4.000000,4.000000,4.000000,4.000000,4.000000,4.000000,0.000000,,,,,,,,,,,,,,,,,,,,,,,,,,,,
1732157949.428506,1732157949.430995,87.000000,0.000000,4278.333496,4280.384766,4312.051270,4306.410156,4275.000000,4288.589844,4336.282227,4398.974121,4295.384766,4305.128418,4464.358887,4493.846191,4357.948730,4412.051270,1564.000000,1.000000,22.000000,,,,0.000000,2.000000,2.000000,0.000000,4.000000,2.000000,2.000000,0.000000,0.000000,4.000000,4.000000,4.000000,4.000000,4.000000,4.000000,0.000000,,,,,,,,,,,,,,,,,,,,,,,,,,,,
1732157949.436314,1732157949.438703,88.000000,0.000000,4278.974121,4279.871582,4313.333496,4308.589844,4260.256348,4291.282227,4336.025879,4399.487305,4298.333496,4305.512695,4465.000000,4491.666504,4365.512695,4412.563965,1703.000000,1.000000,22.000000,,,,0.000000,2.000000,2.000000,0.000000,4.000000,2.000000,2.000000,0.000000,0.000000,4.000000,4.000000,4.000000,4.000000,4.000000,4.000000,0.000000,,,,,,,,,,,,,,,,,22.000000,0.000000,0.496060,0.454468,-0.568176,0.473877,0.977658,-0.088390,-0.059089,-36.317139,44.371113,31.269489
1732157949.444122,1732157949.446511,89.000000,0.000000,4277.051270,4280.000000,4314.615234,4309.230957,4268.461426,4292.692383,4336.025879,4400.000000,4295.512695,4302.436035,4462.820313,4490.769043,4360.641113,4415.897461,1611.000000,1.000000,22.000000,,,,0.000000,2.000000,2.000000,0.000000,4.000000,2.000000,2.000000,0.000000,0.000000,4.000000,4.000000,4.000000,4.000000,4.000000,4.000000,0.000000,,,,,,,,,,,,,,,,,,,,,,,,,,,,
1732157949.451931,1732157949.454120,90.000000,0.000000,4277.563965,4280.512695,4311.922852,4307.436035,4292.436035,4288.846191,4336.025879,4399.871582,4293.333496,4303.717773,4461.922852,4493.333496,4353.846191,4415.384766,1548.000000,1.000000,22.000000,,,,0.000000,2.000000,2.000000,0.000000,4.000000,2.000000,2.000000,0.000000,0.000000,4.000000,4.000000,4.000000,4.000000,4.000000,4.000000,0.000000,,,,,,,,,,,,,,,,,,,,,,,,,,,,
1732157949.459739,1732157949.461928,91.000000,0.000000,4280.384766,4279.102539,4309.743652,4306.153809,4290.769043,4284.102539,4336.153809,4400.384766,4293.589844,4303.461426,4462.307617,4492.948730,4352.948730,4412.051270,1564.000000,1.000000,22.000000,,,,0.000000,2.000000,2.000000,0.000000,4.000000,2.000000,2.000000,0.000000,0.000000,4.000000,4.000000,4.000000,4.000000,4.000000,4.000000,0.000000,,,,,,,,,,,,,,,,,,,,,,,,,,,,
1732157949.467547,1732157949.469636,92.000000,0.000000,4280.641113,4278.846191,4313.077148,4308.077148,4268.205078,4287.948730,4336.025879,4401.282227,4293.205078,4300.641113,4460.897461,4490.128418,4353.846191,4412.179688,1703.000000,1.000000,22.000000,,,,0.000000,2.000000,2.000000,0.000000,4.000000,2.000000,2.000000,0.000000,0.000000,4.000000,4.000000,4.000000,4.000000,4.000000,4.000000,0.000000,,,,,,,,,,,,,,,,,23.000000,0.000000,0.495901,0.454590,-0.568115,0.473999,0.963497,-0.085460,-0.054206,-36.288551,44.553932,31.091619
1732157949.475355,1732157949.477444,93.000000,0.000000,4279.615234,4279.871582,4312.307617,4308.077148,4264.743652,4293.333496,4335.897461,4400.256348,4290.641113,4303.846191,4459.743652,4490.512695,4355.256348,4414.358887,1611.000000,1.000000,22.000000,,,,0.000000,2.000000,2.000000,0.000000,4.000000,2.000000,2.000000,0.000000,0.000000,4.000000,4.000000,4.000000,4.000000,4.000000,4.000000,0.000000,,,,,,,,,,,,,,,,,,,,,,,,,,,,
1732157949.483164,1732157949.485053,94.000000,0.000000,4280.128418,4277.820313,4309.102539,4303.077148,4279.743652,4286.794922,4336.538574,4399.871582,4292.051270,4306.153809,4461.153809,4494.871582,4354.615234,4414.358887,1548.000000,1.000000,22.000000,,,,0.000000,2.000000,2.000000,0.000000,4.000000,2.000000,2.000000,0.000000,0.000000,4.000000,4.000000,4.000000,4.000000,4.000000,4.000000,0.000000,,,,,,,,,,,,,,,,,,,,,,,,,,,,
1732157949.490972,1732157949.492861,95.000000,0.000000,4280.641113,4276.794922,4312.692383,4304.358887,4278.974121,4279.487305,4335.769043,4400.641113,4296.666504,4306.666504,4463.333496,4497.436035,4352.179688,4416.922852,1564.000000,1.000000,22.000000,,,,0.000000,2.000000,2.000000,0.000000,4.000000,2.000000,2.000000,0.000000,0.000000,4.000000,4.000000,4.000000,4.000000,4.000000,4.000000,0.000000,,,,,,,,,,,,,,,,,,,,,,,,,,,,
1732157949.498780,1732157949.500569,96.000000,0.000000,4280.641113,4278.333496,4315.512695,4309.487305,4272.563965,4281.666504,4334.615234,4399.743652,4289.871582,4304.487305,4465.000000,4497.051270,4351.153809,4423.077148,1703.000000,1.000000,22.000000,,,,0.000000,2.000000,2.000000,0.000000,4.000000,2.000000,2.000000,0.000000,0.000000,4.000000,4.000000,4.000000,4.000000,4.000000,4.000000,0.000000,,,,,,,,,,,,,,,,,24.000000,0.000000,0.495701,0.454834,-0.567993,0.474121,0.978147,-0.097180,-0.056159,-36.522060,44.577019,31.084211
1732157949.506588,1732157949.508378,97.000000,0.000000,4281.282227,4278.333496,4312.307617,4303.717773,4290.384766,4280.897461,4334.871582,4399.615234,4279.102539,4294.615234,4462.563965,4496.025879,4350.512695,4426.025879,1611.000000,1.000000,22.000000,,,,0.000000,2.000000,2.000000,0.000000,4.000000,2.000000,2.000000,0.000000,0.000000,4.000000,4.000000,4.000000,4.000000,4.000000,4.000000,0.000000,,,,,,,,,,,,,,,,,,,,,,,,,,,,
1732157949.514397,1732157949.515986,98.000000,0.000000,4283.333496,4278.205078,4311.666504,4300.384766,4292.436035,4278.205078,4335.128418,4401.153809,4285.000000,4297.563965,4463.077148,4499.743652,4353.589844,4427.563965,1548.000000,1.000000,22.000000,,,,0.000000,2.000000,2.000000,0.000000,4.000000,2.000000,2.000000,0.000000,0.000000,4.000000,4.000000,4.000000,4.000000,4.000000,4.000000,0.000000,,,,,,,,,,,,,,,,,,,,,,,,,,,,
1732157949.522205,1732157949.523794,99.000000,0.000000,4284.487305,4280.128418,4313.846191,4307.436035,4267.563965,4280.000000,4334.358887,4402.820313,4298.205078,4308.717773,4467.051270,4500.641113,4354.102539,4426.025879,1564.000000,1.000000,22.000000,,,,0.000000,2.000000,2.000000,0.000000,4.000000,2.000000,2.000000,0.000000,0.000000,4.000000,4.000000,4.000000,4.000000,4.000000,4.000000,0.000000,,,,,,,,,,,,,,,,,,,,,,,,,,,,
1732157949.530013,1732157949.531503,100.000000,0.000000,4283.333496,4281.410156,4315.128418,4311.282227,4257.563965,4282.948730,4333.589844,4402.051270,4298.589844,4306.153809,4468.974121,4495.641113,4349.615234,4422.179688,1703.000000,1.000000,22.000000,,,,0.000000,2.000000,2.000000,0.000000,4.000000,2.000000,2.000000,0.000000,0.000000,4.000000,4.000000,4.000000,4.000000,4.000000,4.000000,0.000000,,,,,,,,,,,,,,,,,25.000000,0.000000,0.495712,0.454834,-0.567932,0.474182,0.982053,-0.088390,-0.045416,-36.704533,44.490719,31.123211
1732157949.537821,1732157949.539311,101.000000,0.000000,4281.666504,4278.974121,4314.871582,4306.794922,4273.589844,4281.794922,4333.461426,4400.384766,4289.230957,4296.153809,4470.256348,4494.230957,4353.333496,4423.077148,1611.000000,1.000000,22.000000,,,,0.000000,2.000000,2.000000,0.000000,4.000000,2.000000,2.000000,0.000000,0.000000,4.000000,4.000000,4.000000,4.000000,4.000000,4.000000,0.000000,,,,,,,,,,,,,,,,,,,,,,,,,,,,
1732157949.545630,1732157949.546919,102.000000,0.000000,4280.769043,4276.282227,4313.461426,4306.666504,4289.102539,4279.358887,4333.589844,4400.512695,4280.641113,4293.974121,4472.179688,4493.974121,4358.846191,4422.563965,1548.000000,1.000000,22.000000,,,,0.000000,2.000000,2.000000,0.000000,4.000000,2.000000,2.000000,0.000000,0.000000,4.000000,4.000000,4.000000,4.000000,4.000000,4.000000,0.000000,,,,,,,,,,,,,,,,,,,,,,,,,,,,
1732157949.553438,1732157949.554727,103.000000,0.000000,4281.153809,4278.589844,4314.102539,4310.897461,4282.307617,4279.615234,4333.846191,4400.384766,4281.666504,4295.769043,4472.436035,4491.666504,4353.461426,4416.410156,1564.000000,1.000000,22.000000,,,,0.000000,2.000000,2.000000,0.000000,4.000000,2.000000,2.000000,0.000000,0.000000,4.000000,4.000000,4.000000,4.000000,4.000000,4.000000,0.000000,,,,,,,,,,,,,,,,,,,,,,,,,,,,
1732157949.561246,1732157949.562635,104.000000,0.000000,4282.179688,4281.282227,4314.102539,4311.922852,4264.358887,4282.563965,4333.974121,4399.743652,4292.820313,4295.897461,4470.000000,4491.666504,4348.461426,4413.717773,1703.000000,1.000000,22.000000,,,,0.000000,2.000000,2.000000,0.000000,4.000000,2.000000,2.000000,0.000000,0.000000,4.000000,4.000000,4.000000,4.000000,4.000000,4.000000,0.000000,,,,,,,,,,,,,,,,,26.000000,0.000000,0.495712,0.454834,-0.567932,0.474182,0.982053,-0.088390,-0.045416,-36.732338,44.624149,31.166468
1732157949.569054,1732157949.570444,105.000000,0.000000,4283.333496,4278.717773,4312.436035,4310.641113,4259.230957,4282.820313,4333.974121,4400.384766,4295.256348,4296.794922,4468.077148,4492.563965,4351.922852,4415.384766,1611.000000,1.000000,22.000000,,,,0.000000,2.000000,2.000000,0.000000,4.000000,2.000000,2.000000,0.000000,0.000000,4.000000,4.000000,4.000000,4.000000,4.000000,4.000000,0.000000,,,,,,,,,,,,,,,,,,,,,,,,,,,,
1732157949.576863,1732157949.578052,106.000000,0.000000,4282.307617,4278.846191,4313.461426,4311.538574,4272.307617,4280.897461,4333.589844,4402.179688,4288.077148,4296.153809,4464.871582,4490.769043,4351.794922,4416.922852,1548.000000,1.000000,22.000000,,,,0.000000,2.000000,2.000000,0.000000,4.000000,2.000000,2.000000,0.000000,0.000000,4.000000,4.000000,4.000000,4.000000,4.000000,4.000000,0.000000,,,,,,,,,,,,,,,,,,,,,,,,,,,,
1732157949.584671,1732157949.585860,107.000000,0.000000,4282.307617,4281.538574,4314.871582,4312.307617,4280.897461,4280.769043,4333.077148,4402.563965,4288.846191,4294.615234,4460.769043,4489.871582,4350.000000,4418.333496,1564.000000,1.000000,22.000000,,,,0.000000,2.000000,2.000000,0.000000,4.000000,2.000000,2.000000,0.000000,0.000000,4.000000,4.000000,4.000000,4.000000,4.000000,4.000000,0.000000,,,,,,,,,,,,,,,,,,,,,,,,,,,,
1732157949.592479,1732157949.593768,108.000000,0.000000,4283.461426,4280.128418,4311.282227,4312.436035,4278.846191,4282.051270,4333.846191,4398.846191,4294.358887,4294.102539,4466.666504,4491.922852,4351.666504,4416.666504,1703.000000,1.000000,22.000000,,,,0.000000,2.000000,2.000000,0.000000,4.000000,2.000000,2.000000,0.000000,0.000000,4.000000,4.000000,4.000000,4.000000,4.000000,4.000000,0.000000,,,,,,,,,,,,,,,,,27.000000,0.000000,0.495598,0.454895,-0.567932,0.474243,0.972775,-0.083506,-0.071298,-36.509861,44.770561,31.039839
1732157949.600287,1732157949.601577,109.000000,0.000000,4285.128418,4278.205078,4310.256348,4315.769043,4275.256348,4280.384766,4335.256348,4399.615234,4298.333496,4296.666504,4472.820313,4495.769043,4351.282227,4412.820313,1611.000000,1.000000,22.000000,,,,0.000000,2.000000,2.000000,0.000000,4.000000,2.000000,2.000000,0.000000,0.000000,4.000000,4.000000,4.000000,4.000000,4.000000,4.000000,0.000000,,,,,,,,,,,,,,,,,,,,,,,,,,,,
1732157949.608096,1732157949.609585,110.000000,0.000000,4285.384766,4279.102539,4313.589844,4313.974121,4283.461426,4277.692383,4336.282227,4405.384766,4295.000000,4294.743652,4467.820313,4497.563965,4348.589844,4417.179688,1548.000000,1.000000,22.000000,,,,0.000000,2.000000,2.000000,0.000000,4.000000,2.000000,2.000000,0.000000,0.000000,4.000000,4.000000,4.000000,4.000000,4.000000,4.000000,0.000000,,,,,,,,,,,,,,,,,,,,,,,,,,,,
1732157949.615904,1732157949.617393,111.000000,0.000000,4284.487305,4278.077148,4314.871582,4308.461426,4293.461426,4279.102539,4336.538574,4405.128418,4282.948730,4284.615234,4465.384766,4497.307617,4348.333496,4424.230957,1564.000000,1.000000,22.000000,,,,0.000000,2.000000,2.000000,0.000000,4.000000,2.000000,2.000000,0.000000,0.000000,4.000000,4.000000,4.000000,4.000000,4.000000,4.000000,0.000000,,,,,,,,,,,,,,,,,,,,,,,,,,,,
1732157949.623712,1732157949.625301,112.000000,0.000000,4284.230957,4274.615234,4315.384766,4309.487305,4278.205078,4281.922852,4335.641113,4399.358887,4280.897461,4284.358887,4472.179688,4494.615234,4350.384766,4426.794922,1703.000000,1.000000,22.000000,,,,0.000000,2.000000,2.000000,0.000000,4.000000,2.000000,2.000000,0.000000,0.000000,4.000000,4.000000,4.000000,4.000000,4.000000,4.000000,0.000000,,,,,,,,,,,,,,,,,28.000000,0.000000,0.495701,0.454834,-0.567993,0.474121,0.964473,-0.080088,-0.055671,-36.534653,44.944153,31.433937
1732157949.631520,1732157949.633109,113.000000,0.000000,4285.384766,4272.051270,4314.871582,4312.051270,4256.666504,4282.948730,4334.743652,4398.077148,4294.102539,4295.256348,4474.615234,4494.743652,4350.769043,4427.179688,1611.000000,1.000000,22.000000,,,,0.000000,2.000000,2.000000,0.000000,4.000000,2.000000,2.000000,0.000000,0.000000,4.000000,4.000000,4.000000,4.000000,4.000000,4.000000,0.000000,,,,,,,,,,,,,,,,,,,,,,,,,,,,
1732157949.639329,1732157949.641117,114.000000,0.000000,4287.307617,4274.358887,4312.436035,4313.846191,4265.897461,4282.948730,4334.871582,4400.897461,4296.922852,4296.538574,4471.153809,4498.333496,4349.871582,4426.794922,1548.000000,1.000000,22.000000,,,,0.000000,2.000000,2.000000,0.000000,4.000000,2.000000,2.000000,0.000000,0.000000,4.000000,4.000000,4.000000,4.000000,4.000000,4.000000,0.000000,,,,,,,,,,,,,,,,,,,,,,,,,,,,
1732157949.647137,1732157949.648925,115.000000,0.000000,4287.179688,4276.410156,4313.589844,4314.358887,4291.410156,4281.922852,4334.871582,4400.128418,4289.102539,4290.128418,4472.051270,4500.256348,4350.128418,4427.051270,1564.000000,1.000000,22.000000,,,,0.000000,2.000000,2.000000,0.000000,4.000000,2.000000,2.000000,0.000000,0.000000,4.000000,4.000000,4.000000,4.000000,4.000000,4.000000,0.000000,,,,,,,,,,,,,,,,,,,,,,,,,,,,
1732157949.654945,1732157949.656833,116.000000,0.000000,4288.846191,4271.922852,4316.410156,4313.717773,4290.128418,4282.692383,4334.871582,4398.333496,4290.641113,4291.410156,4472.948730,4502.051270,4350.512695,4428.205078,1703.000000,1.000000,22.000000,,,,0.000000,2.000000,2.000000,0.000000,4.000000,2.000000,2.000000,0.000000,0.000000,4.000000,4.000000,4.000000,4.000000,4.000000,4.000000,0.000000,,,,,,,,,,,,,,,,,29.000000,0.000000,0.495890,0.454590,-0.568176,0.473938,0.964473,-0.080088,-0.055671,-36.531403,44.909763,31.791489
1732157949.662753,1732157949.664642,117.000000,0.000000,4290.641113,4264.615234,4316.153809,4313.077148,4267.563965,4285.256348,4335.512695,4400.128418,4296.282227,4294.871582,4472.948730,4505.128418,4351.153809,4428.077148,1611.000000,1.000000,22.000000,,,,0.000000,2.000000,2.000000,0.000000,4.000000,2.000000,2.000000,0.000000,0.000000,4.000000,4.000000,4.000000,4.000000,4.000000,4.000000,0.000000,,,,,,,,,,,,,,,,,,,,,,,,,,,,
1732157949.670562,1732157949.672650,118.000000,0.000000,4286.410156,4268.077148,4315.512695,4313.717773,4258.846191,4284.358887,4335.897461,4402.948730,4296.666504,4293.077148,4475.384766,4508.333496,4348.589844,4427.179688,1548.000000,1.000000,22.000000,,,,0.000000,2.000000,2.000000,0.000000,4.000000,2.000000,2.000000,0.000000,0.000000,4.000000,4.000000,4.000000,4.000000,4.000000,4.000000,0.000000,,,,,,,,,,,,,,,,,,,,,,,,,,,,
1732157949.678370,1732157949.680458,119.000000,0.000000,4284.230957,4275.128418,4315.512695,4315.512695,4270.384766,4280.897461,4335.897461,4401.666504,4296.794922,4292.563965,4475.769043,4505.897461,4346.025879,4426.666504,1564.000000,1.000000,22.000000,,,,0.000000,2.000000,2.000000,0.000000,4.000000,2.000000,2.000000,0.000000,0.000000,4.000000,4.000000,4.000000,4.000000,4.000000,4.000000,0.000000,,,,,,,,,,,,,,,,,,,,,,,,,,,,
1732157949.686178,1732157949.688366,120.000000,0.000000,4287.820313,4271.538574,4313.846191,4315.512695,4278.717773,4280.769043,4336.538574,4398.974121,4296.794922,4294.102539,4475.384766,4503.589844,4349.102539,4427.436035,1703.000000,1.000000,22.000000,,,,0.000000,2.000000,2.000000,0.000000,4.000000,2.000000,2.000000,0.000000,0.000000,4.000000,4.000000,4.000000,4.000000,4.000000,4.000000,0.000000,,,,,,,,,,,,,,,,,30.000000,0.000000,0.496207,0.454346,-0.568298,0.473694,0.974728,-0.087901,-0.057136,-36.335438,44.610245,31.799438
1732157949.693986,1732157949.696174,121.000000,0.000000,4292.563965,4269.487305,4313.077148,4312.051270,4281.794922,4282.948730,4336.410156,4400.641113,4295.256348,4294.102539,4476.538574,4506.666504,4352.307617,4427.692383,1611.000000,1.000000,22.000000,,,,0.000000,2.000000,2.000000,0.000000,4.000000,2.000000,2.000000,0.000000,0.000000,4.000000,4.000000,4.000000,4.000000,4.000000,4.000000,0.000000,,,,,,,,,,,,,,,,,,,,,,,,,,,,
1732157949.701795,1732157949.704182,122.000000,0.000000,4294.743652,4279.358887,4316.794922,4311.666504,4281.666504,4282.820313,4335.256348,4402.051270,4295.384766,4293.205078,4478.589844,4506.153809,4350.000000,4428.333496,1548.000000,1.000000,22.000000,,,,0.000000,2.000000,2.000000,0.000000,4.000000,2.000000,2.000000,0.000000,0.000000,4.000000,4.000000,4.000000,4.000000,4.000000,4.000000,0.000000,,,,,,,,,,,,,,,,,,,,,,,,,,,,
1732157949.709603,1732157949.711990,123.000000,0.000000,4295.384766,4281.025879,4315.256348,4315.000000,4276.410156,4280.897461,4334.487305,4399.102539,4299.871582,4293.974121,4478.077148,4505.897461,4345.512695,4427.820313,1564.000000,1.000000,22.000000,,,,0.000000,2.000000,2.000000,0.000000,4.000000,2.000000,2.000000,0.000000,0.000000,4.000000,4.000000,4.000000,4.000000,4.000000,4.000000,0.000000,,,,,,,,,,,,,,,,,,,,,,,,,,,,
1732157949.717411,1732157949.719899,124.000000,0.000000,4287.051270,4267.563965,4313.333496,4309.743652,4289.615234,4279.102539,4334.743652,4398.205078,4299.743652,4293.205078,4474.615234,4504.743652,4342.307617,4421.282227,1703.000000,1.000000,22.000000,,,,0.000000,2.000000,2.000000,0.000000,4.000000,2.000000,2.000000,0.000000,0.000000,4.000000,4.000000,4.000000,4.000000,4.000000,4.000000,0.000000,,,,,,,,,,,,,,,,,31.000000,0.000000,0.496249,0.454224,-0.568359,0.473694,0.984984,-0.075693,-0.058113,-36.390038,44.444298,31.645880
1732157949.725219,1732157949.727707,125.000000,0.000000,4278.461426,4264.871582,4316.922852,4306.025879,4294.102539,4280.641113,4336.153809,4401.538574,4294.615234,4291.410156,4474.102539,4500.512695,4344.487305,4413.974121,1611.000000,1.000000,22.000000,,,,0.000000,2.000000,2.000000,0.000000,4.000000,2.000000,2.000000,0.000000,0.000000,4.000000,4.000000,4.000000,4.000000,4.000000,4.000000,0.000000,,,,,,,,,,,,,,,,,,,,,,,,,,,,
1732157949.733028,1732157949.735715,126.000000,0.000000,4282.692383,4275.000000,4317.179688,4312.436035,4267.563965,4283.589844,4336.538574,4402.948730,4295.897461,4293.974121,4476.794922,4499.615234,4346.794922,4410.897461,1548.000000,1.000000,22.000000,,,,0.000000,2.000000,2.000000,0.000000,4.000000,2.000000,2.000000,0.000000,0.000000,4.000000,4.000000,4.000000,4.000000,4.000000,4.000000,0.000000,,,,,,,,,,,,,,,,,,,,,,,,,,,,
1732157949.740836,1732157949.743523,127.000000,0.000000,4288.589844,4278.974121,4313.461426,4314.230957,4264.358887,4280.897461,4335.256348,4401.794922,4298.205078,4295.000000,4478.717773,4499.871582,4345.512695,4412.820313,22.000000,1.000000,22.000000,,,,0.000000,2.000000,2.000000,0.000000,4.000000,2.000000,2.000000,0.000000,0.000000,4.000000,4.000000,4.000000,4.000000,4.000000,4.000000,0.000000,,,,,,,,,,,,,,,,,,,,,,,,,,,,
1732157949.748644,1732157949.751431,0.000000,0.000000,4286.922852,4278.461426,4316.282227,4311.666504,4283.589844,4277.692383,4334.615234,4401.025879,4293.589844,4292.563965,4476.410156,4498.077148,4347.563965,4420.000000,0.000000,1.000000,22.000000,,,,0.000000,2.000000,2.000000,0.000000,4.000000,2.000000,2.000000,0.000000,0.000000,4.000000,4.000000,4.000000,4.000000,4.000000,4.000000,0.000000,,,,,,,,,,,,,,,,,0.000000,0.000000,0.495871,0.454407,-0.568237,0.474060,0.986449,-0.089366,-0.047369,-36.184265,44.531548,31.491495
1732157949.756452,1732157949.759239,1.000000,0.000000,4282.948730,4277.820313,4320.512695,4311.666504,4272.436035,4278.717773,4334.871582,4400.897461,4291.282227,4292.051270,4476.410156,4498.461426,4351.538574,4427.820313,1598.000000,1.000000,22.000000,,,,0.000000,2.000000,2.000000,0.000000,4.000000,2.000000,2.000000,0.000000,0.000000,4.000000,4.000000,4.000000,4.000000,4.000000,4.000000,0.000000,,,,,,,,,,,,,,,,,,,,,,,,,,,,
1732157949.764261,1732157949.766848,2.000000,0.000000,4281.794922,4277.692383,4316.666504,4311.282227,4252.820313,4278.589844,4335.000000,4400.128418,4294.743652,4296.666504,4485.769043,4503.589844,4351.538574,4429.358887,1364.000000,1.000000,22.000000,,,,0.000000,2.000000,2.000000,0.000000,4.000000,2.000000,2.000000,0.000000,0.000000,4.000000,4.000000,4.000000,4.000000,4.000000,4.000000,0.000000,,,,,,,,,,,,,,,,,,,,,,,,,,,,
1732157949.772069,1732157949.774656,3.000000,0.000000,4283.717773,4278.205078,4312.948730,4310.897461,4266.025879,4278.077148,4335.641113,4400.256348,4294.102539,4295.000000,4489.487305,4505.512695,4351.922852,4427.692383,1426.000000,1.000000,22.000000,,,,0.000000,2.000000,2.000000,0.000000,4.000000,2.000000,2.000000,0.000000,0.000000,4.000000,4.000000,4.000000,4.000000,4.000000,4.000000,0.000000,,,,,,,,,,,,,,,,,,,,,,,,,,,,
1732157949.779877,1732157949.782364,4.000000,0.000000,4287.436035,4278.589844,4314.871582,4311.794922,4277.692383,4280.512695,4335.769043,4402.436035,4291.666504,4285.769043,4478.333496,4505.128418,4348.846191,4429.487305,1431.000000,1.000000,22.000000,,,,0.000000,2.000000,2.000000,0.000000,4.000000,2.000000,2.000000,0.000000,0.000000,4.000000,4.000000,4.000000,4.000000,4.000000,4.000000,0.000000,,,,,,,,,,,,,,,,,1.000000,0.000000,0.495871,0.454407,-0.568237,0.474060,0.977170,-0.094250,-0.061043,-36.092587,44.767220,31.366444
1732157949.787685,1732157949.790172,5.000000,0.000000,4288.205078,4272.436035,4316.922852,4310.512695,4266.922852,4281.922852,4335.256348,4402.820313,4298.077148,4288.846191,4474.871582,4506.666504,4345.256348,4430.512695,1209.000000,1.000000,22.000000,,,,0.000000,2.000000,2.000000,0.000000,4.000000,2.000000,2.000000,0.000000,0.000000,4.000000,4.000000,4.000000,4.000000,4.000000,4.000000,0.000000,,,,,,,,,,,,,,,,,,,,,,,,,,,,
1732157949.795493,1732157949.797781,6.000000,0.000000,4287.436035,4267.563965,4316.922852,4308.077148,4270.769043,4279.487305,4335.769043,4399.871582,4305.769043,4297.692383,4484.102539,4505.769043,4348.077148,4430.641113,0.000000,1.000000,22.000000,,,,0.000000,2.000000,2.000000,0.000000,4.000000,2.000000,2.000000,0.000000,0.000000,4.000000,4.000000,4.000000,4.000000,4.000000,4.000000,0.000000,,,,,,,,,,,,,,,,,,,,,,,,,,,,
1732157949.803302,1732157949.805589,7.000000,0.000000,4288.717773,4268.461426,4315.897461,4306.153809,4288.461426,4277.436035,4336.025879,4399.102539,4302.179688,4292.820313,4483.461426,4504.871582,4346.538574,4428.717773,0.000000,1.000000,22.000000,,,,0.000000,2.000000,2.000000,0.000000,4.000000,2.000000,2.000000,0.000000,0.000000,4.000000,4.000000,4.000000,4.000000,4.000000,4.000000,0.000000,,,,,,,,,,,,,,,,,,,,,,,,,,,,
1732157949.811110,1732157949.813297,8.000000,0.000000,4287.436035,4265.641113,4316.153809,4304.743652,4280.641113,4278.846191,4335.512695,4400.897461,4296.922852,4288.461426,4475.641113,4504.615234,4340.897461,4427.051270,1529.000000,1.000000,22.000000,,,,0.000000,2.000000,2.000000,0.000000,4.000000,2.000000,2.000000,0.000000,0.000000,4.000000,4.000000,4.000000,4.000000,4.000000,4.000000,0.000000,,,,,,,,,,,,,,,,,2.000000,0.000000,0.495810,0.454346,-0.568237,0.474182,0.967892,-0.095715,-0.057624,-35.993328,44.824780,31.486820
1732157949.818918,1732157949.821106,9.000000,0.000000,4282.563965,4265.000000,4317.436035,4307.820313,4258.461426,4280.641113,4336.666504,4400.128418,4297.692383,4294.102539,4477.948730,4507.563965,4342.436035,4429.358887,1685.000000,1.000000,22.000000,,,,0.000000,2.000000,2.000000,0.000000,4.000000,2.000000,2.000000,0.000000,0.000000,4.000000,4.000000,4.000000,4.000000,4.000000,4.000000,0.000000,,,,,,,,,,,,,,,,,,,,,,,,,,,,
1732157949.826727,1732157949.829114,10.000000,0.000000,4280.641113,4271.794922,4316.153809,4311.666504,4262.307617,4280.769043,4337.051270,4398.974121,4296.538574,4291.153809,4480.769043,4505.384766,4343.461426,4425.256348,1548.000000,1.000000,22.000000,,,,0.000000,2.000000,2.000000,0.000000,4.000000,2.000000,2.000000,0.000000,0.000000,4.000000,4.000000,4.000000,4.000000,4.000000,4.000000,0.000000,,,,,,,,,,,,,,,,,,,,,,,,,,,,
1732157949.834535,1732157949.836922,11.000000,0.000000,4281.794922,4272.820313,4316.153809,4309.102539,4275.897461,4279.871582,4335.769043,4400.384766,4293.589844,4285.128418,4476.153809,4492.179688,4340.897461,4415.641113,1564.000000,1.000000,22.000000,,,,0.000000,2.000000,2.000000,0.000000,4.000000,2.000000,2.000000,0.000000,0.000000,4.000000,4.000000,4.000000,4.000000,4.000000,4.000000,0.000000,,,,,,,,,,,,,,,,,,,,,,,,,,,,
1732157949.842343,1732157949.844830,12.000000,0.000000,4282.692383,4268.589844,4317.179688,4307.948730,4268.589844,4281.282227,4335.641113,4400.512695,4294.230957,4292.820313,4473.333496,4489.230957,4342.307617,4413.333496,1703.000000,1.000000,22.000000,,,,0.000000,2.000000,2.000000,0.000000,4.000000,2.000000,2.000000,0.000000,0.000000,4.000000,4.000000,4.000000,4.000000,4.000000,4.000000,0.000000,,,,,,,,,,,,,,,,,3.000000,0.000000,0.495835,0.454102,-0.568359,0.474243,0.975705,-0.078135,-0.057136,-36.076263,44.706406,31.637657
1732157949.850151,1732157949.852638,13.000000,0.000000,4280.897461,4268.461426,4316.153809,4310.128418,4265.256348,4281.922852,4336.538574,4400.128418,4293.461426,4292.563965,4475.512695,4499.871582,4343.205078,4416.025879,1606.000000,1.000000,22.000000,,,,0.000000,2.000000,2.000000,0.000000,4.000000,2.000000,2.000000,0.000000,0.000000,4.000000,4.000000,4.000000,4.000000,4.000000,4.000000,0.000000,,,,,,,,,,,,,,,,,,,,,,,,,,,,
1732157949.857960,1732157949.860646,14.000000,0.000000,4278.461426,4268.717773,4314.871582,4309.230957,4283.461426,4278.077148,4336.922852,4400.512695,4292.051270,4279.615234,4475.512695,4500.769043,4339.871582,4413.333496,1548.000000,1.000000,22.000000,,,,0.000000,2.000000,2.000000,0.000000,4.000000,2.000000,2.000000,0.000000,0.000000,4.000000,4.000000,4.000000,4.000000,4.000000,4.000000,0.000000,1.000000,0.000000,1.000000,1.000000,0.000000,1.000000,2.000000,1.000000,0.000000,0.000000,4.000000,4.000000,1.000000,4.000000,4.000000,4.000000,,,,,,,,,,,,
1732157949.865768,1732157949.868454,15.000000,0.000000,4280.512695,4271.282227,4314.871582,4309.743652,4287.307617,4276.538574,4336.282227,4399.358887,4293.589844,4279.615234,4475.384766,4498.333496,4340.641113,4413.974121,1564.000000,1.000000,22.000000,,,,0.000000,2.000000,2.000000,0.000000,4.000000,2.000000,2.000000,0.000000,0.000000,4.000000,4.000000,4.000000,4.000000,4.000000,4.000000,0.000000,,,,,,,,,,,,,,,,,,,,,,,,,,,,
1732157949.873576,1732157949.876163,16.000000,0.000000,4282.692383,4276.666504,4316.025879,4312.563965,4268.461426,4278.589844,4334.358887,4399.358887,4295.897461,4287.563965,4477.179688,4501.410156,4343.589844,4418.461426,0.000000,1.000000,22.000000,,,,0.000000,2.000000,2.000000,0.000000,4.000000,2.000000,2.000000,0.000000,0.000000,4.000000,4.000000,4.000000,4.000000,4.000000,4.000000,0.000000,,,,,,,,,,,,,,,,,4.000000,0.000000,0.495938,0.454041,-0.568420,0.474121,0.975705,-0.081553,-0.055183,-36.195107,44.782188,31.599836
1732157949.881384,1732157949.883971,17.000000,0.000000,4281.922852,4277.307617,4317.051270,4311.410156,4255.256348,4277.051270,4336.666504,4400.000000,4297.692383,4285.128418,4476.666504,4501.666504,4342.563965,4416.794922,0.000000,1.000000,22.000000,,,,0.000000,2.000000,2.000000,0.000000,4.000000,2.000000,2.000000,0.000000,0.000000,4.000000,4.000000,4.000000,4.000000,4.000000,4.000000,0.000000,,,,,,,,,,,,,,,,,,,,,,,,,,,,
1732157949.889192,1732157949.891579,18.000000,0.000000,4279.871582,4277.563965,4316.538574,4308.589844,4258.974121,4273.077148,4341.025879,4399.487305,4300.256348,4281.025879,4473.974121,4498.077148,4340.512695,4415.000000,0.000000,1.000000,22.000000,,,,0.000000,2.000000,2.000000,0.000000,4.000000,2.000000,2.000000,0.000000,0.000000,4.000000,4.000000,4.000000,4.000000,4.000000,4.000000,0.000000,,,,,,,,,,,,,,,,,,,,,,,,,,,,
1732157949.897001,1732157949.899387,19.000000,0.000000,4281.025879,4280.128418,4316.666504,4310.769043,4277.179688,4275.897461,4338.077148,4399.230957,4296.282227,4281.025879,4474.743652,4499.743652,4341.153809,4420.384766,0.000000,1.000000,22.000000,,,,0.000000,2.000000,2.000000,0.000000,4.000000,2.000000,2.000000,0.000000,0.000000,4.000000,4.000000,4.000000,4.000000,4.000000,4.000000,0.000000,,,,,,,,,,,,,,,,,,,,,,,,,,,,
1732157949.904809,1732157949.907096,20.000000,0.000000,4285.897461,4275.641113,4318.333496,4312.179688,4288.461426,4281.153809,4333.846191,4399.743652,4286.153809,4277.692383,4475.897461,4503.077148,4341.282227,4426.410156,0.000000,1.000000,22.000000,,,,0.000000,2.000000,2.000000,0.000000,4.000000,2.000000,2.000000,0.000000,0.000000,4.000000,4.000000,4.000000,4.000000,4.000000,4.000000,0.000000,,,,,,,,,,,,,,,,,5.000000,0.000000,0.495938,0.454041,-0.568420,0.474121,0.969357,-0.095715,-0.056648,-36.276371,44.828571,31.704201
1732157949.912617,1732157949.914904,21.000000,0.000000,4285.512695,4273.846191,4317.692383,4311.922852,4274.871582,4280.897461,4335.769043,4399.871582,4288.333496,4277.563965,4473.846191,4503.974121,4337.692383,4425.512695,0.000000,1.000000,22.000000,,,,0.000000,2.000000,2.000000,0.000000,4.000000,2.000000,2.000000,0.000000,0.000000,4.000000,4.000000,4.000000,4.000000,4.000000,4.000000,0.000000,,,,,,,,,,,,,,,,,,,,,,,,,,,,
1732157949.920426,1732157949.922512,22.000000,0.000000,4281.794922,4278.974121,4315.897461,4312.051270,4258.333496,4280.897461,4337.307617,4400.512695,4293.846191,4279.230957,4471.666504,4500.000000,4334.871582,4420.384766,0.000000,1.000000,22.000000,,,,0.000000,2.000000,2.000000,0.000000,4.000000,2.000000,2.000000,0.000000,0.000000,4.000000,4.000000,4.000000,4.000000,4.000000,4.000000,0.000000,,,,,,,,,,,,,,,,,,,,,,,,,,,,
1732157949.928234,1732157949.930321,23.000000,0.000000,4286.794922,4280.256348,4315.641113,4310.128418,4262.820313,4280.769043,4335.512695,4399.230957,4282.948730,4275.769043,4470.641113,4493.717773,4337.948730,4418.717773,0.000000,1.000000,22.000000,,,,0.000000,2.000000,2.000000,0.000000,4.000000,2.000000,2.000000,0.000000,0.000000,4.000000,4.000000,4.000000,4.000000,4.000000,4.000000,0.000000,,,,,,,,,,,,,,,,,,,,,,,,,,,,
1732157949.936042,1732157949.938229,24.000000,0.000000,4290.897461,4279.230957,4316.410156,4311.538574,4270.641113,4277.307617,4335.512695,4398.333496,4277.948730,4275.512695,4471.025879,4499.102539,4341.666504,4424.230957,0.000000,1.000000,22.000000,,,,0.000000,2.000000,2.000000,0.000000,4.000000,2.000000,2.000000,0.000000,0.000000,4.000000,4.000000,4.000000,4.000000,4.000000,4.000000,0.000000,,,,,,,,,,,,,,,,,6.000000,0.000000,0.495821,0.454041,-0.568420,0.474243,0.980100,-0.094738,-0.060066,-36.535526,44.602810,31.428736
1732157949.943850,1732157949.946037,25.000000,0.000000,4284.102539,4278.717773,4315.512695,4311.538574,4273.589844,4275.897461,4335.897461,4400.128418,4291.666504,4278.974121,4473.846191,4503.589844,4339.743652,4424.871582,0.000000,1.000000,22.000000,,,,0.000000,2.000000,2.000000,0.000000,4.000000,2.000000,2.000000,0.000000,0.000000,4.000000,4.000000,4.000000,4.000000,4.000000,4.000000,0.000000,,,,,,,,,,,,,,,,,,,,,,,,,,,,
1732157949.951659,1732157949.954045,26.000000,0.000000,4280.256348,4275.769043,4315.512695,4306.922852,4276.666504,4277.307617,4335.384766,4399.615234,4297.051270,4277.051270,4471.153809,4493.846191,4334.615234,4416.410156,0.000000,1.000000,22.000000,,,,0.000000,2.000000,2.000000,0.000000,4.000000,2.000000,2.000000,0.000000,0.000000,4.000000,4.000000,4.000000,4.000000,4.000000,4.000000,0.000000,,,,,,,,,,,,,,,,,,,,,,,,,,,,
1732157949.959467,1732157949.961853,27.000000,0.000000,4283.205078,4271.025879,4316.153809,4305.256348,4273.589844,4278.333496,4335.641113,4398.333496,4290.897461,4272.692383,4463.846191,4487.179688,4333.077148,4411.794922,0.000000,1.000000,22.000000,,,,0.000000,2.000000,2.000000,0.000000,4.000000,2.000000,2.000000,0.000000,0.000000,4.000000,4.000000,4.000000,4.000000,4.000000,4.000000,0.000000,,,,,,,,,,,,,,,,,,,,,,,,,,,,
1732157949.967275,1732157949.969761,28.000000,0.000000,4281.025879,4269.358887,4316.666504,4304.358887,4278.974121,4278.205078,4335.512695,4400.000000,4294.358887,4273.717773,4465.128418,4490.641113,4333.333496,4411.666504,0.000000,1.000000,22.000000,,,,0.000000,2.000000,2.000000,0.000000,4.000000,2.000000,2.000000,0.000000,0.000000,4.000000,4.000000,4.000000,4.000000,4.000000,4.000000,0.000000,,,,,,,,,,,,,,,,,7.000000,0.000000,0.495674,0.454163,-0.568298,0.474426,0.983518,-0.080576,-0.061531,-36.588776,44.513275,31.203943
1732157949.975083,1732157949.977569,29.000000,0.000000,4278.974121,4274.743652,4315.000000,4303.974121,4282.436035,4276.153809,4335.641113,4399.743652,4299.102539,4279.871582,4473.077148,4492.692383,4335.769043,4411.153809,0.000000,1.000000,22.000000,,,,0.000000,2.000000,2.000000,0.000000,4.000000,2.000000,2.000000,0.000000,0.000000,4.000000,4.000000,4.000000,4.000000,4.000000,4.000000,0.000000,,,,,,,,,,,,,,,,,,,,,,,,,,,,
1732157949.982891,1732157949.985577,30.000000,0.000000,4279.871582,4278.974121,4314.487305,4308.717773,4275.256348,4275.769043,4335.641113,4399.615234,4296.153809,4278.205078,4473.846191,4494.102539,4336.153809,4410.128418,0.000000,1.000000,22.000000,,,,0.000000,2.000000,2.000000,0.000000,4.000000,2.000000,2.000000,0.000000,0.000000,4.000000,4.000000,4.000000,4.000000,4.000000,4.000000,0.000000,,,,,,,,,,,,,,,,,,,,,,,,,,,,
1732157949.990700,1732157949.993386,31.000000,0.000000,4278.846191,4275.641113,4316.153809,4311.922852,4290.128418,4279.487305,4335.641113,4401.282227,4292.820313,4268.333496,4470.512695,4499.102539,4331.922852,4409.615234,0.000000,1.000000,22.000000,,,,0.000000,2.000000,2.000000,0.000000,4.000000,2.000000,2.000000,0.000000,0.000000,4.000000,4.000000,4.000000,4.000000,4.000000,4.000000,0.000000,,,,,,,,,,,,,,,,,,,,,,,,,,,,
1732157949.998508,1732157950.001094,32.000000,0.000000,4278.717773,4272.692383,4316.410156,4310.128418,4300.384766,4281.410156,4335.641113,4401.153809,4294.102539,4270.512695,4471.282227,4501.666504,4328.461426,4409.358887,0.000000,1.000000,22.000000,,,,0.000000,2.000000,2.000000,0.000000,4.000000,2.000000,2.000000,0.000000,0.000000,4.000000,4.000000,4.000000,4.000000,4.000000,4.000000,0.000000,,,,,,,,,,,,,,,,,8.000000,0.000000,0.495719,0.454102,-0.568359,0.474365,0.975217,-0.083018,-0.064949,-36.445240,44.320755,31.450193
1732157950.006316,1732157950.008902,33.000000,0.000000,4280.128418,4278.333496,4316.153809,4311.153809,4275.256348,4280.128418,4335.641113,4400.384766,4295.769043,4280.000000,4471.922852,4502.692383,4330.641113,4409.487305,0.000000,1.000000,22.000000,,,,0.000000,2.000000,2.000000,0.000000,4.000000,2.000000,2.000000,0.000000,0.000000,4.000000,4.000000,4.000000,4.000000,4.000000,4.000000,0.000000,,,,,,,,,,,,,,,,,,,,,,,,,,,,
1732157950.014125,1732157950.016910,34.000000,0.000000,4280.512695,4279.230957,4315.128418,4312.563965,4256.922852,4280.641113,4335.641113,4401.410156,4293.717773,4278.717773,4471.922852,4500.641113,4331.282227,4405.769043,0.000000,1.000000,22.000000,,,,0.000000,2.000000,2.000000,0.000000,4.000000,2.000000,2.000000,0.000000,0.000000,4.000000,4.000000,4.000000,4.000000,4.000000,4.000000,0.000000,,,,,,,,,,,,,,,,,,,,,,,,,,,,
1732157950.021933,1732157950.024718,35.000000,0.000000,4280.128418,4273.461426,4315.128418,4312.307617,4264.871582,4282.820313,4335.641113,4402.948730,4294.615234,4275.641113,4473.846191,4500.512695,4329.102539,4401.666504,0.000000,1.000000,22.000000,,,,0.000000,2.000000,2.000000,0.000000,4.000000,2.000000,2.000000,0.000000,0.000000,4.000000,4.000000,4.000000,4.000000,4.000000,4.000000,0.000000,,,,,,,,,,,,,,,,,,,,,,,,,,,,
1732157950.029741,1732157950.032626,36.000000,0.000000,4278.717773,4273.205078,4315.769043,4311.538574,4278.717773,4280.769043,4335.641113,4401.410156,4297.436035,4278.717773,4470.000000,4506.282227,4329.487305,4404.230957,0.000000,1.000000,22.000000,,,,0.000000,2.000000,2.000000,0.000000,4.000000,2.000000,2.000000,0.000000,0.000000,4.000000,4.000000,4.000000,4.000000,4.000000,4.000000,0.000000,,,,,,,,,,,,,,,,,9.000000,0.000000,0.495777,0.454102,-0.568359,0.474304,0.979612,-0.073251,-0.058113,-36.547314,44.499809,31.411324
1732157950.037549,1732157950.040435,37.000000,0.000000,4277.948730,4273.333496,4314.871582,4307.563965,4287.436035,4279.230957,4335.641113,4398.717773,4295.897461,4279.102539,4465.641113,4505.256348,4329.743652,4403.974121,0.000000,1.000000,22.000000,,,,0.000000,2.000000,2.000000,0.000000,4.000000,2.000000,2.000000,0.000000,0.000000,4.000000,4.000000,4.000000,4.000000,4.000000,4.000000,0.000000,,,,,,,,,,,,,,,,,,,,,,,,,,,,
1732157950.045358,1732157950.048443,38.000000,0.000000,4280.256348,4273.717773,4313.461426,4304.487305,4277.948730,4280.000000,4335.641113,4398.974121,4294.871582,4278.717773,4471.025879,4498.333496,4329.871582,4402.436035,0.000000,1.000000,22.000000,,,,0.000000,2.000000,2.000000,0.000000,4.000000,2.000000,2.000000,0.000000,0.000000,4.000000,4.000000,4.000000,4.000000,4.000000,4.000000,0.000000,,,,,,,,,,,,,,,,,,,,,,,,,,,,
1732157950.053166,1732157950.056251,39.000000,0.000000,4282.692383,4273.205078,4315.512695,4304.102539,4257.179688,4274.230957,4335.641113,4400.512695,4296.538574,4281.025879,4477.051270,4502.563965,4334.615234,4408.717773,0.000000,1.000000,22.000000,,,,0.000000,2.000000,2.000000,0.000000,4.000000,2.000000,2.000000,0.000000,0.000000,4.000000,4.000000,4.000000,4.000000,4.000000,4.000000,0.000000,,,,,,,,,,,,,,,,,,,,,,,,,,,,
1732157950.060974,1732157950.064159,40.000000,0.000000,4282.436035,4267.948730,4317.051270,4303.717773,4257.692383,4264.871582,4335.641113,4399.358887,4298.846191,4283.077148,4476.410156,4509.871582,4338.846191,4414.358887,0.000000,1.000000,22.000000,,,,0.000000,2.000000,2.000000,0.000000,4.000000,2.000000,2.000000,0.000000,0.000000,4.000000,4.000000,4.000000,4.000000,4.000000,4.000000,0.000000,,,,,,,,,,,,,,,,,10.000000,0.000000,0.495577,0.454346,-0.568237,0.474426,0.965450,-0.102063,-0.054206,-36.453323,44.549847,31.273172
1732157950.068782,1732157950.071967,41.000000,0.000000,4281.153809,4263.846191,4315.641113,4302.051270,4267.820313,4264.615234,4335.641113,4399.358887,4299.230957,4280.769043,4475.769043,4508.333496,4333.461426,4412.307617,0.000000,1.000000,22.000000,,,,0.000000,2.000000,2.000000,0.000000,4.000000,2.000000,2.000000,0.000000,0.000000,4.000000,4.000000,4.000000,4.000000,4.000000,4.000000,0.000000,,,,,,,,,,,,,,,,,,,,,,,,,,,,
1732157950.076590,1732157950.079975,42.000000,0.000000,4281.025879,4266.282227,4315.000000,4302.179688,4264.743652,4269.743652,4335.641113,4400.384766,4288.333496,4268.461426,4475.128418,4507.820313,4325.384766,4410.128418,0.000000,1.000000,22.000000,,,,0.000000,2.000000,2.000000,0.000000,4.000000,2.000000,2.000000,0.000000,0.000000,4.000000,4.000000,4.000000,4.000000,4.000000,4.000000,0.000000,,,,,,,,,,,,,,,,,,,,,,,,,,,,
1732157950.084399,1732157950.087783,43.000000,0.000000,4282.820313,4267.051270,4317.179688,4303.589844,4264.487305,4268.461426,4335.641113,4401.922852,4278.461426,4261.922852,4474.487305,4509.102539,4329.743652,4413.205078,0.000000,1.000000,22.000000,,,,0.000000,2.000000,2.000000,0.000000,4.000000,2.000000,2.000000,0.000000,0.000000,4.000000,4.000000,4.000000,4.000000,4.000000,4.000000,0.000000,,,,,,,,,,,,,,,,,,,,,,,,,,,,
1732157950.092207,1732157950.095691,44.000000,0.000000,4284.358887,4264.743652,4318.846191,4301.538574,4270.128418,4267.563965,4335.641113,4403.717773,4287.692383,4269.615234,4475.897461,4509.615234,4335.769043,4412.436035,0.000000,1.000000,22.000000,,,,0.000000,2.000000,2.000000,0.000000,4.000000,2.000000,2.000000,0.000000,0.000000,4.000000,4.000000,4.000000,4.000000,4.000000,4.000000,0.000000,,,,,,,,,,,,,,,,,11.000000,0.000000,0.495518,0.454346,-0.568237,0.474487,0.977658,-0.093273,-0.069833,-36.372192,44.635376,31.137936
1732157950.100015,1732157950.103500,45.000000,0.000000,4282.436035,4266.666504,4318.461426,4297.051270,4281.153809,4266.025879,4335.641113,4400.000000,4293.461426,4272.179688,4474.102539,4509.102539,4328.846191,4406.538574,0.000000,1.000000,22.000000,,,,0.000000,2.000000,2.000000,0.000000,4.000000,2.000000,2.000000,0.000000,0.000000,4.000000,4.000000,4.000000,4.000000,4.000000,4.000000,0.000000,,,,,,,,,,,,,,,,,,,,,,,,,,,,
1732157950.107823,1732157950.111508,46.000000,0.000000,4281.794922,4265.769043,4316.666504,4296.410156,4285.256348,4262.820313,4335.641113,4396.025879,4280.641113,4264.358887,4471.794922,4507.051270,4324.487305,4405.000000,0.000000,1.000000,22.000000,,,,0.000000,2.000000,2.000000,0.000000,4.000000,2.000000,2.000000,0.000000,0.000000,4.000000,4.000000,4.000000,4.000000,4.000000,4.000000,0.000000,,,,,,,,,,,,,,,,,,,,,,,,,,,,
1732157950.115632,1732157950.119316,47.000000,0.000000,4283.461426,4264.230957,4315.512695,4301.794922,4267.820313,4271.282227,4335.641113,4400.000000,4277.307617,4263.077148,4475.512695,4507.051270,4331.666504,4409.743652,0.000000,1.000000,22.000000,,,,0.000000,2.000000,2.000000,0.000000,4.000000,2.000000,2.000000,0.000000,0.000000,4.000000,4.000000,4.000000,4.000000,4.000000,4.000000,0.000000,,,,,,,,,,,,,,,,,,,,,,,,,,,,
1732157950.123440,1732157950.127224,48.000000,0.000000,4282.051270,4264.615234,4315.128418,4303.846191,4256.538574,4282.563965,4335.641113,4401.794922,4289.102539,4270.000000,4477.948730,4510.000000,4332.436035,4413.333496,0.000000,1.000000,22.000000,,,,0.000000,2.000000,2.000000,0.000000,4.000000,2.000000,2.000000,0.000000,0.000000,4.000000,4.000000,4.000000,4.000000,4.000000,4.000000,0.000000,,,,,,,,,,,,,,,,,12.000000,0.000000,0.495404,0.454407,-0.568237,0.474548,0.977658,-0.093273,-0.069833,-36.396477,44.641323,31.333395
1732157950.131248,1732157950.135032,49.000000,0.000000,4279.487305,4265.256348,4316.282227,4301.025879,4265.769043,4275.128418,4335.641113,4399.358887,4294.871582,4275.384766,4476.794922,4508.077148,4325.769043,4406.410156,0.000000,1.000000,22.000000,,,,0.000000,2.000000,2.000000,0.000000,4.000000,2.000000,2.000000,0.000000,0.000000,4.000000,4.000000,4.000000,4.000000,4.000000,4.000000,0.000000,,,,,,,,,,,,,,,,,,,,,,,,,,,,
1732157950.139057,1732157950.142641,50.000000,0.000000,4278.974121,4265.256348,4319.230957,4301.410156,4268.205078,4269.102539,4335.641113,4400.000000,4295.897461,4279.615234,4476.153809,4504.743652,4327.179688,4398.333496,0.000000,1.000000,22.000000,,,,0.000000,2.000000,2.000000,0.000000,4.000000,2.000000,2.000000,0.000000,0.000000,4.000000,4.000000,4.000000,4.000000,4.000000,4.000000,0.000000,,,,,,,,,,,,,,,,,,,,,,,,,,,,
1732157950.146865,1732157950.150449,51.000000,0.000000,4278.846191,4264.358887,4317.563965,4302.948730,4268.589844,4276.538574,4335.641113,4400.256348,4298.589844,4281.794922,4476.410156,4506.410156,4330.769043,4401.410156,0.000000,1.000000,22.000000,,,,0.000000,2.000000,2.000000,0.000000,4.000000,2.000000,2.000000,0.000000,0.000000,4.000000,4.000000,4.000000,4.000000,4.000000,4.000000,0.000000,,,,,,,,,,,,,,,,,,,,,,,,,,,,
1732157950.154673,1732157950.158157,52.000000,0.000000,4278.846191,4263.077148,4314.230957,4300.256348,4288.461426,4273.974121,4335.641113,4399.487305,4298.333496,4280.641113,4474.230957,4507.820313,4329.230957,4403.717773,0.000000,1.000000,22.000000,,,,0.000000,2.000000,2.000000,0.000000,4.000000,2.000000,2.000000,0.000000,0.000000,4.000000,4.000000,4.000000,4.000000,4.000000,4.000000,0.000000,,,,,,,,,,,,,,,,,13.000000,0.000000,0.495390,0.454346,-0.568298,0.474548,0.963497,-0.083506,-0.047369,-36.619480,44.529469,31.311716
1732157950.162481,1732157950.165965,53.000000,0.000000,4279.615234,4264.358887,4315.897461,4300.384766,4290.769043,4269.230957,4335.641113,4400.128418,4294.487305,4278.846191,4471.025879,4505.256348,4326.538574,4398.717773,0.000000,1.000000,22.000000,,,,0.000000,2.000000,2.000000,0.000000,4.000000,2.000000,2.000000,0.000000,0.000000,4.000000,4.000000,4.000000,4.000000,4.000000,4.000000,0.000000,,,,,,,,,,,,,,,,,,,,,,,,,,,,
1732157950.170289,1732157950.173574,54.000000,0.000000,4279.743652,4266.153809,4316.794922,4307.051270,4266.794922,4278.589844,4335.641113,4398.846191,4293.205078,4279.230957,4471.025879,4502.692383,4325.897461,4398.077148,0.000000,1.000000,22.000000,,,,0.000000,2.000000,2.000000,0.000000,4.000000,2.000000,2.000000,0.000000,0.000000,4.000000,4.000000,4.000000,4.000000,4.000000,4.000000,0.000000,,,,,,,,,,,,,,,,,,,,,,,,,,,,
1732157950.178098,1732157950.181382,55.000000,0.000000,4281.410156,4265.128418,4314.615234,4308.077148,4260.128418,4280.897461,4335.641113,4399.358887,4296.666504,4281.410156,4474.230957,4505.897461,4328.461426,4404.487305,0.000000,1.000000,22.000000,,,,0.000000,2.000000,2.000000,0.000000,4.000000,2.000000,2.000000,0.000000,0.000000,4.000000,4.000000,4.000000,4.000000,4.000000,4.000000,0.000000,,,,,,,,,,,,,,,,,,,,,,,,,,,,
1732157950.185906,1732157950.189090,56.000000,0.000000,4283.717773,4263.846191,4316.153809,4300.512695,4270.512695,4272.563965,4335.641113,4401.025879,4296.666504,4282.179688,4476.282227,4508.846191,4332.307617,4408.589844,0.000000,1.000000,22.000000,,,,0.000000,2.000000,2.000000,0.000000,4.000000,2.000000,2.000000,0.000000,0.000000,4.000000,4.000000,4.000000,4.000000,4.000000,4.000000,0.000000,,,,,,,,,,,,,,,,,14.000000,0.000000,0.495289,0.454468,-0.568237,0.474609,0.975705,-0.097180,-0.047369,-36.650112,44.422203,31.160824
1732157950.193714,1732157950.196899,57.000000,0.000000,4283.589844,4264.230957,4318.717773,4295.641113,4275.769043,4267.692383,4335.641113,4398.974121,4295.000000,4281.282227,4478.589844,4507.692383,4335.256348,4411.025879,0.000000,1.000000,22.000000,,,,0.000000,2.000000,2.000000,0.000000,4.000000,2.000000,2.000000,0.000000,0.000000,4.000000,4.000000,4.000000,4.000000,4.000000,4.000000,0.000000,,,,,,,,,,,,,,,,,,,,,,,,,,,,
1732157950.201522,1732157950.204507,58.000000,0.000000,4283.077148,4264.871582,4318.333496,4296.538574,4278.205078,4267.179688,4335.641113,4398.717773,4296.153809,4280.769043,4479.487305,4511.538574,4333.974121,4412.051270,0.000000,1.000000,22.000000,,,,0.000000,2.000000,2.000000,0.000000,4.000000,2.000000,2.000000,0.000000,0.000000,4.000000,4.000000,4.000000,4.000000,4.000000,4.000000,0.000000,,,,,,,,,,,,,,,,,,,,,,,,,,,,
1732157950.209331,1732157950.212315,59.000000,0.000000,4283.333496,4264.358887,4314.615234,4299.230957,4275.641113,4272.179688,4335.641113,4401.025879,4297.948730,4281.153809,4476.922852,4515.897461,4328.205078,4410.769043,0.000000,1.000000,22.000000,,,,0.000000,2.000000,2.000000,0.000000,4.000000,2.000000,2.000000,0.000000,0.000000,4.000000,4.000000,4.000000,4.000000,4.000000,4.000000,0.000000,,,,,,,,,,,,,,,,,,,,,,,,,,,,
1732157950.217139,1732157950.220023,60.000000,0.000000,4283.717773,4262.563965,4310.641113,4297.051270,4278.205078,4274.743652,4335.641113,4398.205078,4300.256348,4281.153809,4475.000000,4509.358887,4326.153809,4410.641113,0.000000,1.000000,22.000000,,,,0.000000,2.000000,2.000000,0.000000,4.000000,2.000000,2.000000,0.000000,0.000000,4.000000,4.000000,4.000000,4.000000,4.000000,4.000000,0.000000,,,,,,,,,,,,,,,,,15.000000,0.000000,0.495287,0.454407,-0.568237,0.474670,0.989379,-0.087413,-0.062996,-36.526588,44.468651,31.288601
1732157950.224947,1732157950.227832,61.000000,0.000000,4281.794922,4261.922852,4312.563965,4295.000000,4290.384766,4264.871582,4335.641113,4395.641113,4306.282227,4278.974121,4476.666504,4504.230957,4327.436035,4410.384766,0.000000,1.000000,22.000000,,,,0.000000,2.000000,2.000000,0.000000,4.000000,2.000000,2.000000,0.000000,0.000000,4.000000,4.000000,4.000000,4.000000,4.000000,4.000000,0.000000,,,,,,,,,,,,,,,,,,,,,,,,,,,,
1732157950.232756,1732157950.235440,62.000000,0.000000,4281.666504,4263.077148,4318.461426,4300.384766,4278.205078,4263.589844,4335.641113,4400.000000,4306.666504,4279.615234,4477.692383,4513.077148,4327.692383,4410.384766,0.000000,1.000000,22.000000,,,,0.000000,2.000000,2.000000,0.000000,4.000000,2.000000,2.000000,0.000000,0.000000,4.000000,4.000000,4.000000,4.000000,4.000000,4.000000,0.000000,,,,,,,,,,,,,,,,,,,,,,,,,,,,
1732157950.240564,1732157950.243248,63.000000,0.000000,4285.769043,4263.333496,4317.948730,4306.666504,4256.282227,4274.487305,4335.641113,4401.282227,4298.717773,4277.948730,4475.384766,4515.897461,4325.769043,4410.641113,0.000000,1.000000,22.000000,,,,0.000000,2.000000,2.000000,0.000000,4.000000,2.000000,2.000000,0.000000,0.000000,4.000000,4.000000,4.000000,4.000000,4.000000,4.000000,0.000000,,,,,,,,,,,,,,,,,,,,,,,,,,,,
1732157950.248372,1732157950.250957,64.000000,0.000000,4287.948730,4264.358887,4316.666504,4308.205078,4264.358887,4278.589844,4335.641113,4398.205078,4293.846191,4269.230957,4473.205078,4508.333496,4325.128418,4410.000000,0.000000,1.000000,22.000000,,,,0.000000,2.000000,2.000000,0.000000,4.000000,2.000000,2.000000,0.000000,0.000000,4.000000,4.000000,4.000000,4.000000,4.000000,4.000000,0.000000,,,,,,,,,,,,,,,,,16.000000,0.000000,0.495158,0.454407,-0.568298,0.474731,0.977658,-0.091808,-0.063484,-36.648205,44.537941,31.202099
1732157950.256180,1732157950.258765,65.000000,0.000000,4288.846191,4266.666504,4319.230957,4308.461426,4273.205078,4278.589844,4335.641113,4399.230957,4295.897461,4270.512695,4474.743652,4506.794922,4326.538574,4411.538574,1601.000000,1.000000,22.000000,,,,0.000000,2.000000,2.000000,0.000000,4.000000,2.000000,2.000000,0.000000,0.000000,4.000000,4.000000,4.000000,4.000000,4.000000,4.000000,0.000000,,,,,,,,,,,,,,,,,,,,,,,,,,,,
1732157950.263988,1732157950.266773,66.000000,0.000000,4289.743652,4266.538574,4317.692383,4307.436035,4276.666504,4276.410156,4335.641113,4400.384766,4295.897461,4275.769043,4477.563965,4507.820313,4328.333496,4413.077148,1364.000000,1.000000,22.000000,,,,0.000000,2.000000,2.000000,0.000000,4.000000,2.000000,2.000000,0.000000,0.000000,4.000000,4.000000,4.000000,4.000000,4.000000,4.000000,0.000000,,,,,,,,,,,,,,,,,,,,,,,,,,,,
1732157950.271797,1732157950.274581,67.000000,0.000000,4290.128418,4265.641113,4315.512695,4306.025879,4288.077148,4268.846191,4335.641113,4398.846191,4294.230957,4271.922852,4477.820313,4506.025879,4328.589844,4411.538574,1426.000000,1.000000,22.000000,,,,0.000000,2.000000,2.000000,0.000000,4.000000,2.000000,2.000000,0.000000,0.000000,4.000000,4.000000,4.000000,4.000000,4.000000,4.000000,0.000000,,,,,,,,,,,,,,,,,,,,,,,,,,,,
1732157950.279605,1732157950.282489,68.000000,0.000000,4286.922852,4266.025879,4317.436035,4306.153809,4275.512695,4270.769043,4335.641113,4398.974121,4297.436035,4273.077148,4477.051270,4505.641113,4326.538574,4407.948730,1431.000000,1.000000,22.000000,,,,0.000000,2.000000,2.000000,0.000000,4.000000,2.000000,2.000000,0.000000,0.000000,4.000000,4.000000,4.000000,4.000000,4.000000,4.000000,0.000000,,,,,,,,,,,,,,,,,17.000000,0.000000,0.495273,0.454346,-0.568298,0.474670,0.995727,-0.085948,-0.061531,-36.805046,44.527401,31.332035
1732157950.287413,1732157950.290297,69.000000,0.000000,4282.436035,4265.641113,4316.794922,4307.179688,4256.538574,4280.384766,4335.512695,4400.256348,4298.077148,4281.538574,4477.051270,4507.179688,4327.051270,4403.589844,1209.000000,1.000000,22.000000,,,,0.000000,2.000000,2.000000,0.000000,4.000000,2.000000,2.000000,0.000000,0.000000,4.000000,4.000000,4.000000,4.000000,4.000000,4.000000,0.000000,,,,,,,,,,,,,,,,,,,,,,,,,,,,
1732157950.295221,1732157950.297906,70.000000,0.000000,4280.769043,4265.897461,4314.102539,4306.666504,4269.358887,4280.128418,4335.897461,4399.615234,4296.922852,4279.743652,4476.666504,4505.384766,4328.589844,4398.846191,0.000000,1.000000,22.000000,,,,0.000000,2.000000,2.000000,0.000000,4.000000,2.000000,2.000000,0.000000,0.000000,4.000000,4.000000,4.000000,4.000000,4.000000,4.000000,0.000000,,,,,,,,,,,,,,,,,,,,,,,,,,,,
1732157950.303030,1732157950.305714,71.000000,0.000000,4281.025879,4266.410156,4317.307617,4305.128418,4277.692383,4274.743652,4335.384766,4400.512695,4301.153809,4272.820313,4474.358887,4504.871582,4324.358887,4392.563965,0.000000,1.000000,22.000000,,,,0.000000,2.000000,2.000000,0.000000,4.000000,2.000000,2.000000,0.000000,0.000000,4.000000,4.000000,4.000000,4.000000,4.000000,4.000000,0.000000,,,,,,,,,,,,,,,,,,,,,,,,,,,,
1732157950.310838,1732157950.313422,72.000000,0.000000,4279.358887,4264.102539,4319.230957,4303.717773,4267.436035,4273.974121,4335.128418,4400.512695,4302.820313,4272.820313,4473.333496,4505.512695,4322.179688,4388.589844,1529.000000,1.000000,22.000000,,,,0.000000,2.000000,2.000000,0.000000,4.000000,2.000000,2.000000,0.000000,0.000000,4.000000,4.000000,4.000000,4.000000,4.000000,4.000000,0.000000,,,,,,,,,,,,,,,,,18.000000,0.000000,0.495175,0.454529,-0.568237,0.474670,0.973263,-0.091808,-0.066414,-37.065422,44.435528,31.437281
1732157950.318646,1732157950.321230,73.000000,0.000000,4278.589844,4261.794922,4316.794922,4302.692383,4276.410156,4271.153809,4335.512695,4397.820313,4296.666504,4271.410156,4474.743652,4503.974121,4325.512695,4392.179688,1685.000000,1.000000,22.000000,,,,0.000000,2.000000,2.000000,0.000000,4.000000,2.000000,2.000000,0.000000,0.000000,4.000000,4.000000,4.000000,4.000000,4.000000,4.000000,0.000000,,,,,,,,,,,,,,,,,,,,,,,,,,,,
1732157950.326455,1732157950.328839,74.000000,0.000000,4281.794922,4262.307617,4315.256348,4302.179688,4288.461426,4267.436035,4335.000000,4397.820313,4293.974121,4270.000000,4474.871582,4503.205078,4326.153809,4397.436035,1548.000000,1.000000,22.000000,,,,0.000000,2.000000,2.000000,0.000000,4.000000,2.000000,2.000000,0.000000,0.000000,4.000000,4.000000,4.000000,4.000000,4.000000,4.000000,0.000000,,,,,,,,,,,,,,,,,,,,,,,,,,,,
1732157950.334263,1732157950.336647,75.000000,0.000000,4282.820313,4265.000000,4317.179688,4304.102539,4273.974121,4268.846191,4333.974121,4399.230957,4294.615234,4267.436035,4473.846191,4505.512695,4322.692383,4398.205078,1564.000000,1.000000,22.000000,,,,0.000000,2.000000,2.000000,0.000000,4.000000,2.000000,2.000000,0.000000,0.000000,4.000000,4.000000,4.000000,4.000000,4.000000,4.000000,0.000000,,,,,,,,,,,,,,,,,,,,,,,,,,,,
1732157950.342071,1732157950.344555,76.000000,0.000000,4283.974121,4266.538574,4317.692383,4306.025879,4257.692383,4269.871582,4334.358887,4398.205078,4293.205078,4267.179688,4477.436035,4508.205078,4326.922852,4399.358887,1703.000000,1.000000,22.000000,,,,0.000000,2.000000,2.000000,0.000000,4.000000,2.000000,2.000000,0.000000,0.000000,4.000000,4.000000,4.000000,4.000000,4.000000,4.000000,0.000000,,,,,,,,,,,,,,,,,19.000000,0.000000,0.495163,0.454529,-0.568298,0.474609,0.967403,-0.079600,-0.061043,-36.961323,44.436111,31.402531
1732157950.349879,1732157950.352363,77.000000,0.000000,4288.846191,4264.743652,4316.025879,4301.922852,4259.102539,4269.358887,4336.282227,4399.615234,4296.794922,4273.589844,4482.692383,4512.692383,4333.589844,4400.384766,1606.000000,1.000000,22.000000,,,,0.000000,2.000000,2.000000,0.000000,4.000000,2.000000,2.000000,0.000000,0.000000,4.000000,4.000000,4.000000,4.000000,4.000000,4.000000,0.000000,,,,,,,,,,,,,,,,,,,,,,,,,,,,
1732157950.357687,1732157950.360371,78.000000,0.000000,4287.051270,4262.436035,4314.230957,4297.051270,4277.051270,4266.153809,4336.282227,4403.077148,4304.487305,4278.077148,4481.025879,4513.846191,4331.410156,4397.563965,1548.000000,1.000000,22.000000,,,,0.000000,2.000000,2.000000,0.000000,4.000000,2.000000,2.000000,0.000000,0.000000,4.000000,4.000000,4.000000,4.000000,4.000000,4.000000,0.000000,1.000000,0.000000,1.000000,1.000000,0.000000,1.000000,1.000000,1.000000,0.000000,0.000000,4.000000,4.000000,1.000000,4.000000,3.000000,4.000000,,,,,,,,,,,,
1732157950.365496,1732157950.368180,79.000000,0.000000,4283.846191,4265.128418,4316.410156,4300.641113,4285.000000,4267.051270,4333.974121,4401.666504,4305.000000,4276.410156,4478.077148,4510.000000,4328.205078,4399.615234,1564.000000,1.000000,22.000000,,,,0.000000,2.000000,2.000000,0.000000,4.000000,2.000000,2.000000,0.000000,0.000000,4.000000,4.000000,4.000000,4.000000,4.000000,4.000000,0.000000,,,,,,,,,,,,,,,,,,,,,,,,,,,,
1732157950.373304,1732157950.376088,80.000000,0.000000,4286.025879,4267.692383,4319.102539,4305.769043,4267.692383,4275.769043,4333.205078,4398.205078,4299.102539,4277.307617,4480.128418,4507.051270,4329.102539,4404.871582,1703.000000,1.000000,22.000000,,,,0.000000,2.000000,2.000000,0.000000,4.000000,2.000000,2.000000,0.000000,0.000000,4.000000,4.000000,4.000000,4.000000,4.000000,4.000000,0.000000,,,,,,,,,,,,,,,,,20.000000,0.000000,0.495233,0.454529,-0.568237,0.474609,0.978635,-0.082530,-0.056648,-36.940338,44.234917,31.381050
1732157950.381112,1732157950.383896,81.000000,0.000000,4285.769043,4263.333496,4314.871582,4306.922852,4256.153809,4281.025879,4334.871582,4398.846191,4295.256348,4275.384766,4479.358887,4504.102539,4329.230957,4402.307617,1606.000000,1.000000,22.000000,,,,0.000000,2.000000,2.000000,0.000000,4.000000,2.000000,2.000000,0.000000,0.000000,4.000000,4.000000,4.000000,4.000000,4.000000,4.000000,0.000000,,,,,,,,,,,,,,,,,,,,,,,,,,,,
1732157950.388920,1732157950.391904,82.000000,0.000000,4287.179688,4266.922852,4310.769043,4308.717773,4270.641113,4277.179688,4336.282227,4401.794922,4295.897461,4267.436035,4474.743652,4502.436035,4327.692383,4397.179688,1548.000000,1.000000,22.000000,,,,0.000000,2.000000,2.000000,0.000000,4.000000,2.000000,2.000000,0.000000,0.000000,4.000000,4.000000,4.000000,4.000000,4.000000,4.000000,0.000000,,,,,,,,,,,,,,,,,,,,,,,,,,,,
1732157950.396729,1732157950.399712,83.000000,0.000000,4292.948730,4275.641113,4314.230957,4311.794922,4279.743652,4277.051270,4335.897461,4401.794922,4297.179688,4268.974121,4475.256348,4504.487305,4327.307617,4397.307617,1564.000000,1.000000,22.000000,,,,0.000000,2.000000,2.000000,0.000000,4.000000,2.000000,2.000000,0.000000,0.000000,4.000000,4.000000,4.000000,4.000000,4.000000,4.000000,0.000000,,,,,,,,,,,,,,,,,,,,,,,,,,,,
1732157950.404537,1732157950.407420,84.000000,0.000000,4292.948730,4271.538574,4317.692383,4310.897461,4274.615234,4280.897461,4335.512695,4398.846191,4296.282227,4272.820313,4477.563965,4506.282227,4327.820313,4399.230957,1703.000000,1.000000,22.000000,,,,0.000000,2.000000,2.000000,0.000000,4.000000,2.000000,2.000000,0.000000,0.000000,4.000000,4.000000,4.000000,4.000000,4.000000,4.000000,0.000000,,,,,,,,,,,,,,,,,21.000000,0.000000,0.495086,0.454651,-0.568115,0.474792,0.970333,-0.093273,-0.051764,-36.893341,44.281948,31.331984
1732157950.412345,1732157950.415229,85.000000,0.000000,4290.641113,4265.000000,4316.410156,4308.717773,4288.846191,4277.948730,4334.871582,4399.230957,4293.846191,4265.128418,4473.333496,4503.974121,4327.179688,4394.615234,1606.000000,1.000000,22.000000,,,,0.000000,2.000000,2.000000,0.000000,4.000000,2.000000,2.000000,0.000000,0.000000,4.000000,4.000000,4.000000,4.000000,4.000000,4.000000,0.000000,,,,,,,,,,,,,,,,,,,,,,,,,,,,
1732157950.420154,1732157950.423237,86.000000,0.000000,4294.358887,4268.974121,4314.615234,4308.461426,4299.615234,4276.794922,4334.743652,4401.538574,4294.615234,4260.128418,4470.897461,4503.589844,4325.897461,4389.102539,1548.000000,1.000000,22.000000,,,,0.000000,2.000000,2.000000,0.000000,4.000000,2.000000,2.000000,0.000000,0.000000,4.000000,4.000000,4.000000,4.000000,4.000000,4.000000,0.000000,,,,,,,,,,,,,,,,,,,,,,,,,,,,
1732157950.427962,1732157950.431045,87.000000,0.000000,4293.589844,4271.410156,4315.512695,4310.769043,4278.589844,4284.358887,4335.000000,4401.025879,4297.820313,4266.794922,4473.974121,4505.512695,4324.743652,4390.256348,1564.000000,1.000000,22.000000,,,,0.000000,2.000000,2.000000,0.000000,4.000000,2.000000,2.000000,0.000000,0.000000,4.000000,4.000000,4.000000,4.000000,4.000000,4.000000,0.000000,,,,,,,,,,,,,,,,,,,,,,,,,,,,
1732157950.435770,1732157950.438953,88.000000,0.000000,4282.948730,4266.922852,4317.436035,4310.641113,4266.153809,4285.769043,4334.743652,4400.512695,4298.077148,4267.436035,4474.743652,4504.358887,4325.000000,4389.230957,1703.000000,1.000000,22.000000,,,,0.000000,2.000000,2.000000,0.000000,4.000000,2.000000,2.000000,0.000000,0.000000,4.000000,4.000000,4.000000,4.000000,4.000000,4.000000,0.000000,,,,,,,,,,,,,,,,,22.000000,0.000000,0.495086,0.454651,-0.568115,0.474792,0.980100,-0.099622,-0.049322,-36.840275,44.260044,31.307240
1732157950.443578,1732157950.446761,89.000000,0.000000,4277.820313,4265.384766,4316.538574,4306.666504,4284.102539,4279.871582,4334.871582,4400.000000,4294.615234,4262.692383,4473.077148,4500.384766,4326.538574,4383.589844,1606.000000,1.000000,22.000000,,,,0.000000,2.000000,2.000000,0.000000,4.000000,2.000000,2.000000,0.000000,0.000000,4.000000,4.000000,4.000000,4.000000,4.000000,4.000000,0.000000,,,,,,,,,,,,,,,,,,,,,,,,,,,,
1732157950.451386,1732157950.454769,90.000000,0.000000,4282.820313,4265.512695,4314.102539,4306.666504,4286.922852,4279.487305,4334.871582,4399.358887,4301.538574,4274.230957,4473.846191,4499.871582,4328.461426,4388.846191,1548.000000,1.000000,22.000000,,,,0.000000,2.000000,2.000000,0.000000,4.000000,2.000000,2.000000,0.000000,0.000000,4.000000,4.000000,4.000000,4.000000,4.000000,4.000000,0.000000,,,,,,,,,,,,,,,,,,,,,,,,,,,,
1732157950.459195,1732157950.462577,91.000000,0.000000,4289.871582,4265.256348,4314.487305,4306.922852,4265.897461,4282.820313,4334.871582,4400.128418,4309.615234,4283.205078,4475.384766,4504.871582,4328.846191,4395.641113,1564.000000,1.000000,22.000000,,,,0.000000,2.000000,2.000000,0.000000,4.000000,2.000000,2.000000,0.000000,0.000000,4.000000,4.000000,4.000000,4.000000,4.000000,4.000000,0.000000,,,,,,,,,,,,,,,,,,,,,,,,,,,,
1732157950.467003,1732157950.470485,92.000000,0.000000,4288.205078,4265.512695,4318.717773,4300.769043,4261.153809,4279.358887,4334.871582,4401.025879,4302.307617,4275.897461,4475.256348,4507.307617,4328.333496,4391.666504,1703.000000,1.000000,22.000000,,,,0.000000,2.000000,2.000000,0.000000,4.000000,2.000000,2.000000,0.000000,0.000000,4.000000,4.000000,4.000000,4.000000,4.000000,4.000000,0.000000,,,,,,,,,,,,,,,,,23.000000,0.000000,0.495016,0.454651,-0.568176,0.474792,0.980588,-0.103040,-0.056648,-36.778954,44.488968,31.350531
1732157950.474811,1732157950.478294,93.000000,0.000000,4280.512695,4263.333496,4320.000000,4298.077148,4272.307617,4279.102539,4334.871582,4400.000000,4297.436035,4271.794922,4475.384766,4507.307617,4328.974121,4392.179688,1606.000000,1.000000,22.000000,,,,0.000000,2.000000,2.000000,0.000000,4.000000,2.000000,2.000000,0.000000,0.000000,4.000000,4.000000,4.000000,4.000000,4.000000,4.000000,0.000000,,,,,,,,,,,,,,,,,,,,,,,,,,,,
1732157950.482619,1732157950.486302,94.000000,0.000000,4281.794922,4262.820313,4317.948730,4302.179688,4285.769043,4279.743652,4334.871582,4397.948730,4299.871582,4272.307617,4476.025879,4508.974121,4328.205078,4400.897461,1548.000000,1.000000,22.000000,,,,0.000000,2.000000,2.000000,0.000000,4.000000,2.000000,2.000000,0.000000,0.000000,4.000000,4.000000,4.000000,4.000000,4.000000,4.000000,0.000000,,,,,,,,,,,,,,,,,,,,,,,,,,,,
1732157950.490428,1732157950.494110,95.000000,0.000000,4289.871582,4264.230957,4315.256348,4303.846191,4286.922852,4271.410156,4334.871582,4397.948730,4296.025879,4268.717773,4475.384766,4510.256348,4326.666504,4402.948730,1564.000000,1.000000,22.000000,,,,0.000000,2.000000,2.000000,0.000000,4.000000,2.000000,2.000000,0.000000,0.000000,4.000000,4.000000,4.000000,4.000000,4.000000,4.000000,0.000000,,,,,,,,,,,,,,,,,,,,,,,,,,,,
1732157950.498236,1732157950.501818,96.000000,0.000000,4289.615234,4265.128418,4314.615234,4302.051270,4271.282227,4267.051270,4334.871582,4399.230957,4292.436035,4266.410156,4474.487305,4510.897461,4323.717773,4400.384766,1703.000000,1.000000,22.000000,,,,0.000000,2.000000,2.000000,0.000000,4.000000,2.000000,2.000000,0.000000,0.000000,4.000000,4.000000,4.000000,4.000000,4.000000,4.000000,0.000000,,,,,,,,,,,,,,,,,24.000000,0.000000,0.495027,0.454651,-0.568115,0.474854,0.979123,-0.089855,-0.053717,-36.722618,44.772732,31.405598
1732157950.506044,1732157950.509626,97.000000,0.000000,4283.333496,4264.743652,4316.410156,4300.128418,4256.153809,4271.666504,4334.871582,4399.743652,4296.794922,4267.179688,4475.000000,4510.000000,4319.615234,4399.743652,1606.000000,1.000000,22.000000,,,,0.000000,2.000000,2.000000,0.000000,4.000000,2.000000,2.000000,0.000000,0.000000,4.000000,4.000000,4.000000,4.000000,4.000000,4.000000,0.000000,,,,,,,,,,,,,,,,,,,,,,,,,,,,
1732157950.513852,1732157950.517235,98.000000,0.000000,4282.692383,4262.692383,4316.025879,4296.282227,4258.333496,4275.128418,4334.871582,4399.615234,4298.717773,4268.205078,4475.769043,4506.153809,4321.410156,4399.102539,1548.000000,1.000000,22.000000,,,,0.000000,2.000000,2.000000,0.000000,4.000000,2.000000,2.000000,0.000000,0.000000,4.000000,4.000000,4.000000,4.000000,4.000000,4.000000,0.000000,,,,,,,,,,,,,,,,,,,,,,,,,,,,
1732157950.521661,1732157950.525043,99.000000,0.000000,4283.461426,4259.230957,4315.000000,4294.230957,4278.333496,4275.000000,4334.871582,4401.282227,4295.897461,4269.615234,4475.897461,4505.897461,4326.153809,4399.358887,1564.000000,1.000000,22.000000,,,,0.000000,2.000000,2.000000,0.000000,4.000000,2.000000,2.000000,0.000000,0.000000,4.000000,4.000000,4.000000,4.000000,4.000000,4.000000,0.000000,,,,,,,,,,,,,,,,,,,,,,,,,,,,
1732157950.529469,1732157950.532751,100.000000,0.000000,4281.666504,4259.487305,4314.102539,4298.205078,4287.563965,4277.307617,4334.871582,4400.128418,4295.256348,4267.820313,4477.307617,4506.282227,4326.410156,4398.333496,1703.000000,1.000000,22.000000,,,,0.000000,2.000000,2.000000,0.000000,4.000000,2.000000,2.000000,0.000000,0.000000,4.000000,4.000000,4.000000,4.000000,4.000000,4.000000,0.000000,,,,,,,,,,,,,,,,,25.000000,0.000000,0.494823,0.454834,-0.567993,0.475037,0.981565,-0.077158,-0.064461,-36.683655,44.959248,31.426867
1732157950.537277,1732157950.540560,101.000000,0.000000,4281.153809,4263.205078,4315.384766,4299.358887,4273.333496,4280.769043,4334.871582,4396.410156,4294.487305,4264.102539,4476.794922,4504.743652,4324.871582,4395.769043,1606.000000,1.000000,22.000000,,,,0.000000,2.000000,2.000000,0.000000,4.000000,2.000000,2.000000,0.000000,0.000000,4.000000,4.000000,4.000000,4.000000,4.000000,4.000000,0.000000,,,,,,,,,,,,,,,,,,,,,,,,,,,,
1732157950.545085,1732157950.548168,102.000000,0.000000,4279.871582,4265.641113,4315.256348,4296.666504,4262.179688,4282.051270,4334.871582,4398.205078,4296.794922,4266.153809,4473.846191,4504.743652,4323.205078,4393.846191,1548.000000,1.000000,22.000000,,,,0.000000,2.000000,2.000000,0.000000,4.000000,2.000000,2.000000,0.000000,0.000000,4.000000,4.000000,4.000000,4.000000,4.000000,4.000000,0.000000,,,,,,,,,,,,,,,,,,,,,,,,,,,,
1732157950.552894,1732157950.555976,103.000000,0.000000,4279.743652,4265.128418,4315.000000,4296.025879,4275.769043,4283.333496,4334.871582,4400.641113,4298.846191,4266.794922,4473.846191,4504.487305,4318.974121,4393.846191,1564.000000,1.000000,22.000000,,,,0.000000,2.000000,2.000000,0.000000,4.000000,2.000000,2.000000,0.000000,0.000000,4.000000,4.000000,4.000000,4.000000,4.000000,4.000000,0.000000,,,,,,,,,,,,,,,,,,,,,,,,,,,,
1732157950.560702,1732157950.563685,104.000000,0.000000,4280.384766,4261.922852,4315.000000,4295.384766,4293.333496,4278.333496,4334.871582,4399.230957,4295.384766,4262.948730,4475.641113,4504.358887,4317.051270,4395.384766,1703.000000,1.000000,22.000000,,,,0.000000,2.000000,2.000000,0.000000,4.000000,2.000000,2.000000,0.000000,0.000000,4.000000,4.000000,4.000000,4.000000,4.000000,4.000000,0.000000,,,,,,,,,,,,,,,,,26.000000,0.000000,0.494983,0.454712,-0.568054,0.474915,0.981565,-0.077158,-0.064461,-36.585426,44.871990,31.630762
1732157950.568510,1732157950.571493,105.000000,0.000000,4280.641113,4262.820313,4315.256348,4297.179688,4285.128418,4270.897461,4334.871582,4400.000000,4295.512695,4265.384766,4475.641113,4507.307617,4321.410156,4395.897461,1606.000000,1.000000,22.000000,,,,0.000000,2.000000,2.000000,0.000000,4.000000,2.000000,2.000000,0.000000,0.000000,4.000000,4.000000,4.000000,4.000000,4.000000,4.000000,0.000000,,,,,,,,,,,,,,,,,,,,,,,,,,,,
1732157950.576318,1732157950.579101,106.000000,0.000000,4284.743652,4270.384766,4314.358887,4304.230957,4267.179688,4272.179688,4334.871582,4401.282227,4301.025879,4272.051270,4476.794922,4508.846191,4325.897461,4398.205078,1548.000000,1.000000,22.000000,,,,0.000000,2.000000,2.000000,0.000000,4.000000,2.000000,2.000000,0.000000,0.000000,4.000000,4.000000,4.000000,4.000000,4.000000,4.000000,0.000000,,,,,,,,,,,,,,,,,,,,,,,,,,,,
1732157950.584127,1732157950.586909,107.000000,0.000000,4287.692383,4271.666504,4315.000000,4305.641113,4259.230957,4279.102539,4334.871582,4400.641113,4301.282227,4271.025879,4478.461426,4507.820313,4327.179688,4399.487305,1564.000000,1.000000,22.000000,,,,0.000000,2.000000,2.000000,0.000000,4.000000,2.000000,2.000000,0.000000,0.000000,4.000000,4.000000,4.000000,4.000000,4.000000,4.000000,0.000000,,,,,,,,,,,,,,,,,,,,,,,,,,,,
1732157950.591935,1732157950.594817,108.000000,0.000000,4282.563965,4265.897461,4315.000000,4299.615234,4269.102539,4280.512695,4334.871582,4401.153809,4295.128418,4265.128418,4475.641113,4508.077148,4322.692383,4395.512695,1703.000000,1.000000,22.000000,,,,0.000000,2.000000,2.000000,0.000000,4.000000,2.000000,2.000000,0.000000,0.000000,4.000000,4.000000,4.000000,4.000000,4.000000,4.000000,0.000000,,,,,,,,,,,,,,,,,27.000000,0.000000,0.494924,0.454712,-0.568054,0.474976,0.973263,-0.087901,-0.057136,-36.519196,44.946312,31.594252
1732157950.599743,1732157950.602626,109.000000,0.000000,4280.256348,4264.487305,4314.230957,4299.230957,4289.871582,4279.102539,4334.743652,4403.589844,4294.487305,4264.487305,4473.205078,4508.846191,4319.102539,4389.358887,1606.000000,1.000000,22.000000,,,,0.000000,2.000000,2.000000,0.000000,4.000000,2.000000,2.000000,0.000000,0.000000,4.000000,4.000000,4.000000,4.000000,4.000000,4.000000,0.000000,,,,,,,,,,,,,,,,,,,,,,,,,,,,
1732157950.607551,1732157950.610234,110.000000,0.000000,4285.641113,4268.205078,4315.384766,4305.769043,4294.102539,4281.666504,4334.743652,4402.948730,4298.077148,4266.410156,4476.666504,4508.717773,4323.077148,4387.692383,1548.000000,1.000000,22.000000,,,,0.000000,2.000000,2.000000,0.000000,4.000000,2.000000,2.000000,0.000000,0.000000,4.000000,4.000000,4.000000,4.000000,4.000000,4.000000,0.000000,,,,,,,,,,,,,,,,,,,,,,,,,,,,
1732157950.615360,1732157950.618042,111.000000,0.000000,4286.410156,4269.871582,4314.615234,4307.692383,4278.974121,4282.692383,4334.871582,4400.000000,4298.333496,4271.153809,4479.487305,4509.358887,4325.897461,4391.922852,1564.000000,1.000000,22.000000,,,,0.000000,2.000000,2.000000,0.000000,4.000000,2.000000,2.000000,0.000000,0.000000,4.000000,4.000000,4.000000,4.000000,4.000000,4.000000,0.000000,,,,,,,,,,,,,,,,,,,,,,,,,,,,
1732157950.623168,1732157950.625751,112.000000,0.000000,4282.436035,4267.436035,4311.794922,4307.436035,4272.436035,4281.153809,4334.615234,4399.743652,4297.179688,4276.153809,4476.794922,4507.436035,4323.461426,4397.179688,1703.000000,1.000000,22.000000,,,,0.000000,2.000000,2.000000,0.000000,4.000000,2.000000,2.000000,0.000000,0.000000,4.000000,4.000000,4.000000,4.000000,4.000000,4.000000,0.000000,,,,,,,,,,,,,,,,,28.000000,0.000000,0.494924,0.454712,-0.568054,0.474976,0.970822,-0.086436,-0.057136,-36.575550,44.711514,31.574677
1732157950.630976,1732157950.633559,113.000000,0.000000,4281.538574,4265.384766,4314.743652,4309.615234,4278.333496,4281.153809,4334.871582,4403.077148,4297.436035,4271.410156,4474.230957,4506.153809,4321.922852,4394.358887,1606.000000,1.000000,22.000000,,,,0.000000,2.000000,2.000000,0.000000,4.000000,2.000000,2.000000,0.000000,0.000000,4.000000,4.000000,4.000000,4.000000,4.000000,4.000000,0.000000,,,,,,,,,,,,,,,,,,,,,,,,,,,,
1732157950.638784,1732157950.641167,114.000000,0.000000,4281.922852,4266.794922,4317.948730,4304.102539,4278.846191,4281.282227,4336.025879,4403.974121,4295.256348,4264.358887,4475.384766,4506.666504,4321.410156,4388.461426,1548.000000,1.000000,22.000000,,,,0.000000,2.000000,2.000000,0.000000,4.000000,2.000000,2.000000,0.000000,0.000000,4.000000,4.000000,4.000000,4.000000,4.000000,4.000000,0.000000,,,,,,,,,,,,,,,,,,,,,,,,,,,,
1732157950.646593,1732157950.648975,115.000000,0.000000,4280.384766,4266.666504,4313.589844,4296.538574,4288.461426,4279.615234,4336.538574,4400.000000,4291.153809,4262.179688,4470.641113,4503.333496,4316.922852,4386.538574,1564.000000,1.000000,22.000000,,,,0.000000,2.000000,2.000000,0.000000,4.000000,2.000000,2.000000,0.000000,0.000000,4.000000,4.000000,4.000000,4.000000,4.000000,4.000000,0.000000,,,,,,,,,,,,,,,,,,,,,,,,,,,,
1732157950.654401,1732157950.656684,116.000000,0.000000,4277.436035,4263.589844,4313.461426,4296.666504,4293.461426,4278.717773,4336.410156,4399.102539,4292.436035,4260.769043,4459.615234,4495.512695,4309.871582,4381.025879,1703.000000,1.000000,22.000000,,,,0.000000,2.000000,2.000000,0.000000,4.000000,2.000000,2.000000,0.000000,0.000000,4.000000,4.000000,4.000000,4.000000,4.000000,4.000000,0.000000,,,,,,,,,,,,,,,,,29.000000,0.000000,0.494879,0.454773,-0.567993,0.475037,0.970822,-0.086436,-0.057136,-36.339527,44.754658,31.538822
1732157950.662209,1732157950.664492,117.000000,0.000000,4276.025879,4263.333496,4316.153809,4298.077148,4268.846191,4281.153809,4336.410156,4402.051270,4296.794922,4260.641113,4457.436035,4493.717773,4306.025879,4379.102539,1606.000000,1.000000,22.000000,,,,0.000000,2.000000,2.000000,0.000000,4.000000,2.000000,2.000000,0.000000,0.000000,4.000000,4.000000,4.000000,4.000000,4.000000,4.000000,0.000000,,,,,,,,,,,,,,,,,,,,,,,,,,,,
1732157950.670017,1732157950.672100,118.000000,0.000000,4276.538574,4262.820313,4312.563965,4291.538574,4257.563965,4281.666504,4336.282227,4401.538574,4296.794922,4264.871582,4466.153809,4500.256348,4312.563965,4389.487305,1548.000000,1.000000,22.000000,,,,0.000000,2.000000,2.000000,0.000000,4.000000,2.000000,2.000000,0.000000,0.000000,4.000000,4.000000,4.000000,4.000000,4.000000,4.000000,0.000000,,,,,,,,,,,,,,,,,,,,,,,,,,,,
1732157950.677826,1732157950.679909,119.000000,0.000000,4279.615234,4262.436035,4311.153809,4291.410156,4271.282227,4279.358887,4336.794922,4399.743652,4297.051270,4272.179688,4473.333496,4506.410156,4323.589844,4397.820313,1564.000000,1.000000,22.000000,,,,0.000000,2.000000,2.000000,0.000000,4.000000,2.000000,2.000000,0.000000,0.000000,4.000000,4.000000,4.000000,4.000000,4.000000,4.000000,0.000000,,,,,,,,,,,,,,,,,,,,,,,,,,,,
1732157950.685634,1732157950.687817,120.000000,0.000000,4282.051270,4264.615234,4316.410156,4298.077148,4276.282227,4278.077148,4336.794922,4400.897461,4301.153809,4274.871582,4475.512695,4508.974121,4324.230957,4396.794922,1703.000000,1.000000,22.000000,,,,0.000000,2.000000,2.000000,0.000000,4.000000,2.000000,2.000000,0.000000,0.000000,4.000000,4.000000,4.000000,4.000000,4.000000,4.000000,0.000000,,,,,,,,,,,,,,,,,30.000000,0.000000,0.495380,0.454102,-0.568604,0.474426,0.971310,-0.104017,-0.053229,-36.268353,44.819607,31.859779
1732157950.693442,1732157950.695625,121.000000,0.000000,4282.307617,4264.615234,4316.282227,4295.897461,4282.820313,4276.538574,4335.384766,4401.538574,4297.051270,4267.307617,4475.128418,4509.230957,4320.384766,4395.897461,1606.000000,1.000000,22.000000,,,,0.000000,2.000000,2.000000,0.000000,4.000000,2.000000,2.000000,0.000000,0.000000,4.000000,4.000000,4.000000,4.000000,4.000000,4.000000,0.000000,,,,,,,,,,,,,,,,,,,,,,,,,,,,
1732157950.701250,1732157950.703233,122.000000,0.000000,4281.538574,4264.487305,4310.512695,4294.102539,4285.641113,4276.282227,4338.333496,4400.256348,4290.256348,4263.717773,4474.487305,4511.794922,4320.384766,4396.410156,1548.000000,1.000000,22.000000,,,,0.000000,2.000000,2.000000,0.000000,4.000000,2.000000,2.000000,0.000000,0.000000,4.000000,4.000000,4.000000,4.000000,4.000000,4.000000,0.000000,,,,,,,,,,,,,,,,,,,,,,,,,,,,
1732157950.709059,1732157950.711041,123.000000,0.000000,4281.025879,4266.538574,4309.358887,4299.102539,4268.589844,4279.487305,4340.897461,4398.846191,4298.846191,4274.871582,4477.820313,4520.384766,4323.205078,4396.794922,1564.000000,1.000000,22.000000,,,,0.000000,2.000000,2.000000,0.000000,4.000000,2.000000,2.000000,0.000000,0.000000,4.000000,4.000000,4.000000,4.000000,4.000000,4.000000,0.000000,,,,,,,,,,,,,,,,,,,,,,,,,,,,
1732157950.716867,1732157950.718750,124.000000,0.000000,4282.179688,4267.436035,4311.794922,4299.871582,4260.256348,4280.641113,4336.794922,4398.717773,4304.615234,4281.922852,4481.025879,4525.000000,4327.051270,4398.461426,1703.000000,1.000000,22.000000,,,,0.000000,2.000000,2.000000,0.000000,4.000000,2.000000,2.000000,0.000000,0.000000,4.000000,4.000000,4.000000,4.000000,4.000000,4.000000,0.000000,,,,,,,,,,,,,,,,,31.000000,0.000000,0.495354,0.454041,-0.568726,0.474365,0.972287,-0.088878,-0.059089,-36.290699,44.767216,31.894754
1732157950.724675,1732157950.726558,125.000000,0.000000,4280.769043,4265.641113,4312.948730,4295.512695,4267.563965,4280.897461,4334.102539,4399.743652,4296.282227,4278.846191,4479.102539,4517.563965,4328.077148,4397.436035,1606.000000,1.000000,22.000000,,,,0.000000,2.000000,2.000000,0.000000,4.000000,2.000000,2.000000,0.000000,0.000000,4.000000,4.000000,4.000000,4.000000,4.000000,4.000000,0.000000,,,,,,,,,,,,,,,,,,,,,,,,,,,,
1732157950.732483,1732157950.734566,126.000000,0.000000,4281.794922,4265.384766,4313.077148,4295.128418,4279.615234,4281.282227,4336.153809,4400.000000,4291.025879,4275.256348,4476.153809,4512.307617,4324.358887,4394.487305,1548.000000,1.000000,22.000000,,,,0.000000,2.000000,2.000000,0.000000,4.000000,2.000000,2.000000,0.000000,0.000000,4.000000,4.000000,4.000000,4.000000,4.000000,4.000000,0.000000,,,,,,,,,,,,,,,,,,,,,,,,,,,,
1732157950.740291,1732157950.742374,127.000000,0.000000,4287.436035,4269.743652,4313.077148,4300.384766,4291.410156,4277.692383,4336.282227,4399.615234,4296.922852,4275.641113,4478.461426,4514.743652,4325.769043,4394.615234,22.000000,1.000000,22.000000,,,,0.000000,2.000000,2.000000,0.000000,4.000000,2.000000,2.000000,0.000000,0.000000,4.000000,4.000000,4.000000,4.000000,4.000000,4.000000,0.000000,,,,,,,,,,,,,,,,,,,,,,,,,,,,
1732157950.748100,1732157950.750083,0.000000,0.000000,4286.922852,4272.051270,4315.384766,4301.794922,4281.282227,4276.282227,4334.487305,4402.179688,4299.487305,4279.871582,4480.256348,4518.333496,4330.897461,4397.307617,0.000000,1.000000,22.000000,,,,0.000000,2.000000,2.000000,0.000000,4.000000,2.000000,2.000000,0.000000,0.000000,4.000000,4.000000,4.000000,4.000000,4.000000,4.000000,0.000000,,,,,,,,,,,,,,,,,0.000000,0.000000,0.495354,0.454041,-0.568726,0.474365,0.982053,-0.073251,-0.048346,-36.368797,44.694778,31.833084
1732157950.755908,1732157950.757891,1.000000,0.000000,4280.769043,4268.461426,4316.922852,4301.410156,4260.256348,4280.384766,4335.641113,4402.948730,4293.846191,4279.487305,4478.589844,4514.615234,4328.717773,4394.102539,1599.000000,1.000000,22.000000,,,,0.000000,2.000000,2.000000,0.000000,4.000000,2.000000,2.000000,0.000000,0.000000,4.000000,4.000000,4.000000,4.000000,4.000000,4.000000,0.000000,,,,,,,,,,,,,,,,,,,,,,,,,,,,
1732157950.763716,1732157950.765899,2.000000,0.000000,4280.128418,4261.794922,4315.897461,4299.102539,4268.589844,4280.769043,4336.410156,4400.256348,4293.205078,4274.871582,4476.922852,4510.256348,4324.358887,4388.846191,1364.000000,1.000000,22.000000,,,,0.000000,2.000000,2.000000,0.000000,4.000000,2.000000,2.000000,0.000000,0.000000,4.000000,4.000000,4.000000,4.000000,4.000000,4.000000,0.000000,,,,,,,,,,,,,,,,,,,,,,,,,,,,
1732157950.771525,1732157950.773707,3.000000,0.000000,4283.205078,4262.307617,4316.666504,4298.846191,4280.512695,4278.717773,4335.641113,4400.641113,4296.410156,4275.641113,4478.077148,4512.948730,4324.743652,4393.205078,1424.000000,1.000000,22.000000,,,,0.000000,2.000000,2.000000,0.000000,4.000000,2.000000,2.000000,0.000000,0.000000,4.000000,4.000000,4.000000,4.000000,4.000000,4.000000,0.000000,,,,,,,,,,,,,,,,,,,,,,,,,,,,
1732157950.779333,1732157950.781615,4.000000,0.000000,4283.589844,4269.487305,4315.769043,4304.871582,4278.717773,4281.410156,4335.512695,4402.307617,4293.974121,4275.512695,4479.487305,4511.666504,4326.666504,4398.333496,1432.000000,1.000000,22.000000,,,,0.000000,2.000000,2.000000,0.000000,4.000000,2.000000,2.000000,0.000000,0.000000,4.000000,4.000000,4.000000,4.000000,4.000000,4.000000,0.000000,,,,,,,,,,,,,,,,,1.000000,0.000000,0.495210,0.454224,-0.568604,0.474487,0.972287,-0.090831,-0.045416,-36.330395,44.657768,31.548132
1732157950.787141,1732157950.789423,5.000000,0.000000,4281.025879,4270.000000,4311.666504,4304.358887,4293.717773,4282.051270,4334.871582,4400.897461,4289.358887,4268.974121,4477.692383,4505.769043,4326.922852,4391.666504,1209.000000,1.000000,22.000000,,,,0.000000,2.000000,2.000000,0.000000,4.000000,2.000000,2.000000,0.000000,0.000000,4.000000,4.000000,4.000000,4.000000,4.000000,4.000000,0.000000,,,,,,,,,,,,,,,,,,,,,,,,,,,,
1732157950.794949,1732157950.797431,6.000000,0.000000,4277.563965,4263.461426,4310.256348,4295.128418,4296.153809,4280.000000,4334.102539,4400.256348,4293.974121,4270.000000,4475.512695,4505.000000,4322.179688,4385.000000,0.000000,1.000000,22.000000,,,,0.000000,2.000000,2.000000,0.000000,4.000000,2.000000,2.000000,0.000000,0.000000,4.000000,4.000000,4.000000,4.000000,4.000000,4.000000,0.000000,,,,,,,,,,,,,,,,,,,,,,,,,,,,
1732157950.802758,1732157950.805239,7.000000,0.000000,4277.563965,4262.563965,4313.077148,4296.153809,4271.153809,4281.282227,4334.743652,4401.666504,4297.179688,4276.922852,4475.641113,4509.102539,4318.333496,4387.436035,0.000000,1.000000,22.000000,,,,0.000000,2.000000,2.000000,0.000000,4.000000,2.000000,2.000000,0.000000,0.000000,4.000000,4.000000,4.000000,4.000000,4.000000,4.000000,0.000000,,,,,,,,,,,,,,,,,,,,,,,,,,,,
1732157950.810566,1732157950.812948,8.000000,0.000000,4280.641113,4267.563965,4314.615234,4305.384766,4262.692383,4282.820313,4335.769043,4402.179688,4293.846191,4276.922852,4476.025879,4507.692383,4323.077148,4388.974121,1529.000000,1.000000,22.000000,,,,0.000000,2.000000,2.000000,0.000000,4.000000,2.000000,2.000000,0.000000,0.000000,4.000000,4.000000,4.000000,4.000000,4.000000,4.000000,0.000000,,,,,,,,,,,,,,,,,2.000000,0.000000,0.495216,0.454102,-0.568542,0.474670,0.976193,-0.095226,-0.057624,-36.462620,44.676128,31.490654
1732157950.818374,1732157950.820756,9.000000,0.000000,4279.615234,4265.641113,4315.256348,4300.769043,4282.436035,4281.794922,4334.230957,4402.179688,4293.205078,4269.743652,4474.743652,4505.000000,4324.102539,4387.179688,1688.000000,1.000000,22.000000,,,,0.000000,2.000000,2.000000,0.000000,4.000000,2.000000,2.000000,0.000000,0.000000,4.000000,4.000000,4.000000,4.000000,4.000000,4.000000,0.000000,,,,,,,,,,,,,,,,,,,,,,,,,,,,
1732157950.826182,1732157950.828764,10.000000,0.000000,4277.948730,4263.589844,4314.230957,4292.436035,4294.871582,4280.769043,4333.077148,4401.538574,4289.487305,4262.820313,4472.948730,4504.871582,4316.666504,4386.666504,1548.000000,1.000000,22.000000,,,,0.000000,2.000000,2.000000,0.000000,4.000000,2.000000,2.000000,0.000000,0.000000,4.000000,4.000000,4.000000,4.000000,4.000000,4.000000,0.000000,,,,,,,,,,,,,,,,,,,,,,,,,,,,
1732157950.833990,1732157950.836572,11.000000,0.000000,4279.743652,4265.384766,4313.717773,4295.897461,4278.205078,4281.410156,4334.743652,4401.282227,4284.743652,4268.846191,4473.717773,4505.769043,4316.282227,4389.230957,1564.000000,1.000000,22.000000,,,,0.000000,2.000000,2.000000,0.000000,4.000000,2.000000,2.000000,0.000000,0.000000,4.000000,4.000000,4.000000,4.000000,4.000000,4.000000,0.000000,,,,,,,,,,,,,,,,,,,,,,,,,,,,
1732157950.841799,1732157950.844480,12.000000,0.000000,4278.717773,4263.205078,4314.743652,4298.846191,4260.512695,4281.538574,4335.128418,4401.794922,4292.436035,4282.051270,4474.230957,4510.128418,4322.820313,4391.666504,1703.000000,1.000000,22.000000,,,,0.000000,2.000000,2.000000,0.000000,4.000000,2.000000,2.000000,0.000000,0.000000,4.000000,4.000000,4.000000,4.000000,4.000000,4.000000,0.000000,,,,,,,,,,,,,,,,,3.000000,0.000000,0.495055,0.454163,-0.568481,0.474854,0.964473,-0.097180,-0.055183,-36.443054,44.539330,31.479095
1732157950.849607,1732157950.852289,13.000000,0.000000,4276.025879,4260.897461,4312.436035,4296.025879,4267.820313,4281.794922,4334.358887,4400.769043,4301.025879,4280.000000,4473.333496,4509.615234,4319.358887,4391.538574,1603.000000,1.000000,22.000000,,,,0.000000,2.000000,2.000000,0.000000,4.000000,2.000000,2.000000,0.000000,0.000000,4.000000,4.000000,4.000000,4.000000,4.000000,4.000000,0.000000,,,,,,,,,,,,,,,,,,,,,,,,,,,,
1732157950.857415,1732157950.860297,14.000000,0.000000,4277.179688,4262.179688,4311.410156,4293.333496,4282.563965,4282.179688,4335.000000,4398.846191,4292.436035,4268.461426,4471.025879,4507.692383,4313.846191,4390.384766,1548.000000,1.000000,22.000000,,,,0.000000,2.000000,2.000000,0.000000,4.000000,2.000000,2.000000,0.000000,0.000000,4.000000,4.000000,4.000000,4.000000,4.000000,4.000000,0.000000,1.000000,0.000000,1.000000,1.000000,0.000000,4.000000,1.000000,1.000000,0.000000,0.000000,1.000000,4.000000,1.000000,4.000000,3.000000,4.000000,,,,,,,,,,,,
1732157950.865224,1732157950.868105,15.000000,0.000000,4279.358887,4264.102539,4313.974121,4295.000000,4284.358887,4282.436035,4335.769043,4399.102539,4281.538574,4267.820313,4471.282227,4507.820313,4317.307617,4389.615234,1564.000000,1.000000,22.000000,,,,0.000000,2.000000,2.000000,0.000000,4.000000,2.000000,2.000000,0.000000,0.000000,4.000000,4.000000,4.000000,4.000000,4.000000,4.000000,0.000000,,,,,,,,,,,,,,,,,,,,,,,,,,,,
1732157950.873032,1732157950.876013,16.000000,0.000000,4279.615234,4264.358887,4314.230957,4297.051270,4281.922852,4281.922852,4335.897461,4400.897461,4281.666504,4269.615234,4473.846191,4503.974121,4318.077148,4389.358887,0.000000,1.000000,22.000000,,,,0.000000,2.000000,2.000000,0.000000,4.000000,2.000000,2.000000,0.000000,0.000000,4.000000,4.000000,4.000000,4.000000,4.000000,4.000000,0.000000,,,,,,,,,,,,,,,,,4.000000,0.000000,0.495010,0.454224,-0.568420,0.474915,0.983518,-0.088390,-0.052252,-36.163876,44.563522,31.404734
1732157950.880840,1732157950.883821,17.000000,0.000000,4278.077148,4263.205078,4311.794922,4296.410156,4278.205078,4281.410156,4335.897461,4401.025879,4283.205078,4267.051270,4469.871582,4501.666504,4312.820313,4389.615234,0.000000,1.000000,22.000000,,,,0.000000,2.000000,2.000000,0.000000,4.000000,2.000000,2.000000,0.000000,0.000000,4.000000,4.000000,4.000000,4.000000,4.000000,4.000000,0.000000,,,,,,,,,,,,,,,,,,,,,,,,,,,,
1732157950.888648,1732157950.891829,18.000000,0.000000,4277.563965,4262.307617,4313.974121,4294.615234,4286.282227,4279.615234,4335.769043,4401.666504,4280.128418,4263.717773,4463.333496,4501.153809,4311.025879,4386.538574,0.000000,1.000000,22.000000,,,,0.000000,2.000000,2.000000,0.000000,4.000000,2.000000,2.000000,0.000000,0.000000,4.000000,4.000000,4.000000,4.000000,4.000000,4.000000,0.000000,,,,,,,,,,,,,,,,,,,,,,,,,,,,
1732157950.896457,1732157950.899637,19.000000,0.000000,4278.077148,4265.000000,4314.743652,4293.974121,4300.897461,4276.410156,4336.025879,4403.205078,4281.282227,4263.974121,4466.410156,4499.358887,4314.615234,4383.205078,0.000000,1.000000,22.000000,,,,0.000000,2.000000,2.000000,0.000000,4.000000,2.000000,2.000000,0.000000,0.000000,4.000000,4.000000,4.000000,4.000000,4.000000,4.000000,0.000000,,,,,,,,,,,,,,,,,,,,,,,,,,,,
1732157950.904265,1732157950.907346,20.000000,0.000000,4280.384766,4267.307617,4311.922852,4298.589844,4283.205078,4277.948730,4336.025879,4401.794922,4290.641113,4272.692383,4474.102539,4503.205078,4318.461426,4388.974121,0.000000,1.000000,22.000000,,,,0.000000,2.000000,2.000000,0.000000,4.000000,2.000000,2.000000,0.000000,0.000000,4.000000,4.000000,4.000000,4.000000,4.000000,4.000000,0.000000,,,,,,,,,,,,,,,,,5.000000,0.000000,0.494921,0.454346,-0.568298,0.475037,0.972775,-0.089366,-0.054694,-36.034405,44.518120,31.292835
1732157950.912073,1732157950.915154,21.000000,0.000000,4285.897461,4265.897461,4313.846191,4302.948730,4263.846191,4281.666504,4336.666504,4398.461426,4300.512695,4282.179688,4474.743652,4508.589844,4320.512695,4397.436035,0.000000,1.000000,22.000000,,,,0.000000,2.000000,2.000000,0.000000,4.000000,2.000000,2.000000,0.000000,0.000000,4.000000,4.000000,4.000000,4.000000,4.000000,4.000000,0.000000,,,,,,,,,,,,,,,,,,,,,,,,,,,,
1732157950.919881,1732157950.922762,22.000000,0.000000,4288.077148,4266.922852,4317.051270,4300.897461,4277.820313,4281.153809,4336.922852,4399.487305,4297.051270,4278.974121,4473.077148,4506.153809,4322.563965,4399.102539,0.000000,1.000000,22.000000,,,,0.000000,2.000000,2.000000,0.000000,4.000000,2.000000,2.000000,0.000000,0.000000,4.000000,4.000000,4.000000,4.000000,4.000000,4.000000,0.000000,,,,,,,,,,,,,,,,,,,,,,,,,,,,
1732157950.927689,1732157950.930570,23.000000,0.000000,4284.102539,4268.205078,4313.461426,4298.333496,4285.512695,4279.230957,4335.641113,4401.153809,4287.820313,4273.205078,4475.897461,4505.000000,4324.358887,4397.820313,0.000000,1.000000,22.000000,,,,0.000000,2.000000,2.000000,0.000000,4.000000,2.000000,2.000000,0.000000,0.000000,4.000000,4.000000,4.000000,4.000000,4.000000,4.000000,0.000000,,,,,,,,,,,,,,,,,,,,,,,,,,,,
1732157950.935498,1732157950.938279,24.000000,0.000000,4280.897461,4265.897461,4310.128418,4299.743652,4274.230957,4282.051270,4334.615234,4400.384766,4292.051270,4276.794922,4476.922852,4508.461426,4324.102539,4398.461426,0.000000,1.000000,22.000000,,,,0.000000,2.000000,2.000000,0.000000,4.000000,2.000000,2.000000,0.000000,0.000000,4.000000,4.000000,4.000000,4.000000,4.000000,4.000000,0.000000,,,,,,,,,,,,,,,,,6.000000,0.000000,0.494696,0.454590,-0.567993,0.475403,0.974240,-0.090831,-0.057136,-36.036201,44.459679,31.062197
1732157950.943306,1732157950.946087,25.000000,0.000000,4282.948730,4266.282227,4311.410156,4298.077148,4286.794922,4280.000000,4335.000000,4398.974121,4292.307617,4273.461426,4475.000000,4507.563965,4322.563965,4398.589844,0.000000,1.000000,22.000000,,,,0.000000,2.000000,2.000000,0.000000,4.000000,2.000000,2.000000,0.000000,0.000000,4.000000,4.000000,4.000000,4.000000,4.000000,4.000000,0.000000,,,,,,,,,,,,,,,,,,,,,,,,,,,,
1732157950.951114,1732157950.953695,26.000000,0.000000,4283.717773,4269.358887,4312.307617,4294.102539,4301.410156,4270.769043,4335.769043,4399.358887,4278.717773,4264.487305,4473.461426,4505.000000,4323.974121,4398.077148,0.000000,1.000000,22.000000,,,,0.000000,2.000000,2.000000,0.000000,4.000000,2.000000,2.000000,0.000000,0.000000,4.000000,4.000000,4.000000,4.000000,4.000000,4.000000,0.000000,,,,,,,,,,,,,,,,,,,,,,,,,,,,
1732157950.958923,1732157950.961504,27.000000,0.000000,4282.307617,4267.179688,4311.666504,4297.692383,4280.128418,4271.538574,4336.153809,4401.153809,4279.743652,4269.487305,4476.666504,4507.948730,4326.538574,4399.487305,0.000000,1.000000,22.000000,,,,0.000000,2.000000,2.000000,0.000000,4.000000,2.000000,2.000000,0.000000,0.000000,4.000000,4.000000,4.000000,4.000000,4.000000,4.000000,0.000000,,,,,,,,,,,,,,,,,,,,,,,,,,,,
1732157950.966731,1732157950.969212,28.000000,0.000000,4284.102539,4265.641113,4311.538574,4301.538574,4261.922852,4280.897461,4335.128418,4401.282227,4292.051270,4280.128418,4481.794922,4515.512695,4326.666504,4399.743652,0.000000,1.000000,22.000000,,,,0.000000,2.000000,2.000000,0.000000,4.000000,2.000000,2.000000,0.000000,0.000000,4.000000,4.000000,4.000000,4.000000,4.000000,4.000000,0.000000,,,,,,,,,,,,,,,,,7.000000,0.000000,0.494606,0.454712,-0.567871,0.475525,0.974240,-0.090831,-0.057136,-35.969322,44.560673,30.960379
1732157950.974539,1732157950.977020,29.000000,0.000000,4283.333496,4269.230957,4310.512695,4300.512695,4273.974121,4281.410156,4333.589844,4401.410156,4295.256348,4280.000000,4481.538574,4517.948730,4326.538574,4398.846191,0.000000,1.000000,22.000000,,,,0.000000,2.000000,2.000000,0.000000,4.000000,2.000000,2.000000,0.000000,0.000000,4.000000,4.000000,4.000000,4.000000,4.000000,4.000000,0.000000,,,,,,,,,,,,,,,,,,,,,,,,,,,,
1732157950.982347,1732157950.984628,30.000000,0.000000,4282.051270,4269.102539,4312.051270,4298.846191,4283.974121,4276.025879,4333.717773,4402.820313,4293.717773,4272.436035,4477.179688,4510.769043,4324.743652,4398.717773,0.000000,1.000000,22.000000,,,,0.000000,2.000000,2.000000,0.000000,4.000000,2.000000,2.000000,0.000000,0.000000,4.000000,4.000000,4.000000,4.000000,4.000000,4.000000,0.000000,,,,,,,,,,,,,,,,,,,,,,,,,,,,
1732157950.990156,1732157950.992437,31.000000,0.000000,4287.436035,4272.948730,4313.077148,4301.025879,4278.974121,4279.358887,4335.000000,4400.512695,4290.000000,4266.282227,4476.538574,4507.563965,4320.256348,4399.102539,0.000000,1.000000,22.000000,,,,0.000000,2.000000,2.000000,0.000000,4.000000,2.000000,2.000000,0.000000,0.000000,4.000000,4.000000,4.000000,4.000000,4.000000,4.000000,0.000000,,,,,,,,,,,,,,,,,,,,,,,,,,,,
1732157950.997964,1732157951.000145,32.000000,0.000000,4287.948730,4277.692383,4312.051270,4303.461426,4282.307617,4283.205078,4334.871582,4397.692383,4280.384766,4263.333496,4478.333496,4508.974121,4318.077148,4398.589844,0.000000,1.000000,22.000000,,,,0.000000,2.000000,2.000000,0.000000,4.000000,2.000000,2.000000,0.000000,0.000000,4.000000,4.000000,4.000000,4.000000,4.000000,4.000000,0.000000,,,,,,,,,,,,,,,,,8.000000,0.000000,0.494461,0.454895,-0.567749,0.475647,0.974728,-0.088390,-0.065926,-36.006817,44.612476,30.999573
1732157951.005772,1732157951.007953,33.000000,0.000000,4285.256348,4270.512695,4313.077148,4299.615234,4285.897461,4280.256348,4334.487305,4401.153809,4279.615234,4265.512695,4476.025879,4505.384766,4317.948730,4399.230957,0.000000,1.000000,22.000000,,,,0.000000,2.000000,2.000000,0.000000,4.000000,2.000000,2.000000,0.000000,0.000000,4.000000,4.000000,4.000000,4.000000,4.000000,4.000000,0.000000,,,,,,,,,,,,,,,,,,,,,,,,,,,,
1732157951.013580,1732157951.015562,34.000000,0.000000,4288.077148,4263.589844,4312.820313,4297.436035,4278.974121,4279.230957,4334.615234,4403.205078,4286.922852,4267.948730,4473.077148,4503.846191,4320.000000,4399.102539,0.000000,1.000000,22.000000,,,,0.000000,2.000000,2.000000,0.000000,4.000000,2.000000,2.000000,0.000000,0.000000,4.000000,4.000000,4.000000,4.000000,4.000000,4.000000,0.000000,,,,,,,,,,,,,,,,,,,,,,,,,,,,
1732157951.021388,1732157951.023370,35.000000,0.000000,4290.512695,4271.153809,4311.282227,4302.820313,4289.615234,4280.128418,4335.512695,4400.512695,4284.615234,4265.769043,4473.974121,4506.794922,4318.461426,4396.025879,0.000000,1.000000,22.000000,,,,0.000000,2.000000,2.000000,0.000000,4.000000,2.000000,2.000000,0.000000,0.000000,4.000000,4.000000,4.000000,4.000000,4.000000,4.000000,0.000000,,,,,,,,,,,,,,,,,,,,,,,,,,,,
1732157951.029197,1732157951.031078,36.000000,0.000000,4288.846191,4279.102539,4312.820313,4308.205078,4306.538574,4279.615234,4335.897461,4400.384766,4278.846191,4265.128418,4475.128418,4507.179688,4313.333496,4395.897461,0.000000,1.000000,22.000000,,,,0.000000,2.000000,2.000000,0.000000,4.000000,2.000000,2.000000,0.000000,0.000000,4.000000,4.000000,4.000000,4.000000,4.000000,4.000000,0.000000,,,,,,,,,,,,,,,,,9.000000,0.000000,0.494536,0.455017,-0.567688,0.475525,0.971310,-0.080088,-0.057136,-36.233856,44.527775,31.029655
1732157951.037005,1732157951.038886,37.000000,0.000000,4295.256348,4277.436035,4312.692383,4307.948730,4291.666504,4280.512695,4335.128418,4401.282227,4289.358887,4266.794922,4476.410156,4510.256348,4312.820313,4398.461426,0.000000,1.000000,22.000000,,,,0.000000,2.000000,2.000000,0.000000,4.000000,2.000000,2.000000,0.000000,0.000000,4.000000,4.000000,4.000000,4.000000,4.000000,4.000000,0.000000,,,,,,,,,,,,,,,,,,,,,,,,,,,,
1732157951.044813,1732157951.046495,38.000000,0.000000,4297.051270,4273.717773,4310.512695,4305.769043,4269.230957,4282.820313,4334.615234,4400.000000,4296.410156,4266.794922,4476.153809,4510.256348,4313.589844,4397.820313,0.000000,1.000000,22.000000,,,,0.000000,2.000000,2.000000,0.000000,4.000000,2.000000,2.000000,0.000000,0.000000,4.000000,4.000000,4.000000,4.000000,4.000000,4.000000,0.000000,,,,,,,,,,,,,,,,,,,,,,,,,,,,
1732157951.052621,1732157951.054303,39.000000,0.000000,4285.256348,4271.410156,4314.230957,4302.692383,4273.717773,4280.384766,4334.871582,4399.871582,4286.922852,4264.615234,4474.230957,4503.974121,4312.436035,4396.282227,0.000000,1.000000,22.000000,,,,0.000000,2.000000,2.000000,0.000000,4.000000,2.000000,2.000000,0.000000,0.000000,4.000000,4.000000,4.000000,4.000000,4.000000,4.000000,0.000000,,,,,,,,,,,,,,,,,,,,,,,,,,,,
1732157951.060430,1732157951.062011,40.000000,0.000000,4284.743652,4274.487305,4315.256348,4299.743652,4282.307617,4277.563965,4334.871582,4400.897461,4285.769043,4265.256348,4475.128418,4504.358887,4315.256348,4396.794922,0.000000,1.000000,22.000000,,,,0.000000,2.000000,2.000000,0.000000,4.000000,2.000000,2.000000,0.000000,0.000000,4.000000,4.000000,4.000000,4.000000,4.000000,4.000000,0.000000,,,,,,,,,,,,,,,,,10.000000,0.000000,0.494503,0.455078,-0.567566,0.475647,0.978635,-0.092296,-0.065926,-36.437756,44.509163,30.890686
1732157951.068238,1732157951.069819,41.000000,0.000000,4294.230957,4278.205078,4310.512695,4301.025879,4278.205078,4280.128418,4334.743652,4399.487305,4292.948730,4266.282227,4478.846191,4509.615234,4319.358887,4400.256348,0.000000,1.000000,22.000000,,,,0.000000,2.000000,2.000000,0.000000,4.000000,2.000000,2.000000,0.000000,0.000000,4.000000,4.000000,4.000000,4.000000,4.000000,4.000000,0.000000,,,,,,,,,,,,,,,,,,,,,,,,,,,,
1732157951.076046,1732157951.077428,42.000000,0.000000,4295.641113,4277.436035,4308.717773,4301.410156,4280.256348,4281.282227,4334.871582,4397.563965,4287.820313,4265.512695,4479.358887,4506.410156,4320.256348,4403.461426,0.000000,1.000000,22.000000,,,,0.000000,2.000000,2.000000,0.000000,4.000000,2.000000,2.000000,0.000000,0.000000,4.000000,4.000000,4.000000,4.000000,4.000000,4.000000,0.000000,,,,,,,,,,,,,,,,,,,,,,,,,,,,
1732157951.083855,1732157951.085236,43.000000,0.000000,4289.487305,4272.948730,4313.205078,4301.666504,4285.000000,4279.615234,4334.871582,4401.410156,4289.487305,4271.282227,4478.077148,4507.179688,4318.974121,4401.666504,0.000000,1.000000,22.000000,,,,0.000000,2.000000,2.000000,0.000000,4.000000,2.000000,2.000000,0.000000,0.000000,4.000000,4.000000,4.000000,4.000000,4.000000,4.000000,0.000000,,,,,,,,,,,,,,,,,,,,,,,,,,,,
1732157951.091663,1732157951.093144,44.000000,0.000000,4283.461426,4267.692383,4314.615234,4301.794922,4281.153809,4282.820313,4334.871582,4405.128418,4298.974121,4278.077148,4477.820313,4513.077148,4315.897461,4397.179688,0.000000,1.000000,22.000000,,,,0.000000,2.000000,2.000000,0.000000,4.000000,2.000000,2.000000,0.000000,0.000000,4.000000,4.000000,4.000000,4.000000,4.000000,4.000000,0.000000,,,,,,,,,,,,,,,,,11.000000,0.000000,0.494573,0.455078,-0.567505,0.475647,0.963497,-0.082530,-0.044439,-36.607918,44.380756,31.228123
1732157951.099471,1732157951.100952,45.000000,0.000000,4281.538574,4265.128418,4312.948730,4297.307617,4291.538574,4279.358887,4334.871582,4402.436035,4288.461426,4273.717773,4476.922852,4508.077148,4314.743652,4394.743652,0.000000,1.000000,22.000000,,,,0.000000,2.000000,2.000000,0.000000,4.000000,2.000000,2.000000,0.000000,0.000000,4.000000,4.000000,4.000000,4.000000,4.000000,4.000000,0.000000,,,,,,,,,,,,,,,,,,,,,,,,,,,,
1732157951.107279,1732157951.108960,46.000000,0.000000,4282.307617,4264.871582,4312.179688,4292.948730,4301.666504,4268.974121,4334.871582,4399.487305,4279.871582,4271.025879,4477.051270,4503.333496,4320.384766,4394.358887,0.000000,1.000000,22.000000,,,,0.000000,2.000000,2.000000,0.000000,4.000000,2.000000,2.000000,0.000000,0.000000,4.000000,4.000000,4.000000,4.000000,4.000000,4.000000,0.000000,,,,,,,,,,,,,,,,,,,,,,,,,,,,
1732157951.115087,1732157951.116769,47.000000,0.000000,4281.922852,4264.358887,4312.307617,4294.230957,4282.692383,4273.333496,4334.871582,4400.000000,4293.461426,4277.948730,4479.358887,4507.692383,4322.179688,4395.256348,0.000000,1.000000,22.000000,,,,0.000000,2.000000,2.000000,0.000000,4.000000,2.000000,2.000000,0.000000,0.000000,4.000000,4.000000,4.000000,4.000000,4.000000,4.000000,0.000000,,,,,,,,,,,,,,,,,,,,,,,,,,,,
1732157951.122896,1732157951.124477,48.000000,0.000000,4283.333496,4262.307617,4313.846191,4295.128418,4263.589844,4283.461426,4334.871582,4401.538574,4302.179688,4281.410156,4479.871582,4507.436035,4318.846191,4397.436035,0.000000,1.000000,22.000000,,,,0.000000,2.000000,2.000000,0.000000,4.000000,2.000000,2.000000,0.000000,0.000000,4.000000,4.000000,4.000000,4.000000,4.000000,4.000000,0.000000,,,,,,,,,,,,,,,,,12.000000,0.000000,0.494660,0.454895,-0.567627,0.475586,0.962520,-0.082041,-0.051764,-36.314079,44.473412,31.139780
1732157951.130704,1732157951.132285,49.000000,0.000000,4287.436035,4264.358887,4313.461426,4294.230957,4272.820313,4281.282227,4334.871582,4400.256348,4296.538574,4277.948730,4482.307617,4510.256348,4322.051270,4398.974121,0.000000,1.000000,22.000000,,,,0.000000,2.000000,2.000000,0.000000,4.000000,2.000000,2.000000,0.000000,0.000000,4.000000,4.000000,4.000000,4.000000,4.000000,4.000000,0.000000,,,,,,,,,,,,,,,,,,,,,,,,,,,,
1732157951.138512,1732157951.140293,50.000000,0.000000,4286.666504,4267.051270,4312.948730,4296.153809,4285.769043,4278.974121,4334.871582,4397.820313,4291.410156,4276.666504,4489.230957,4517.948730,4328.205078,4399.487305,0.000000,1.000000,22.000000,,,,0.000000,2.000000,2.000000,0.000000,4.000000,2.000000,2.000000,0.000000,0.000000,4.000000,4.000000,4.000000,4.000000,4.000000,4.000000,0.000000,,,,,,,,,,,,,,,,,,,,,,,,,,,,
1732157951.146320,1732157951.148101,51.000000,0.000000,4284.615234,4266.666504,4313.077148,4298.717773,4277.563965,4281.922852,4334.871582,4397.948730,4295.384766,4278.846191,4489.358887,4515.641113,4328.077148,4398.974121,0.000000,1.000000,22.000000,,,,0.000000,2.000000,2.000000,0.000000,4.000000,2.000000,2.000000,0.000000,0.000000,4.000000,4.000000,4.000000,4.000000,4.000000,4.000000,0.000000,,,,,,,,,,,,,,,,,,,,,,,,,,,,
1732157951.154129,1732157951.156009,52.000000,0.000000,4285.128418,4264.615234,4313.717773,4295.256348,4276.794922,4278.461426,4334.871582,4400.512695,4296.922852,4281.794922,4480.769043,4508.461426,4322.179688,4397.051270,0.000000,1.000000,22.000000,,,,0.000000,2.000000,2.000000,0.000000,4.000000,2.000000,2.000000,0.000000,0.000000,4.000000,4.000000,4.000000,4.000000,4.000000,4.000000,0.000000,,,,,,,,,,,,,,,,,13.000000,0.000000,0.494455,0.455078,-0.567505,0.475769,0.980588,-0.078623,-0.055183,-36.184402,44.618465,31.229889
1732157951.161937,1732157951.163818,53.000000,0.000000,4281.794922,4263.205078,4314.743652,4292.307617,4295.000000,4273.589844,4334.871582,4401.153809,4291.153809,4276.538574,4474.871582,4508.589844,4318.461426,4396.282227,0.000000,1.000000,22.000000,,,,0.000000,2.000000,2.000000,0.000000,4.000000,2.000000,2.000000,0.000000,0.000000,4.000000,4.000000,4.000000,4.000000,4.000000,4.000000,0.000000,,,,,,,,,,,,,,,,,,,,,,,,,,,,
1732157951.169745,1732157951.171826,54.000000,0.000000,4281.538574,4262.692383,4314.871582,4293.589844,4291.666504,4276.153809,4334.871582,4400.769043,4287.820313,4268.077148,4474.358887,4508.589844,4318.077148,4395.128418,0.000000,1.000000,22.000000,,,,0.000000,2.000000,2.000000,0.000000,4.000000,2.000000,2.000000,0.000000,0.000000,4.000000,4.000000,4.000000,4.000000,4.000000,4.000000,0.000000,,,,,,,,,,,,,,,,,,,,,,,,,,,,
1732157951.177554,1732157951.179634,55.000000,0.000000,4289.230957,4262.692383,4312.820313,4294.358887,4263.846191,4278.589844,4334.871582,4400.641113,4291.410156,4268.846191,4476.666504,4510.000000,4319.487305,4395.256348,0.000000,1.000000,22.000000,,,,0.000000,2.000000,2.000000,0.000000,4.000000,2.000000,2.000000,0.000000,0.000000,4.000000,4.000000,4.000000,4.000000,4.000000,4.000000,0.000000,,,,,,,,,,,,,,,,,,,,,,,,,,,,
1732157951.185362,1732157951.187542,56.000000,0.000000,4289.871582,4263.589844,4311.153809,4293.205078,4258.589844,4278.717773,4334.871582,4400.256348,4286.794922,4268.974121,4479.358887,4515.128418,4324.743652,4397.051270,0.000000,1.000000,22.000000,,,,0.000000,2.000000,2.000000,0.000000,4.000000,2.000000,2.000000,0.000000,0.000000,4.000000,4.000000,4.000000,4.000000,4.000000,4.000000,0.000000,,,,,,,,,,,,,,,,,14.000000,0.000000,0.494500,0.455017,-0.567566,0.475708,0.981077,-0.080088,-0.060066,-36.124367,44.690956,31.257875
1732157951.193170,1732157951.195350,57.000000,0.000000,4283.974121,4263.077148,4312.051270,4292.307617,4275.256348,4279.358887,4334.871582,4400.769043,4281.153809,4268.846191,4478.717773,4514.358887,4324.615234,4398.717773,0.000000,1.000000,22.000000,,,,0.000000,2.000000,2.000000,0.000000,4.000000,2.000000,2.000000,0.000000,0.000000,4.000000,4.000000,4.000000,4.000000,4.000000,4.000000,0.000000,,,,,,,,,,,,,,,,,,,,,,,,,,,,
1732157951.200978,1732157951.203358,58.000000,0.000000,4289.358887,4262.820313,4312.307617,4289.487305,4274.487305,4280.000000,4334.871582,4401.410156,4291.025879,4276.410156,4477.948730,4515.000000,4318.974121,4399.230957,0.000000,1.000000,22.000000,,,,0.000000,2.000000,2.000000,0.000000,4.000000,2.000000,2.000000,0.000000,0.000000,4.000000,4.000000,4.000000,4.000000,4.000000,4.000000,0.000000,,,,,,,,,,,,,,,,,,,,,,,,,,,,
1732157951.208786,1732157951.211166,59.000000,0.000000,4294.871582,4262.692383,4311.538574,4286.538574,4270.128418,4279.102539,4334.871582,4400.000000,4294.871582,4275.384766,4479.615234,4518.333496,4317.948730,4398.846191,0.000000,1.000000,22.000000,,,,0.000000,2.000000,2.000000,0.000000,4.000000,2.000000,2.000000,0.000000,0.000000,4.000000,4.000000,4.000000,4.000000,4.000000,4.000000,0.000000,,,,,,,,,,,,,,,,,,,,,,,,,,,,
1732157951.216595,1732157951.219075,60.000000,0.000000,4288.974121,4261.794922,4311.410156,4291.410156,4276.538574,4278.974121,4334.871582,4400.128418,4281.538574,4263.077148,4478.717773,4517.948730,4320.000000,4399.871582,0.000000,1.000000,22.000000,,,,0.000000,2.000000,2.000000,0.000000,4.000000,2.000000,2.000000,0.000000,0.000000,4.000000,4.000000,4.000000,4.000000,4.000000,4.000000,0.000000,,,,,,,,,,,,,,,,,15.000000,0.000000,0.494660,0.454895,-0.567627,0.475586,0.976193,-0.075693,-0.051276,-36.227406,44.464676,31.335546
1732157951.224403,1732157951.226883,61.000000,0.000000,4282.436035,4262.692383,4311.410156,4295.128418,4288.974121,4279.102539,4334.871582,4401.410156,4275.897461,4260.384766,4474.871582,4512.820313,4314.230957,4397.307617,0.000000,1.000000,22.000000,,,,0.000000,2.000000,2.000000,0.000000,4.000000,2.000000,2.000000,0.000000,0.000000,4.000000,4.000000,4.000000,4.000000,4.000000,4.000000,0.000000,,,,,,,,,,,,,,,,,,,,,,,,,,,,
1732157951.232211,1732157951.234891,62.000000,0.000000,4284.358887,4264.487305,4312.692383,4289.487305,4299.615234,4276.538574,4334.871582,4401.922852,4287.051270,4265.769043,4473.333496,4506.794922,4311.025879,4390.128418,0.000000,1.000000,22.000000,,,,0.000000,2.000000,2.000000,0.000000,4.000000,2.000000,2.000000,0.000000,0.000000,4.000000,4.000000,4.000000,4.000000,4.000000,4.000000,0.000000,,,,,,,,,,,,,,,,,,,,,,,,,,,,
1732157951.240019,1732157951.242699,63.000000,0.000000,4289.615234,4264.358887,4313.077148,4289.358887,4280.897461,4277.051270,4334.871582,4401.025879,4295.769043,4267.051270,4476.025879,4507.436035,4316.922852,4390.512695,0.000000,1.000000,22.000000,,,,0.000000,2.000000,2.000000,0.000000,4.000000,2.000000,2.000000,0.000000,0.000000,4.000000,4.000000,4.000000,4.000000,4.000000,4.000000,0.000000,,,,,,,,,,,,,,,,,,,,,,,,,,,,
1732157951.247828,1732157951.250607,64.000000,0.000000,4292.692383,4262.820313,4311.410156,4296.538574,4257.820313,4281.410156,4334.871582,4399.615234,4294.743652,4269.871582,4478.461426,4510.000000,4319.102539,4396.410156,0.000000,1.000000,22.000000,,,,0.000000,2.000000,2.000000,0.000000,4.000000,2.000000,2.000000,0.000000,0.000000,4.000000,4.000000,4.000000,4.000000,4.000000,4.000000,0.000000,,,,,,,,,,,,,,,,,16.000000,0.000000,0.494850,0.454651,-0.567810,0.475403,0.984007,-0.087901,-0.056159,-36.065865,44.676388,31.403460
1732157951.255636,1732157951.258415,65.000000,0.000000,4291.794922,4262.563965,4310.641113,4295.128418,4268.333496,4282.051270,4335.000000,4400.641113,4294.487305,4275.128418,4478.077148,4507.820313,4318.205078,4395.384766,1601.000000,1.000000,22.000000,,,,0.000000,2.000000,2.000000,0.000000,4.000000,2.000000,2.000000,0.000000,0.000000,4.000000,4.000000,4.000000,4.000000,4.000000,4.000000,0.000000,,,,,,,,,,,,,,,,,,,,,,,,,,,,
1732157951.263444,1732157951.266423,66.000000,0.000000,4291.025879,4263.461426,4312.179688,4290.769043,4285.641113,4281.025879,4335.128418,4401.410156,4294.743652,4274.615234,4483.205078,4507.820313,4319.358887,4393.077148,1364.000000,1.000000,22.000000,,,,0.000000,2.000000,2.000000,0.000000,4.000000,2.000000,2.000000,0.000000,0.000000,4.000000,4.000000,4.000000,4.000000,4.000000,4.000000,0.000000,,,,,,,,,,,,,,,,,,,,,,,,,,,,
1732157951.271253,1732157951.274231,67.000000,0.000000,4292.563965,4263.974121,4313.205078,4293.333496,4277.051270,4282.307617,4334.102539,4400.641113,4289.230957,4269.358887,4489.358887,4513.846191,4319.871582,4396.666504,1422.000000,1.000000,22.000000,,,,0.000000,2.000000,2.000000,0.000000,4.000000,2.000000,2.000000,0.000000,0.000000,4.000000,4.000000,4.000000,4.000000,4.000000,4.000000,0.000000,,,,,,,,,,,,,,,,,,,,,,,,,,,,
1732157951.279061,1732157951.281940,68.000000,0.000000,4293.461426,4264.743652,4312.692383,4296.153809,4275.000000,4281.282227,4335.384766,4399.615234,4287.307617,4269.871582,4486.538574,4514.615234,4318.846191,4399.102539,1429.000000,1.000000,22.000000,,,,0.000000,2.000000,2.000000,0.000000,4.000000,2.000000,2.000000,0.000000,0.000000,4.000000,4.000000,4.000000,4.000000,4.000000,4.000000,0.000000,,,,,,,,,,,,,,,,,17.000000,0.000000,0.495026,0.454346,-0.568054,0.475220,0.968380,-0.098157,-0.062019,-36.016682,44.699539,31.515135
1732157951.286869,1732157951.289748,69.000000,0.000000,4293.589844,4265.897461,4314.358887,4293.717773,4294.487305,4277.820313,4335.384766,4398.846191,4294.230957,4276.794922,4484.871582,4509.487305,4319.358887,4397.563965,1209.000000,1.000000,22.000000,,,,0.000000,2.000000,2.000000,0.000000,4.000000,2.000000,2.000000,0.000000,0.000000,4.000000,4.000000,4.000000,4.000000,4.000000,4.000000,0.000000,,,,,,,,,,,,,,,,,,,,,,,,,,,,
1732157951.294677,1732157951.297756,70.000000,0.000000,4294.871582,4264.102539,4315.256348,4291.794922,4289.102539,4277.820313,4331.410156,4399.230957,4296.153809,4278.974121,4487.948730,4510.897461,4320.897461,4396.922852,0.000000,1.000000,22.000000,,,,0.000000,2.000000,2.000000,0.000000,4.000000,2.000000,2.000000,0.000000,0.000000,4.000000,4.000000,4.000000,4.000000,4.000000,4.000000,0.000000,,,,,,,,,,,,,,,,,,,,,,,,,,,,
1732157951.302485,1732157951.305564,71.000000,0.000000,4293.205078,4262.307617,4312.563965,4292.820313,4265.000000,4280.769043,4331.666504,4401.282227,4292.948730,4278.974121,4488.333496,4514.743652,4322.820313,4397.563965,0.000000,1.000000,22.000000,,,,0.000000,2.000000,2.000000,0.000000,4.000000,2.000000,2.000000,0.000000,0.000000,4.000000,4.000000,4.000000,4.000000,4.000000,4.000000,0.000000,,,,,,,,,,,,,,,,,,,,,,,,,,,,
1732157951.310294,1732157951.313273,72.000000,0.000000,4294.487305,4265.384766,4310.769043,4295.512695,4265.256348,4282.307617,4336.666504,4402.948730,4294.743652,4281.794922,4488.205078,4511.922852,4326.922852,4398.461426,1529.000000,1.000000,22.000000,,,,0.000000,2.000000,2.000000,0.000000,4.000000,2.000000,2.000000,0.000000,0.000000,4.000000,4.000000,4.000000,4.000000,4.000000,4.000000,0.000000,,,,,,,,,,,,,,,,,18.000000,0.000000,0.495126,0.454224,-0.568115,0.475159,0.975705,-0.088390,-0.050787,-36.488514,44.724960,31.607260
1732157951.318102,1732157951.321081,73.000000,0.000000,4294.230957,4266.025879,4311.794922,4295.128418,4275.512695,4281.025879,4337.051270,4404.487305,4296.922852,4279.230957,4486.410156,4509.871582,4324.487305,4396.794922,1690.000000,1.000000,22.000000,,,,0.000000,2.000000,2.000000,0.000000,4.000000,2.000000,2.000000,0.000000,0.000000,4.000000,4.000000,4.000000,4.000000,4.000000,4.000000,0.000000,,,,,,,,,,,,,,,,,,,,,,,,,,,,
1732157951.325910,1732157951.328689,74.000000,0.000000,4291.025879,4262.820313,4311.410156,4292.307617,4271.282227,4278.974121,4334.358887,4404.487305,4294.102539,4273.589844,4483.589844,4512.820313,4319.230957,4394.230957,1548.000000,1.000000,22.000000,,,,0.000000,2.000000,2.000000,0.000000,4.000000,2.000000,2.000000,0.000000,0.000000,4.000000,4.000000,4.000000,4.000000,4.000000,4.000000,0.000000,,,,,,,,,,,,,,,,,,,,,,,,,,,,
1732157951.333718,1732157951.336497,75.000000,0.000000,4290.128418,4262.436035,4312.051270,4291.153809,4272.692383,4279.871582,4334.230957,4398.461426,4293.077148,4276.538574,4485.769043,4511.794922,4321.794922,4395.897461,1564.000000,1.000000,22.000000,,,,0.000000,2.000000,2.000000,0.000000,4.000000,2.000000,2.000000,0.000000,0.000000,4.000000,4.000000,4.000000,4.000000,4.000000,4.000000,0.000000,,,,,,,,,,,,,,,,,,,,,,,,,,,,
1732157951.341527,1732157951.344206,76.000000,0.000000,4289.871582,4264.230957,4313.846191,4291.153809,4283.461426,4280.897461,4334.743652,4396.922852,4296.410156,4280.897461,4490.256348,4506.922852,4327.179688,4398.717773,1703.000000,1.000000,22.000000,,,,0.000000,2.000000,2.000000,0.000000,4.000000,2.000000,2.000000,0.000000,0.000000,4.000000,4.000000,4.000000,4.000000,4.000000,4.000000,0.000000,,,,,,,,,,,,,,,,,19.000000,0.000000,0.495112,0.454163,-0.568176,0.475159,0.975217,-0.107923,-0.049322,-36.467361,44.697216,31.716881
1732157951.349335,1732157951.352014,77.000000,0.000000,4291.282227,4264.487305,4313.077148,4293.077148,4275.769043,4280.512695,4334.487305,4401.922852,4293.461426,4273.846191,4487.307617,4510.769043,4325.769043,4397.563965,1609.000000,1.000000,22.000000,,,,0.000000,2.000000,2.000000,0.000000,4.000000,2.000000,2.000000,0.000000,0.000000,4.000000,4.000000,4.000000,4.000000,4.000000,4.000000,0.000000,,,,,,,,,,,,,,,,,,,,,,,,,,,,
1732157951.357143,1732157951.359622,78.000000,0.000000,4291.538574,4264.615234,4311.410156,4294.743652,4277.563965,4280.128418,4334.615234,4400.384766,4286.410156,4262.436035,4480.128418,4515.512695,4323.077148,4395.769043,1548.000000,1.000000,22.000000,,,,0.000000,2.000000,2.000000,0.000000,4.000000,2.000000,2.000000,0.000000,0.000000,4.000000,4.000000,4.000000,4.000000,4.000000,4.000000,0.000000,1.000000,0.000000,1.000000,1.000000,0.000000,1.000000,1.000000,1.000000,0.000000,0.000000,4.000000,4.000000,3.000000,4.000000,3.000000,4.000000,,,,,,,,,,,,
1732157951.364951,1732157951.367430,79.000000,0.000000,4286.922852,4263.589844,4312.307617,4287.307617,4294.358887,4279.358887,4333.589844,4401.282227,4289.230957,4261.794922,4476.922852,4513.717773,4320.769043,4396.922852,1564.000000,1.000000,22.000000,,,,0.000000,2.000000,2.000000,0.000000,4.000000,2.000000,2.000000,0.000000,0.000000,4.000000,4.000000,4.000000,4.000000,4.000000,4.000000,0.000000,,,,,,,,,,,,,,,,,,,,,,,,,,,,
1732157951.372760,1732157951.375139,80.000000,0.000000,4282.051270,4261.025879,4312.436035,4283.461426,4283.846191,4283.589844,4332.692383,4408.333496,4298.589844,4272.051270,4478.461426,4513.461426,4315.641113,4393.589844,1703.000000,1.000000,22.000000,,,,0.000000,2.000000,2.000000,0.000000,4.000000,2.000000,2.000000,0.000000,0.000000,4.000000,4.000000,4.000000,4.000000,4.000000,4.000000,0.000000,,,,,,,,,,,,,,,,,20.000000,0.000000,0.495232,0.453918,-0.568420,0.474976,0.979123,-0.103528,-0.062508,-36.416897,44.776413,31.899006
1732157951.380568,1732157951.382947,81.000000,0.000000,4281.794922,4261.025879,4310.512695,4291.410156,4261.025879,4288.333496,4333.333496,4405.641113,4299.487305,4274.743652,4478.333496,4514.102539,4314.871582,4388.589844,1609.000000,1.000000,22.000000,,,,0.000000,2.000000,2.000000,0.000000,4.000000,2.000000,2.000000,0.000000,0.000000,4.000000,4.000000,4.000000,4.000000,4.000000,4.000000,0.000000,,,,,,,,,,,,,,,,,,,,,,,,,,,,
1732157951.388376,1732157951.390555,82.000000,0.000000,4283.717773,4263.589844,4313.461426,4296.153809,4260.769043,4283.717773,4334.871582,4398.974121,4292.436035,4271.538574,4473.589844,4512.436035,4319.871582,4393.461426,1548.000000,1.000000,22.000000,,,,0.000000,2.000000,2.000000,0.000000,4.000000,2.000000,2.000000,0.000000,0.000000,4.000000,4.000000,4.000000,4.000000,4.000000,4.000000,0.000000,,,,,,,,,,,,,,,,,,,,,,,,,,,,
1732157951.396184,1732157951.398364,83.000000,0.000000,4286.538574,4264.358887,4315.384766,4292.692383,4272.692383,4277.692383,4334.102539,4402.051270,4288.974121,4272.436035,4475.384766,4512.563965,4320.128418,4400.000000,1564.000000,1.000000,22.000000,,,,0.000000,2.000000,2.000000,0.000000,4.000000,2.000000,2.000000,0.000000,0.000000,4.000000,4.000000,4.000000,4.000000,4.000000,4.000000,0.000000,,,,,,,,,,,,,,,,,,,,,,,,,,,,
1732157951.403993,1732157951.406272,84.000000,0.000000,4290.000000,4263.461426,4311.538574,4294.487305,4274.743652,4279.615234,4330.256348,4402.948730,4291.410156,4271.153809,4481.538574,4515.128418,4319.487305,4399.102539,1703.000000,1.000000,22.000000,,,,0.000000,2.000000,2.000000,0.000000,4.000000,2.000000,2.000000,0.000000,0.000000,4.000000,4.000000,4.000000,4.000000,4.000000,4.000000,0.000000,,,,,,,,,,,,,,,,,21.000000,0.000000,0.495376,0.453735,-0.568542,0.474854,0.979123,-0.103528,-0.062508,-36.594353,44.878895,32.093197
1732157951.411801,1732157951.414080,85.000000,0.000000,4287.692383,4263.589844,4308.589844,4295.256348,4272.563965,4280.897461,4327.563965,4398.974121,4292.948730,4267.051270,4480.897461,4513.077148,4323.077148,4397.436035,1609.000000,1.000000,22.000000,,,,0.000000,2.000000,2.000000,0.000000,4.000000,2.000000,2.000000,0.000000,0.000000,4.000000,4.000000,4.000000,4.000000,4.000000,4.000000,0.000000,,,,,,,,,,,,,,,,,,,,,,,,,,,,
1732157951.419609,1732157951.421688,86.000000,0.000000,4282.948730,4262.563965,4312.051270,4287.179688,4281.282227,4278.461426,4330.128418,4400.641113,4284.871582,4265.769043,4475.897461,4506.666504,4322.307617,4397.692383,1548.000000,1.000000,22.000000,,,,0.000000,2.000000,2.000000,0.000000,4.000000,2.000000,2.000000,0.000000,0.000000,4.000000,4.000000,4.000000,4.000000,4.000000,4.000000,0.000000,,,,,,,,,,,,,,,,,,,,,,,,,,,,
1732157951.427417,1732157951.429497,87.000000,0.000000,4284.871582,4262.307617,4313.077148,4285.641113,4292.051270,4277.820313,4333.717773,4402.307617,4276.153809,4264.358887,4475.641113,4505.897461,4320.512695,4396.794922,1564.000000,1.000000,22.000000,,,,0.000000,2.000000,2.000000,0.000000,4.000000,2.000000,2.000000,0.000000,0.000000,4.000000,4.000000,4.000000,4.000000,4.000000,4.000000,0.000000,,,,,,,,,,,,,,,,,,,,,,,,,,,,
1732157951.435226,1732157951.437205,88.000000,0.000000,4293.205078,4265.641113,4311.025879,4293.205078,4282.051270,4277.179688,4335.128418,4401.410156,4279.615234,4262.436035,4481.410156,4513.974121,4325.128418,4400.128418,1703.000000,1.000000,22.000000,,,,0.000000,2.000000,2.000000,0.000000,4.000000,2.000000,2.000000,0.000000,0.000000,4.000000,4.000000,4.000000,4.000000,4.000000,4.000000,0.000000,,,,,,,,,,,,,,,,,22.000000,0.000000,0.495451,0.453552,-0.568726,0.474731,0.978147,-0.086436,-0.054206,-36.718094,44.821903,32.065487
1732157951.443034,1732157951.445013,89.000000,0.000000,4296.282227,4266.410156,4311.282227,4295.000000,4258.077148,4278.461426,4335.512695,4401.025879,4288.205078,4270.128418,4481.282227,4517.436035,4326.282227,4404.615234,1609.000000,1.000000,22.000000,,,,0.000000,2.000000,2.000000,0.000000,4.000000,2.000000,2.000000,0.000000,0.000000,4.000000,4.000000,4.000000,4.000000,4.000000,4.000000,0.000000,,,,,,,,,,,,,,,,,,,,,,,,,,,,
1732157951.450842,1732157951.452622,90.000000,0.000000,4291.922852,4264.358887,4311.794922,4289.102539,4259.487305,4281.538574,4334.615234,4400.000000,4294.230957,4280.000000,4478.077148,4515.000000,4323.589844,4401.025879,1548.000000,1.000000,22.000000,,,,0.000000,2.000000,2.000000,0.000000,4.000000,2.000000,2.000000,0.000000,0.000000,4.000000,4.000000,4.000000,4.000000,4.000000,4.000000,0.000000,,,,,,,,,,,,,,,,,,,,,,,,,,,,
1732157951.458650,1732157951.460430,91.000000,0.000000,4290.256348,4263.333496,4310.769043,4289.358887,4272.563965,4280.000000,4334.230957,4400.128418,4293.205078,4278.846191,4484.743652,4514.743652,4325.769043,4396.794922,1564.000000,1.000000,22.000000,,,,0.000000,2.000000,2.000000,0.000000,4.000000,2.000000,2.000000,0.000000,0.000000,4.000000,4.000000,4.000000,4.000000,4.000000,4.000000,0.000000,,,,,,,,,,,,,,,,,,,,,,,,,,,,
1732157951.466459,1732157951.468138,92.000000,0.000000,4289.358887,4258.077148,4312.179688,4290.256348,4264.871582,4276.410156,4335.128418,4404.615234,4290.897461,4277.436035,4489.487305,4516.025879,4326.538574,4398.589844,1703.000000,1.000000,22.000000,,,,0.000000,2.000000,2.000000,0.000000,4.000000,2.000000,2.000000,0.000000,0.000000,4.000000,4.000000,4.000000,4.000000,4.000000,4.000000,0.000000,,,,,,,,,,,,,,,,,23.000000,0.000000,0.495337,0.453613,-0.568726,0.474792,0.969357,-0.095226,-0.062019,-36.804989,44.764076,31.796379
1732157951.474267,1732157951.475946,93.000000,0.000000,4284.102539,4251.282227,4313.077148,4282.563965,4261.794922,4279.358887,4331.153809,4406.025879,4290.512695,4279.102539,4481.794922,4515.641113,4322.820313,4400.769043,1609.000000,1.000000,22.000000,,,,0.000000,2.000000,2.000000,0.000000,4.000000,2.000000,2.000000,0.000000,0.000000,4.000000,4.000000,4.000000,4.000000,4.000000,4.000000,0.000000,,,,,,,,,,,,,,,,,,,,,,,,,,,,
1732157951.482075,1732157951.483555,94.000000,0.000000,4278.974121,4248.461426,4310.512695,4276.666504,4280.128418,4277.436035,4326.153809,4402.179688,4286.538574,4271.922852,4474.615234,4510.512695,4319.358887,4396.922852,1548.000000,1.000000,22.000000,,,,0.000000,2.000000,2.000000,0.000000,4.000000,2.000000,2.000000,0.000000,0.000000,4.000000,4.000000,4.000000,4.000000,4.000000,4.000000,0.000000,,,,,,,,,,,,,,,,,,,,,,,,,,,,
1732157951.489883,1732157951.491363,95.000000,0.000000,4281.025879,4251.538574,4309.230957,4279.230957,4281.025879,4269.102539,4327.692383,4400.641113,4281.794922,4264.615234,4476.666504,4506.666504,4319.358887,4393.846191,1564.000000,1.000000,22.000000,,,,0.000000,2.000000,2.000000,0.000000,4.000000,2.000000,2.000000,0.000000,0.000000,4.000000,4.000000,4.000000,4.000000,4.000000,4.000000,0.000000,,,,,,,,,,,,,,,,,,,,,,,,,,,,
1732157951.497692,1732157951.499271,96.000000,0.000000,4285.384766,4257.820313,4310.128418,4281.282227,4257.051270,4268.205078,4331.538574,4401.025879,4281.410156,4271.794922,4477.436035,4507.051270,4322.820313,4396.410156,1703.000000,1.000000,22.000000,,,,0.000000,2.000000,2.000000,0.000000,4.000000,2.000000,2.000000,0.000000,0.000000,4.000000,4.000000,4.000000,4.000000,4.000000,4.000000,0.000000,,,,,,,,,,,,,,,,,24.000000,0.000000,0.495189,0.453735,-0.568604,0.474976,0.981077,-0.101575,-0.057136,-36.520374,44.860569,31.685066
1732157951.505500,1732157951.507079,97.000000,0.000000,4283.974121,4261.538574,4309.871582,4280.128418,4251.282227,4272.563965,4330.512695,4400.384766,4282.179688,4275.512695,4475.512695,4508.205078,4322.436035,4394.615234,1609.000000,1.000000,22.000000,,,,0.000000,2.000000,2.000000,0.000000,4.000000,2.000000,2.000000,0.000000,0.000000,4.000000,4.000000,4.000000,4.000000,4.000000,4.000000,0.000000,,,,,,,,,,,,,,,,,,,,,,,,,,,,
1732157951.513308,1732157951.515087,98.000000,0.000000,4283.974121,4262.563965,4310.897461,4287.948730,4266.025879,4275.256348,4330.641113,4399.743652,4281.153809,4265.256348,4473.974121,4506.153809,4319.358887,4390.128418,1548.000000,1.000000,22.000000,,,,0.000000,2.000000,2.000000,0.000000,4.000000,2.000000,2.000000,0.000000,0.000000,4.000000,4.000000,4.000000,4.000000,4.000000,4.000000,0.000000,,,,,,,,,,,,,,,,,,,,,,,,,,,,
1732157951.521116,1732157951.522895,99.000000,0.000000,4290.128418,4265.256348,4312.820313,4296.922852,4265.384766,4278.717773,4332.563965,4399.615234,4288.717773,4265.641113,4473.589844,4507.948730,4324.487305,4393.846191,1564.000000,1.000000,22.000000,,,,0.000000,2.000000,2.000000,0.000000,4.000000,2.000000,2.000000,0.000000,0.000000,4.000000,4.000000,4.000000,4.000000,4.000000,4.000000,0.000000,,,,,,,,,,,,,,,,,,,,,,,,,,,,
1732157951.528925,1732157951.530803,100.000000,0.000000,4294.358887,4266.153809,4313.077148,4297.051270,4272.820313,4280.641113,4333.461426,4399.871582,4293.205078,4271.282227,4473.589844,4507.820313,4326.538574,4397.051270,1703.000000,1.000000,22.000000,,,,0.000000,2.000000,2.000000,0.000000,4.000000,2.000000,2.000000,0.000000,0.000000,4.000000,4.000000,4.000000,4.000000,4.000000,4.000000,0.000000,,,,,,,,,,,,,,,,,25.000000,0.000000,0.495434,0.453430,-0.568787,0.474792,0.968868,-0.095226,-0.062019,-36.706505,44.792061,31.839905
1732157951.536733,1732157951.538612,101.000000,0.000000,4293.974121,4262.948730,4312.563965,4293.589844,4291.538574,4277.820313,4334.102539,4400.256348,4283.205078,4267.692383,4472.436035,4504.487305,4319.358887,4389.615234,1609.000000,1.000000,22.000000,,,,0.000000,2.000000,2.000000,0.000000,4.000000,2.000000,2.000000,0.000000,0.000000,4.000000,4.000000,4.000000,4.000000,4.000000,4.000000,0.000000,,,,,,,,,,,,,,,,,,,,,,,,,,,,
1732157951.544541,1732157951.546620,102.000000,0.000000,4292.563965,4262.820313,4312.051270,4294.871582,4276.538574,4277.948730,4335.256348,4399.487305,4282.948730,4269.743652,4473.589844,4505.512695,4318.846191,4387.307617,1548.000000,1.000000,22.000000,,,,0.000000,2.000000,2.000000,0.000000,4.000000,2.000000,2.000000,0.000000,0.000000,4.000000,4.000000,4.000000,4.000000,4.000000,4.000000,0.000000,,,,,,,,,,,,,,,,,,,,,,,,,,,,
1732157951.552349,1732157951.554428,103.000000,0.000000,4288.205078,4264.102539,4311.282227,4296.025879,4256.538574,4281.410156,4333.333496,4399.230957,4289.102539,4272.692383,4474.743652,4507.563965,4322.948730,4393.846191,1564.000000,1.000000,22.000000,,,,0.000000,2.000000,2.000000,0.000000,4.000000,2.000000,2.000000,0.000000,0.000000,4.000000,4.000000,4.000000,4.000000,4.000000,4.000000,0.000000,,,,,,,,,,,,,,,,,,,,,,,,,,,,
1732157951.560158,1732157951.562336,104.000000,0.000000,4289.358887,4263.974121,4311.025879,4293.461426,4269.487305,4282.692383,4330.384766,4399.358887,4281.922852,4266.922852,4472.307617,4506.666504,4322.051270,4395.128418,1703.000000,1.000000,22.000000,,,,0.000000,2.000000,2.000000,0.000000,4.000000,2.000000,2.000000,0.000000,0.000000,4.000000,4.000000,4.000000,4.000000,4.000000,4.000000,0.000000,,,,,,,,,,,,,,,,,26.000000,0.000000,0.495503,0.453125,-0.568970,0.474792,0.974240,-0.104017,-0.056648,-36.730602,44.884903,31.630322
1732157951.567966,1732157951.570144,105.000000,0.000000,4295.384766,4265.384766,4311.025879,4293.205078,4281.282227,4281.410156,4331.410156,4399.358887,4273.974121,4264.358887,4471.922852,4504.487305,4321.410156,4392.948730,1609.000000,1.000000,22.000000,,,,0.000000,2.000000,2.000000,0.000000,4.000000,2.000000,2.000000,0.000000,0.000000,4.000000,4.000000,4.000000,4.000000,4.000000,4.000000,0.000000,,,,,,,,,,,,,,,,,,,,,,,,,,,,
1732157951.575774,1732157951.578152,106.000000,0.000000,4291.794922,4266.025879,4311.282227,4294.230957,4276.794922,4278.974121,4333.205078,4400.384766,4278.333496,4265.897461,4473.974121,4504.102539,4321.025879,4393.205078,1548.000000,1.000000,22.000000,,,,0.000000,2.000000,2.000000,0.000000,4.000000,2.000000,2.000000,0.000000,0.000000,4.000000,4.000000,4.000000,4.000000,4.000000,4.000000,0.000000,,,,,,,,,,,,,,,,,,,,,,,,,,,,
1732157951.583582,1732157951.585960,107.000000,0.000000,4287.692383,4265.897461,4312.179688,4292.563965,4271.794922,4278.974121,4331.025879,4398.589844,4280.641113,4264.230957,4473.333496,4505.897461,4320.128418,4396.794922,1564.000000,1.000000,22.000000,,,,0.000000,2.000000,2.000000,0.000000,4.000000,2.000000,2.000000,0.000000,0.000000,4.000000,4.000000,4.000000,4.000000,4.000000,4.000000,0.000000,,,,,,,,,,,,,,,,,,,,,,,,,,,,
1732157951.591391,1732157951.593869,108.000000,0.000000,4292.179688,4265.384766,4311.410156,4291.538574,4281.538574,4277.692383,4328.333496,4396.153809,4276.538574,4262.307617,4470.641113,4506.666504,4319.487305,4400.256348,1703.000000,1.000000,22.000000,,,,0.000000,2.000000,2.000000,0.000000,4.000000,2.000000,2.000000,0.000000,0.000000,4.000000,4.000000,4.000000,4.000000,4.000000,4.000000,0.000000,,,,,,,,,,,,,,,,,27.000000,0.000000,0.495547,0.453064,-0.569031,0.474731,0.979123,-0.091320,-0.057136,-36.666786,44.981770,31.498894
1732157951.599199,1732157951.601677,109.000000,0.000000,4293.589844,4266.282227,4313.077148,4294.358887,4297.179688,4276.410156,4330.128418,4398.717773,4276.666504,4262.307617,4470.128418,4506.410156,4317.307617,4397.436035,1609.000000,1.000000,22.000000,,,,0.000000,2.000000,2.000000,0.000000,4.000000,2.000000,2.000000,0.000000,0.000000,4.000000,4.000000,4.000000,4.000000,4.000000,4.000000,0.000000,,,,,,,,,,,,,,,,,,,,,,,,,,,,
1732157951.607007,1732157951.609685,110.000000,0.000000,4291.410156,4267.692383,4315.256348,4297.307617,4285.641113,4279.102539,4334.871582,4401.538574,4279.230957,4266.153809,4472.692383,4509.358887,4319.102539,4399.615234,1548.000000,1.000000,22.000000,,,,0.000000,2.000000,2.000000,0.000000,4.000000,2.000000,2.000000,0.000000,0.000000,4.000000,4.000000,4.000000,4.000000,4.000000,4.000000,0.000000,,,,,,,,,,,,,,,,,,,,,,,,,,,,
1732157951.614815,1732157951.617493,111.000000,0.000000,4293.461426,4267.051270,4313.717773,4297.307617,4260.000000,4281.538574,4336.025879,4399.743652,4288.205078,4273.846191,4476.282227,4512.563965,4326.025879,4410.384766,1564.000000,1.000000,22.000000,,,,0.000000,2.000000,2.000000,0.000000,4.000000,2.000000,2.000000,0.000000,0.000000,4.000000,4.000000,4.000000,4.000000,4.000000,4.000000,0.000000,,,,,,,,,,,,,,,,,,,,,,,,,,,,
1732157951.622624,1732157951.625401,112.000000,0.000000,4291.666504,4264.102539,4310.897461,4294.743652,4264.230957,4280.512695,4333.846191,4398.205078,4296.025879,4275.384766,4476.666504,4510.000000,4327.179688,4409.487305,1703.000000,1.000000,22.000000,,,,0.000000,2.000000,2.000000,0.000000,4.000000,2.000000,2.000000,0.000000,0.000000,4.000000,4.000000,4.000000,4.000000,4.000000,4.000000,0.000000,,,,,,,,,,,,,,,,,28.000000,0.000000,0.495547,0.453064,-0.569031,0.474731,0.978635,-0.078135,-0.052741,-36.525097,44.940235,31.602438
1732157951.630432,1732157951.633209,113.000000,0.000000,4285.384766,4262.307617,4310.769043,4292.051270,4278.717773,4277.436035,4333.461426,4399.487305,4290.897461,4273.717773,4475.256348,4506.153809,4325.256348,4398.717773,1609.000000,1.000000,22.000000,,,,0.000000,2.000000,2.000000,0.000000,4.000000,2.000000,2.000000,0.000000,0.000000,4.000000,4.000000,4.000000,4.000000,4.000000,4.000000,0.000000,,,,,,,,,,,,,,,,,,,,,,,,,,,,
1732157951.638240,1732157951.641217,114.000000,0.000000,4288.717773,4264.230957,4312.179688,4293.205078,4272.948730,4277.307617,4334.743652,4401.410156,4281.922852,4271.025879,4476.282227,4505.256348,4326.153809,4397.692383,1548.000000,1.000000,22.000000,,,,0.000000,2.000000,2.000000,0.000000,4.000000,2.000000,2.000000,0.000000,0.000000,4.000000,4.000000,4.000000,4.000000,4.000000,4.000000,0.000000,,,,,,,,,,,,,,,,,,,,,,,,,,,,
1732157951.646048,1732157951.649025,115.000000,0.000000,4295.384766,4266.794922,4312.051270,4294.102539,4281.794922,4279.871582,4330.641113,4401.794922,4279.871582,4265.769043,4477.051270,4505.641113,4325.897461,4400.384766,1564.000000,1.000000,22.000000,,,,0.000000,2.000000,2.000000,0.000000,4.000000,2.000000,2.000000,0.000000,0.000000,4.000000,4.000000,4.000000,4.000000,4.000000,4.000000,0.000000,,,,,,,,,,,,,,,,,,,,,,,,,,,,
1732157951.653857,1732157951.656934,116.000000,0.000000,4295.769043,4266.153809,4311.282227,4295.512695,4299.102539,4279.358887,4327.820313,4399.615234,4281.666504,4262.436035,4476.538574,4505.384766,4323.974121,4401.282227,1703.000000,1.000000,22.000000,,,,0.000000,2.000000,2.000000,0.000000,4.000000,2.000000,2.000000,0.000000,0.000000,4.000000,4.000000,4.000000,4.000000,4.000000,4.000000,0.000000,,,,,,,,,,,,,,,,,29.000000,0.000000,0.495389,0.453186,-0.568970,0.474854,0.972775,-0.100110,-0.055671,-36.690331,44.756588,31.622974
1732157951.661665,1732157951.664742,117.000000,0.000000,4295.897461,4264.871582,4311.794922,4300.256348,4282.307617,4278.846191,4328.717773,4399.615234,4280.128418,4263.717773,4477.051270,4506.922852,4325.769043,4404.102539,1609.000000,1.000000,22.000000,,,,0.000000,2.000000,2.000000,0.000000,4.000000,2.000000,2.000000,0.000000,0.000000,4.000000,4.000000,4.000000,4.000000,4.000000,4.000000,0.000000,,,,,,,,,,,,,,,,,,,,,,,,,,,,
1732157951.669473,1732157951.672750,118.000000,0.000000,4298.717773,4265.769043,4313.589844,4301.025879,4260.512695,4281.794922,4328.461426,4403.205078,4280.000000,4264.743652,4476.282227,4509.615234,4327.307617,4402.179688,1548.000000,1.000000,22.000000,,,,0.000000,2.000000,2.000000,0.000000,4.000000,2.000000,2.000000,0.000000,0.000000,4.000000,4.000000,4.000000,4.000000,4.000000,4.000000,0.000000,,,,,,,,,,,,,,,,,,,,,,,,,,,,
1732157951.677281,1732157951.680558,119.000000,0.000000,4298.717773,4266.410156,4312.051270,4298.333496,4268.205078,4280.641113,4327.436035,4403.974121,4285.256348,4264.358887,4474.743652,4509.487305,4325.128418,4398.589844,1564.000000,1.000000,22.000000,,,,0.000000,2.000000,2.000000,0.000000,4.000000,2.000000,2.000000,0.000000,0.000000,4.000000,4.000000,4.000000,4.000000,4.000000,4.000000,0.000000,,,,,,,,,,,,,,,,,,,,,,,,,,,,
1732157951.685090,1732157951.688466,120.000000,0.000000,4296.666504,4266.410156,4310.641113,4298.077148,4279.615234,4277.820313,4327.563965,4399.743652,4288.589844,4265.897461,4476.538574,4508.846191,4326.410156,4403.461426,1703.000000,1.000000,22.000000,,,,0.000000,2.000000,2.000000,0.000000,4.000000,2.000000,2.000000,0.000000,0.000000,4.000000,4.000000,4.000000,4.000000,4.000000,4.000000,0.000000,,,,,,,,,,,,,,,,,30.000000,0.000000,0.495416,0.453003,-0.569092,0.474854,0.980100,-0.098157,-0.057624,-36.750832,44.756172,31.596275
1732157951.692898,1732157951.696274,121.000000,0.000000,4297.051270,4265.512695,4312.179688,4296.538574,4269.743652,4280.384766,4326.794922,4397.051270,4286.025879,4266.666504,4476.922852,4509.487305,4328.846191,4404.230957,1609.000000,1.000000,22.000000,,,,0.000000,2.000000,2.000000,0.000000,4.000000,2.000000,2.000000,0.000000,0.000000,4.000000,4.000000,4.000000,4.000000,4.000000,4.000000,0.000000,,,,,,,,,,,,,,,,,,,,,,,,,,,,
1732157951.700706,1732157951.703883,122.000000,0.000000,4296.922852,4264.743652,4312.307617,4294.230957,4275.512695,4274.615234,4328.717773,4399.487305,4280.897461,4264.230957,4473.974121,4508.077148,4324.871582,4396.666504,1548.000000,1.000000,22.000000,,,,0.000000,2.000000,2.000000,0.000000,4.000000,2.000000,2.000000,0.000000,0.000000,4.000000,4.000000,4.000000,4.000000,4.000000,4.000000,0.000000,,,,,,,,,,,,,,,,,,,,,,,,,,,,
1732157951.708514,1732157951.711691,123.000000,0.000000,4295.512695,4266.282227,4309.871582,4295.897461,4294.743652,4265.897461,4334.230957,4401.282227,4279.487305,4260.641113,4472.948730,4505.769043,4321.922852,4397.179688,1564.000000,1.000000,22.000000,,,,0.000000,2.000000,2.000000,0.000000,4.000000,2.000000,2.000000,0.000000,0.000000,4.000000,4.000000,4.000000,4.000000,4.000000,4.000000,0.000000,,,,,,,,,,,,,,,,,,,,,,,,,,,,
1732157951.716323,1732157951.719599,124.000000,0.000000,4295.000000,4266.922852,4310.000000,4295.897461,4281.025879,4271.025879,4334.871582,4400.641113,4280.769043,4261.794922,4476.282227,4506.410156,4326.025879,4405.641113,1703.000000,1.000000,22.000000,,,,0.000000,2.000000,2.000000,0.000000,4.000000,2.000000,2.000000,0.000000,0.000000,4.000000,4.000000,4.000000,4.000000,4.000000,4.000000,0.000000,,,,,,,,,,,,,,,,,31.000000,0.000000,0.495360,0.453064,-0.569092,0.474854,0.970822,-0.085948,-0.053229,-36.676510,44.704166,31.567984
1732157951.724131,1732157951.727407,125.000000,0.000000,4296.153809,4265.384766,4310.256348,4295.641113,4256.410156,4278.461426,4333.205078,4399.871582,4281.794922,4266.410156,4477.307617,4508.077148,4326.922852,4406.282227,1609.000000,1.000000,22.000000,,,,0.000000,2.000000,2.000000,0.000000,4.000000,2.000000,2.000000,0.000000,0.000000,4.000000,4.000000,4.000000,4.000000,4.000000,4.000000,0.000000,,,,,,,,,,,,,,,,,,,,,,,,,,,,
1732157951.731939,1732157951.735016,126.000000,0.000000,4298.717773,4265.769043,4310.000000,4298.974121,4259.871582,4277.179688,4334.871582,4400.128418,4280.384766,4265.256348,4475.256348,4508.461426,4324.230957,4400.512695,1548.000000,1.000000,22.000000,,,,0.000000,2.000000,2.000000,0.000000,4.000000,2.000000,2.000000,0.000000,0.000000,4.000000,4.000000,4.000000,4.000000,4.000000,4.000000,0.000000,,,,,,,,,,,,,,,,,,,,,,,,,,,,
1732157951.739747,1732157951.742824,127.000000,0.000000,4298.846191,4266.794922,4311.794922,4300.256348,4271.922852,4277.820313,4333.205078,4400.897461,4278.717773,4261.794922,4474.871582,4508.333496,4328.461426,4400.256348,22.000000,1.000000,22.000000,,,,0.000000,2.000000,2.000000,0.000000,4.000000,2.000000,2.000000,0.000000,0.000000,4.000000,4.000000,4.000000,4.000000,4.000000,4.000000,0.000000,,,,,,,,,,,,,,,,,,,,,,,,,,,,
1732157951.747556,1732157951.750532,0.000000,0.000000,4296.282227,4265.384766,4312.563965,4298.974121,4270.897461,4279.487305,4331.794922,4401.410156,4281.153809,4262.692383,4477.051270,4509.871582,4330.512695,4403.974121,0.000000,1.000000,22.000000,,,,0.000000,2.000000,2.000000,0.000000,4.000000,2.000000,2.000000,0.000000,0.000000,4.000000,4.000000,4.000000,4.000000,4.000000,4.000000,0.000000,,,,,,,,,,,,,,,,,0.000000,0.000000,0.495360,0.453064,-0.569092,0.474854,0.972775,-0.077646,-0.054206,-36.766304,44.632042,31.500067
1732157951.755364,1732157951.758340,1.000000,0.000000,4295.384766,4263.974121,4310.256348,4297.820313,4266.794922,4279.743652,4335.256348,4401.282227,4283.461426,4265.128418,4478.974121,4510.769043,4329.743652,4404.230957,1599.000000,1.000000,22.000000,,,,0.000000,2.000000,2.000000,0.000000,4.000000,2.000000,2.000000,0.000000,0.000000,4.000000,4.000000,4.000000,4.000000,4.000000,4.000000,0.000000,,,,,,,,,,,,,,,,,,,,,,,,,,,,
1732157951.763172,1732157951.765949,2.000000,0.000000,4296.410156,4263.205078,4309.102539,4297.436035,4274.871582,4280.128418,4333.589844,4400.000000,4280.256348,4265.384766,4477.436035,4512.563965,4333.974121,4403.333496,1364.000000,1.000000,22.000000,,,,0.000000,2.000000,2.000000,0.000000,4.000000,2.000000,2.000000,0.000000,0.000000,4.000000,4.000000,4.000000,4.000000,4.000000,4.000000,0.000000,,,,,,,,,,,,,,,,,,,,,,,,,,,,
1732157951.770980,1732157951.773757,3.000000,0.000000,4294.743652,4262.436035,4310.897461,4296.410156,4289.487305,4273.461426,4326.922852,4400.641113,4281.794922,4265.512695,4477.179688,4510.641113,4332.051270,4401.025879,1424.000000,1.000000,22.000000,,,,0.000000,2.000000,2.000000,0.000000,4.000000,2.000000,2.000000,0.000000,0.000000,4.000000,4.000000,4.000000,4.000000,4.000000,4.000000,0.000000,,,,,,,,,,,,,,,,,,,,,,,,,,,,
1732157951.778789,1732157951.781465,4.000000,0.000000,4292.692383,4262.820313,4313.077148,4294.102539,4280.512695,4267.563965,4328.077148,4402.563965,4288.461426,4266.538574,4480.256348,4510.256348,4325.897461,4398.846191,1421.000000,1.000000,22.000000,,,,0.000000,2.000000,2.000000,0.000000,4.000000,2.000000,2.000000,0.000000,0.000000,4.000000,4.000000,4.000000,4.000000,4.000000,4.000000,0.000000,,,,,,,,,,,,,,,,,1.000000,0.000000,0.495591,0.453003,-0.569092,0.474670,0.976682,-0.093273,-0.047857,-36.599041,44.730286,31.421721
1732157951.786597,1732157951.789274,5.000000,0.000000,4296.153809,4263.205078,4313.461426,4293.461426,4251.025879,4276.794922,4333.974121,4401.025879,4288.717773,4267.436035,4480.897461,4517.307617,4327.307617,4401.922852,1210.000000,1.000000,22.000000,,,,0.000000,2.000000,2.000000,0.000000,4.000000,2.000000,2.000000,0.000000,0.000000,4.000000,4.000000,4.000000,4.000000,4.000000,4.000000,0.000000,,,,,,,,,,,,,,,,,,,,,,,,,,,,
1732157951.794405,1732157951.796882,6.000000,0.000000,4298.205078,4262.820313,4311.282227,4295.256348,4253.846191,4280.000000,4335.641113,4399.871582,4289.871582,4267.563965,4478.205078,4520.000000,4329.615234,4404.743652,0.000000,1.000000,22.000000,,,,0.000000,2.000000,2.000000,0.000000,4.000000,2.000000,2.000000,0.000000,0.000000,4.000000,4.000000,4.000000,4.000000,4.000000,4.000000,0.000000,,,,,,,,,,,,,,,,,,,,,,,,,,,,
1732157951.802213,1732157951.804690,7.000000,0.000000,4294.871582,4261.538574,4312.692383,4295.000000,4270.512695,4269.358887,4333.974121,4403.717773,4292.820313,4266.282227,4476.922852,4516.025879,4327.051270,4402.179688,0.000000,1.000000,22.000000,,,,0.000000,2.000000,2.000000,0.000000,4.000000,2.000000,2.000000,0.000000,0.000000,4.000000,4.000000,4.000000,4.000000,4.000000,4.000000,0.000000,,,,,,,,,,,,,,,,,,,,,,,,,,,,
1732157951.810022,1732157951.812398,8.000000,0.000000,4293.333496,4260.769043,4314.487305,4293.717773,4261.922852,4269.358887,4332.692383,4405.512695,4287.563965,4265.641113,4476.153809,4516.282227,4326.922852,4398.974121,1531.000000,1.000000,22.000000,,,,0.000000,2.000000,2.000000,0.000000,4.000000,2.000000,2.000000,0.000000,0.000000,4.000000,4.000000,4.000000,4.000000,4.000000,4.000000,0.000000,,,,,,,,,,,,,,,,,2.000000,0.000000,0.495503,0.453125,-0.568970,0.474792,0.981077,-0.103040,-0.051764,-36.441891,44.583199,31.339928
1732157951.817830,1732157951.820207,9.000000,0.000000,4295.769043,4262.563965,4312.307617,4294.358887,4268.974121,4274.743652,4333.461426,4401.922852,4279.102539,4264.358887,4475.512695,4521.025879,4328.589844,4402.948730,1690.000000,1.000000,22.000000,,,,0.000000,2.000000,2.000000,0.000000,4.000000,2.000000,2.000000,0.000000,0.000000,4.000000,4.000000,4.000000,4.000000,4.000000,4.000000,0.000000,,,,,,,,,,,,,,,,,,,,,,,,,,,,
1732157951.825638,1732157951.828215,10.000000,0.000000,4297.307617,4264.615234,4310.256348,4294.487305,4286.410156,4265.769043,4334.615234,4400.256348,4277.179688,4261.666504,4477.820313,4521.025879,4331.282227,4411.025879,1548.000000,1.000000,22.000000,,,,0.000000,2.000000,2.000000,0.000000,4.000000,2.000000,2.000000,0.000000,0.000000,4.000000,4.000000,4.000000,4.000000,4.000000,4.000000,0.000000,,,,,,,,,,,,,,,,,,,,,,,,,,,,
1732157951.833446,1732157951.836023,11.000000,0.000000,4298.077148,4264.230957,4311.794922,4293.974121,4267.051270,4261.794922,4335.000000,4400.512695,4283.717773,4264.358887,4479.102539,4520.512695,4331.794922,4413.846191,1564.000000,1.000000,22.000000,,,,0.000000,2.000000,2.000000,0.000000,4.000000,2.000000,2.000000,0.000000,0.000000,4.000000,4.000000,4.000000,4.000000,4.000000,4.000000,0.000000,,,,,,,,,,,,,,,,,,,,,,,,,,,,
1732157951.841255,1732157951.843731,12.000000,0.000000,4296.666504,4263.974121,4311.538574,4295.128418,4252.051270,4275.000000,4335.128418,4398.589844,4291.410156,4268.077148,4477.820313,4522.563965,4330.128418,4411.538574,1703.000000,1.000000,22.000000,,,,0.000000,2.000000,2.000000,0.000000,4.000000,2.000000,2.000000,0.000000,0.000000,4.000000,4.000000,4.000000,4.000000,4.000000,4.000000,0.000000,,,,,,,,,,,,,,,,,3.000000,0.000000,0.495242,0.453308,-0.568848,0.475037,0.970822,-0.104993,-0.052741,-36.452930,44.599056,31.022007
1732157951.849063,1732157951.851539,13.000000,0.000000,4296.410156,4265.128418,4310.897461,4293.077148,4267.563965,4281.025879,4334.102539,4399.743652,4289.743652,4266.025879,4477.563965,4521.922852,4332.307617,4411.153809,1609.000000,1.000000,22.000000,,,,0.000000,2.000000,2.000000,0.000000,4.000000,2.000000,2.000000,0.000000,0.000000,4.000000,4.000000,4.000000,4.000000,4.000000,4.000000,0.000000,,,,,,,,,,,,,,,,,,,,,,,,,,,,
1732157951.856871,1732157951.859547,14.000000,0.000000,4302.948730,4265.897461,4312.563965,4291.538574,4267.820313,4279.487305,4334.230957,4402.563965,4285.000000,4264.871582,4477.563965,4522.307617,4335.256348,4414.358887,1548.000000,1.000000,22.000000,,,,0.000000,2.000000,2.000000,0.000000,4.000000,2.000000,2.000000,0.000000,0.000000,4.000000,4.000000,4.000000,4.000000,4.000000,4.000000,0.000000,1.000000,0.000000,1.000000,1.000000,0.000000,4.000000,2.000000,1.000000,0.000000,0.000000,4.000000,4.000000,1.000000,4.000000,4.000000,4.000000,,,,,,,,,,,,
1732157951.864679,1732157951.867356,15.000000,0.000000,4303.589844,4264.487305,4311.794922,4291.282227,4267.820313,4278.846191,4333.974121,4401.794922,4291.410156,4267.307617,4479.743652,4522.307617,4335.000000,4413.461426,1564.000000,1.000000,22.000000,,,,0.000000,2.000000,2.000000,0.000000,4.000000,2.000000,2.000000,0.000000,0.000000,4.000000,4.000000,4.000000,4.000000,4.000000,4.000000,0.000000,,,,,,,,,,,,,,,,,,,,,,,,,,,,
1732157951.872488,1732157951.875064,16.000000,0.000000,4296.153809,4262.307617,4310.641113,4288.461426,4285.641113,4271.025879,4329.358887,4400.384766,4298.461426,4266.922852,4483.333496,4522.307617,4334.230957,4410.384766,0.000000,1.000000,22.000000,,,,0.000000,2.000000,2.000000,0.000000,4.000000,2.000000,2.000000,0.000000,0.000000,4.000000,4.000000,4.000000,4.000000,4.000000,4.000000,0.000000,,,,,,,,,,,,,,,,,4.000000,0.000000,0.495242,0.453308,-0.568848,0.475037,0.982053,-0.086436,-0.055183,-36.525208,44.553570,31.206160
1732157951.880296,1732157951.882872,17.000000,0.000000,4298.589844,4263.461426,4312.948730,4290.256348,4274.487305,4269.358887,4328.205078,4401.025879,4292.051270,4265.256348,4481.410156,4522.179688,4335.384766,4410.641113,0.000000,1.000000,22.000000,,,,0.000000,2.000000,2.000000,0.000000,4.000000,2.000000,2.000000,0.000000,0.000000,4.000000,4.000000,4.000000,4.000000,4.000000,4.000000,0.000000,,,,,,,,,,,,,,,,,,,,,,,,,,,,
1732157951.888104,1732157951.890481,18.000000,0.000000,4305.000000,4267.563965,4314.102539,4297.436035,4250.256348,4280.641113,4333.077148,4401.794922,4286.538574,4264.743652,4475.769043,4520.384766,4334.615234,4410.897461,0.000000,1.000000,22.000000,,,,0.000000,2.000000,2.000000,0.000000,4.000000,2.000000,2.000000,0.000000,0.000000,4.000000,4.000000,4.000000,4.000000,4.000000,4.000000,0.000000,,,,,,,,,,,,,,,,,,,,,,,,,,,,
1732157951.895912,1732157951.898289,19.000000,0.000000,4300.256348,4265.897461,4312.307617,4298.333496,4259.230957,4282.563965,4334.615234,4401.025879,4291.153809,4264.871582,4474.743652,4519.743652,4333.589844,4405.512695,0.000000,1.000000,22.000000,,,,0.000000,2.000000,2.000000,0.000000,4.000000,2.000000,2.000000,0.000000,0.000000,4.000000,4.000000,4.000000,4.000000,4.000000,4.000000,0.000000,,,,,,,,,,,,,,,,,,,,,,,,,,,,
1732157951.903721,1732157951.906197,20.000000,0.000000,4294.615234,4264.358887,4310.128418,4292.948730,4271.666504,4271.153809,4333.589844,4401.153809,4291.922852,4265.641113,4475.000000,4516.282227,4334.358887,4398.461426,0.000000,1.000000,22.000000,,,,0.000000,2.000000,2.000000,0.000000,4.000000,2.000000,2.000000,0.000000,0.000000,4.000000,4.000000,4.000000,4.000000,4.000000,4.000000,0.000000,,,,,,,,,,,,,,,,,5.000000,0.000000,0.495007,0.453308,-0.568848,0.475281,0.975705,-0.101087,-0.057136,-36.610416,44.548393,31.068655
1732157951.911529,1732157951.914005,21.000000,0.000000,4296.666504,4270.769043,4311.538574,4292.179688,4263.333496,4271.922852,4333.974121,4401.025879,4284.487305,4265.641113,4473.333496,4511.153809,4335.512695,4397.820313,0.000000,1.000000,22.000000,,,,0.000000,2.000000,2.000000,0.000000,4.000000,2.000000,2.000000,0.000000,0.000000,4.000000,4.000000,4.000000,4.000000,4.000000,4.000000,0.000000,,,,,,,,,,,,,,,,,,,,,,,,,,,,
1732157951.919337,1732157951.922013,22.000000,0.000000,4296.922852,4273.205078,4316.282227,4294.102539,4262.948730,4280.256348,4332.307617,4399.743652,4282.692383,4264.615234,4472.820313,4512.436035,4335.641113,4400.512695,0.000000,1.000000,22.000000,,,,0.000000,2.000000,2.000000,0.000000,4.000000,2.000000,2.000000,0.000000,0.000000,4.000000,4.000000,4.000000,4.000000,4.000000,4.000000,0.000000,,,,,,,,,,,,,,,,,,,,,,,,,,,,
1732157951.927145,1732157951.929821,23.000000,0.000000,4297.051270,4270.384766,4316.794922,4294.358887,4277.179688,4279.487305,4332.179688,4399.358887,4290.641113,4265.128418,4473.717773,4521.025879,4336.538574,4399.102539,0.000000,1.000000,22.000000,,,,0.000000,2.000000,2.000000,0.000000,4.000000,2.000000,2.000000,0.000000,0.000000,4.000000,4.000000,4.000000,4.000000,4.000000,4.000000,0.000000,,,,,,,,,,,,,,,,,,,,,,,,,,,,
1732157951.934954,1732157951.937729,24.000000,0.000000,4298.717773,4273.717773,4313.717773,4294.871582,4277.307617,4278.077148,4335.128418,4400.769043,4294.743652,4266.282227,4475.128418,4523.461426,4341.794922,4396.794922,0.000000,1.000000,22.000000,,,,0.000000,2.000000,2.000000,0.000000,4.000000,2.000000,2.000000,0.000000,0.000000,4.000000,4.000000,4.000000,4.000000,4.000000,4.000000,0.000000,,,,,,,,,,,,,,,,,6.000000,0.000000,0.494848,0.453430,-0.568787,0.475403,0.977658,-0.100110,-0.062996,-36.522770,44.450863,30.963945
1732157951.942762,1732157951.945538,25.000000,0.000000,4298.077148,4279.487305,4313.717773,4294.743652,4273.589844,4281.025879,4334.102539,4401.025879,4293.589844,4266.025879,4475.384766,4516.666504,4343.974121,4396.922852,0.000000,1.000000,22.000000,,,,0.000000,2.000000,2.000000,0.000000,4.000000,2.000000,2.000000,0.000000,0.000000,4.000000,4.000000,4.000000,4.000000,4.000000,4.000000,0.000000,,,,,,,,,,,,,,,,,,,,,,,,,,,,
1732157951.950570,1732157951.953546,26.000000,0.000000,4297.179688,4278.974121,4315.512695,4293.717773,4288.333496,4283.077148,4332.307617,4399.871582,4286.538574,4264.743652,4473.333496,4515.512695,4338.077148,4396.410156,0.000000,1.000000,22.000000,,,,0.000000,2.000000,2.000000,0.000000,4.000000,2.000000,2.000000,0.000000,0.000000,4.000000,4.000000,4.000000,4.000000,4.000000,4.000000,0.000000,,,,,,,,,,,,,,,,,,,,,,,,,,,,
1732157951.958378,1732157951.961354,27.000000,0.000000,4297.692383,4277.051270,4312.563965,4292.307617,4292.563965,4280.128418,4334.230957,4400.769043,4280.897461,4263.333496,4472.051270,4517.692383,4336.153809,4395.897461,0.000000,1.000000,22.000000,,,,0.000000,2.000000,2.000000,0.000000,4.000000,2.000000,2.000000,0.000000,0.000000,4.000000,4.000000,4.000000,4.000000,4.000000,4.000000,0.000000,,,,,,,,,,,,,,,,,,,,,,,,,,,,
1732157951.966187,1732157951.969262,28.000000,0.000000,4298.333496,4276.282227,4311.153809,4291.666504,4267.820313,4280.897461,4335.897461,4402.179688,4291.025879,4269.230957,4474.487305,4519.743652,4341.410156,4400.256348,0.000000,1.000000,22.000000,,,,0.000000,2.000000,2.000000,0.000000,4.000000,2.000000,2.000000,0.000000,0.000000,4.000000,4.000000,4.000000,4.000000,4.000000,4.000000,0.000000,,,,,,,,,,,,,,,,,7.000000,0.000000,0.494790,0.453430,-0.568787,0.475464,0.977658,-0.100110,-0.062996,-36.518444,44.446865,31.129128
1732157951.973995,1732157951.977070,29.000000,0.000000,4297.307617,4274.358887,4313.717773,4291.153809,4256.666504,4282.051270,4335.256348,4400.128418,4292.948730,4274.230957,4476.666504,4520.256348,4343.589844,4403.974121,0.000000,1.000000,22.000000,,,,0.000000,2.000000,2.000000,0.000000,4.000000,2.000000,2.000000,0.000000,0.000000,4.000000,4.000000,4.000000,4.000000,4.000000,4.000000,0.000000,,,,,,,,,,,,,,,,,,,,,,,,,,,,
1732157951.981803,1732157951.985078,30.000000,0.000000,4296.538574,4275.769043,4312.436035,4289.487305,4265.512695,4277.948730,4334.358887,4397.948730,4281.153809,4270.641113,4476.794922,4516.025879,4344.487305,4405.000000,0.000000,1.000000,22.000000,,,,0.000000,2.000000,2.000000,0.000000,4.000000,2.000000,2.000000,0.000000,0.000000,4.000000,4.000000,4.000000,4.000000,4.000000,4.000000,0.000000,,,,,,,,,,,,,,,,,,,,,,,,,,,,
1732157951.989611,1732157951.992886,31.000000,0.000000,4299.102539,4279.871582,4308.846191,4293.205078,4265.641113,4278.077148,4335.128418,4399.743652,4282.051270,4275.000000,4478.077148,4516.922852,4350.769043,4409.358887,0.000000,1.000000,22.000000,,,,0.000000,2.000000,2.000000,0.000000,4.000000,2.000000,2.000000,0.000000,0.000000,4.000000,4.000000,4.000000,4.000000,4.000000,4.000000,0.000000,,,,,,,,,,,,,,,,,,,,,,,,,,,,
1732157951.997419,1732157952.000794,32.000000,0.000000,4298.333496,4281.282227,4309.743652,4293.205078,4274.230957,4277.436035,4335.384766,4399.615234,4287.692383,4277.307617,4477.948730,4523.846191,4350.128418,4410.256348,0.000000,1.000000,22.000000,,,,0.000000,2.000000,2.000000,0.000000,4.000000,2.000000,2.000000,0.000000,0.000000,4.000000,4.000000,4.000000,4.000000,4.000000,4.000000,0.000000,,,,,,,,,,,,,,,,,8.000000,0.000000,0.494879,0.453308,-0.568909,0.475342,0.977170,-0.078623,-0.053229,-36.481606,44.460297,31.079594
1732157952.005228,1732157952.008603,33.000000,0.000000,4295.128418,4277.307617,4312.820313,4286.282227,4281.410156,4271.025879,4333.461426,4397.307617,4280.769043,4266.410156,4474.615234,4519.615234,4343.461426,4405.769043,0.000000,1.000000,22.000000,,,,0.000000,2.000000,2.000000,0.000000,4.000000,2.000000,2.000000,0.000000,0.000000,4.000000,4.000000,4.000000,4.000000,4.000000,4.000000,0.000000,,,,,,,,,,,,,,,,,,,,,,,,,,,,
1732157952.013036,1732157952.016611,34.000000,0.000000,4299.871582,4275.641113,4311.922852,4284.615234,4262.563965,4269.487305,4332.179688,4399.230957,4277.179688,4267.307617,4474.487305,4508.717773,4343.974121,4403.461426,0.000000,1.000000,22.000000,,,,0.000000,2.000000,2.000000,0.000000,4.000000,2.000000,2.000000,0.000000,0.000000,4.000000,4.000000,4.000000,4.000000,4.000000,4.000000,0.000000,,,,,,,,,,,,,,,,,,,,,,,,,,,,
1732157952.020844,1732157952.024419,35.000000,0.000000,4303.589844,4278.205078,4310.384766,4290.256348,4252.436035,4276.538574,4334.102539,4401.922852,4284.743652,4281.922852,4477.948730,4512.692383,4346.922852,4400.128418,0.000000,1.000000,22.000000,,,,0.000000,2.000000,2.000000,0.000000,4.000000,2.000000,2.000000,0.000000,0.000000,4.000000,4.000000,4.000000,4.000000,4.000000,4.000000,0.000000,,,,,,,,,,,,,,,,,,,,,,,,,,,,
1732157952.028653,1732157952.032127,36.000000,0.000000,4297.307617,4279.487305,4312.051270,4292.307617,4263.974121,4279.871582,4335.512695,4400.128418,4285.384766,4281.922852,4479.358887,4516.153809,4347.692383,4397.051270,0.000000,1.000000,22.000000,,,,0.000000,2.000000,2.000000,0.000000,4.000000,2.000000,2.000000,0.000000,0.000000,4.000000,4.000000,4.000000,4.000000,4.000000,4.000000,0.000000,,,,,,,,,,,,,,,,,9.000000,0.000000,0.494745,0.453491,-0.568726,0.475525,0.983518,-0.104505,-0.059578,-36.451767,44.521172,31.239471
1732157952.036461,1732157952.039935,37.000000,0.000000,4292.563965,4278.461426,4314.487305,4287.436035,4269.230957,4275.000000,4334.230957,4398.717773,4285.641113,4274.102539,4477.820313,4507.563965,4351.282227,4399.358887,0.000000,1.000000,22.000000,,,,0.000000,2.000000,2.000000,0.000000,4.000000,2.000000,2.000000,0.000000,0.000000,4.000000,4.000000,4.000000,4.000000,4.000000,4.000000,0.000000,,,,,,,,,,,,,,,,,,,,,,,,,,,,
1732157952.044269,1732157952.047544,38.000000,0.000000,4294.871582,4277.563965,4313.846191,4280.384766,4262.948730,4271.025879,4332.820313,4399.615234,4292.563965,4280.641113,4476.025879,4503.461426,4352.179688,4400.000000,0.000000,1.000000,22.000000,,,,0.000000,2.000000,2.000000,0.000000,4.000000,2.000000,2.000000,0.000000,0.000000,4.000000,4.000000,4.000000,4.000000,4.000000,4.000000,0.000000,,,,,,,,,,,,,,,,,,,,,,,,,,,,
1732157952.052077,1732157952.055352,39.000000,0.000000,4297.051270,4278.077148,4312.051270,4280.897461,4259.743652,4271.666504,4333.846191,4400.769043,4289.230957,4281.538574,4474.615234,4507.692383,4348.333496,4396.922852,0.000000,1.000000,22.000000,,,,0.000000,2.000000,2.000000,0.000000,4.000000,2.000000,2.000000,0.000000,0.000000,4.000000,4.000000,4.000000,4.000000,4.000000,4.000000,0.000000,,,,,,,,,,,,,,,,,,,,,,,,,,,,
1732157952.059886,1732157952.063060,40.000000,0.000000,4296.025879,4280.128418,4310.641113,4288.077148,4274.871582,4275.000000,4335.000000,4400.128418,4277.563965,4268.333496,4473.846191,4506.538574,4348.461426,4397.948730,0.000000,1.000000,22.000000,,,,0.000000,2.000000,2.000000,0.000000,4.000000,2.000000,2.000000,0.000000,0.000000,4.000000,4.000000,4.000000,4.000000,4.000000,4.000000,0.000000,,,,,,,,,,,,,,,,,10.000000,0.000000,0.494745,0.453491,-0.568726,0.475525,0.983030,-0.098157,-0.055671,-36.714264,44.390484,31.193972
1732157952.067694,1732157952.070869,41.000000,0.000000,4291.794922,4280.256348,4311.025879,4287.179688,4289.871582,4276.666504,4334.102539,4399.230957,4275.897461,4262.820313,4472.820313,4500.128418,4347.563965,4397.692383,0.000000,1.000000,22.000000,,,,0.000000,2.000000,2.000000,0.000000,4.000000,2.000000,2.000000,0.000000,0.000000,4.000000,4.000000,4.000000,4.000000,4.000000,4.000000,0.000000,,,,,,,,,,,,,,,,,,,,,,,,,,,,
1732157952.075502,1732157952.078477,42.000000,0.000000,4290.384766,4278.589844,4311.153809,4287.051270,4274.358887,4277.563965,4333.589844,4399.230957,4283.461426,4275.512695,4473.589844,4502.948730,4346.538574,4395.128418,0.000000,1.000000,22.000000,,,,0.000000,2.000000,2.000000,0.000000,4.000000,2.000000,2.000000,0.000000,0.000000,4.000000,4.000000,4.000000,4.000000,4.000000,4.000000,0.000000,,,,,,,,,,,,,,,,,,,,,,,,,,,,
1732157952.083310,1732157952.086285,43.000000,0.000000,4294.743652,4278.974121,4311.666504,4294.230957,4254.358887,4281.025879,4334.615234,4398.589844,4284.102539,4281.666504,4475.769043,4508.717773,4349.230957,4396.922852,0.000000,1.000000,22.000000,,,,0.000000,2.000000,2.000000,0.000000,4.000000,2.000000,2.000000,0.000000,0.000000,4.000000,4.000000,4.000000,4.000000,4.000000,4.000000,0.000000,,,,,,,,,,,,,,,,,,,,,,,,,,,,
1732157952.091118,1732157952.093993,44.000000,0.000000,4293.589844,4279.358887,4311.410156,4288.333496,4258.461426,4280.512695,4335.000000,4397.436035,4278.846191,4269.230957,4474.102539,4501.025879,4347.179688,4396.025879,0.000000,1.000000,22.000000,,,,0.000000,2.000000,2.000000,0.000000,4.000000,2.000000,2.000000,0.000000,0.000000,4.000000,4.000000,4.000000,4.000000,4.000000,4.000000,0.000000,,,,,,,,,,,,,,,,,11.000000,0.000000,0.494480,0.453613,-0.568604,0.475830,0.972775,-0.088390,-0.048346,-36.800220,44.221291,31.125450
1732157952.098927,1732157952.101802,45.000000,0.000000,4287.436035,4277.051270,4311.153809,4277.307617,4267.820313,4279.102539,4334.358887,4398.589844,4280.641113,4264.487305,4471.282227,4492.307617,4341.410156,4391.922852,0.000000,1.000000,22.000000,,,,0.000000,2.000000,2.000000,0.000000,4.000000,2.000000,2.000000,0.000000,0.000000,4.000000,4.000000,4.000000,4.000000,4.000000,4.000000,0.000000,,,,,,,,,,,,,,,,,,,,,,,,,,,,
1732157952.106735,1732157952.109410,46.000000,0.000000,4286.538574,4275.128418,4312.563965,4280.384766,4266.538574,4280.000000,4333.974121,4400.641113,4288.846191,4274.871582,4472.436035,4494.743652,4343.205078,4392.948730,0.000000,1.000000,22.000000,,,,0.000000,2.000000,2.000000,0.000000,4.000000,2.000000,2.000000,0.000000,0.000000,4.000000,4.000000,4.000000,4.000000,4.000000,4.000000,0.000000,,,,,,,,,,,,,,,,,,,,,,,,,,,,
1732157952.114543,1732157952.117218,47.000000,0.000000,4289.871582,4276.538574,4311.666504,4284.743652,4262.307617,4281.153809,4333.717773,4398.589844,4296.922852,4281.922852,4475.000000,4498.205078,4349.743652,4398.205078,0.000000,1.000000,22.000000,,,,0.000000,2.000000,2.000000,0.000000,4.000000,2.000000,2.000000,0.000000,0.000000,4.000000,4.000000,4.000000,4.000000,4.000000,4.000000,0.000000,,,,,,,,,,,,,,,,,,,,,,,,,,,,
1732157952.122352,1732157952.124927,48.000000,0.000000,4291.410156,4278.077148,4309.743652,4282.692383,4273.846191,4279.743652,4334.615234,4397.820313,4296.025879,4280.384766,4475.512695,4495.769043,4351.794922,4398.077148,0.000000,1.000000,22.000000,,,,0.000000,2.000000,2.000000,0.000000,4.000000,2.000000,2.000000,0.000000,0.000000,4.000000,4.000000,4.000000,4.000000,4.000000,4.000000,0.000000,,,,,,,,,,,,,,,,,12.000000,0.000000,0.494190,0.453979,-0.568359,0.476074,0.988890,-0.083018,-0.056159,-36.826511,44.389244,31.181614
1732157952.130160,1732157952.132735,49.000000,0.000000,4292.051270,4278.846191,4310.000000,4284.230957,4289.230957,4277.563965,4335.897461,4399.358887,4283.974121,4279.487305,4475.384766,4494.102539,4355.000000,4397.436035,0.000000,1.000000,22.000000,,,,0.000000,2.000000,2.000000,0.000000,4.000000,2.000000,2.000000,0.000000,0.000000,4.000000,4.000000,4.000000,4.000000,4.000000,4.000000,0.000000,,,,,,,,,,,,,,,,,,,,,,,,,,,,
1732157952.137968,1732157952.140343,50.000000,0.000000,4294.487305,4281.410156,4312.563965,4291.666504,4273.077148,4277.820313,4335.641113,4398.205078,4280.256348,4281.153809,4476.282227,4498.077148,4358.589844,4404.487305,0.000000,1.000000,22.000000,,,,0.000000,2.000000,2.000000,0.000000,4.000000,2.000000,2.000000,0.000000,0.000000,4.000000,4.000000,4.000000,4.000000,4.000000,4.000000,0.000000,,,,,,,,,,,,,,,,,,,,,,,,,,,,
1732157952.145776,1732157952.148151,51.000000,0.000000,4295.384766,4282.307617,4312.948730,4293.974121,4249.615234,4279.230957,4335.641113,4397.692383,4291.153809,4281.922852,4477.436035,4507.692383,4359.743652,4406.025879,0.000000,1.000000,22.000000,,,,0.000000,2.000000,2.000000,0.000000,4.000000,2.000000,2.000000,0.000000,0.000000,4.000000,4.000000,4.000000,4.000000,4.000000,4.000000,0.000000,,,,,,,,,,,,,,,,,,,,,,,,,,,,
1732157952.153585,1732157952.155860,52.000000,0.000000,4290.256348,4279.615234,4311.538574,4287.436035,4257.563965,4279.358887,4335.384766,4398.589844,4292.179688,4282.563965,4476.282227,4510.000000,4356.794922,4399.358887,0.000000,1.000000,22.000000,,,,0.000000,2.000000,2.000000,0.000000,4.000000,2.000000,2.000000,0.000000,0.000000,4.000000,4.000000,4.000000,4.000000,4.000000,4.000000,0.000000,,,,,,,,,,,,,,,,,13.000000,0.000000,0.494193,0.454041,-0.568359,0.476013,0.965450,-0.087413,-0.049811,-36.872810,44.550289,31.443775
1732157952.161393,1732157952.163668,53.000000,0.000000,4285.769043,4278.205078,4311.153809,4285.641113,4268.846191,4278.205078,4334.615234,4395.897461,4282.051270,4280.000000,4473.846191,4498.333496,4351.282227,4397.051270,0.000000,1.000000,22.000000,,,,0.000000,2.000000,2.000000,0.000000,4.000000,2.000000,2.000000,0.000000,0.000000,4.000000,4.000000,4.000000,4.000000,4.000000,4.000000,0.000000,,,,,,,,,,,,,,,,,,,,,,,,,,,,
1732157952.169201,1732157952.171276,54.000000,0.000000,4292.436035,4280.384766,4312.307617,4292.051270,4266.025879,4277.563965,4334.358887,4394.743652,4283.717773,4278.846191,4473.974121,4492.820313,4352.820313,4398.205078,0.000000,1.000000,22.000000,,,,0.000000,2.000000,2.000000,0.000000,4.000000,2.000000,2.000000,0.000000,0.000000,4.000000,4.000000,4.000000,4.000000,4.000000,4.000000,0.000000,,,,,,,,,,,,,,,,,,,,,,,,,,,,
1732157952.177009,1732157952.179085,55.000000,0.000000,4295.384766,4281.922852,4311.153809,4294.358887,4261.282227,4277.179688,4334.871582,4398.461426,4295.256348,4283.461426,4475.897461,4501.025879,4357.948730,4396.794922,0.000000,1.000000,22.000000,,,,0.000000,2.000000,2.000000,0.000000,4.000000,2.000000,2.000000,0.000000,0.000000,4.000000,4.000000,4.000000,4.000000,4.000000,4.000000,0.000000,,,,,,,,,,,,,,,,,,,,,,,,,,,,
1732157952.184817,1732157952.186993,56.000000,0.000000,4285.897461,4279.871582,4310.128418,4287.692383,4263.974121,4277.051270,4335.256348,4399.871582,4297.051270,4286.282227,4475.384766,4505.769043,4359.230957,4395.384766,0.000000,1.000000,22.000000,,,,0.000000,2.000000,2.000000,0.000000,4.000000,2.000000,2.000000,0.000000,0.000000,4.000000,4.000000,4.000000,4.000000,4.000000,4.000000,0.000000,,,,,,,,,,,,,,,,,14.000000,0.000000,0.494307,0.453979,-0.568359,0.475952,0.982053,-0.080088,-0.058113,-36.580307,44.687401,31.441124
1732157952.192626,1732157952.194801,57.000000,0.000000,4281.538574,4277.820313,4311.153809,4281.666504,4281.794922,4277.179688,4334.358887,4398.589844,4290.897461,4280.641113,4472.948730,4497.307617,4357.179688,4393.717773,0.000000,1.000000,22.000000,,,,0.000000,2.000000,2.000000,0.000000,4.000000,2.000000,2.000000,0.000000,0.000000,4.000000,4.000000,4.000000,4.000000,4.000000,4.000000,0.000000,,,,,,,,,,,,,,,,,,,,,,,,,,,,
1732157952.200434,1732157952.202809,58.000000,0.000000,4288.974121,4278.846191,4313.333496,4287.563965,4282.436035,4276.538574,4334.871582,4398.461426,4291.666504,4280.256348,4473.077148,4492.692383,4355.128418,4393.589844,0.000000,1.000000,22.000000,,,,0.000000,2.000000,2.000000,0.000000,4.000000,2.000000,2.000000,0.000000,0.000000,4.000000,4.000000,4.000000,4.000000,4.000000,4.000000,0.000000,,,,,,,,,,,,,,,,,,,,,,,,,,,,
1732157952.208242,1732157952.210617,59.000000,0.000000,4290.897461,4281.538574,4312.179688,4295.512695,4257.179688,4276.922852,4336.282227,4398.846191,4300.641113,4286.922852,4475.128418,4499.743652,4353.077148,4397.692383,0.000000,1.000000,22.000000,,,,0.000000,2.000000,2.000000,0.000000,4.000000,2.000000,2.000000,0.000000,0.000000,4.000000,4.000000,4.000000,4.000000,4.000000,4.000000,0.000000,,,,,,,,,,,,,,,,,,,,,,,,,,,,
1732157952.216051,1732157952.218325,60.000000,0.000000,4284.358887,4280.512695,4311.922852,4290.897461,4254.102539,4278.077148,4335.384766,4398.717773,4294.743652,4283.974121,4474.358887,4505.000000,4351.025879,4399.358887,0.000000,1.000000,22.000000,,,,0.000000,2.000000,2.000000,0.000000,4.000000,2.000000,2.000000,0.000000,0.000000,4.000000,4.000000,4.000000,4.000000,4.000000,4.000000,0.000000,,,,,,,,,,,,,,,,,15.000000,0.000000,0.494240,0.454041,-0.568420,0.475891,0.977658,-0.099133,-0.061531,-36.758385,44.660130,31.533978
1732157952.223859,1732157952.226134,61.000000,0.000000,4287.051270,4279.230957,4314.487305,4287.948730,4268.333496,4279.615234,4334.743652,4398.846191,4276.922852,4276.282227,4471.922852,4503.461426,4350.897461,4398.974121,0.000000,1.000000,22.000000,,,,0.000000,2.000000,2.000000,0.000000,4.000000,2.000000,2.000000,0.000000,0.000000,4.000000,4.000000,4.000000,4.000000,4.000000,4.000000,0.000000,,,,,,,,,,,,,,,,,,,,,,,,,,,,
1732157952.231667,1732157952.234142,62.000000,0.000000,4295.256348,4280.512695,4314.487305,4290.384766,4265.641113,4280.128418,4336.666504,4398.717773,4283.333496,4278.077148,4472.051270,4499.615234,4350.256348,4398.589844,0.000000,1.000000,22.000000,,,,0.000000,2.000000,2.000000,0.000000,4.000000,2.000000,2.000000,0.000000,0.000000,4.000000,4.000000,4.000000,4.000000,4.000000,4.000000,0.000000,,,,,,,,,,,,,,,,,,,,,,,,,,,,
1732157952.239475,1732157952.241950,63.000000,0.000000,4294.487305,4280.641113,4312.692383,4284.871582,4261.410156,4280.256348,4336.153809,4399.743652,4296.025879,4281.153809,4473.846191,4502.307617,4350.769043,4397.051270,0.000000,1.000000,22.000000,,,,0.000000,2.000000,2.000000,0.000000,4.000000,2.000000,2.000000,0.000000,0.000000,4.000000,4.000000,4.000000,4.000000,4.000000,4.000000,0.000000,,,,,,,,,,,,,,,,,,,,,,,,,,,,
1732157952.247284,1732157952.249658,64.000000,0.000000,4291.153809,4280.769043,4311.410156,4285.128418,4269.358887,4280.641113,4332.179688,4399.230957,4284.358887,4277.820313,4474.102539,4507.948730,4353.974121,4401.410156,0.000000,1.000000,22.000000,,,,0.000000,2.000000,2.000000,0.000000,4.000000,2.000000,2.000000,0.000000,0.000000,4.000000,4.000000,4.000000,4.000000,4.000000,4.000000,0.000000,,,,,,,,,,,,,,,,,16.000000,0.000000,0.494193,0.454041,-0.568359,0.476013,0.974240,-0.094250,-0.062508,-36.845959,44.603039,31.554188
1732157952.255092,1732157952.257466,65.000000,0.000000,4292.563965,4280.897461,4311.410156,4288.974121,4267.179688,4281.025879,4332.692383,4397.307617,4277.692383,4276.794922,4472.820313,4502.563965,4356.922852,4405.384766,1604.000000,1.000000,22.000000,,,,0.000000,2.000000,2.000000,0.000000,4.000000,2.000000,2.000000,0.000000,0.000000,4.000000,4.000000,4.000000,4.000000,4.000000,4.000000,0.000000,,,,,,,,,,,,,,,,,,,,,,,,,,,,
1732157952.262900,1732157952.265075,66.000000,0.000000,4294.102539,4280.256348,4310.769043,4282.436035,4263.974121,4280.641113,4335.512695,4397.307617,4290.384766,4282.051270,4471.922852,4491.666504,4360.641113,4398.589844,1366.000000,1.000000,22.000000,,,,0.000000,2.000000,2.000000,0.000000,4.000000,2.000000,2.000000,0.000000,0.000000,4.000000,4.000000,4.000000,4.000000,4.000000,4.000000,0.000000,,,,,,,,,,,,,,,,,,,,,,,,,,,,
1732157952.270708,1732157952.272883,67.000000,0.000000,4292.948730,4280.769043,4310.128418,4278.846191,4279.102539,4278.077148,4335.000000,4398.589844,4294.358887,4288.077148,4472.179688,4497.692383,4364.230957,4395.256348,1427.000000,1.000000,22.000000,,,,0.000000,2.000000,2.000000,0.000000,4.000000,2.000000,2.000000,0.000000,0.000000,4.000000,4.000000,4.000000,4.000000,4.000000,4.000000,0.000000,,,,,,,,,,,,,,,,,,,,,,,,,,,,
1732157952.278516,1732157952.280791,68.000000,0.000000,4294.230957,4282.179688,4310.641113,4285.128418,4285.897461,4277.820313,4332.820313,4399.102539,4290.256348,4291.922852,4472.436035,4507.436035,4365.000000,4399.358887,1422.000000,1.000000,22.000000,,,,0.000000,2.000000,2.000000,0.000000,4.000000,2.000000,2.000000,0.000000,0.000000,4.000000,4.000000,4.000000,4.000000,4.000000,4.000000,0.000000,,,,,,,,,,,,,,,,,17.000000,0.000000,0.494193,0.454041,-0.568359,0.476013,0.982053,-0.098157,-0.063973,-36.811893,44.646793,31.525558
1732157952.286325,1732157952.288599,69.000000,0.000000,4296.410156,4282.563965,4312.436035,4288.717773,4266.666504,4279.615234,4333.846191,4397.820313,4290.769043,4290.384766,4472.436035,4504.102539,4364.102539,4400.256348,1210.000000,1.000000,22.000000,,,,0.000000,2.000000,2.000000,0.000000,4.000000,2.000000,2.000000,0.000000,0.000000,4.000000,4.000000,4.000000,4.000000,4.000000,4.000000,0.000000,,,,,,,,,,,,,,,,,,,,,,,,,,,,
1732157952.294133,1732157952.296607,70.000000,0.000000,4298.846191,4281.922852,4312.820313,4290.641113,4254.102539,4277.948730,4336.153809,4397.692383,4292.948730,4291.282227,4472.436035,4503.717773,4365.256348,4399.871582,0.000000,1.000000,22.000000,,,,0.000000,2.000000,2.000000,0.000000,4.000000,2.000000,2.000000,0.000000,0.000000,4.000000,4.000000,4.000000,4.000000,4.000000,4.000000,0.000000,,,,,,,,,,,,,,,,,,,,,,,,,,,,
1732157952.301941,1732157952.304416,71.000000,0.000000,4299.615234,4281.410156,4311.282227,4294.487305,4261.922852,4277.820313,4336.025879,4400.000000,4290.769043,4295.512695,4471.538574,4507.948730,4362.179688,4400.128418,0.000000,1.000000,22.000000,,,,0.000000,2.000000,2.000000,0.000000,4.000000,2.000000,2.000000,0.000000,0.000000,4.000000,4.000000,4.000000,4.000000,4.000000,4.000000,0.000000,,,,,,,,,,,,,,,,,,,,,,,,,,,,
1732157952.309749,1732157952.312324,72.000000,0.000000,4296.282227,4280.769043,4311.666504,4292.563965,4268.974121,4280.128418,4335.000000,4399.487305,4283.077148,4289.743652,4472.820313,4501.922852,4356.538574,4397.436035,1541.000000,1.000000,22.000000,,,,0.000000,2.000000,2.000000,0.000000,4.000000,2.000000,2.000000,0.000000,0.000000,4.000000,4.000000,4.000000,4.000000,4.000000,4.000000,0.000000,,,,,,,,,,,,,,,,,18.000000,0.000000,0.494193,0.454041,-0.568359,0.476013,0.973752,-0.087901,-0.058601,-36.782631,44.492237,31.584036
1732157952.317558,1732157952.320132,73.000000,0.000000,4292.436035,4279.743652,4311.922852,4286.153809,4275.769043,4281.538574,4334.487305,4397.307617,4277.948730,4279.743652,4471.538574,4495.512695,4358.333496,4398.461426,1690.000000,1.000000,22.000000,,,,0.000000,2.000000,2.000000,0.000000,4.000000,2.000000,2.000000,0.000000,0.000000,4.000000,4.000000,4.000000,4.000000,4.000000,4.000000,0.000000,,,,,,,,,,,,,,,,,,,,,,,,,,,,
1732157952.325366,1732157952.328140,74.000000,0.000000,4291.282227,4279.358887,4310.128418,4284.358887,4279.487305,4285.384766,4335.128418,4397.820313,4281.922852,4280.128418,4465.384766,4496.282227,4358.333496,4398.077148,1548.000000,1.000000,22.000000,,,,0.000000,2.000000,2.000000,0.000000,4.000000,2.000000,2.000000,0.000000,0.000000,4.000000,4.000000,4.000000,4.000000,4.000000,4.000000,0.000000,,,,,,,,,,,,,,,,,,,,,,,,,,,,
1732157952.333174,1732157952.335948,75.000000,0.000000,4289.743652,4280.897461,4311.538574,4285.384766,4281.666504,4286.794922,4335.769043,4398.846191,4282.563965,4280.000000,4459.487305,4491.410156,4351.538574,4391.410156,1564.000000,1.000000,22.000000,,,,0.000000,2.000000,2.000000,0.000000,4.000000,2.000000,2.000000,0.000000,0.000000,4.000000,4.000000,4.000000,4.000000,4.000000,4.000000,0.000000,,,,,,,,,,,,,,,,,,,,,,,,,,,,
1732157952.340983,1732157952.343856,76.000000,0.000000,4288.846191,4281.153809,4312.820313,4283.333496,4289.358887,4280.769043,4336.410156,4397.820313,4275.897461,4276.538574,4458.717773,4485.128418,4352.179688,4391.538574,1703.000000,1.000000,22.000000,,,,0.000000,2.000000,2.000000,0.000000,4.000000,2.000000,2.000000,0.000000,0.000000,4.000000,4.000000,4.000000,4.000000,4.000000,4.000000,0.000000,,,,,,,,,,,,,,,,,19.000000,0.000000,0.494125,0.454102,-0.568420,0.475952,0.974728,-0.097668,-0.055183,-36.945599,44.283710,31.631403
1732157952.348791,1732157952.351664,77.000000,0.000000,4292.563965,4279.230957,4311.025879,4283.077148,4274.230957,4276.282227,4337.051270,4399.358887,4280.384766,4286.794922,4465.641113,4490.256348,4362.051270,4397.051270,1608.000000,1.000000,22.000000,,,,0.000000,2.000000,2.000000,0.000000,4.000000,2.000000,2.000000,0.000000,0.000000,4.000000,4.000000,4.000000,4.000000,4.000000,4.000000,0.000000,,,,,,,,,,,,,,,,,,,,,,,,,,,,
1732157952.356599,1732157952.359672,78.000000,0.000000,4298.333496,4278.846191,4309.743652,4287.692383,4248.974121,4278.333496,4336.153809,4400.256348,4291.666504,4299.615234,4474.743652,4495.512695,4367.692383,4401.410156,1548.000000,1.000000,22.000000,,,,0.000000,2.000000,2.000000,0.000000,4.000000,2.000000,2.000000,0.000000,0.000000,4.000000,4.000000,4.000000,4.000000,4.000000,4.000000,0.000000,1.000000,0.000000,1.000000,1.000000,0.000000,4.000000,2.000000,1.000000,0.000000,0.000000,4.000000,3.000000,1.000000,4.000000,3.000000,3.000000,,,,,,,,,,,,
1732157952.364407,1732157952.367481,79.000000,0.000000,4301.794922,4280.000000,4311.025879,4292.307617,4254.230957,4278.717773,4333.974121,4399.615234,4295.512695,4297.820313,4476.666504,4498.717773,4366.410156,4408.717773,1564.000000,1.000000,22.000000,,,,0.000000,2.000000,2.000000,0.000000,4.000000,2.000000,2.000000,0.000000,0.000000,4.000000,4.000000,4.000000,4.000000,4.000000,4.000000,0.000000,,,,,,,,,,,,,,,,,,,,,,,,,,,,
1732157952.372215,1732157952.375389,80.000000,0.000000,4305.897461,4279.743652,4313.333496,4294.358887,4269.615234,4277.563965,4333.333496,4400.256348,4295.769043,4293.205078,4474.487305,4504.230957,4366.794922,4412.436035,1703.000000,1.000000,22.000000,,,,0.000000,2.000000,2.000000,0.000000,4.000000,2.000000,2.000000,0.000000,0.000000,4.000000,4.000000,4.000000,4.000000,4.000000,4.000000,0.000000,,,,,,,,,,,,,,,,,20.000000,0.000000,0.493932,0.454285,-0.568237,0.476196,0.978147,-0.089855,-0.055183,-37.072601,44.306473,31.653103
1732157952.380024,1732157952.383197,81.000000,0.000000,4306.282227,4279.871582,4314.358887,4296.282227,4264.102539,4278.717773,4334.871582,4400.897461,4295.000000,4297.179688,4477.179688,4504.871582,4366.794922,4407.820313,1608.000000,1.000000,22.000000,,,,0.000000,2.000000,2.000000,0.000000,4.000000,2.000000,2.000000,0.000000,0.000000,4.000000,4.000000,4.000000,4.000000,4.000000,4.000000,0.000000,,,,,,,,,,,,,,,,,,,,,,,,,,,,
1732157952.387832,1732157952.391205,82.000000,0.000000,4298.974121,4280.128418,4313.717773,4294.487305,4270.384766,4280.769043,4334.743652,4400.512695,4295.000000,4297.692383,4478.205078,4498.846191,4362.948730,4402.179688,1548.000000,1.000000,22.000000,,,,0.000000,2.000000,2.000000,0.000000,4.000000,2.000000,2.000000,0.000000,0.000000,4.000000,4.000000,4.000000,4.000000,4.000000,4.000000,0.000000,,,,,,,,,,,,,,,,,,,,,,,,,,,,
1732157952.395640,1732157952.399013,83.000000,0.000000,4295.897461,4280.000000,4312.563965,4293.974121,4297.051270,4280.641113,4334.358887,4398.333496,4293.717773,4286.282227,4468.333496,4490.256348,4357.436035,4397.563965,1564.000000,1.000000,22.000000,,,,0.000000,2.000000,2.000000,0.000000,4.000000,2.000000,2.000000,0.000000,0.000000,4.000000,4.000000,4.000000,4.000000,4.000000,4.000000,0.000000,,,,,,,,,,,,,,,,,,,,,,,,,,,,
1732157952.403448,1732157952.406721,84.000000,0.000000,4298.205078,4279.871582,4312.436035,4295.897461,4293.461426,4281.922852,4335.641113,4397.692383,4289.358887,4279.487305,4461.025879,4486.410156,4351.666504,4394.102539,1703.000000,1.000000,22.000000,,,,0.000000,2.000000,2.000000,0.000000,4.000000,2.000000,2.000000,0.000000,0.000000,4.000000,4.000000,4.000000,4.000000,4.000000,4.000000,0.000000,,,,,,,,,,,,,,,,,21.000000,0.000000,0.493873,0.454285,-0.568237,0.476257,0.978147,-0.089855,-0.055183,-37.248806,44.343243,31.244013
1732157952.411257,1732157952.414530,85.000000,0.000000,4296.410156,4280.384766,4312.563965,4296.025879,4268.333496,4290.897461,4336.153809,4399.102539,4289.615234,4287.692383,4465.897461,4489.871582,4352.051270,4398.461426,1608.000000,1.000000,22.000000,,,,0.000000,2.000000,2.000000,0.000000,4.000000,2.000000,2.000000,0.000000,0.000000,4.000000,4.000000,4.000000,4.000000,4.000000,4.000000,0.000000,,,,,,,,,,,,,,,,,,,,,,,,,,,,
1732157952.419065,1732157952.422138,86.000000,0.000000,4293.077148,4281.922852,4312.820313,4293.205078,4266.538574,4293.846191,4335.512695,4398.077148,4295.000000,4296.666504,4471.538574,4491.922852,4357.948730,4402.820313,1548.000000,1.000000,22.000000,,,,0.000000,2.000000,2.000000,0.000000,4.000000,2.000000,2.000000,0.000000,0.000000,4.000000,4.000000,4.000000,4.000000,4.000000,4.000000,0.000000,,,,,,,,,,,,,,,,,,,,,,,,,,,,
1732157952.426873,1732157952.429946,87.000000,0.000000,4292.820313,4281.794922,4311.794922,4290.128418,4279.230957,4284.615234,4335.512695,4396.538574,4295.641113,4293.846191,4470.641113,4489.358887,4358.461426,4401.410156,1564.000000,1.000000,22.000000,,,,0.000000,2.000000,2.000000,0.000000,4.000000,2.000000,2.000000,0.000000,0.000000,4.000000,4.000000,4.000000,4.000000,4.000000,4.000000,0.000000,,,,,,,,,,,,,,,,,,,,,,,,,,,,
1732157952.434682,1732157952.437854,88.000000,0.000000,4294.102539,4280.897461,4310.897461,4292.563965,4278.974121,4280.128418,4335.897461,4399.615234,4295.000000,4292.563965,4472.051270,4495.384766,4357.820313,4403.974121,1703.000000,1.000000,22.000000,,,,0.000000,2.000000,2.000000,0.000000,4.000000,2.000000,2.000000,0.000000,0.000000,4.000000,4.000000,4.000000,4.000000,4.000000,4.000000,0.000000,,,,,,,,,,,,,,,,,22.000000,0.000000,0.493567,0.454590,-0.568054,0.476501,0.975217,-0.090343,-0.059089,-37.121532,44.473026,31.182652
1732157952.442490,1732157952.445663,89.000000,0.000000,4297.051270,4281.538574,4313.077148,4295.384766,4277.948730,4282.692383,4336.153809,4400.000000,4297.436035,4300.256348,4475.897461,4505.769043,4364.743652,4411.410156,1608.000000,1.000000,22.000000,,,,0.000000,2.000000,2.000000,0.000000,4.000000,2.000000,2.000000,0.000000,0.000000,4.000000,4.000000,4.000000,4.000000,4.000000,4.000000,0.000000,,,,,,,,,,,,,,,,,,,,,,,,,,,,
1732157952.450298,1732157952.453271,90.000000,0.000000,4297.563965,4280.769043,4317.051270,4293.846191,4275.128418,4282.179688,4335.512695,4395.641113,4296.794922,4303.846191,4475.769043,4506.538574,4366.153809,4414.102539,1548.000000,1.000000,22.000000,,,,0.000000,2.000000,2.000000,0.000000,4.000000,2.000000,2.000000,0.000000,0.000000,4.000000,4.000000,4.000000,4.000000,4.000000,4.000000,0.000000,,,,,,,,,,,,,,,,,,,,,,,,,,,,
1732157952.458106,1732157952.461079,91.000000,0.000000,4295.384766,4279.230957,4317.436035,4292.820313,4272.692383,4278.974121,4334.487305,4397.307617,4295.897461,4299.230957,4475.384766,4505.512695,4360.512695,4412.051270,1564.000000,1.000000,22.000000,,,,0.000000,2.000000,2.000000,0.000000,4.000000,2.000000,2.000000,0.000000,0.000000,4.000000,4.000000,4.000000,4.000000,4.000000,4.000000,0.000000,,,,,,,,,,,,,,,,,,,,,,,,,,,,
1732157952.465914,1732157952.468787,92.000000,0.000000,4296.794922,4278.333496,4313.974121,4291.538574,4284.358887,4275.512695,4335.256348,4400.384766,4296.538574,4296.794922,4476.025879,4507.563965,4362.436035,4412.692383,1703.000000,1.000000,22.000000,,,,0.000000,2.000000,2.000000,0.000000,4.000000,2.000000,2.000000,0.000000,0.000000,4.000000,4.000000,4.000000,4.000000,4.000000,4.000000,0.000000,,,,,,,,,,,,,,,,,23.000000,0.000000,0.493654,0.454712,-0.567932,0.476440,0.974240,-0.096203,-0.052252,-36.985107,44.344818,31.066280
1732157952.473723,1732157952.476596,93.000000,0.000000,4298.846191,4276.410156,4311.410156,4288.589844,4278.333496,4275.641113,4335.769043,4398.333496,4293.589844,4298.717773,4474.615234,4509.615234,4363.461426,4410.769043,1608.000000,1.000000,22.000000,,,,0.000000,2.000000,2.000000,0.000000,4.000000,2.000000,2.000000,0.000000,0.000000,4.000000,4.000000,4.000000,4.000000,4.000000,4.000000,0.000000,,,,,,,,,,,,,,,,,,,,,,,,,,,,
1732157952.481531,1732157952.484204,94.000000,0.000000,4294.102539,4271.153809,4312.563965,4283.461426,4257.307617,4281.410156,4334.743652,4397.307617,4293.589844,4297.179688,4472.692383,4506.153809,4355.512695,4402.307617,1548.000000,1.000000,22.000000,,,,0.000000,2.000000,2.000000,0.000000,4.000000,2.000000,2.000000,0.000000,0.000000,4.000000,4.000000,4.000000,4.000000,4.000000,4.000000,0.000000,,,,,,,,,,,,,,,,,,,,,,,,,,,,
1732157952.489339,1732157952.492012,95.000000,0.000000,4289.487305,4270.000000,4312.307617,4283.205078,4257.948730,4282.307617,4334.487305,4398.846191,4297.307617,4294.230957,4470.897461,4503.333496,4348.846191,4395.769043,1564.000000,1.000000,22.000000,,,,0.000000,2.000000,2.000000,0.000000,4.000000,2.000000,2.000000,0.000000,0.000000,4.000000,4.000000,4.000000,4.000000,4.000000,4.000000,0.000000,,,,,,,,,,,,,,,,,,,,,,,,,,,,
1732157952.497147,1732157952.499721,96.000000,0.000000,4291.794922,4273.333496,4312.436035,4283.077148,4269.615234,4279.743652,4335.384766,4399.358887,4296.538574,4295.769043,4470.512695,4504.743652,4347.563965,4397.563965,1703.000000,1.000000,22.000000,,,,0.000000,2.000000,2.000000,0.000000,4.000000,2.000000,2.000000,0.000000,0.000000,4.000000,4.000000,4.000000,4.000000,4.000000,4.000000,0.000000,,,,,,,,,,,,,,,,,24.000000,0.000000,0.493654,0.454712,-0.567932,0.476440,0.970333,-0.081065,-0.051276,-36.787937,44.499302,31.272020
1732157952.504956,1732157952.507529,97.000000,0.000000,4295.384766,4277.436035,4315.769043,4284.230957,4273.717773,4281.410156,4334.358887,4399.230957,4295.641113,4298.333496,4471.282227,4506.538574,4353.333496,4405.897461,1608.000000,1.000000,22.000000,,,,0.000000,2.000000,2.000000,0.000000,4.000000,2.000000,2.000000,0.000000,0.000000,4.000000,4.000000,4.000000,4.000000,4.000000,4.000000,0.000000,,,,,,,,,,,,,,,,,,,,,,,,,,,,
1732157952.512764,1732157952.515137,98.000000,0.000000,4293.077148,4279.358887,4316.025879,4287.820313,4273.974121,4283.205078,4332.051270,4398.846191,4297.948730,4298.333496,4470.897461,4506.025879,4357.307617,4405.641113,1548.000000,1.000000,22.000000,,,,0.000000,2.000000,2.000000,0.000000,4.000000,2.000000,2.000000,0.000000,0.000000,4.000000,4.000000,4.000000,4.000000,4.000000,4.000000,0.000000,,,,,,,,,,,,,,,,,,,,,,,,,,,,
1732157952.520572,1732157952.522945,99.000000,0.000000,4290.641113,4278.077148,4313.974121,4286.538574,4271.153809,4281.282227,4333.333496,4397.307617,4297.820313,4297.307617,4471.538574,4504.487305,4351.794922,4398.717773,1564.000000,1.000000,22.000000,,,,0.000000,2.000000,2.000000,0.000000,4.000000,2.000000,2.000000,0.000000,0.000000,4.000000,4.000000,4.000000,4.000000,4.000000,4.000000,0.000000,,,,,,,,,,,,,,,,,,,,,,,,,,,,
1732157952.528381,1732157952.530854,100.000000,0.000000,4294.871582,4277.948730,4315.512695,4288.589844,4270.000000,4280.000000,4335.769043,4397.948730,4295.256348,4297.307617,4474.487305,4509.743652,4354.358887,4405.128418,1703.000000,1.000000,22.000000,,,,0.000000,2.000000,2.000000,0.000000,4.000000,2.000000,2.000000,0.000000,0.000000,4.000000,4.000000,4.000000,4.000000,4.000000,4.000000,0.000000,,,,,,,,,,,,,,,,,25.000000,0.000000,0.493859,0.454529,-0.568054,0.476257,0.984007,-0.087901,-0.054206,-37.018230,44.499435,31.410337
1732157952.536189,1732157952.538662,101.000000,0.000000,4299.615234,4279.358887,4316.922852,4295.641113,4272.051270,4280.000000,4335.384766,4400.641113,4295.256348,4297.948730,4476.666504,4515.256348,4365.256348,4416.025879,1608.000000,1.000000,22.000000,,,,0.000000,2.000000,2.000000,0.000000,4.000000,2.000000,2.000000,0.000000,0.000000,4.000000,4.000000,4.000000,4.000000,4.000000,4.000000,0.000000,,,,,,,,,,,,,,,,,,,,,,,,,,,,
1732157952.543997,1732157952.546270,102.000000,0.000000,4299.615234,4280.384766,4313.205078,4298.205078,4270.384766,4279.615234,4333.974121,4400.256348,4297.563965,4299.358887,4477.948730,4511.282227,4361.666504,4408.846191,1548.000000,1.000000,22.000000,,,,0.000000,2.000000,2.000000,0.000000,4.000000,2.000000,2.000000,0.000000,0.000000,4.000000,4.000000,4.000000,4.000000,4.000000,4.000000,0.000000,,,,,,,,,,,,,,,,,,,,,,,,,,,,
1732157952.551805,1732157952.554078,103.000000,0.000000,4297.563965,4280.897461,4312.948730,4296.153809,4285.256348,4279.615234,4334.230957,4397.179688,4296.410156,4297.051270,4471.794922,4505.000000,4349.743652,4398.846191,1564.000000,1.000000,22.000000,,,,0.000000,2.000000,2.000000,0.000000,4.000000,2.000000,2.000000,0.000000,0.000000,4.000000,4.000000,4.000000,4.000000,4.000000,4.000000,0.000000,,,,,,,,,,,,,,,,,,,,,,,,,,,,
1732157952.559613,1732157952.561787,104.000000,0.000000,4297.307617,4281.538574,4315.384766,4298.077148,4301.794922,4280.128418,4334.358887,4397.307617,4292.948730,4292.051270,4461.410156,4501.922852,4350.128418,4399.230957,1703.000000,1.000000,22.000000,,,,0.000000,2.000000,2.000000,0.000000,4.000000,2.000000,2.000000,0.000000,0.000000,4.000000,4.000000,4.000000,4.000000,4.000000,4.000000,0.000000,,,,,,,,,,,,,,,,,26.000000,0.000000,0.493890,0.454407,-0.568176,0.476196,0.964473,-0.096203,-0.052741,-36.966434,44.494541,31.390705
1732157952.567422,1732157952.569595,105.000000,0.000000,4297.820313,4280.384766,4315.256348,4298.461426,4283.333496,4281.922852,4334.615234,4400.769043,4292.820313,4290.897461,4463.717773,4501.025879,4351.538574,4398.205078,1608.000000,1.000000,22.000000,,,,0.000000,2.000000,2.000000,0.000000,4.000000,2.000000,2.000000,0.000000,0.000000,4.000000,4.000000,4.000000,4.000000,4.000000,4.000000,0.000000,,,,,,,,,,,,,,,,,,,,,,,,,,,,
1732157952.575230,1732157952.577203,106.000000,0.000000,4297.436035,4278.589844,4313.205078,4295.000000,4261.538574,4281.922852,4334.871582,4400.256348,4296.922852,4292.179688,4472.948730,4502.692383,4348.846191,4400.000000,1548.000000,1.000000,22.000000,,,,0.000000,2.000000,2.000000,0.000000,4.000000,2.000000,2.000000,0.000000,0.000000,4.000000,4.000000,4.000000,4.000000,4.000000,4.000000,0.000000,,,,,,,,,,,,,,,,,,,,,,,,,,,,
1732157952.583038,1732157952.585012,107.000000,0.000000,4296.922852,4280.384766,4314.230957,4296.794922,4271.282227,4280.769043,4334.487305,4398.333496,4298.846191,4293.205078,4473.589844,4506.922852,4354.487305,4405.769043,1564.000000,1.000000,22.000000,,,,0.000000,2.000000,2.000000,0.000000,4.000000,2.000000,2.000000,0.000000,0.000000,4.000000,4.000000,4.000000,4.000000,4.000000,4.000000,0.000000,,,,,,,,,,,,,,,,,,,,,,,,,,,,
1732157952.590846,1732157952.592720,108.000000,0.000000,4295.769043,4278.717773,4316.538574,4296.666504,4281.794922,4282.051270,4335.128418,4399.743652,4294.615234,4294.230957,4471.794922,4507.820313,4357.436035,4405.000000,1703.000000,1.000000,22.000000,,,,0.000000,2.000000,2.000000,0.000000,4.000000,2.000000,2.000000,0.000000,0.000000,4.000000,4.000000,4.000000,4.000000,4.000000,4.000000,0.000000,,,,,,,,,,,,,,,,,27.000000,0.000000,0.493890,0.454407,-0.568176,0.476196,0.966915,-0.081553,-0.053717,-37.014477,44.490578,31.329805
1732157952.598655,1732157952.600528,109.000000,0.000000,4293.717773,4272.820313,4316.153809,4292.820313,4273.205078,4282.820313,4336.153809,4400.641113,4295.000000,4295.000000,4475.641113,4508.461426,4356.410156,4405.128418,1608.000000,1.000000,22.000000,,,,0.000000,2.000000,2.000000,0.000000,4.000000,2.000000,2.000000,0.000000,0.000000,4.000000,4.000000,4.000000,4.000000,4.000000,4.000000,0.000000,,,,,,,,,,,,,,,,,,,,,,,,,,,,
1732157952.606463,1732157952.608536,110.000000,0.000000,4294.358887,4273.846191,4315.769043,4290.256348,4266.282227,4279.615234,4335.897461,4398.974121,4303.461426,4299.230957,4477.820313,4509.615234,4362.563965,4411.538574,1548.000000,1.000000,22.000000,,,,0.000000,2.000000,2.000000,0.000000,4.000000,2.000000,2.000000,0.000000,0.000000,4.000000,4.000000,4.000000,4.000000,4.000000,4.000000,0.000000,,,,,,,,,,,,,,,,,,,,,,,,,,,,
1732157952.614271,1732157952.616344,111.000000,0.000000,4296.666504,4280.256348,4313.974121,4292.051270,4267.179688,4276.666504,4336.282227,4399.102539,4305.512695,4301.538574,4477.436035,4507.563965,4366.538574,4413.589844,1564.000000,1.000000,22.000000,,,,0.000000,2.000000,2.000000,0.000000,4.000000,2.000000,2.000000,0.000000,0.000000,4.000000,4.000000,4.000000,4.000000,4.000000,4.000000,0.000000,,,,,,,,,,,,,,,,,,,,,,,,,,,,
1732157952.622079,1732157952.624252,112.000000,0.000000,4297.307617,4281.666504,4312.820313,4294.615234,4265.128418,4278.589844,4336.922852,4401.153809,4299.871582,4298.846191,4477.051270,4507.307617,4360.384766,4411.410156,1703.000000,1.000000,22.000000,,,,0.000000,2.000000,2.000000,0.000000,4.000000,2.000000,2.000000,0.000000,0.000000,4.000000,4.000000,4.000000,4.000000,4.000000,4.000000,0.000000,,,,,,,,,,,,,,,,,28.000000,0.000000,0.493786,0.454468,-0.568115,0.476318,0.974240,-0.098157,-0.054694,-37.170059,44.524036,31.108809
1732157952.629888,1732157952.632061,113.000000,0.000000,4296.410156,4280.128418,4316.410156,4295.256348,4274.358887,4278.077148,4335.256348,4400.512695,4297.948730,4295.128418,4473.846191,4504.615234,4355.641113,4411.538574,1608.000000,1.000000,22.000000,,,,0.000000,2.000000,2.000000,0.000000,4.000000,2.000000,2.000000,0.000000,0.000000,4.000000,4.000000,4.000000,4.000000,4.000000,4.000000,0.000000,,,,,,,,,,,,,,,,,,,,,,,,,,,,
1732157952.637696,1732157952.640069,114.000000,0.000000,4294.871582,4278.846191,4318.077148,4295.384766,4290.512695,4275.384766,4333.333496,4398.461426,4294.102539,4287.692383,4472.692383,4495.128418,4353.717773,4406.666504,1548.000000,1.000000,22.000000,,,,0.000000,2.000000,2.000000,0.000000,4.000000,2.000000,2.000000,0.000000,0.000000,4.000000,4.000000,4.000000,4.000000,4.000000,4.000000,0.000000,,,,,,,,,,,,,,,,,,,,,,,,,,,,
1732157952.645504,1732157952.647877,115.000000,0.000000,4290.897461,4276.410156,4315.897461,4293.717773,4281.794922,4277.948730,4334.358887,4398.717773,4290.128418,4279.358887,4471.922852,4494.230957,4348.846191,4397.563965,1564.000000,1.000000,22.000000,,,,0.000000,2.000000,2.000000,0.000000,4.000000,2.000000,2.000000,0.000000,0.000000,4.000000,4.000000,4.000000,4.000000,4.000000,4.000000,0.000000,,,,,,,,,,,,,,,,,,,,,,,,,,,,
1732157952.653312,1732157952.655585,116.000000,0.000000,4292.179688,4279.230957,4316.025879,4293.974121,4262.307617,4281.922852,4334.871582,4401.410156,4292.948730,4280.512695,4467.051270,4502.051270,4348.717773,4396.666504,1703.000000,1.000000,22.000000,,,,0.000000,2.000000,2.000000,0.000000,4.000000,2.000000,2.000000,0.000000,0.000000,4.000000,4.000000,4.000000,4.000000,4.000000,4.000000,0.000000,,,,,,,,,,,,,,,,,29.000000,0.000000,0.493683,0.454529,-0.568054,0.476440,0.980588,-0.099133,-0.061043,-36.776081,44.309467,31.004803
1732157952.661121,1732157952.663393,117.000000,0.000000,4293.077148,4278.461426,4316.538574,4293.974121,4265.512695,4281.922852,4334.230957,4401.538574,4294.615234,4282.307617,4461.666504,4501.410156,4350.769043,4400.384766,1608.000000,1.000000,22.000000,,,,0.000000,2.000000,2.000000,0.000000,4.000000,2.000000,2.000000,0.000000,0.000000,4.000000,4.000000,4.000000,4.000000,4.000000,4.000000,0.000000,,,,,,,,,,,,,,,,,,,,,,,,,,,,
1732157952.668929,1732157952.671002,118.000000,0.000000,4285.641113,4271.794922,4316.410156,4287.948730,4280.000000,4282.179688,4334.358887,4399.615234,4294.358887,4279.743652,4464.615234,4495.000000,4349.230957,4399.102539,1548.000000,1.000000,22.000000,,,,0.000000,2.000000,2.000000,0.000000,4.000000,2.000000,2.000000,0.000000,0.000000,4.000000,4.000000,4.000000,4.000000,4.000000,4.000000,0.000000,,,,,,,,,,,,,,,,,,,,,,,,,,,,
1732157952.676737,1732157952.678810,119.000000,0.000000,4282.307617,4271.794922,4316.153809,4282.436035,4286.282227,4282.436035,4335.256348,4399.102539,4296.538574,4286.282227,4472.436035,4494.487305,4348.717773,4397.820313,1564.000000,1.000000,22.000000,,,,0.000000,2.000000,2.000000,0.000000,4.000000,2.000000,2.000000,0.000000,0.000000,4.000000,4.000000,4.000000,4.000000,4.000000,4.000000,0.000000,,,,,,,,,,,,,,,,,,,,,,,,,,,,
1732157952.684545,1732157952.686718,120.000000,0.000000,4286.922852,4273.846191,4315.384766,4285.000000,4278.333496,4280.641113,4334.743652,4398.589844,4297.563965,4295.512695,4472.692383,4497.179688,4351.153809,4398.205078,1703.000000,1.000000,22.000000,,,,0.000000,2.000000,2.000000,0.000000,4.000000,2.000000,2.000000,0.000000,0.000000,4.000000,4.000000,4.000000,4.000000,4.000000,4.000000,0.000000,,,,,,,,,,,,,,,,,30.000000,0.000000,0.493638,0.454590,-0.567993,0.476501,0.975705,-0.090831,-0.048346,-36.450294,44.294003,30.945557
1732157952.692354,1732157952.694526,121.000000,0.000000,4290.641113,4271.922852,4313.846191,4288.974121,4260.128418,4280.897461,4335.000000,4397.820313,4299.871582,4296.794922,4471.794922,4500.512695,4355.128418,4397.563965,1608.000000,1.000000,22.000000,,,,0.000000,2.000000,2.000000,0.000000,4.000000,2.000000,2.000000,0.000000,0.000000,4.000000,4.000000,4.000000,4.000000,4.000000,4.000000,0.000000,,,,,,,,,,,,,,,,,,,,,,,,,,,,
1732157952.700162,1732157952.702534,122.000000,0.000000,4291.538574,4275.512695,4315.128418,4286.666504,4256.538574,4281.538574,4336.538574,4399.487305,4308.205078,4298.974121,4476.025879,4505.384766,4358.333496,4404.102539,1548.000000,1.000000,22.000000,,,,0.000000,2.000000,2.000000,0.000000,4.000000,2.000000,2.000000,0.000000,0.000000,4.000000,4.000000,4.000000,4.000000,4.000000,4.000000,0.000000,,,,,,,,,,,,,,,,,,,,,,,,,,,,
1732157952.707970,1732157952.710342,123.000000,0.000000,4293.333496,4279.358887,4313.717773,4288.077148,4266.922852,4279.743652,4337.307617,4401.282227,4308.974121,4298.974121,4478.077148,4503.974121,4358.717773,4410.384766,1564.000000,1.000000,22.000000,,,,0.000000,2.000000,2.000000,0.000000,4.000000,2.000000,2.000000,0.000000,0.000000,4.000000,4.000000,4.000000,4.000000,4.000000,4.000000,0.000000,,,,,,,,,,,,,,,,,,,,,,,,,,,,
1732157952.715778,1732157952.718251,124.000000,0.000000,4294.358887,4272.820313,4310.000000,4293.461426,4265.769043,4279.615234,4335.897461,4398.205078,4299.358887,4294.487305,4474.230957,4500.641113,4355.128418,4402.692383,1703.000000,1.000000,22.000000,,,,0.000000,2.000000,2.000000,0.000000,4.000000,2.000000,2.000000,0.000000,0.000000,4.000000,4.000000,4.000000,4.000000,4.000000,4.000000,0.000000,,,,,,,,,,,,,,,,,31.000000,0.000000,0.493638,0.454590,-0.567993,0.476501,0.975705,-0.090831,-0.048346,-36.491405,44.143143,30.987568
1732157952.723587,1732157952.726059,125.000000,0.000000,4293.589844,4272.307617,4312.436035,4294.230957,4267.820313,4280.256348,4335.128418,4396.538574,4295.256348,4294.743652,4471.794922,4499.615234,4350.256348,4394.871582,1608.000000,1.000000,22.000000,,,,0.000000,2.000000,2.000000,0.000000,4.000000,2.000000,2.000000,0.000000,0.000000,4.000000,4.000000,4.000000,4.000000,4.000000,4.000000,0.000000,,,,,,,,,,,,,,,,,,,,,,,,,,,,
1732157952.731395,1732157952.734067,126.000000,0.000000,4293.461426,4280.897461,4314.871582,4294.230957,4283.333496,4280.000000,4335.897461,4399.230957,4295.512695,4292.436035,4472.436035,4499.871582,4349.743652,4398.461426,1548.000000,1.000000,22.000000,,,,0.000000,2.000000,2.000000,0.000000,4.000000,2.000000,2.000000,0.000000,0.000000,4.000000,4.000000,4.000000,4.000000,4.000000,4.000000,0.000000,,,,,,,,,,,,,,,,,,,,,,,,,,,,
1732157952.739203,1732157952.741875,127.000000,0.000000,4295.641113,4282.179688,4313.846191,4297.436035,4283.461426,4281.538574,4335.769043,4401.025879,4292.948730,4282.051270,4470.000000,4498.974121,4351.666504,4399.615234,22.000000,1.000000,22.000000,,,,0.000000,2.000000,2.000000,0.000000,4.000000,2.000000,2.000000,0.000000,0.000000,4.000000,4.000000,4.000000,4.000000,4.000000,4.000000,0.000000,,,,,,,,,,,,,,,,,,,,,,,,,,,,
1732157952.747011,1732157952.749783,0.000000,0.000000,4293.461426,4279.743652,4313.077148,4297.948730,4275.641113,4283.205078,4335.128418,4400.641113,4291.282227,4277.820313,4464.743652,4496.282227,4350.641113,4397.051270,0.000000,1.000000,22.000000,,,,0.000000,2.000000,2.000000,0.000000,4.000000,2.000000,2.000000,0.000000,0.000000,4.000000,4.000000,4.000000,4.000000,4.000000,4.000000,0.000000,,,,,,,,,,,,,,,,,0.000000,0.000000,0.493582,0.454651,-0.567993,0.476501,0.982053,-0.105970,-0.062996,-36.384705,44.109280,30.989929
1732157952.754820,1732157952.757591,1.000000,0.000000,4284.358887,4279.487305,4312.820313,4293.974121,4287.436035,4281.794922,4335.897461,4401.282227,4292.051270,4279.358887,4462.820313,4496.025879,4348.974121,4397.051270,1606.000000,1.000000,22.000000,,,,0.000000,2.000000,2.000000,0.000000,4.000000,2.000000,2.000000,0.000000,0.000000,4.000000,4.000000,4.000000,4.000000,4.000000,4.000000,0.000000,,,,,,,,,,,,,,,,,,,,,,,,,,,,
1732157952.762628,1732157952.765599,2.000000,0.000000,4284.230957,4280.256348,4313.461426,4290.641113,4292.436035,4280.769043,4336.794922,4402.563965,4293.077148,4281.666504,4467.820313,4496.410156,4349.230957,4395.769043,1366.000000,1.000000,22.000000,,,,0.000000,2.000000,2.000000,0.000000,4.000000,2.000000,2.000000,0.000000,0.000000,4.000000,4.000000,4.000000,4.000000,4.000000,4.000000,0.000000,,,,,,,,,,,,,,,,,,,,,,,,,,,,
1732157952.770436,1732157952.773408,3.000000,0.000000,4292.436035,4278.717773,4316.282227,4288.333496,4268.717773,4281.538574,4337.051270,4401.153809,4296.922852,4289.871582,4473.589844,4499.358887,4350.641113,4395.897461,1429.000000,1.000000,22.000000,,,,0.000000,2.000000,2.000000,0.000000,4.000000,2.000000,2.000000,0.000000,0.000000,4.000000,4.000000,4.000000,4.000000,4.000000,4.000000,0.000000,,,,,,,,,,,,,,,,,,,,,,,,,,,,
1732157952.778244,1732157952.781316,4.000000,0.000000,4294.871582,4280.128418,4315.000000,4289.615234,4255.256348,4279.487305,4335.512695,4399.230957,4298.974121,4296.794922,4474.230957,4505.256348,4354.487305,4398.589844,1417.000000,1.000000,22.000000,,,,0.000000,2.000000,2.000000,0.000000,4.000000,2.000000,2.000000,0.000000,0.000000,4.000000,4.000000,4.000000,4.000000,4.000000,4.000000,0.000000,,,,,,,,,,,,,,,,,1.000000,0.000000,0.493593,0.454651,-0.567932,0.476563,0.981077,-0.097668,-0.050787,-36.506611,44.103516,31.088509
1732157952.786053,1732157952.789124,5.000000,0.000000,4294.102539,4281.794922,4311.538574,4291.410156,4261.410156,4278.717773,4334.487305,4399.487305,4294.615234,4290.256348,4473.589844,4506.794922,4355.128418,4399.102539,1210.000000,1.000000,22.000000,,,,0.000000,2.000000,2.000000,0.000000,4.000000,2.000000,2.000000,0.000000,0.000000,4.000000,4.000000,4.000000,4.000000,4.000000,4.000000,0.000000,,,,,,,,,,,,,,,,,,,,,,,,,,,,
1732157952.793861,1732157952.797132,6.000000,0.000000,4295.384766,4281.282227,4314.743652,4291.410156,4264.358887,4278.461426,4335.128418,4400.000000,4294.615234,4282.051270,4473.205078,4504.102539,4352.820313,4400.128418,0.000000,1.000000,22.000000,,,,0.000000,2.000000,2.000000,0.000000,4.000000,2.000000,2.000000,0.000000,0.000000,4.000000,4.000000,4.000000,4.000000,4.000000,4.000000,0.000000,,,,,,,,,,,,,,,,,,,,,,,,,,,,
1732157952.801669,1732157952.804940,7.000000,0.000000,4294.487305,4280.256348,4319.615234,4291.922852,4275.000000,4270.641113,4335.897461,4398.333496,4294.487305,4280.641113,4473.333496,4504.871582,4352.179688,4403.077148,0.000000,1.000000,22.000000,,,,0.000000,2.000000,2.000000,0.000000,4.000000,2.000000,2.000000,0.000000,0.000000,4.000000,4.000000,4.000000,4.000000,4.000000,4.000000,0.000000,,,,,,,,,,,,,,,,,,,,,,,,,,,,
1732157952.809477,1732157952.812848,8.000000,0.000000,4296.538574,4280.641113,4316.538574,4294.615234,4282.307617,4270.641113,4336.025879,4398.974121,4283.205078,4279.743652,4473.077148,4504.102539,4351.538574,4402.563965,1541.000000,1.000000,22.000000,,,,0.000000,2.000000,2.000000,0.000000,4.000000,2.000000,2.000000,0.000000,0.000000,4.000000,4.000000,4.000000,4.000000,4.000000,4.000000,0.000000,,,,,,,,,,,,,,,,,2.000000,0.000000,0.493649,0.454590,-0.567932,0.476563,0.981077,-0.097668,-0.050787,-36.478687,44.133846,31.148359
1732157952.817286,1732157952.820656,9.000000,0.000000,4297.820313,4282.820313,4312.563965,4298.077148,4266.538574,4284.743652,4336.025879,4401.922852,4277.692383,4274.487305,4468.333496,4498.333496,4347.051270,4399.358887,1690.000000,1.000000,22.000000,,,,0.000000,2.000000,2.000000,0.000000,4.000000,2.000000,2.000000,0.000000,0.000000,4.000000,4.000000,4.000000,4.000000,4.000000,4.000000,0.000000,,,,,,,,,,,,,,,,,,,,,,,,,,,,
1732157952.825094,1732157952.828664,10.000000,0.000000,4287.307617,4280.256348,4312.692383,4296.025879,4260.512695,4292.436035,4335.384766,4400.128418,4288.846191,4271.282227,4458.846191,4494.230957,4341.025879,4397.051270,1548.000000,1.000000,22.000000,,,,0.000000,2.000000,2.000000,0.000000,4.000000,2.000000,2.000000,0.000000,0.000000,4.000000,4.000000,4.000000,4.000000,4.000000,4.000000,0.000000,,,,,,,,,,,,,,,,,,,,,,,,,,,,
1732157952.832902,1732157952.836473,11.000000,0.000000,4280.384766,4274.871582,4315.769043,4288.846191,4273.205078,4290.256348,4334.743652,4397.436035,4297.563965,4274.358887,4457.307617,4490.897461,4339.102539,4395.769043,1564.000000,1.000000,22.000000,,,,0.000000,2.000000,2.000000,0.000000,4.000000,2.000000,2.000000,0.000000,0.000000,4.000000,4.000000,4.000000,4.000000,4.000000,4.000000,0.000000,,,,,,,,,,,,,,,,,,,,,,,,,,,,
1732157952.840710,1732157952.844181,12.000000,0.000000,4287.563965,4275.769043,4316.666504,4287.563965,4276.153809,4292.563965,4335.000000,4399.358887,4294.871582,4278.974121,4468.205078,4492.179688,4344.102539,4397.820313,1705.000000,1.000000,22.000000,,,,0.000000,2.000000,2.000000,0.000000,4.000000,2.000000,2.000000,0.000000,0.000000,4.000000,4.000000,4.000000,4.000000,4.000000,4.000000,0.000000,,,,,,,,,,,,,,,,,3.000000,0.000000,0.493444,0.454773,-0.567810,0.476746,0.981077,-0.081065,-0.054206,-36.514404,43.950085,31.246838
1732157952.848518,1732157952.851989,13.000000,0.000000,4294.102539,4279.871582,4313.461426,4293.846191,4276.153809,4290.769043,4334.871582,4399.615234,4294.871582,4284.743652,4474.615234,4496.922852,4350.384766,4401.538574,1609.000000,1.000000,22.000000,,,,0.000000,2.000000,2.000000,0.000000,4.000000,2.000000,2.000000,0.000000,0.000000,4.000000,4.000000,4.000000,4.000000,4.000000,4.000000,0.000000,,,,,,,,,,,,,,,,,,,,,,,,,,,,
1732157952.856327,1732157952.859597,14.000000,0.000000,4290.384766,4280.256348,4311.538574,4297.820313,4279.230957,4281.666504,4334.871582,4397.948730,4299.487305,4292.307617,4471.666504,4496.666504,4351.538574,4400.128418,1548.000000,1.000000,22.000000,,,,0.000000,2.000000,2.000000,0.000000,4.000000,2.000000,2.000000,0.000000,0.000000,4.000000,4.000000,4.000000,4.000000,4.000000,4.000000,0.000000,1.000000,0.000000,2.000000,1.000000,0.000000,4.000000,2.000000,1.000000,0.000000,0.000000,4.000000,4.000000,1.000000,4.000000,4.000000,4.000000,,,,,,,,,,,,
1732157952.864135,1732157952.867406,15.000000,0.000000,4283.717773,4278.461426,4310.512695,4292.436035,4274.871582,4280.128418,4334.871582,4397.820313,4299.230957,4292.948730,4472.051270,4498.589844,4350.897461,4398.077148,1564.000000,1.000000,22.000000,,,,0.000000,2.000000,2.000000,0.000000,4.000000,2.000000,2.000000,0.000000,0.000000,4.000000,4.000000,4.000000,4.000000,4.000000,4.000000,0.000000,,,,,,,,,,,,,,,,,,,,,,,,,,,,
1732157952.871943,1732157952.875114,16.000000,0.000000,4280.384766,4276.794922,4312.820313,4283.205078,4281.538574,4281.666504,4334.615234,4398.589844,4294.487305,4284.230957,4471.666504,4500.128418,4347.051270,4396.410156,0.000000,1.000000,22.000000,,,,0.000000,2.000000,2.000000,0.000000,4.000000,2.000000,2.000000,0.000000,0.000000,4.000000,4.000000,4.000000,4.000000,4.000000,4.000000,0.000000,,,,,,,,,,,,,,,,,4.000000,0.000000,0.493478,0.454712,-0.567932,0.476624,0.966427,-0.098645,-0.062996,-36.445000,43.927902,31.183271
1732157952.879752,1732157952.882922,17.000000,0.000000,4280.256348,4274.230957,4315.769043,4282.948730,4290.384766,4280.897461,4334.743652,4398.077148,4292.179688,4280.769043,4465.000000,4495.897461,4342.436035,4391.538574,0.000000,1.000000,22.000000,,,,0.000000,2.000000,2.000000,0.000000,4.000000,2.000000,2.000000,0.000000,0.000000,4.000000,4.000000,4.000000,4.000000,4.000000,4.000000,0.000000,,,,,,,,,,,,,,,,,,,,,,,,,,,,
1732157952.887560,1732157952.890531,18.000000,0.000000,4283.974121,4276.025879,4312.948730,4290.641113,4274.871582,4280.897461,4335.000000,4398.461426,4296.794922,4289.358887,4466.025879,4499.615234,4342.563965,4390.512695,0.000000,1.000000,22.000000,,,,0.000000,2.000000,2.000000,0.000000,4.000000,2.000000,2.000000,0.000000,0.000000,4.000000,4.000000,4.000000,4.000000,4.000000,4.000000,0.000000,,,,,,,,,,,,,,,,,,,,,,,,,,,,
1732157952.895368,1732157952.898339,19.000000,0.000000,4289.358887,4279.487305,4310.384766,4295.512695,4258.974121,4282.307617,4334.615234,4399.230957,4304.358887,4295.512695,4472.948730,4506.922852,4345.000000,4394.743652,0.000000,1.000000,22.000000,,,,0.000000,2.000000,2.000000,0.000000,4.000000,2.000000,2.000000,0.000000,0.000000,4.000000,4.000000,4.000000,4.000000,4.000000,4.000000,0.000000,,,,,,,,,,,,,,,,,,,,,,,,,,,,
1732157952.903176,1732157952.906047,20.000000,0.000000,4293.205078,4280.512695,4313.461426,4296.410156,4269.871582,4282.948730,4334.743652,4398.333496,4302.948730,4287.563965,4472.436035,4506.025879,4347.179688,4396.410156,0.000000,1.000000,22.000000,,,,0.000000,2.000000,2.000000,0.000000,4.000000,2.000000,2.000000,0.000000,0.000000,4.000000,4.000000,4.000000,4.000000,4.000000,4.000000,0.000000,,,,,,,,,,,,,,,,,5.000000,0.000000,0.493433,0.454773,-0.567871,0.476685,0.977658,-0.090831,-0.055183,-36.545452,44.144932,31.200117
1732157952.910985,1732157952.913855,21.000000,0.000000,4294.358887,4281.794922,4316.538574,4297.948730,4282.436035,4282.307617,4336.410156,4398.333496,4295.256348,4279.487305,4472.692383,4504.230957,4348.589844,4397.307617,0.000000,1.000000,22.000000,,,,0.000000,2.000000,2.000000,0.000000,4.000000,2.000000,2.000000,0.000000,0.000000,4.000000,4.000000,4.000000,4.000000,4.000000,4.000000,0.000000,,,,,,,,,,,,,,,,,,,,,,,,,,,,
1732157952.918793,1732157952.921464,22.000000,0.000000,4294.358887,4281.794922,4315.769043,4297.563965,4274.871582,4280.897461,4336.538574,4400.384766,4294.743652,4281.538574,4473.589844,4505.641113,4347.948730,4398.846191,0.000000,1.000000,22.000000,,,,0.000000,2.000000,2.000000,0.000000,4.000000,2.000000,2.000000,0.000000,0.000000,4.000000,4.000000,4.000000,4.000000,4.000000,4.000000,0.000000,,,,,,,,,,,,,,,,,,,,,,,,,,,,
1732157952.926601,1732157952.929272,23.000000,0.000000,4294.102539,4279.871582,4313.974121,4295.128418,4278.461426,4279.487305,4334.743652,4400.000000,4297.820313,4281.025879,4469.230957,4506.025879,4344.102539,4399.358887,0.000000,1.000000,22.000000,,,,0.000000,2.000000,2.000000,0.000000,4.000000,2.000000,2.000000,0.000000,0.000000,4.000000,4.000000,4.000000,4.000000,4.000000,4.000000,0.000000,,,,,,,,,,,,,,,,,,,,,,,,,,,,
1732157952.934409,1732157952.937180,24.000000,0.000000,4295.128418,4279.871582,4316.538574,4295.769043,4290.128418,4278.589844,4335.256348,4398.205078,4297.179688,4277.820313,4469.743652,4507.563965,4343.846191,4404.615234,0.000000,1.000000,22.000000,,,,0.000000,2.000000,2.000000,0.000000,4.000000,2.000000,2.000000,0.000000,0.000000,4.000000,4.000000,4.000000,4.000000,4.000000,4.000000,0.000000,,,,,,,,,,,,,,,,,6.000000,0.000000,0.493433,0.454773,-0.567871,0.476685,0.965938,-0.096203,-0.062019,-36.853481,44.244064,31.225428
1732157952.942217,1732157952.944988,25.000000,0.000000,4298.205078,4281.410156,4318.717773,4298.589844,4276.538574,4277.051270,4336.666504,4398.846191,4296.538574,4280.000000,4475.641113,4510.000000,4348.077148,4412.436035,0.000000,1.000000,22.000000,,,,0.000000,2.000000,2.000000,0.000000,4.000000,2.000000,2.000000,0.000000,0.000000,4.000000,4.000000,4.000000,4.000000,4.000000,4.000000,0.000000,,,,,,,,,,,,,,,,,,,,,,,,,,,,
1732157952.950026,1732157952.952996,26.000000,0.000000,4297.179688,4280.641113,4314.871582,4299.487305,4256.922852,4277.436035,4335.769043,4399.230957,4296.922852,4283.077148,4477.051270,4512.179688,4351.922852,4413.589844,0.000000,1.000000,22.000000,,,,0.000000,2.000000,2.000000,0.000000,4.000000,2.000000,2.000000,0.000000,0.000000,4.000000,4.000000,4.000000,4.000000,4.000000,4.000000,0.000000,,,,,,,,,,,,,,,,,,,,,,,,,,,,
1732157952.957834,1732157952.960805,27.000000,0.000000,4294.487305,4279.743652,4310.641113,4296.410156,4260.512695,4279.230957,4334.615234,4398.077148,4296.025879,4282.820313,4476.153809,4516.410156,4350.769043,4413.077148,0.000000,1.000000,22.000000,,,,0.000000,2.000000,2.000000,0.000000,4.000000,2.000000,2.000000,0.000000,0.000000,4.000000,4.000000,4.000000,4.000000,4.000000,4.000000,0.000000,,,,,,,,,,,,,,,,,,,,,,,,,,,,
1732157952.965642,1732157952.968713,28.000000,0.000000,4296.538574,4279.487305,4314.615234,4291.153809,4270.128418,4276.282227,4334.743652,4398.205078,4294.743652,4281.410156,4475.641113,4516.282227,4349.358887,4413.589844,0.000000,1.000000,22.000000,,,,0.000000,2.000000,2.000000,0.000000,4.000000,2.000000,2.000000,0.000000,0.000000,4.000000,4.000000,4.000000,4.000000,4.000000,4.000000,0.000000,,,,,,,,,,,,,,,,,7.000000,0.000000,0.493360,0.454407,-0.568176,0.476746,0.974728,-0.085460,-0.056159,-36.782986,44.162689,31.304264
1732157952.973451,1732157952.976521,29.000000,0.000000,4296.794922,4279.487305,4318.077148,4290.384766,4262.179688,4274.358887,4334.615234,4398.205078,4293.974121,4278.717773,4474.487305,4511.794922,4350.769043,4412.179688,0.000000,1.000000,22.000000,,,,0.000000,2.000000,2.000000,0.000000,4.000000,2.000000,2.000000,0.000000,0.000000,4.000000,4.000000,4.000000,4.000000,4.000000,4.000000,0.000000,,,,,,,,,,,,,,,,,,,,,,,,,,,,
1732157952.981259,1732157952.984129,30.000000,0.000000,4293.333496,4280.897461,4315.512695,4292.179688,4260.256348,4276.025879,4334.871582,4398.461426,4292.692383,4279.487305,4475.128418,4509.230957,4351.922852,4411.538574,0.000000,1.000000,22.000000,,,,0.000000,2.000000,2.000000,0.000000,4.000000,2.000000,2.000000,0.000000,0.000000,4.000000,4.000000,4.000000,4.000000,4.000000,4.000000,0.000000,,,,,,,,,,,,,,,,,,,,,,,,,,,,
1732157952.989067,1732157952.991937,31.000000,0.000000,4292.051270,4280.641113,4315.128418,4291.410156,4280.641113,4276.025879,4336.025879,4399.487305,4296.410156,4283.717773,4474.102539,4505.384766,4351.666504,4411.538574,0.000000,1.000000,22.000000,,,,0.000000,2.000000,2.000000,0.000000,4.000000,2.000000,2.000000,0.000000,0.000000,4.000000,4.000000,4.000000,4.000000,4.000000,4.000000,0.000000,,,,,,,,,,,,,,,,,,,,,,,,,,,,
1732157952.996875,1732157952.999846,32.000000,0.000000,4291.538574,4280.897461,4315.512695,4291.153809,4286.282227,4276.153809,4336.153809,4399.358887,4295.512695,4284.487305,4472.051270,4503.333496,4351.538574,4408.717773,0.000000,1.000000,22.000000,,,,0.000000,2.000000,2.000000,0.000000,4.000000,2.000000,2.000000,0.000000,0.000000,4.000000,4.000000,4.000000,4.000000,4.000000,4.000000,0.000000,,,,,,,,,,,,,,,,,8.000000,0.000000,0.493200,0.454529,-0.568115,0.476868,0.965450,-0.098645,-0.062508,-36.649220,44.153446,31.261454
1732157953.004684,1732157953.007654,33.000000,0.000000,4293.461426,4282.436035,4312.436035,4295.256348,4266.410156,4279.871582,4334.871582,4398.461426,4286.922852,4283.077148,4473.077148,4504.102539,4351.794922,4405.512695,0.000000,1.000000,22.000000,,,,0.000000,2.000000,2.000000,0.000000,4.000000,2.000000,2.000000,0.000000,0.000000,4.000000,4.000000,4.000000,4.000000,4.000000,4.000000,0.000000,,,,,,,,,,,,,,,,,,,,,,,,,,,,
1732157953.012492,1732157953.015262,34.000000,0.000000,4292.563965,4281.666504,4311.922852,4298.205078,4256.410156,4281.922852,4335.000000,4397.563965,4287.051270,4282.051270,4470.000000,4498.461426,4350.769043,4400.512695,0.000000,1.000000,22.000000,,,,0.000000,2.000000,2.000000,0.000000,4.000000,2.000000,2.000000,0.000000,0.000000,4.000000,4.000000,4.000000,4.000000,4.000000,4.000000,0.000000,,,,,,,,,,,,,,,,,,,,,,,,,,,,
1732157953.020300,1732157953.023070,35.000000,0.000000,4284.230957,4279.743652,4316.025879,4295.384766,4269.487305,4279.230957,4334.871582,4399.230957,4288.974121,4280.512695,4461.025879,4490.256348,4346.153809,4395.000000,0.000000,1.000000,22.000000,,,,0.000000,2.000000,2.000000,0.000000,4.000000,2.000000,2.000000,0.000000,0.000000,4.000000,4.000000,4.000000,4.000000,4.000000,4.000000,0.000000,,,,,,,,,,,,,,,,,,,,,,,,,,,,
1732157953.028108,1732157953.030978,36.000000,0.000000,4281.282227,4280.769043,4316.922852,4294.487305,4277.692383,4278.846191,4333.589844,4400.897461,4281.538574,4279.102539,4457.820313,4492.051270,4341.794922,4395.641113,0.000000,1.000000,22.000000,,,,0.000000,2.000000,2.000000,0.000000,4.000000,2.000000,2.000000,0.000000,0.000000,4.000000,4.000000,4.000000,4.000000,4.000000,4.000000,0.000000,,,,,,,,,,,,,,,,,9.000000,0.000000,0.493138,0.454468,-0.568115,0.476990,0.960566,-0.120132,-0.051276,-36.409203,43.939293,31.233444
1732157953.035916,1732157953.038787,37.000000,0.000000,4287.692383,4281.922852,4315.512695,4299.743652,4275.000000,4281.666504,4334.230957,4398.077148,4283.333496,4279.358887,4461.538574,4497.692383,4341.282227,4399.102539,0.000000,1.000000,22.000000,,,,0.000000,2.000000,2.000000,0.000000,4.000000,2.000000,2.000000,0.000000,0.000000,4.000000,4.000000,4.000000,4.000000,4.000000,4.000000,0.000000,,,,,,,,,,,,,,,,,,,,,,,,,,,,
1732157953.043725,1732157953.046795,38.000000,0.000000,4291.922852,4281.922852,4316.666504,4302.307617,4285.897461,4280.897461,4336.025879,4396.794922,4292.307617,4278.589844,4460.641113,4492.563965,4341.410156,4397.563965,0.000000,1.000000,22.000000,,,,0.000000,2.000000,2.000000,0.000000,4.000000,2.000000,2.000000,0.000000,0.000000,4.000000,4.000000,4.000000,4.000000,4.000000,4.000000,0.000000,,,,,,,,,,,,,,,,,,,,,,,,,,,,
1732157953.051533,1732157953.054603,39.000000,0.000000,4292.692383,4282.051270,4319.615234,4299.102539,4298.333496,4279.358887,4335.512695,4399.102539,4284.743652,4276.282227,4455.256348,4485.512695,4341.666504,4400.641113,0.000000,1.000000,22.000000,,,,0.000000,2.000000,2.000000,0.000000,4.000000,2.000000,2.000000,0.000000,0.000000,4.000000,4.000000,4.000000,4.000000,4.000000,4.000000,0.000000,,,,,,,,,,,,,,,,,,,,,,,,,,,,
1732157953.059341,1732157953.062511,40.000000,0.000000,4294.743652,4281.153809,4319.871582,4298.205078,4282.563965,4284.102539,4335.000000,4398.846191,4279.102539,4276.794922,4460.897461,4491.666504,4346.282227,4410.128418,0.000000,1.000000,22.000000,,,,0.000000,2.000000,2.000000,0.000000,4.000000,2.000000,2.000000,0.000000,0.000000,4.000000,4.000000,4.000000,4.000000,4.000000,4.000000,0.000000,,,,,,,,,,,,,,,,,10.000000,0.000000,0.493284,0.454285,-0.568237,0.476868,0.978635,-0.089366,-0.062019,-36.489784,44.077492,31.189089
1732157953.067150,1732157953.070319,41.000000,0.000000,4295.256348,4279.487305,4319.102539,4300.128418,4257.051270,4287.179688,4335.897461,4399.358887,4291.538574,4282.179688,4472.307617,4502.051270,4351.538574,4414.230957,0.000000,1.000000,22.000000,,,,0.000000,2.000000,2.000000,0.000000,4.000000,2.000000,2.000000,0.000000,0.000000,4.000000,4.000000,4.000000,4.000000,4.000000,4.000000,0.000000,,,,,,,,,,,,,,,,,,,,,,,,,,,,
1732157953.074958,1732157953.077928,42.000000,0.000000,4294.487305,4277.820313,4316.538574,4297.692383,4269.871582,4281.794922,4336.153809,4401.666504,4297.948730,4284.230957,4475.000000,4501.153809,4352.692383,4414.230957,0.000000,1.000000,22.000000,,,,0.000000,2.000000,2.000000,0.000000,4.000000,2.000000,2.000000,0.000000,0.000000,4.000000,4.000000,4.000000,4.000000,4.000000,4.000000,0.000000,,,,,,,,,,,,,,,,,,,,,,,,,,,,
1732157953.082766,1732157953.085736,43.000000,0.000000,4295.641113,4277.948730,4315.512695,4294.358887,4292.948730,4279.230957,4335.641113,4400.641113,4295.384766,4281.538574,4469.615234,4498.717773,4351.666504,4414.358887,0.000000,1.000000,22.000000,,,,0.000000,2.000000,2.000000,0.000000,4.000000,2.000000,2.000000,0.000000,0.000000,4.000000,4.000000,4.000000,4.000000,4.000000,4.000000,0.000000,,,,,,,,,,,,,,,,,,,,,,,,,,,,
1732157953.090574,1732157953.093644,44.000000,0.000000,4294.743652,4279.358887,4316.922852,4295.512695,4275.384766,4283.846191,4335.897461,4399.230957,4293.333496,4280.384766,4465.128418,4502.051270,4351.410156,4413.205078,0.000000,1.000000,22.000000,,,,0.000000,2.000000,2.000000,0.000000,4.000000,2.000000,2.000000,0.000000,0.000000,4.000000,4.000000,4.000000,4.000000,4.000000,4.000000,0.000000,,,,,,,,,,,,,,,,,11.000000,0.000000,0.493048,0.454590,-0.567993,0.477112,0.982542,-0.092785,-0.050299,-36.600060,43.881104,30.949829
1732157953.098383,1732157953.101452,45.000000,0.000000,4293.846191,4278.974121,4318.333496,4297.051270,4256.410156,4283.846191,4335.897461,4398.846191,4294.102539,4282.051270,4464.615234,4505.641113,4349.487305,4412.948730,0.000000,1.000000,22.000000,,,,0.000000,2.000000,2.000000,0.000000,4.000000,2.000000,2.000000,0.000000,0.000000,4.000000,4.000000,4.000000,4.000000,4.000000,4.000000,0.000000,,,,,,,,,,,,,,,,,,,,,,,,,,,,
1732157953.106191,1732157953.109460,46.000000,0.000000,4292.692383,4277.820313,4318.846191,4296.794922,4268.333496,4280.512695,4335.897461,4397.436035,4296.666504,4282.436035,4468.077148,4504.102539,4347.820313,4414.102539,0.000000,1.000000,22.000000,,,,0.000000,2.000000,2.000000,0.000000,4.000000,2.000000,2.000000,0.000000,0.000000,4.000000,4.000000,4.000000,4.000000,4.000000,4.000000,0.000000,,,,,,,,,,,,,,,,,,,,,,,,,,,,
1732157953.113999,1732157953.117268,47.000000,0.000000,4286.922852,4276.922852,4317.692383,4296.153809,4283.077148,4280.512695,4335.897461,4397.179688,4295.384766,4281.538574,4471.410156,4502.179688,4348.205078,4413.333496,0.000000,1.000000,22.000000,,,,0.000000,2.000000,2.000000,0.000000,4.000000,2.000000,2.000000,0.000000,0.000000,4.000000,4.000000,4.000000,4.000000,4.000000,4.000000,0.000000,,,,,,,,,,,,,,,,,,,,,,,,,,,,
1732157953.121807,1732157953.125176,48.000000,0.000000,4283.974121,4276.153809,4315.256348,4294.871582,4277.051270,4283.333496,4335.897461,4398.589844,4294.358887,4281.282227,4470.641113,4500.897461,4349.358887,4411.538574,0.000000,1.000000,22.000000,,,,0.000000,2.000000,2.000000,0.000000,4.000000,2.000000,2.000000,0.000000,0.000000,4.000000,4.000000,4.000000,4.000000,4.000000,4.000000,0.000000,,,,,,,,,,,,,,,,,12.000000,0.000000,0.492800,0.454590,-0.568054,0.477295,0.976193,-0.100598,-0.062996,-36.577717,44.022026,30.784361
1732157953.129615,1732157953.132985,49.000000,0.000000,4288.717773,4276.666504,4314.871582,4296.025879,4274.615234,4284.871582,4335.897461,4399.102539,4297.820313,4280.384766,4471.025879,4498.461426,4347.436035,4410.769043,0.000000,1.000000,22.000000,,,,0.000000,2.000000,2.000000,0.000000,4.000000,2.000000,2.000000,0.000000,0.000000,4.000000,4.000000,4.000000,4.000000,4.000000,4.000000,0.000000,,,,,,,,,,,,,,,,,,,,,,,,,,,,
1732157953.137424,1732157953.140993,50.000000,0.000000,4290.384766,4280.512695,4316.922852,4297.692383,4295.641113,4283.589844,4335.897461,4398.461426,4292.948730,4278.461426,4471.922852,4495.769043,4344.358887,4408.974121,0.000000,1.000000,22.000000,,,,0.000000,2.000000,2.000000,0.000000,4.000000,2.000000,2.000000,0.000000,0.000000,4.000000,4.000000,4.000000,4.000000,4.000000,4.000000,0.000000,,,,,,,,,,,,,,,,,,,,,,,,,,,,
1732157953.145232,1732157953.148801,51.000000,0.000000,4285.769043,4278.461426,4316.282227,4297.948730,4296.794922,4281.538574,4335.897461,4397.948730,4287.307617,4278.717773,4472.692383,4496.153809,4347.307617,4410.641113,0.000000,1.000000,22.000000,,,,0.000000,2.000000,2.000000,0.000000,4.000000,2.000000,2.000000,0.000000,0.000000,4.000000,4.000000,4.000000,4.000000,4.000000,4.000000,0.000000,,,,,,,,,,,,,,,,,,,,,,,,,,,,
1732157953.153040,1732157953.156709,52.000000,0.000000,4286.794922,4274.102539,4313.717773,4295.384766,4268.461426,4281.538574,4335.897461,4398.974121,4298.205078,4286.794922,4475.897461,4504.358887,4352.692383,4415.000000,0.000000,1.000000,22.000000,,,,0.000000,2.000000,2.000000,0.000000,4.000000,2.000000,2.000000,0.000000,0.000000,4.000000,4.000000,4.000000,4.000000,4.000000,4.000000,0.000000,,,,,,,,,,,,,,,,,13.000000,0.000000,0.492825,0.454651,-0.567932,0.477356,0.978635,-0.103040,-0.063484,-36.309616,44.302841,30.888666
1732157953.160849,1732157953.164517,53.000000,0.000000,4290.512695,4272.436035,4311.153809,4294.358887,4259.487305,4285.256348,4336.025879,4400.769043,4308.974121,4293.717773,4478.205078,4508.846191,4352.307617,4414.871582,0.000000,1.000000,22.000000,,,,0.000000,2.000000,2.000000,0.000000,4.000000,2.000000,2.000000,0.000000,0.000000,4.000000,4.000000,4.000000,4.000000,4.000000,4.000000,0.000000,,,,,,,,,,,,,,,,,,,,,,,,,,,,
1732157953.168657,1732157953.172126,54.000000,0.000000,4291.025879,4272.307617,4313.846191,4295.897461,4276.025879,4286.282227,4335.641113,4400.128418,4301.282227,4290.128418,4476.922852,4506.153809,4350.128418,4411.794922,0.000000,1.000000,22.000000,,,,0.000000,2.000000,2.000000,0.000000,4.000000,2.000000,2.000000,0.000000,0.000000,4.000000,4.000000,4.000000,4.000000,4.000000,4.000000,0.000000,,,,,,,,,,,,,,,,,,,,,,,,,,,,
1732157953.176465,1732157953.179934,55.000000,0.000000,4292.692383,4273.974121,4315.384766,4295.384766,4281.922852,4282.948730,4335.897461,4398.333496,4293.333496,4285.897461,4475.256348,4506.025879,4351.794922,4411.666504,0.000000,1.000000,22.000000,,,,0.000000,2.000000,2.000000,0.000000,4.000000,2.000000,2.000000,0.000000,0.000000,4.000000,4.000000,4.000000,4.000000,4.000000,4.000000,0.000000,,,,,,,,,,,,,,,,,,,,,,,,,,,,
1732157953.184273,1732157953.187642,56.000000,0.000000,4294.487305,4274.230957,4313.846191,4294.102539,4272.563965,4281.538574,4336.153809,4399.743652,4300.128418,4286.410156,4474.743652,4507.692383,4352.692383,4412.179688,0.000000,1.000000,22.000000,,,,0.000000,2.000000,2.000000,0.000000,4.000000,2.000000,2.000000,0.000000,0.000000,4.000000,4.000000,4.000000,4.000000,4.000000,4.000000,0.000000,,,,,,,,,,,,,,,,,14.000000,0.000000,0.492786,0.454834,-0.567871,0.477295,0.974728,-0.084971,-0.061043,-36.185787,44.356968,30.924820
1732157953.192082,1732157953.195450,57.000000,0.000000,4293.461426,4269.230957,4314.487305,4292.948730,4278.077148,4282.051270,4335.000000,4400.897461,4303.717773,4288.461426,4474.230957,4507.307617,4351.153809,4411.153809,0.000000,1.000000,22.000000,,,,0.000000,2.000000,2.000000,0.000000,4.000000,2.000000,2.000000,0.000000,0.000000,4.000000,4.000000,4.000000,4.000000,4.000000,4.000000,0.000000,,,,,,,,,,,,,,,,,,,,,,,,,,,,
1732157953.199890,1732157953.203059,58.000000,0.000000,4289.230957,4266.025879,4316.153809,4290.769043,4296.794922,4280.897461,4334.487305,4399.871582,4296.666504,4285.384766,4474.743652,4506.538574,4350.641113,4411.282227,0.000000,1.000000,22.000000,,,,0.000000,2.000000,2.000000,0.000000,4.000000,2.000000,2.000000,0.000000,0.000000,4.000000,4.000000,4.000000,4.000000,4.000000,4.000000,0.000000,,,,,,,,,,,,,,,,,,,,,,,,,,,,
1732157953.207698,1732157953.210867,59.000000,0.000000,4282.692383,4273.717773,4314.102539,4291.282227,4290.641113,4280.000000,4334.871582,4398.974121,4297.563965,4287.307617,4478.846191,4507.051270,4350.384766,4414.102539,0.000000,1.000000,22.000000,,,,0.000000,2.000000,2.000000,0.000000,4.000000,2.000000,2.000000,0.000000,0.000000,4.000000,4.000000,4.000000,4.000000,4.000000,4.000000,0.000000,,,,,,,,,,,,,,,,,,,,,,,,,,,,
1732157953.215506,1732157953.218575,60.000000,0.000000,4280.641113,4277.051270,4311.025879,4294.102539,4261.410156,4282.179688,4334.871582,4400.384766,4302.692383,4290.897461,4480.512695,4506.410156,4351.282227,4418.974121,0.000000,1.000000,22.000000,,,,0.000000,2.000000,2.000000,0.000000,4.000000,2.000000,2.000000,0.000000,0.000000,4.000000,4.000000,4.000000,4.000000,4.000000,4.000000,0.000000,,,,,,,,,,,,,,,,,15.000000,0.000000,0.492605,0.455078,-0.567627,0.477539,0.987425,-0.085948,-0.056648,-36.202156,44.417477,31.137438
1732157953.223314,1732157953.226383,61.000000,0.000000,4288.589844,4272.179688,4312.948730,4294.743652,4255.897461,4281.666504,4334.743652,4400.897461,4299.743652,4285.897461,4478.846191,4507.179688,4352.563965,4422.436035,0.000000,1.000000,22.000000,,,,0.000000,2.000000,2.000000,0.000000,4.000000,2.000000,2.000000,0.000000,0.000000,4.000000,4.000000,4.000000,4.000000,4.000000,4.000000,0.000000,,,,,,,,,,,,,,,,,,,,,,,,,,,,
1732157953.231123,1732157953.233992,62.000000,0.000000,4297.179688,4273.077148,4312.692383,4293.589844,4270.641113,4278.846191,4334.743652,4400.897461,4300.384766,4283.333496,4482.179688,4508.205078,4352.436035,4421.794922,0.000000,1.000000,22.000000,,,,0.000000,2.000000,2.000000,0.000000,4.000000,2.000000,2.000000,0.000000,0.000000,4.000000,4.000000,4.000000,4.000000,4.000000,4.000000,0.000000,,,,,,,,,,,,,,,,,,,,,,,,,,,,
1732157953.238931,1732157953.241800,63.000000,0.000000,4296.410156,4278.333496,4310.384766,4294.358887,4268.974121,4278.717773,4333.846191,4401.794922,4303.461426,4284.487305,4484.102539,4508.077148,4351.153809,4417.563965,0.000000,1.000000,22.000000,,,,0.000000,2.000000,2.000000,0.000000,4.000000,2.000000,2.000000,0.000000,0.000000,4.000000,4.000000,4.000000,4.000000,4.000000,4.000000,0.000000,,,,,,,,,,,,,,,,,,,,,,,,,,,,
1732157953.246739,1732157953.249508,64.000000,0.000000,4293.717773,4277.436035,4311.410156,4295.641113,4268.717773,4281.153809,4333.589844,4401.282227,4294.102539,4280.897461,4479.230957,4507.051270,4351.153809,4415.256348,0.000000,1.000000,22.000000,,,,0.000000,2.000000,2.000000,0.000000,4.000000,2.000000,2.000000,0.000000,0.000000,4.000000,4.000000,4.000000,4.000000,4.000000,4.000000,0.000000,,,,,,,,,,,,,,,,,16.000000,0.000000,0.492710,0.455017,-0.567688,0.477417,0.987425,-0.085948,-0.056648,-36.030415,44.361488,31.261324
1732157953.254547,1732157953.257317,65.000000,0.000000,4294.615234,4271.922852,4312.307617,4294.358887,4284.615234,4282.436035,4333.717773,4399.743652,4289.487305,4276.666504,4477.307617,4504.487305,4351.922852,4415.512695,1603.000000,1.000000,22.000000,,,,0.000000,2.000000,2.000000,0.000000,4.000000,2.000000,2.000000,0.000000,0.000000,4.000000,4.000000,4.000000,4.000000,4.000000,4.000000,0.000000,,,,,,,,,,,,,,,,,,,,,,,,,,,,
1732157953.262356,1732157953.264925,66.000000,0.000000,4294.871582,4270.384766,4313.461426,4293.077148,4286.410156,4280.000000,4333.461426,4399.871582,4299.871582,4281.025879,4478.846191,4508.974121,4349.743652,4415.128418,1366.000000,1.000000,22.000000,,,,0.000000,2.000000,2.000000,0.000000,4.000000,2.000000,2.000000,0.000000,0.000000,4.000000,4.000000,4.000000,4.000000,4.000000,4.000000,0.000000,,,,,,,,,,,,,,,,,,,,,,,,,,,,
1732157953.270164,1732157953.272733,67.000000,0.000000,4294.102539,4271.922852,4314.487305,4294.743652,4269.358887,4278.461426,4335.128418,4402.692383,4304.230957,4283.974121,4477.820313,4516.538574,4347.692383,4414.615234,1429.000000,1.000000,22.000000,,,,0.000000,2.000000,2.000000,0.000000,4.000000,2.000000,2.000000,0.000000,0.000000,4.000000,4.000000,4.000000,4.000000,4.000000,4.000000,0.000000,,,,,,,,,,,,,,,,,,,,,,,,,,,,
1732157953.277972,1732157953.280442,68.000000,0.000000,4295.128418,4272.820313,4313.333496,4292.948730,4257.051270,4280.384766,4336.666504,4402.436035,4298.589844,4280.128418,4475.128418,4513.846191,4348.205078,4413.461426,1422.000000,1.000000,22.000000,,,,0.000000,2.000000,2.000000,0.000000,4.000000,2.000000,2.000000,0.000000,0.000000,4.000000,4.000000,4.000000,4.000000,4.000000,4.000000,0.000000,,,,,,,,,,,,,,,,,17.000000,0.000000,0.492664,0.455078,-0.567627,0.477478,0.969357,-0.094738,-0.062019,-35.959633,44.467808,31.188339
1732157953.285781,1732157953.288250,69.000000,0.000000,4291.794922,4270.897461,4313.333496,4289.487305,4264.743652,4282.051270,4336.410156,4399.487305,4300.384766,4280.256348,4477.948730,4507.563965,4350.128418,4411.410156,1209.000000,1.000000,22.000000,,,,0.000000,2.000000,2.000000,0.000000,4.000000,2.000000,2.000000,0.000000,0.000000,4.000000,4.000000,4.000000,4.000000,4.000000,4.000000,0.000000,,,,,,,,,,,,,,,,,,,,,,,,,,,,
1732157953.293589,1732157953.295858,70.000000,0.000000,4290.128418,4268.846191,4314.871582,4291.410156,4277.307617,4281.922852,4335.512695,4399.358887,4308.717773,4285.512695,4482.820313,4508.205078,4353.333496,4411.922852,0.000000,1.000000,22.000000,,,,0.000000,2.000000,2.000000,0.000000,4.000000,2.000000,2.000000,0.000000,0.000000,4.000000,4.000000,4.000000,4.000000,4.000000,4.000000,0.000000,,,,,,,,,,,,,,,,,,,,,,,,,,,,
1732157953.301397,1732157953.303666,71.000000,0.000000,4294.487305,4269.615234,4313.717773,4293.717773,4272.948730,4281.282227,4334.102539,4400.512695,4303.974121,4286.410156,4482.051270,4510.000000,4354.743652,4415.897461,0.000000,1.000000,22.000000,,,,0.000000,2.000000,2.000000,0.000000,4.000000,2.000000,2.000000,0.000000,0.000000,4.000000,4.000000,4.000000,4.000000,4.000000,4.000000,0.000000,,,,,,,,,,,,,,,,,,,,,,,,,,,,
1732157953.309205,1732157953.311375,72.000000,0.000000,4294.487305,4271.153809,4312.692383,4292.179688,4274.358887,4281.025879,4333.717773,4399.615234,4291.922852,4279.487305,4477.563965,4506.666504,4353.333496,4416.794922,1524.000000,1.000000,22.000000,,,,0.000000,2.000000,2.000000,0.000000,4.000000,2.000000,2.000000,0.000000,0.000000,4.000000,4.000000,4.000000,4.000000,4.000000,4.000000,0.000000,,,,,,,,,,,,,,,,,18.000000,0.000000,0.492402,0.455322,-0.567505,0.477661,0.977170,-0.090831,-0.061531,-36.035637,44.553925,31.162556
1732157953.317013,1732157953.319183,73.000000,0.000000,4291.794922,4271.666504,4315.000000,4290.256348,4288.589844,4278.589844,4334.358887,4400.897461,4293.205078,4276.410156,4476.538574,4505.641113,4351.282227,4413.333496,1690.000000,1.000000,22.000000,,,,0.000000,2.000000,2.000000,0.000000,4.000000,2.000000,2.000000,0.000000,0.000000,4.000000,4.000000,4.000000,4.000000,4.000000,4.000000,0.000000,,,,,,,,,,,,,,,,,,,,,,,,,,,,
1732157953.324822,1732157953.326791,74.000000,0.000000,4294.615234,4272.179688,4313.589844,4291.025879,4282.307617,4277.820313,4335.000000,4402.563965,4298.333496,4283.205078,4478.974121,4509.358887,4351.153809,4412.563965,1546.000000,1.000000,22.000000,,,,0.000000,2.000000,2.000000,0.000000,4.000000,2.000000,2.000000,0.000000,0.000000,4.000000,4.000000,4.000000,4.000000,4.000000,4.000000,0.000000,,,,,,,,,,,,,,,,,,,,,,,,,,,,
1732157953.332630,1732157953.334600,75.000000,0.000000,4291.282227,4272.051270,4314.743652,4294.230957,4260.000000,4281.410156,4335.256348,4400.769043,4297.051270,4288.974121,4481.153809,4510.256348,4351.282227,4412.692383,1564.000000,1.000000,22.000000,,,,0.000000,2.000000,2.000000,0.000000,4.000000,2.000000,2.000000,0.000000,0.000000,4.000000,4.000000,4.000000,4.000000,4.000000,4.000000,0.000000,,,,,,,,,,,,,,,,,,,,,,,,,,,,
1732157953.340438,1732157953.342308,76.000000,0.000000,4281.282227,4269.487305,4318.461426,4296.538574,4259.743652,4282.692383,4336.025879,4399.743652,4296.025879,4286.025879,4482.307617,4507.948730,4352.051270,4413.205078,1705.000000,1.000000,22.000000,,,,0.000000,2.000000,2.000000,0.000000,4.000000,2.000000,2.000000,0.000000,0.000000,4.000000,4.000000,4.000000,4.000000,4.000000,4.000000,0.000000,,,,,,,,,,,,,,,,,19.000000,0.000000,0.492546,0.455078,-0.567627,0.477600,0.973263,-0.100598,-0.064949,-36.020535,44.638680,31.086670
1732157953.348246,1732157953.350116,77.000000,0.000000,4280.256348,4268.589844,4314.487305,4290.128418,4270.769043,4281.025879,4335.384766,4400.256348,4298.461426,4280.769043,4478.717773,4507.307617,4352.563965,4414.487305,1609.000000,1.000000,22.000000,,,,0.000000,2.000000,2.000000,0.000000,4.000000,2.000000,2.000000,0.000000,0.000000,4.000000,4.000000,4.000000,4.000000,4.000000,4.000000,0.000000,,,,,,,,,,,,,,,,,,,,,,,,,,,,
1732157953.356055,1732157953.358124,78.000000,0.000000,4283.589844,4266.538574,4311.922852,4283.717773,4262.436035,4280.512695,4334.487305,4399.615234,4299.871582,4280.641113,4475.512695,4507.948730,4350.512695,4414.487305,1546.000000,1.000000,22.000000,,,,0.000000,2.000000,2.000000,0.000000,4.000000,2.000000,2.000000,0.000000,0.000000,4.000000,4.000000,4.000000,4.000000,4.000000,4.000000,0.000000,1.000000,0.000000,2.000000,1.000000,0.000000,1.000000,2.000000,1.000000,0.000000,0.000000,4.000000,4.000000,1.000000,4.000000,4.000000,4.000000,,,,,,,,,,,,
1732157953.363863,1732157953.365932,79.000000,0.000000,4282.563965,4265.769043,4315.384766,4284.102539,4269.615234,4280.384766,4334.358887,4399.615234,4297.051270,4283.205078,4480.769043,4505.641113,4350.384766,4414.102539,1564.000000,1.000000,22.000000,,,,0.000000,2.000000,2.000000,0.000000,4.000000,2.000000,2.000000,0.000000,0.000000,4.000000,4.000000,4.000000,4.000000,4.000000,4.000000,0.000000,,,,,,,,,,,,,,,,,,,,,,,,,,,,
1732157953.371671,1732157953.373641,80.000000,0.000000,4281.538574,4266.025879,4312.051270,4284.358887,4292.692383,4278.974121,4334.615234,4400.384766,4294.487305,4280.512695,4483.717773,4503.974121,4351.153809,4413.974121,1705.000000,1.000000,22.000000,,,,0.000000,2.000000,2.000000,0.000000,4.000000,2.000000,2.000000,0.000000,0.000000,4.000000,4.000000,4.000000,4.000000,4.000000,4.000000,0.000000,,,,,,,,,,,,,,,,,20.000000,0.000000,0.492577,0.454956,-0.567749,0.477539,0.973263,-0.100598,-0.064949,-36.111633,44.643997,31.450203
1732157953.379480,1732157953.381449,81.000000,0.000000,4281.794922,4266.410156,4308.589844,4283.717773,4277.820313,4281.025879,4334.871582,4399.358887,4300.897461,4279.487305,4479.871582,4503.205078,4351.282227,4414.743652,1609.000000,1.000000,22.000000,,,,0.000000,2.000000,2.000000,0.000000,4.000000,2.000000,2.000000,0.000000,0.000000,4.000000,4.000000,4.000000,4.000000,4.000000,4.000000,0.000000,,,,,,,,,,,,,,,,,,,,,,,,,,,,
1732157953.387288,1732157953.389057,82.000000,0.000000,4280.897461,4263.974121,4315.128418,4286.153809,4254.358887,4283.846191,4334.743652,4399.487305,4304.230957,4283.589844,4476.538574,4502.563965,4350.512695,4415.000000,1546.000000,1.000000,22.000000,,,,0.000000,2.000000,2.000000,0.000000,4.000000,2.000000,2.000000,0.000000,0.000000,4.000000,4.000000,4.000000,4.000000,4.000000,4.000000,0.000000,,,,,,,,,,,,,,,,,,,,,,,,,,,,
1732157953.395096,1732157953.396865,83.000000,0.000000,4281.794922,4264.358887,4317.307617,4285.128418,4272.307617,4282.051270,4334.743652,4400.256348,4300.384766,4281.410156,4476.538574,4504.358887,4350.256348,4412.948730,1564.000000,1.000000,22.000000,,,,0.000000,2.000000,2.000000,0.000000,4.000000,2.000000,2.000000,0.000000,0.000000,4.000000,4.000000,4.000000,4.000000,4.000000,4.000000,0.000000,,,,,,,,,,,,,,,,,,,,,,,,,,,,
1732157953.402904,1732157953.404774,84.000000,0.000000,4282.563965,4265.641113,4311.410156,4282.307617,4285.256348,4279.102539,4335.000000,4399.871582,4303.461426,4280.769043,4476.794922,4506.410156,4350.897461,4411.410156,1705.000000,1.000000,22.000000,,,,0.000000,2.000000,2.000000,0.000000,4.000000,2.000000,2.000000,0.000000,0.000000,4.000000,4.000000,4.000000,4.000000,4.000000,4.000000,0.000000,,,,,,,,,,,,,,,,,21.000000,0.000000,0.492642,0.454773,-0.567993,0.477356,0.975217,-0.073251,-0.056159,-36.368755,44.553303,31.364664
1732157953.410712,1732157953.412582,85.000000,0.000000,4281.538574,4266.025879,4310.128418,4283.717773,4258.974121,4278.846191,4335.128418,4399.102539,4306.153809,4287.179688,4478.461426,4506.922852,4351.282227,4413.846191,1609.000000,1.000000,22.000000,,,,0.000000,2.000000,2.000000,0.000000,4.000000,2.000000,2.000000,0.000000,0.000000,4.000000,4.000000,4.000000,4.000000,4.000000,4.000000,0.000000,,,,,,,,,,,,,,,,,,,,,,,,,,,,
1732157953.418521,1732157953.420590,86.000000,0.000000,4283.077148,4266.666504,4314.230957,4286.153809,4251.922852,4280.769043,4334.871582,4398.461426,4303.205078,4291.538574,4481.410156,4506.410156,4351.153809,4414.743652,1546.000000,1.000000,22.000000,,,,0.000000,2.000000,2.000000,0.000000,4.000000,2.000000,2.000000,0.000000,0.000000,4.000000,4.000000,4.000000,4.000000,4.000000,4.000000,0.000000,,,,,,,,,,,,,,,,,,,,,,,,,,,,
1732157953.426329,1732157953.428398,87.000000,0.000000,4286.794922,4266.666504,4313.333496,4287.692383,4273.077148,4282.307617,4335.000000,4398.717773,4307.307617,4290.128418,4480.256348,4505.769043,4348.846191,4411.922852,1564.000000,1.000000,22.000000,,,,0.000000,2.000000,2.000000,0.000000,4.000000,2.000000,2.000000,0.000000,0.000000,4.000000,4.000000,4.000000,4.000000,4.000000,4.000000,0.000000,,,,,,,,,,,,,,,,,,,,,,,,,,,,
1732157953.434137,1732157953.436306,88.000000,0.000000,4290.000000,4265.897461,4311.666504,4288.205078,4277.948730,4282.692383,4335.128418,4399.743652,4310.256348,4288.589844,4477.563965,4505.897461,4348.461426,4411.153809,1705.000000,1.000000,22.000000,,,,0.000000,2.000000,2.000000,0.000000,4.000000,2.000000,2.000000,0.000000,0.000000,4.000000,4.000000,4.000000,4.000000,4.000000,4.000000,0.000000,,,,,,,,,,,,,,,,,22.000000,0.000000,0.492507,0.454956,-0.567810,0.477539,0.984984,-0.092296,-0.067879,-36.423691,44.479843,31.378712
1732157953.441945,1732157953.444114,89.000000,0.000000,4286.922852,4264.487305,4312.692383,4286.282227,4268.333496,4282.179688,4334.871582,4399.871582,4304.871582,4287.563965,4475.897461,4505.512695,4349.743652,4411.794922,1609.000000,1.000000,22.000000,,,,0.000000,2.000000,2.000000,0.000000,4.000000,2.000000,2.000000,0.000000,0.000000,4.000000,4.000000,4.000000,4.000000,4.000000,4.000000,0.000000,,,,,,,,,,,,,,,,,,,,,,,,,,,,
1732157953.449754,1732157953.452122,90.000000,0.000000,4280.128418,4264.487305,4313.333496,4283.461426,4273.461426,4281.538574,4335.128418,4399.615234,4300.769043,4284.615234,4476.538574,4505.512695,4346.922852,4412.179688,1546.000000,1.000000,22.000000,,,,0.000000,2.000000,2.000000,0.000000,4.000000,2.000000,2.000000,0.000000,0.000000,4.000000,4.000000,4.000000,4.000000,4.000000,4.000000,0.000000,,,,,,,,,,,,,,,,,,,,,,,,,,,,
1732157953.457562,1732157953.459930,91.000000,0.000000,4282.820313,4265.897461,4312.692383,4286.153809,4292.563965,4280.641113,4336.410156,4399.871582,4296.794922,4280.641113,4477.563965,4508.077148,4345.256348,4412.692383,1564.000000,1.000000,22.000000,,,,0.000000,2.000000,2.000000,0.000000,4.000000,2.000000,2.000000,0.000000,0.000000,4.000000,4.000000,4.000000,4.000000,4.000000,4.000000,0.000000,,,,,,,,,,,,,,,,,,,,,,,,,,,,
1732157953.465370,1732157953.467839,92.000000,0.000000,4288.077148,4265.000000,4312.179688,4287.692383,4288.205078,4279.487305,4336.666504,4398.333496,4298.077148,4279.743652,4476.538574,4508.974121,4348.461426,4413.717773,1705.000000,1.000000,22.000000,,,,0.000000,2.000000,2.000000,0.000000,4.000000,2.000000,2.000000,0.000000,0.000000,4.000000,4.000000,4.000000,4.000000,4.000000,4.000000,0.000000,,,,,,,,,,,,,,,,,23.000000,0.000000,0.492507,0.454956,-0.567810,0.477539,0.973752,-0.097180,-0.064461,-36.273190,44.495338,31.345089
1732157953.473179,1732157953.475647,93.000000,0.000000,4285.256348,4263.589844,4312.436035,4283.846191,4262.563965,4280.256348,4335.128418,4397.820313,4307.436035,4284.358887,4482.820313,4508.205078,4351.538574,4415.512695,1609.000000,1.000000,22.000000,,,,0.000000,2.000000,2.000000,0.000000,4.000000,2.000000,2.000000,0.000000,0.000000,4.000000,4.000000,4.000000,4.000000,4.000000,4.000000,0.000000,,,,,,,,,,,,,,,,,,,,,,,,,,,,
1732157953.480987,1732157953.483255,94.000000,0.000000,4280.769043,4266.282227,4313.333496,4283.974121,4254.615234,4280.000000,4335.128418,4400.256348,4307.820313,4286.794922,4488.974121,4508.717773,4350.769043,4415.897461,1546.000000,1.000000,22.000000,,,,0.000000,2.000000,2.000000,0.000000,4.000000,2.000000,2.000000,0.000000,0.000000,4.000000,4.000000,4.000000,4.000000,4.000000,4.000000,0.000000,,,,,,,,,,,,,,,,,,,,,,,,,,,,
1732157953.488795,1732157953.491063,95.000000,0.000000,4282.051270,4268.333496,4312.692383,4286.538574,4270.769043,4278.974121,4336.153809,4401.538574,4297.820313,4282.179688,4481.794922,4508.333496,4349.487305,4413.717773,1564.000000,1.000000,22.000000,,,,0.000000,2.000000,2.000000,0.000000,4.000000,2.000000,2.000000,0.000000,0.000000,4.000000,4.000000,4.000000,4.000000,4.000000,4.000000,0.000000,,,,,,,,,,,,,,,,,,,,,,,,,,,,
1732157953.496603,1732157953.498972,96.000000,0.000000,4283.077148,4266.538574,4313.333496,4283.717773,4286.282227,4279.358887,4334.743652,4399.871582,4292.563965,4279.743652,4473.846191,4506.025879,4348.846191,4411.794922,1705.000000,1.000000,22.000000,,,,0.000000,2.000000,2.000000,0.000000,4.000000,2.000000,2.000000,0.000000,0.000000,4.000000,4.000000,4.000000,4.000000,4.000000,4.000000,0.000000,,,,,,,,,,,,,,,,,24.000000,0.000000,0.492496,0.454956,-0.567871,0.477478,0.980100,-0.088390,-0.058601,-36.094616,44.496223,31.564522
1732157953.504411,1732157953.506780,97.000000,0.000000,4281.025879,4264.487305,4315.384766,4283.461426,4282.692383,4279.487305,4332.948730,4399.615234,4295.384766,4280.641113,4477.563965,4505.641113,4350.384766,4412.436035,1609.000000,1.000000,22.000000,,,,0.000000,2.000000,2.000000,0.000000,4.000000,2.000000,2.000000,0.000000,0.000000,4.000000,4.000000,4.000000,4.000000,4.000000,4.000000,0.000000,,,,,,,,,,,,,,,,,,,,,,,,,,,,
1732157953.512220,1732157953.514788,98.000000,0.000000,4280.512695,4266.025879,4315.897461,4287.563965,4266.922852,4282.820313,4334.102539,4401.538574,4302.051270,4281.282227,4479.230957,4506.922852,4349.615234,4414.230957,1546.000000,1.000000,22.000000,,,,0.000000,2.000000,2.000000,0.000000,4.000000,2.000000,2.000000,0.000000,0.000000,4.000000,4.000000,4.000000,4.000000,4.000000,4.000000,0.000000,,,,,,,,,,,,,,,,,,,,,,,,,,,,
1732157953.520028,1732157953.522596,99.000000,0.000000,4281.794922,4268.077148,4316.410156,4288.205078,4256.410156,4288.333496,4336.025879,4401.025879,4304.358887,4279.230957,4473.333496,4504.358887,4342.948730,4413.974121,1564.000000,1.000000,22.000000,,,,0.000000,2.000000,2.000000,0.000000,4.000000,2.000000,2.000000,0.000000,0.000000,4.000000,4.000000,4.000000,4.000000,4.000000,4.000000,0.000000,,,,,,,,,,,,,,,,,,,,,,,,,,,,
1732157953.527836,1732157953.530504,100.000000,0.000000,4280.641113,4263.077148,4317.179688,4287.051270,4273.461426,4286.153809,4335.769043,4399.230957,4298.205078,4277.692383,4471.922852,4499.358887,4339.615234,4411.410156,1705.000000,1.000000,22.000000,,,,0.000000,2.000000,2.000000,0.000000,4.000000,2.000000,2.000000,0.000000,0.000000,4.000000,4.000000,4.000000,4.000000,4.000000,4.000000,0.000000,,,,,,,,,,,,,,,,,25.000000,0.000000,0.492482,0.454895,-0.567932,0.477478,0.977170,-0.099622,-0.052252,-36.179974,44.596943,31.533930
1732157953.535644,1732157953.538312,101.000000,0.000000,4281.282227,4262.436035,4315.512695,4285.897461,4289.487305,4280.769043,4335.256348,4399.615234,4294.743652,4277.692383,4474.871582,4501.922852,4341.538574,4412.179688,1609.000000,1.000000,22.000000,,,,0.000000,2.000000,2.000000,0.000000,4.000000,2.000000,2.000000,0.000000,0.000000,4.000000,4.000000,4.000000,4.000000,4.000000,4.000000,0.000000,,,,,,,,,,,,,,,,,,,,,,,,,,,,
1732157953.543453,1732157953.546320,102.000000,0.000000,4287.051270,4268.077148,4313.077148,4288.974121,4271.538574,4280.769043,4335.769043,4400.641113,4300.256348,4279.615234,4478.461426,4506.922852,4342.820313,4415.128418,1546.000000,1.000000,22.000000,,,,0.000000,2.000000,2.000000,0.000000,4.000000,2.000000,2.000000,0.000000,0.000000,4.000000,4.000000,4.000000,4.000000,4.000000,4.000000,0.000000,,,,,,,,,,,,,,,,,,,,,,,,,,,,
1732157953.551261,1732157953.554128,103.000000,0.000000,4289.743652,4269.102539,4313.974121,4294.358887,4257.051270,4281.666504,4336.025879,4400.512695,4302.820313,4282.179688,4479.230957,4506.410156,4342.820313,4414.615234,1564.000000,1.000000,22.000000,,,,0.000000,2.000000,2.000000,0.000000,4.000000,2.000000,2.000000,0.000000,0.000000,4.000000,4.000000,4.000000,4.000000,4.000000,4.000000,0.000000,,,,,,,,,,,,,,,,,,,,,,,,,,,,
1732157953.559069,1732157953.561937,104.000000,0.000000,4288.461426,4271.025879,4313.461426,4293.333496,4271.025879,4281.153809,4335.897461,4400.000000,4298.846191,4280.256348,4477.179688,4507.051270,4343.077148,4414.102539,1705.000000,1.000000,22.000000,,,,0.000000,2.000000,2.000000,0.000000,4.000000,2.000000,2.000000,0.000000,0.000000,4.000000,4.000000,4.000000,4.000000,4.000000,4.000000,0.000000,,,,,,,,,,,,,,,,,26.000000,0.000000,0.492572,0.454773,-0.568054,0.477356,0.978147,-0.090831,-0.062508,-35.894112,44.708523,31.522484
1732157953.566877,1732157953.569745,105.000000,0.000000,4290.000000,4273.205078,4315.641113,4292.948730,4274.358887,4281.666504,4335.512695,4398.333496,4295.128418,4273.846191,4476.538574,4508.974121,4342.692383,4415.000000,1609.000000,1.000000,22.000000,,,,0.000000,2.000000,2.000000,0.000000,4.000000,2.000000,2.000000,0.000000,0.000000,4.000000,4.000000,4.000000,4.000000,4.000000,4.000000,0.000000,,,,,,,,,,,,,,,,,,,,,,,,,,,,
1732157953.574686,1732157953.577353,106.000000,0.000000,4287.948730,4268.077148,4318.974121,4293.077148,4271.794922,4280.512695,4334.102539,4396.922852,4294.230957,4273.461426,4476.922852,4507.307617,4341.282227,4413.974121,1546.000000,1.000000,22.000000,,,,0.000000,2.000000,2.000000,0.000000,4.000000,2.000000,2.000000,0.000000,0.000000,4.000000,4.000000,4.000000,4.000000,4.000000,4.000000,0.000000,,,,,,,,,,,,,,,,,,,,,,,,,,,,
1732157953.582494,1732157953.585161,107.000000,0.000000,4283.333496,4264.487305,4314.743652,4286.666504,4288.717773,4279.487305,4333.846191,4398.974121,4298.589844,4277.820313,4476.538574,4506.922852,4341.666504,4412.051270,1564.000000,1.000000,22.000000,,,,0.000000,2.000000,2.000000,0.000000,4.000000,2.000000,2.000000,0.000000,0.000000,4.000000,4.000000,4.000000,4.000000,4.000000,4.000000,0.000000,,,,,,,,,,,,,,,,,,,,,,,,,,,,
1732157953.590302,1732157953.592870,108.000000,0.000000,4287.179688,4267.179688,4310.769043,4283.717773,4284.871582,4281.538574,4335.897461,4401.282227,4307.563965,4280.769043,4476.666504,4509.230957,4344.487305,4412.692383,1705.000000,1.000000,22.000000,,,,0.000000,2.000000,2.000000,0.000000,4.000000,2.000000,2.000000,0.000000,0.000000,4.000000,4.000000,4.000000,4.000000,4.000000,4.000000,0.000000,,,,,,,,,,,,,,,,,27.000000,0.000000,0.492572,0.454773,-0.568054,0.477356,0.973752,-0.089855,-0.061043,-35.857563,44.693905,31.663212
1732157953.598110,1732157953.600678,109.000000,0.000000,4290.512695,4266.922852,4314.871582,4291.538574,4259.487305,4281.922852,4336.025879,4400.769043,4307.051270,4281.922852,4478.461426,4507.948730,4344.487305,4413.589844,1609.000000,1.000000,22.000000,,,,0.000000,2.000000,2.000000,0.000000,4.000000,2.000000,2.000000,0.000000,0.000000,4.000000,4.000000,4.000000,4.000000,4.000000,4.000000,0.000000,,,,,,,,,,,,,,,,,,,,,,,,,,,,
1732157953.605919,1732157953.608286,110.000000,0.000000,4285.128418,4266.410156,4316.538574,4292.692383,4259.871582,4282.051270,4334.615234,4400.384766,4299.230957,4281.025879,4480.000000,4505.512695,4340.897461,4413.333496,1546.000000,1.000000,22.000000,,,,0.000000,2.000000,2.000000,0.000000,4.000000,2.000000,2.000000,0.000000,0.000000,4.000000,4.000000,4.000000,4.000000,4.000000,4.000000,0.000000,,,,,,,,,,,,,,,,,,,,,,,,,,,,
1732157953.613727,1732157953.616095,111.000000,0.000000,4281.153809,4266.282227,4311.922852,4286.153809,4281.922852,4284.487305,4335.641113,4400.769043,4299.230957,4278.846191,4479.102539,4503.974121,4340.384766,4412.436035,1564.000000,1.000000,22.000000,,,,0.000000,2.000000,2.000000,0.000000,4.000000,2.000000,2.000000,0.000000,0.000000,4.000000,4.000000,4.000000,4.000000,4.000000,4.000000,0.000000,,,,,,,,,,,,,,,,,,,,,,,,,,,,
1732157953.621535,1732157953.623803,112.000000,0.000000,4280.128418,4262.563965,4311.282227,4280.128418,4290.897461,4284.358887,4337.051270,4399.743652,4300.512695,4277.436035,4477.436035,4503.205078,4342.051270,4410.897461,1705.000000,1.000000,22.000000,,,,0.000000,2.000000,2.000000,0.000000,4.000000,2.000000,2.000000,0.000000,0.000000,4.000000,4.000000,4.000000,4.000000,4.000000,4.000000,0.000000,,,,,,,,,,,,,,,,,28.000000,0.000000,0.492564,0.454834,-0.568115,0.477234,0.969845,-0.077646,-0.066903,-36.206295,44.628727,31.502201
1732157953.629343,1732157953.631611,113.000000,0.000000,4280.512695,4263.333496,4314.102539,4278.333496,4276.153809,4281.794922,4335.769043,4399.743652,4296.410156,4279.487305,4477.051270,4505.000000,4341.794922,4409.871582,1609.000000,1.000000,22.000000,,,,0.000000,2.000000,2.000000,0.000000,4.000000,2.000000,2.000000,0.000000,0.000000,4.000000,4.000000,4.000000,4.000000,4.000000,4.000000,0.000000,,,,,,,,,,,,,,,,,,,,,,,,,,,,
1732157953.637152,1732157953.639220,114.000000,0.000000,4282.436035,4266.282227,4315.256348,4286.282227,4256.666504,4282.948730,4334.743652,4400.512695,4296.025879,4278.589844,4478.461426,4507.436035,4342.563965,4410.512695,1546.000000,1.000000,22.000000,,,,0.000000,2.000000,2.000000,0.000000,4.000000,2.000000,2.000000,0.000000,0.000000,4.000000,4.000000,4.000000,4.000000,4.000000,4.000000,0.000000,,,,,,,,,,,,,,,,,,,,,,,,,,,,
1732157953.644960,1732157953.647028,115.000000,0.000000,4283.077148,4266.282227,4315.128418,4294.230957,4266.282227,4284.358887,4335.000000,4400.000000,4294.102539,4269.487305,4478.205078,4507.948730,4343.589844,4412.307617,1564.000000,1.000000,22.000000,,,,0.000000,2.000000,2.000000,0.000000,4.000000,2.000000,2.000000,0.000000,0.000000,4.000000,4.000000,4.000000,4.000000,4.000000,4.000000,0.000000,,,,,,,,,,,,,,,,,,,,,,,,,,,,
1732157953.652768,1732157953.654736,116.000000,0.000000,4282.692383,4265.384766,4313.974121,4289.102539,4289.871582,4279.743652,4335.128418,4400.769043,4294.102539,4266.282227,4476.153809,4506.794922,4343.333496,4411.153809,1705.000000,1.000000,22.000000,,,,0.000000,2.000000,2.000000,0.000000,4.000000,2.000000,2.000000,0.000000,0.000000,4.000000,4.000000,4.000000,4.000000,4.000000,4.000000,0.000000,,,,,,,,,,,,,,,,,29.000000,0.000000,0.492468,0.454834,-0.567993,0.477478,0.990355,-0.086436,-0.069344,-36.412098,44.752602,31.361782
1732157953.660576,1732157953.662544,117.000000,0.000000,4285.512695,4266.153809,4314.358887,4286.410156,4279.230957,4276.153809,4334.871582,4400.897461,4305.512695,4277.948730,4476.922852,4508.589844,4344.615234,4410.000000,1609.000000,1.000000,22.000000,,,,0.000000,2.000000,2.000000,0.000000,4.000000,2.000000,2.000000,0.000000,0.000000,4.000000,4.000000,4.000000,4.000000,4.000000,4.000000,0.000000,,,,,,,,,,,,,,,,,,,,,,,,,,,,
1732157953.668385,1732157953.670153,118.000000,0.000000,4290.641113,4272.307617,4315.641113,4292.820313,4259.230957,4281.666504,4334.871582,4399.871582,4307.948730,4282.563965,4478.717773,4512.820313,4346.025879,4412.051270,1546.000000,1.000000,22.000000,,,,0.000000,2.000000,2.000000,0.000000,4.000000,2.000000,2.000000,0.000000,0.000000,4.000000,4.000000,4.000000,4.000000,4.000000,4.000000,0.000000,,,,,,,,,,,,,,,,,,,,,,,,,,,,
1732157953.676193,1732157953.677961,119.000000,0.000000,4289.102539,4277.179688,4315.384766,4296.282227,4268.846191,4286.282227,4335.000000,4399.487305,4295.897461,4275.000000,4477.692383,4512.307617,4344.487305,4413.077148,1564.000000,1.000000,22.000000,,,,0.000000,2.000000,2.000000,0.000000,4.000000,2.000000,2.000000,0.000000,0.000000,4.000000,4.000000,4.000000,4.000000,4.000000,4.000000,0.000000,,,,,,,,,,,,,,,,,,,,,,,,,,,,
1732157953.684001,1732157953.685669,120.000000,0.000000,4285.000000,4270.512695,4316.410156,4292.948730,4280.512695,4283.974121,4335.128418,4400.769043,4295.641113,4277.051270,4475.897461,4505.512695,4341.794922,4410.128418,1705.000000,1.000000,22.000000,,,,0.000000,2.000000,2.000000,0.000000,4.000000,2.000000,2.000000,0.000000,0.000000,4.000000,4.000000,4.000000,4.000000,4.000000,4.000000,0.000000,,,,,,,,,,,,,,,,,30.000000,0.000000,0.492423,0.454895,-0.567932,0.477539,0.990355,-0.086436,-0.069344,-36.428799,45.007942,31.326378
1732157953.691809,1732157953.693477,121.000000,0.000000,4285.512695,4265.641113,4317.820313,4292.820313,4276.153809,4285.897461,4334.743652,4400.641113,4301.282227,4283.846191,4475.641113,4501.153809,4340.769043,4404.230957,1609.000000,1.000000,22.000000,,,,0.000000,2.000000,2.000000,0.000000,4.000000,2.000000,2.000000,0.000000,0.000000,4.000000,4.000000,4.000000,4.000000,4.000000,4.000000,0.000000,,,,,,,,,,,,,,,,,,,,,,,,,,,,
1732157953.699618,1732157953.701086,122.000000,0.000000,4285.256348,4269.871582,4318.205078,4292.948730,4287.820313,4289.358887,4334.743652,4398.461426,4295.256348,4278.461426,4474.230957,4503.205078,4341.666504,4400.256348,1546.000000,1.000000,22.000000,,,,0.000000,2.000000,2.000000,0.000000,4.000000,2.000000,2.000000,0.000000,0.000000,4.000000,4.000000,4.000000,4.000000,4.000000,4.000000,0.000000,,,,,,,,,,,,,,,,,,,,,,,,,,,,
1732157953.707426,1732157953.708894,123.000000,0.000000,4281.410156,4268.846191,4316.025879,4290.000000,4298.333496,4283.461426,4335.769043,4397.692383,4292.307617,4275.769043,4472.436035,4500.128418,4341.410156,4398.077148,1564.000000,1.000000,22.000000,,,,0.000000,2.000000,2.000000,0.000000,4.000000,2.000000,2.000000,0.000000,0.000000,4.000000,4.000000,4.000000,4.000000,4.000000,4.000000,0.000000,,,,,,,,,,,,,,,,,,,,,,,,,,,,
1732157953.715234,1732157953.716602,124.000000,0.000000,4280.512695,4264.743652,4314.743652,4293.589844,4271.538574,4281.538574,4336.025879,4399.615234,4297.820313,4281.538574,4471.922852,4496.794922,4337.948730,4395.384766,1705.000000,1.000000,22.000000,,,,0.000000,2.000000,2.000000,0.000000,4.000000,2.000000,2.000000,0.000000,0.000000,4.000000,4.000000,4.000000,4.000000,4.000000,4.000000,0.000000,,,,,,,,,,,,,,,,,31.000000,0.000000,0.492318,0.454956,-0.567871,0.477661,0.976193,-0.102063,-0.058113,-36.325661,44.826431,31.247700
1732157953.723042,1732157953.724411,125.000000,0.000000,4281.794922,4269.487305,4315.769043,4297.692383,4258.717773,4288.846191,4335.128418,4400.000000,4295.641113,4280.384766,4470.641113,4499.230957,4333.461426,4394.871582,1609.000000,1.000000,22.000000,,,,0.000000,2.000000,2.000000,0.000000,4.000000,2.000000,2.000000,0.000000,0.000000,4.000000,4.000000,4.000000,4.000000,4.000000,4.000000,0.000000,,,,,,,,,,,,,,,,,,,,,,,,,,,,
1732157953.730851,1732157953.732019,126.000000,0.000000,4281.794922,4271.794922,4314.743652,4294.871582,4273.589844,4287.820313,4335.000000,4399.102539,4295.384766,4276.666504,4471.410156,4502.436035,4333.205078,4398.974121,1546.000000,1.000000,22.000000,,,,0.000000,2.000000,2.000000,0.000000,4.000000,2.000000,2.000000,0.000000,0.000000,4.000000,4.000000,4.000000,4.000000,4.000000,4.000000,0.000000,,,,,,,,,,,,,,,,,,,,,,,,,,,,
1732157953.738659,1732157953.739827,127.000000,0.000000,4281.282227,4265.512695,4312.179688,4292.307617,4278.077148,4282.179688,4336.025879,4400.769043,4300.641113,4280.256348,4475.128418,4505.256348,4338.974121,4402.179688,22.000000,1.000000,22.000000,,,,0.000000,2.000000,2.000000,0.000000,4.000000,2.000000,2.000000,0.000000,0.000000,4.000000,4.000000,4.000000,4.000000,4.000000,4.000000,0.000000,,,,,,,,,,,,,,,,,,,,,,,,,,,,
1732157953.746467,1732157953.747536,0.000000,0.000000,4278.077148,4262.948730,4314.871582,4290.897461,4288.333496,4282.307617,4336.282227,4400.897461,4292.692383,4278.461426,4474.358887,4506.153809,4341.153809,4403.333496,0.000000,1.000000,22.000000,,,,0.000000,2.000000,2.000000,0.000000,4.000000,2.000000,2.000000,0.000000,0.000000,4.000000,4.000000,4.000000,4.000000,4.000000,4.000000,0.000000,,,,,,,,,,,,,,,,,0.000000,0.000000,0.492569,0.454712,-0.568054,0.477417,0.977170,-0.102552,-0.057624,-36.567120,44.646076,31.508970
1732157953.754275,1732157953.755344,1.000000,0.000000,4280.512695,4266.410156,4318.846191,4292.051270,4290.641113,4285.897461,4335.641113,4398.846191,4285.641113,4274.358887,4473.205078,4507.307617,4339.358887,4409.230957,1604.000000,1.000000,22.000000,,,,0.000000,2.000000,2.000000,0.000000,4.000000,2.000000,2.000000,0.000000,0.000000,4.000000,4.000000,4.000000,4.000000,4.000000,4.000000,0.000000,,,,,,,,,,,,,,,,,,,,,,,,,,,,
1732157953.762084,1732157953.763352,2.000000,0.000000,4290.769043,4269.743652,4316.538574,4297.692383,4266.410156,4294.615234,4334.871582,4398.589844,4295.128418,4280.512695,4476.922852,4508.589844,4340.769043,4414.487305,1366.000000,1.000000,22.000000,,,,0.000000,2.000000,2.000000,0.000000,4.000000,2.000000,2.000000,0.000000,0.000000,4.000000,4.000000,4.000000,4.000000,4.000000,4.000000,0.000000,,,,,,,,,,,,,,,,,,,,,,,,,,,,
1732157953.769892,1732157953.771160,3.000000,0.000000,4294.487305,4267.436035,4315.769043,4297.692383,4270.512695,4294.871582,4334.487305,4399.487305,4298.461426,4282.563965,4477.051270,4510.384766,4341.410156,4414.102539,1429.000000,1.000000,22.000000,,,,0.000000,2.000000,2.000000,0.000000,4.000000,2.000000,2.000000,0.000000,0.000000,4.000000,4.000000,4.000000,4.000000,4.000000,4.000000,0.000000,,,,,,,,,,,,,,,,,,,,,,,,,,,,
1732157953.777700,1732157953.779068,4.000000,0.000000,4290.897461,4264.615234,4316.666504,4293.333496,4290.769043,4286.025879,4335.256348,4400.128418,4292.563965,4278.077148,4474.871582,4508.589844,4339.230957,4412.436035,1427.000000,1.000000,22.000000,,,,0.000000,2.000000,2.000000,0.000000,4.000000,2.000000,2.000000,0.000000,0.000000,4.000000,4.000000,4.000000,4.000000,4.000000,4.000000,0.000000,,,,,,,,,,,,,,,,,1.000000,0.000000,0.492423,0.454895,-0.567932,0.477539,0.978147,-0.095715,-0.062508,-36.707699,44.566658,31.603931
1732157953.785508,1732157953.786876,5.000000,0.000000,4286.922852,4264.358887,4316.025879,4294.358887,4272.307617,4285.641113,4336.025879,4401.153809,4294.487305,4276.922852,4476.410156,4506.538574,4336.410156,4411.025879,1207.000000,1.000000,22.000000,,,,0.000000,2.000000,2.000000,0.000000,4.000000,2.000000,2.000000,0.000000,0.000000,4.000000,4.000000,4.000000,4.000000,4.000000,4.000000,0.000000,,,,,,,,,,,,,,,,,,,,,,,,,,,,
1732157953.793317,1732157953.794485,6.000000,0.000000,4287.948730,4264.230957,4315.641113,4297.436035,4260.128418,4286.538574,4335.641113,4399.743652,4295.128418,4269.615234,4475.512695,4505.769043,4334.487305,4411.922852,0.000000,1.000000,22.000000,,,,0.000000,2.000000,2.000000,0.000000,4.000000,2.000000,2.000000,0.000000,0.000000,4.000000,4.000000,4.000000,4.000000,4.000000,4.000000,0.000000,,,,,,,,,,,,,,,,,,,,,,,,,,,,
1732157953.801125,1732157953.802293,7.000000,0.000000,4292.692383,4266.025879,4317.563965,4297.436035,4279.358887,4281.410156,4335.000000,4397.948730,4291.282227,4263.205078,4471.794922,4504.230957,4334.358887,4411.666504,0.000000,1.000000,22.000000,,,,0.000000,2.000000,2.000000,0.000000,4.000000,2.000000,2.000000,0.000000,0.000000,4.000000,4.000000,4.000000,4.000000,4.000000,4.000000,0.000000,,,,,,,,,,,,,,,,,,,,,,,,,,,,
1732157953.808933,1732157953.810001,8.000000,0.000000,4291.153809,4265.128418,4317.179688,4296.025879,4282.692383,4280.128418,4334.358887,4399.102539,4294.230957,4269.487305,4472.692383,4504.358887,4337.948730,4406.666504,1524.000000,1.000000,22.000000,,,,0.000000,2.000000,2.000000,0.000000,4.000000,2.000000,2.000000,0.000000,0.000000,4.000000,4.000000,4.000000,4.000000,4.000000,4.000000,0.000000,,,,,,,,,,,,,,,,,2.000000,0.000000,0.492569,0.454712,-0.568054,0.477417,0.978147,-0.095715,-0.062508,-36.684902,44.643990,31.660852
1732157953.816741,1732157953.817809,9.000000,0.000000,4286.025879,4261.794922,4315.897461,4293.333496,4278.589844,4280.897461,4335.256348,4400.000000,4294.230957,4273.717773,4474.871582,4504.102539,4338.205078,4404.358887,1688.000000,1.000000,22.000000,,,,0.000000,2.000000,2.000000,0.000000,4.000000,2.000000,2.000000,0.000000,0.000000,4.000000,4.000000,4.000000,4.000000,4.000000,4.000000,0.000000,,,,,,,,,,,,,,,,,,,,,,,,,,,,
1732157953.824550,1732157953.825817,10.000000,0.000000,4290.769043,4267.051270,4317.051270,4293.846191,4281.025879,4282.948730,4336.538574,4399.358887,4290.512695,4275.512695,4475.384766,4506.410156,4338.589844,4410.384766,1546.000000,1.000000,22.000000,,,,0.000000,2.000000,2.000000,0.000000,4.000000,2.000000,2.000000,0.000000,0.000000,4.000000,4.000000,4.000000,4.000000,4.000000,4.000000,0.000000,,,,,,,,,,,,,,,,,,,,,,,,,,,,
1732157953.832358,1732157953.833626,11.000000,0.000000,4298.333496,4273.461426,4316.922852,4297.563965,4279.358887,4286.410156,4335.256348,4399.743652,4292.692383,4275.897461,4476.794922,4509.487305,4340.256348,4416.025879,1564.000000,1.000000,22.000000,,,,0.000000,2.000000,2.000000,0.000000,4.000000,2.000000,2.000000,0.000000,0.000000,4.000000,4.000000,4.000000,4.000000,4.000000,4.000000,0.000000,,,,,,,,,,,,,,,,,,,,,,,,,,,,
1732157953.840166,1732157953.841534,12.000000,0.000000,4295.000000,4269.230957,4315.256348,4295.256348,4292.307617,4282.692383,4333.077148,4401.153809,4296.666504,4268.846191,4475.641113,4508.461426,4336.153809,4413.333496,1705.000000,1.000000,22.000000,,,,0.000000,2.000000,2.000000,0.000000,4.000000,2.000000,2.000000,0.000000,0.000000,4.000000,4.000000,4.000000,4.000000,4.000000,4.000000,0.000000,,,,,,,,,,,,,,,,,3.000000,0.000000,0.492395,0.454773,-0.568054,0.477539,0.991820,-0.100598,-0.053229,-36.556438,44.526634,31.566956
1732157953.847974,1732157953.849342,13.000000,0.000000,4292.563965,4267.692383,4314.743652,4293.205078,4297.948730,4282.563965,4334.743652,4399.615234,4293.974121,4268.717773,4475.256348,4508.077148,4335.897461,4411.666504,1604.000000,1.000000,22.000000,,,,0.000000,2.000000,2.000000,0.000000,4.000000,2.000000,2.000000,0.000000,0.000000,4.000000,4.000000,4.000000,4.000000,4.000000,4.000000,0.000000,,,,,,,,,,,,,,,,,,,,,,,,,,,,
1732157953.855783,1732157953.857350,14.000000,0.000000,4295.000000,4277.692383,4316.153809,4296.794922,4274.102539,4294.487305,4336.794922,4397.820313,4288.205078,4276.794922,4477.436035,4509.487305,4340.769043,4410.769043,1546.000000,1.000000,22.000000,,,,0.000000,2.000000,2.000000,0.000000,4.000000,2.000000,2.000000,0.000000,0.000000,4.000000,4.000000,4.000000,4.000000,4.000000,4.000000,0.000000,1.000000,0.000000,2.000000,2.000000,0.000000,1.000000,2.000000,0.000000,0.000000,0.000000,4.000000,4.000000,1.000000,4.000000,4.000000,4.000000,,,,,,,,,,,,
1732157953.863591,1732157953.865158,15.000000,0.000000,4294.743652,4277.436035,4315.897461,4298.205078,4265.000000,4295.512695,4335.769043,4398.846191,4289.743652,4272.948730,4476.153809,4507.179688,4339.358887,4407.051270,1564.000000,1.000000,22.000000,,,,0.000000,2.000000,2.000000,0.000000,4.000000,2.000000,2.000000,0.000000,0.000000,4.000000,4.000000,4.000000,4.000000,4.000000,4.000000,0.000000,,,,,,,,,,,,,,,,,,,,,,,,,,,,
1732157953.871399,1732157953.873066,16.000000,0.000000,4294.615234,4268.333496,4314.615234,4295.256348,4280.512695,4283.846191,4334.358887,4398.205078,4295.128418,4266.538574,4473.589844,4502.948730,4337.948730,4408.333496,0.000000,1.000000,22.000000,,,,0.000000,2.000000,2.000000,0.000000,4.000000,2.000000,2.000000,0.000000,0.000000,4.000000,4.000000,4.000000,4.000000,4.000000,4.000000,0.000000,,,,,,,,,,,,,,,,,4.000000,0.000000,0.492440,0.454712,-0.568115,0.477478,0.961543,-0.101575,-0.047369,-36.585716,44.381573,31.574234
1732157953.879207,1732157953.880874,17.000000,0.000000,4296.666504,4268.205078,4314.871582,4294.230957,4277.820313,4278.846191,4334.615234,4398.077148,4295.897461,4274.871582,4475.769043,4503.846191,4341.410156,4413.205078,0.000000,1.000000,22.000000,,,,0.000000,2.000000,2.000000,0.000000,4.000000,2.000000,2.000000,0.000000,0.000000,4.000000,4.000000,4.000000,4.000000,4.000000,4.000000,0.000000,,,,,,,,,,,,,,,,,,,,,,,,,,,,
1732157953.887016,1732157953.888882,18.000000,0.000000,4295.256348,4272.051270,4314.358887,4294.358887,4275.641113,4281.794922,4335.512695,4400.128418,4293.974121,4280.384766,4477.436035,4506.794922,4337.692383,4413.717773,0.000000,1.000000,22.000000,,,,0.000000,2.000000,2.000000,0.000000,4.000000,2.000000,2.000000,0.000000,0.000000,4.000000,4.000000,4.000000,4.000000,4.000000,4.000000,0.000000,,,,,,,,,,,,,,,,,,,,,,,,,,,,
1732157953.894824,1732157953.896691,19.000000,0.000000,4291.666504,4267.692383,4313.717773,4292.820313,4296.025879,4281.153809,4336.025879,4400.384766,4295.641113,4274.615234,4474.743652,4506.025879,4332.820313,4411.794922,0.000000,1.000000,22.000000,,,,0.000000,2.000000,2.000000,0.000000,4.000000,2.000000,2.000000,0.000000,0.000000,4.000000,4.000000,4.000000,4.000000,4.000000,4.000000,0.000000,,,,,,,,,,,,,,,,,,,,,,,,,,,,
1732157953.902632,1732157953.904599,20.000000,0.000000,4292.820313,4265.769043,4315.769043,4293.974121,4289.487305,4279.102539,4335.512695,4400.256348,4298.717773,4273.589844,4474.102539,4506.282227,4335.128418,4414.230957,0.000000,1.000000,22.000000,,,,0.000000,2.000000,2.000000,0.000000,4.000000,2.000000,2.000000,0.000000,0.000000,4.000000,4.000000,4.000000,4.000000,4.000000,4.000000,0.000000,,,,,,,,,,,,,,,,,5.000000,0.000000,0.492544,0.454651,-0.568176,0.477356,0.981565,-0.088878,-0.063973,-36.759430,44.467407,31.876797
1732157953.910440,1732157953.912407,21.000000,0.000000,4295.897461,4275.256348,4315.769043,4295.512695,4260.897461,4282.948730,4335.128418,4403.461426,4298.205078,4278.846191,4477.436035,4507.307617,4336.410156,4415.256348,0.000000,1.000000,22.000000,,,,0.000000,2.000000,2.000000,0.000000,4.000000,2.000000,2.000000,0.000000,0.000000,4.000000,4.000000,4.000000,4.000000,4.000000,4.000000,0.000000,,,,,,,,,,,,,,,,,,,,,,,,,,,,
1732157953.918249,1732157953.920415,22.000000,0.000000,4295.769043,4276.794922,4311.282227,4294.871582,4261.025879,4284.487305,4335.000000,4402.436035,4297.692383,4279.743652,4478.974121,4505.641113,4336.794922,4413.717773,0.000000,1.000000,22.000000,,,,0.000000,2.000000,2.000000,0.000000,4.000000,2.000000,2.000000,0.000000,0.000000,4.000000,4.000000,4.000000,4.000000,4.000000,4.000000,0.000000,,,,,,,,,,,,,,,,,,,,,,,,,,,,
1732157953.926057,1732157953.928223,23.000000,0.000000,4294.871582,4266.153809,4310.897461,4293.717773,4278.333496,4283.333496,4334.487305,4398.077148,4301.025879,4277.436035,4478.333496,4505.769043,4341.025879,4414.358887,0.000000,1.000000,22.000000,,,,0.000000,2.000000,2.000000,0.000000,4.000000,2.000000,2.000000,0.000000,0.000000,4.000000,4.000000,4.000000,4.000000,4.000000,4.000000,0.000000,,,,,,,,,,,,,,,,,,,,,,,,,,,,
1732157953.933865,1732157953.936131,24.000000,0.000000,4294.230957,4264.230957,4315.641113,4292.563965,4279.230957,4284.871582,4334.871582,4400.384766,4302.820313,4277.692383,4477.436035,4506.282227,4341.794922,4414.358887,0.000000,1.000000,22.000000,,,,0.000000,2.000000,2.000000,0.000000,4.000000,2.000000,2.000000,0.000000,0.000000,4.000000,4.000000,4.000000,4.000000,4.000000,4.000000,0.000000,,,,,,,,,,,,,,,,,6.000000,0.000000,0.492425,0.454956,-0.567932,0.477478,0.970333,-0.095715,-0.057624,-36.456802,44.726933,31.551872
1732157953.941673,1732157953.943939,25.000000,0.000000,4294.871582,4271.538574,4316.538574,4291.922852,4278.846191,4284.102539,4335.897461,4403.589844,4298.846191,4270.897461,4474.743652,4502.948730,4335.128418,4414.487305,0.000000,1.000000,22.000000,,,,0.000000,2.000000,2.000000,0.000000,4.000000,2.000000,2.000000,0.000000,0.000000,4.000000,4.000000,4.000000,4.000000,4.000000,4.000000,0.000000,,,,,,,,,,,,,,,,,,,,,,,,,,,,
1732157953.949482,1732157953.951947,26.000000,0.000000,4297.179688,4272.948730,4315.769043,4296.025879,4281.666504,4281.794922,4335.897461,4401.153809,4297.692383,4264.358887,4474.615234,4503.205078,4332.051270,4414.102539,0.000000,1.000000,22.000000,,,,0.000000,2.000000,2.000000,0.000000,4.000000,2.000000,2.000000,0.000000,0.000000,4.000000,4.000000,4.000000,4.000000,4.000000,4.000000,0.000000,,,,,,,,,,,,,,,,,,,,,,,,,,,,
1732157953.957290,1732157953.959756,27.000000,0.000000,4297.051270,4268.717773,4315.512695,4298.461426,4276.410156,4282.948730,4335.256348,4398.461426,4298.205078,4269.487305,4477.820313,4507.692383,4335.641113,4413.974121,0.000000,1.000000,22.000000,,,,0.000000,2.000000,2.000000,0.000000,4.000000,2.000000,2.000000,0.000000,0.000000,4.000000,4.000000,4.000000,4.000000,4.000000,4.000000,0.000000,,,,,,,,,,,,,,,,,,,,,,,,,,,,
1732157953.965098,1732157953.967464,28.000000,0.000000,4294.615234,4268.205078,4314.358887,4289.230957,4287.436035,4282.948730,4335.000000,4400.384766,4295.128418,4271.282227,4477.563965,4507.436035,4339.358887,4415.000000,0.000000,1.000000,22.000000,,,,0.000000,2.000000,2.000000,0.000000,4.000000,2.000000,2.000000,0.000000,0.000000,4.000000,4.000000,4.000000,4.000000,4.000000,4.000000,0.000000,,,,,,,,,,,,,,,,,7.000000,0.000000,0.492369,0.455017,-0.567932,0.477478,0.966915,-0.088390,-0.052741,-36.293346,44.550484,31.423683
1732157953.972906,1732157953.975272,29.000000,0.000000,4293.333496,4267.692383,4316.153809,4284.358887,4296.538574,4280.641113,4334.743652,4401.410156,4300.256348,4270.512695,4476.922852,4500.641113,4339.102539,4413.077148,0.000000,1.000000,22.000000,,,,0.000000,2.000000,2.000000,0.000000,4.000000,2.000000,2.000000,0.000000,0.000000,4.000000,4.000000,4.000000,4.000000,4.000000,4.000000,0.000000,,,,,,,,,,,,,,,,,,,,,,,,,,,,
1732157953.980715,1732157953.982881,30.000000,0.000000,4293.589844,4265.769043,4318.461426,4292.692383,4274.102539,4280.897461,4334.743652,4398.974121,4304.743652,4276.410156,4477.820313,4497.563965,4336.922852,4409.358887,0.000000,1.000000,22.000000,,,,0.000000,2.000000,2.000000,0.000000,4.000000,2.000000,2.000000,0.000000,0.000000,4.000000,4.000000,4.000000,4.000000,4.000000,4.000000,0.000000,,,,,,,,,,,,,,,,,,,,,,,,,,,,
1732157953.988523,1732157953.990689,31.000000,0.000000,4294.743652,4271.538574,4316.794922,4298.974121,4259.615234,4282.563965,4334.743652,4399.230957,4300.384766,4279.615234,4478.974121,4502.820313,4337.307617,4408.461426,0.000000,1.000000,22.000000,,,,0.000000,2.000000,2.000000,0.000000,4.000000,2.000000,2.000000,0.000000,0.000000,4.000000,4.000000,4.000000,4.000000,4.000000,4.000000,0.000000,,,,,,,,,,,,,,,,,,,,,,,,,,,,
1732157953.996331,1732157953.998397,32.000000,0.000000,4295.384766,4278.205078,4315.512695,4295.769043,4275.769043,4284.358887,4334.487305,4402.820313,4305.000000,4278.589844,4484.102539,4507.948730,4340.769043,4412.436035,0.000000,1.000000,22.000000,,,,0.000000,2.000000,2.000000,0.000000,4.000000,2.000000,2.000000,0.000000,0.000000,4.000000,4.000000,4.000000,4.000000,4.000000,4.000000,0.000000,,,,,,,,,,,,,,,,,8.000000,0.000000,0.492414,0.454956,-0.567993,0.477417,0.972287,-0.082530,-0.062996,-36.289276,44.370892,31.469851
1732157954.004139,1732157954.006205,33.000000,0.000000,4293.077148,4273.974121,4316.410156,4294.358887,4283.333496,4283.846191,4335.641113,4402.820313,4313.205078,4281.794922,4489.102539,4506.538574,4344.358887,4413.589844,0.000000,1.000000,22.000000,,,,0.000000,2.000000,2.000000,0.000000,4.000000,2.000000,2.000000,0.000000,0.000000,4.000000,4.000000,4.000000,4.000000,4.000000,4.000000,0.000000,,,,,,,,,,,,,,,,,,,,,,,,,,,,
1732157954.011948,1732157954.014213,34.000000,0.000000,4292.051270,4272.948730,4315.769043,4296.282227,4275.769043,4283.717773,4336.666504,4398.461426,4310.256348,4282.692383,4487.820313,4503.974121,4341.794922,4405.897461,0.000000,1.000000,22.000000,,,,0.000000,2.000000,2.000000,0.000000,4.000000,2.000000,2.000000,0.000000,0.000000,4.000000,4.000000,4.000000,4.000000,4.000000,4.000000,0.000000,,,,,,,,,,,,,,,,,,,,,,,,,,,,
1732157954.019756,1732157954.022022,35.000000,0.000000,4294.102539,4276.922852,4315.000000,4296.794922,4279.487305,4289.615234,4335.641113,4398.846191,4309.230957,4279.358887,4487.436035,4507.436035,4339.358887,4402.692383,0.000000,1.000000,22.000000,,,,0.000000,2.000000,2.000000,0.000000,4.000000,2.000000,2.000000,0.000000,0.000000,4.000000,4.000000,4.000000,4.000000,4.000000,4.000000,0.000000,,,,,,,,,,,,,,,,,,,,,,,,,,,,
1732157954.027564,1732157954.029730,36.000000,0.000000,4295.000000,4277.179688,4315.769043,4299.102539,4284.487305,4297.820313,4334.871582,4401.666504,4314.487305,4282.051270,4490.000000,4509.615234,4342.820313,4408.717773,0.000000,1.000000,22.000000,,,,0.000000,2.000000,2.000000,0.000000,4.000000,2.000000,2.000000,0.000000,0.000000,4.000000,4.000000,4.000000,4.000000,4.000000,4.000000,0.000000,,,,,,,,,,,,,,,,,9.000000,0.000000,0.492519,0.454895,-0.568054,0.477295,0.969357,-0.091320,-0.051276,-36.237648,44.340420,31.485579
1732157954.035372,1732157954.037538,37.000000,0.000000,4293.205078,4275.641113,4317.179688,4298.461426,4295.256348,4292.948730,4335.000000,4400.641113,4308.974121,4282.179688,4483.717773,4507.692383,4342.436035,4407.692383,0.000000,1.000000,22.000000,,,,0.000000,2.000000,2.000000,0.000000,4.000000,2.000000,2.000000,0.000000,0.000000,4.000000,4.000000,4.000000,4.000000,4.000000,4.000000,0.000000,,,,,,,,,,,,,,,,,,,,,,,,,,,,
1732157954.043181,1732157954.045147,38.000000,0.000000,4293.461426,4278.589844,4317.179688,4296.153809,4302.307617,4282.307617,4335.128418,4399.102539,4303.333496,4277.307617,4475.512695,4504.871582,4338.461426,4400.897461,0.000000,1.000000,22.000000,,,,0.000000,2.000000,2.000000,0.000000,4.000000,2.000000,2.000000,0.000000,0.000000,4.000000,4.000000,4.000000,4.000000,4.000000,4.000000,0.000000,,,,,,,,,,,,,,,,,,,,,,,,,,,,
1732157954.050989,1732157954.052955,39.000000,0.000000,4295.897461,4276.922852,4315.769043,4296.538574,4279.615234,4286.666504,4335.512695,4398.846191,4307.307617,4276.794922,4475.512695,4505.000000,4338.077148,4405.384766,0.000000,1.000000,22.000000,,,,0.000000,2.000000,2.000000,0.000000,4.000000,2.000000,2.000000,0.000000,0.000000,4.000000,4.000000,4.000000,4.000000,4.000000,4.000000,0.000000,,,,,,,,,,,,,,,,,,,,,,,,,,,,
1732157954.058797,1732157954.060663,40.000000,0.000000,4296.538574,4273.077148,4314.102539,4295.384766,4261.538574,4294.358887,4336.025879,4399.102539,4303.974121,4280.000000,4477.948730,4506.794922,4340.256348,4413.589844,0.000000,1.000000,22.000000,,,,0.000000,2.000000,2.000000,0.000000,4.000000,2.000000,2.000000,0.000000,0.000000,4.000000,4.000000,4.000000,4.000000,4.000000,4.000000,0.000000,,,,,,,,,,,,,,,,,10.000000,0.000000,0.492471,0.454895,-0.567993,0.477417,0.977170,-0.099133,-0.050787,-36.254162,44.440742,31.598318
1732157954.066605,1732157954.068471,41.000000,0.000000,4299.102539,4277.179688,4315.512695,4296.153809,4273.077148,4288.205078,4335.512695,4400.000000,4296.538574,4277.307617,4477.563965,4505.769043,4336.922852,4414.102539,0.000000,1.000000,22.000000,,,,0.000000,2.000000,2.000000,0.000000,4.000000,2.000000,2.000000,0.000000,0.000000,4.000000,4.000000,4.000000,4.000000,4.000000,4.000000,0.000000,,,,,,,,,,,,,,,,,,,,,,,,,,,,
1732157954.074414,1732157954.076080,42.000000,0.000000,4303.333496,4280.641113,4317.051270,4301.153809,4281.410156,4279.871582,4334.487305,4400.256348,4297.307617,4272.820313,4477.563965,4505.128418,4333.717773,4414.102539,0.000000,1.000000,22.000000,,,,0.000000,2.000000,2.000000,0.000000,4.000000,2.000000,2.000000,0.000000,0.000000,4.000000,4.000000,4.000000,4.000000,4.000000,4.000000,0.000000,,,,,,,,,,,,,,,,,,,,,,,,,,,,
1732157954.082222,1732157954.083888,43.000000,0.000000,4304.487305,4276.538574,4317.563965,4300.384766,4278.461426,4280.769043,4334.487305,4399.102539,4302.051270,4276.282227,4478.846191,4507.563965,4335.512695,4416.153809,0.000000,1.000000,22.000000,,,,0.000000,2.000000,2.000000,0.000000,4.000000,2.000000,2.000000,0.000000,0.000000,4.000000,4.000000,4.000000,4.000000,4.000000,4.000000,0.000000,,,,,,,,,,,,,,,,,,,,,,,,,,,,
1732157954.090030,1732157954.091596,44.000000,0.000000,4304.230957,4271.922852,4318.333496,4294.615234,4276.282227,4284.230957,4335.000000,4400.128418,4307.692383,4280.769043,4478.205078,4510.384766,4335.897461,4416.538574,0.000000,1.000000,22.000000,,,,0.000000,2.000000,2.000000,0.000000,4.000000,2.000000,2.000000,0.000000,0.000000,4.000000,4.000000,4.000000,4.000000,4.000000,4.000000,0.000000,,,,,,,,,,,,,,,,,11.000000,0.000000,0.492617,0.454712,-0.568115,0.477295,0.984007,-0.093273,-0.046881,-36.374203,44.462002,31.541306
1732157954.097838,1732157954.099404,45.000000,0.000000,4302.051270,4268.717773,4317.692383,4293.461426,4277.820313,4285.769043,4335.641113,4400.256348,4308.717773,4278.974121,4475.769043,4508.589844,4332.307617,4413.717773,0.000000,1.000000,22.000000,,,,0.000000,2.000000,2.000000,0.000000,4.000000,2.000000,2.000000,0.000000,0.000000,4.000000,4.000000,4.000000,4.000000,4.000000,4.000000,0.000000,,,,,,,,,,,,,,,,,,,,,,,,,,,,
1732157954.105646,1732157954.107412,46.000000,0.000000,4297.436035,4266.538574,4316.153809,4293.846191,4290.897461,4282.563965,4336.153809,4397.692383,4305.128418,4276.666504,4474.358887,4505.512695,4331.922852,4411.025879,0.000000,1.000000,22.000000,,,,0.000000,2.000000,2.000000,0.000000,4.000000,2.000000,2.000000,0.000000,0.000000,4.000000,4.000000,4.000000,4.000000,4.000000,4.000000,0.000000,,,,,,,,,,,,,,,,,,,,,,,,,,,,
1732157954.113455,1732157954.115221,47.000000,0.000000,4294.743652,4269.743652,4316.538574,4293.717773,4291.025879,4280.256348,4336.153809,4397.307617,4305.384766,4278.589844,4474.102539,4507.051270,4334.487305,4411.794922,0.000000,1.000000,22.000000,,,,0.000000,2.000000,2.000000,0.000000,4.000000,2.000000,2.000000,0.000000,0.000000,4.000000,4.000000,4.000000,4.000000,4.000000,4.000000,0.000000,,,,,,,,,,,,,,,,,,,,,,,,,,,,
1732157954.121263,1732157954.123129,48.000000,0.000000,4294.102539,4271.538574,4317.307617,4295.128418,4265.769043,4291.538574,4335.384766,4398.846191,4306.025879,4279.102539,4475.000000,4508.205078,4333.974121,4412.436035,0.000000,1.000000,22.000000,,,,0.000000,2.000000,2.000000,0.000000,4.000000,2.000000,2.000000,0.000000,0.000000,4.000000,4.000000,4.000000,4.000000,4.000000,4.000000,0.000000,,,,,,,,,,,,,,,,,12.000000,0.000000,0.492617,0.454712,-0.568115,0.477295,0.976193,-0.087901,-0.055183,-36.501438,44.569221,31.645123
1732157954.129071,1732157954.130937,49.000000,0.000000,4291.922852,4263.974121,4314.871582,4295.512695,4261.922852,4294.871582,4334.743652,4400.256348,4304.358887,4277.563965,4476.666504,4506.538574,4337.563965,4410.769043,0.000000,1.000000,22.000000,,,,0.000000,2.000000,2.000000,0.000000,4.000000,2.000000,2.000000,0.000000,0.000000,4.000000,4.000000,4.000000,4.000000,4.000000,4.000000,0.000000,,,,,,,,,,,,,,,,,,,,,,,,,,,,
1732157954.136880,1732157954.138545,50.000000,0.000000,4292.307617,4265.641113,4313.974121,4294.487305,4278.717773,4283.205078,4335.128418,4400.384766,4310.769043,4284.871582,4479.230957,4504.743652,4345.256348,4411.538574,0.000000,1.000000,22.000000,,,,0.000000,2.000000,2.000000,0.000000,4.000000,2.000000,2.000000,0.000000,0.000000,4.000000,4.000000,4.000000,4.000000,4.000000,4.000000,0.000000,,,,,,,,,,,,,,,,,,,,,,,,,,,,
1732157954.144688,1732157954.146354,51.000000,0.000000,4295.384766,4273.846191,4313.717773,4295.641113,4281.666504,4282.179688,4335.000000,4400.128418,4313.205078,4288.589844,4483.205078,4506.794922,4344.230957,4413.974121,0.000000,1.000000,22.000000,,,,0.000000,2.000000,2.000000,0.000000,4.000000,2.000000,2.000000,0.000000,0.000000,4.000000,4.000000,4.000000,4.000000,4.000000,4.000000,0.000000,,,,,,,,,,,,,,,,,,,,,,,,,,,,
1732157954.152496,1732157954.154062,52.000000,0.000000,4296.025879,4272.948730,4312.692383,4296.153809,4278.717773,4288.205078,4334.743652,4400.897461,4302.820313,4285.000000,4487.051270,4514.743652,4337.436035,4414.743652,0.000000,1.000000,22.000000,,,,0.000000,2.000000,2.000000,0.000000,4.000000,2.000000,2.000000,0.000000,0.000000,4.000000,4.000000,4.000000,4.000000,4.000000,4.000000,0.000000,,,,,,,,,,,,,,,,,13.000000,0.000000,0.493059,0.454224,-0.568481,0.476868,0.961543,-0.090831,-0.059578,-36.451164,44.587734,31.902550
1732157954.160304,1732157954.161870,53.000000,0.000000,4296.922852,4271.666504,4312.948730,4296.538574,4277.051270,4282.820313,4335.128418,4400.000000,4304.230957,4287.948730,4488.846191,4520.512695,4338.717773,4416.410156,0.000000,1.000000,22.000000,,,,0.000000,2.000000,2.000000,0.000000,4.000000,2.000000,2.000000,0.000000,0.000000,4.000000,4.000000,4.000000,4.000000,4.000000,4.000000,0.000000,,,,,,,,,,,,,,,,,,,,,,,,,,,,
1732157954.168113,1732157954.169878,54.000000,0.000000,4295.897461,4272.051270,4315.641113,4297.436035,4285.384766,4279.230957,4334.871582,4399.230957,4311.538574,4289.102539,4487.820313,4513.333496,4334.871582,4416.666504,0.000000,1.000000,22.000000,,,,0.000000,2.000000,2.000000,0.000000,4.000000,2.000000,2.000000,0.000000,0.000000,4.000000,4.000000,4.000000,4.000000,4.000000,4.000000,0.000000,,,,,,,,,,,,,,,,,,,,,,,,,,,,
1732157954.175921,1732157954.177686,55.000000,0.000000,4296.025879,4273.461426,4317.820313,4298.333496,4299.615234,4284.230957,4334.615234,4399.615234,4310.000000,4287.436035,4487.948730,4504.743652,4317.051270,4414.102539,0.000000,1.000000,22.000000,,,,0.000000,2.000000,2.000000,0.000000,4.000000,2.000000,2.000000,0.000000,0.000000,4.000000,4.000000,4.000000,4.000000,4.000000,4.000000,0.000000,,,,,,,,,,,,,,,,,,,,,,,,,,,,
1732157954.183729,1732157954.185594,56.000000,0.000000,4301.282227,4280.769043,4318.589844,4302.948730,4285.512695,4286.282227,4335.384766,4399.743652,4308.461426,4290.000000,4490.384766,4510.641113,4306.538574,4414.743652,0.000000,1.000000,22.000000,,,,0.000000,2.000000,2.000000,0.000000,4.000000,2.000000,2.000000,0.000000,0.000000,4.000000,4.000000,4.000000,4.000000,4.000000,4.000000,0.000000,,,,,,,,,,,,,,,,,14.000000,0.000000,0.493115,0.454163,-0.568481,0.476868,0.968868,-0.088878,-0.056159,-36.365444,44.519398,31.944399
1732157954.191537,1732157954.193403,57.000000,0.000000,4304.230957,4283.205078,4318.333496,4308.205078,4265.897461,4291.794922,4336.666504,4398.461426,4304.358887,4288.205078,4486.410156,4515.641113,4305.512695,4415.128418,0.000000,1.000000,22.000000,,,,0.000000,2.000000,2.000000,0.000000,4.000000,2.000000,2.000000,0.000000,0.000000,4.000000,4.000000,4.000000,4.000000,4.000000,4.000000,0.000000,,,,,,,,,,,,,,,,,,,,,,,,,,,,
1732157954.199345,1732157954.201411,58.000000,0.000000,4304.102539,4279.230957,4317.051270,4308.461426,4276.282227,4294.871582,4336.666504,4397.948730,4294.743652,4278.461426,4477.436035,4512.051270,4299.743652,4412.563965,0.000000,1.000000,22.000000,,,,0.000000,2.000000,2.000000,0.000000,4.000000,2.000000,2.000000,0.000000,0.000000,4.000000,4.000000,4.000000,4.000000,4.000000,4.000000,0.000000,,,,,,,,,,,,,,,,,,,,,,,,,,,,
1732157954.207154,1732157954.209219,59.000000,0.000000,4304.102539,4281.025879,4315.384766,4307.692383,4288.974121,4284.615234,4336.282227,4397.820313,4292.563965,4276.666504,4474.358887,4510.384766,4293.846191,4412.307617,0.000000,1.000000,22.000000,,,,0.000000,2.000000,2.000000,0.000000,4.000000,2.000000,2.000000,0.000000,0.000000,4.000000,4.000000,4.000000,4.000000,4.000000,4.000000,0.000000,,,,,,,,,,,,,,,,,,,,,,,,,,,,
1732157954.214962,1732157954.217127,60.000000,0.000000,4300.641113,4283.205078,4315.897461,4305.512695,4278.846191,4282.692383,4336.794922,4396.282227,4300.512695,4281.538574,4476.666504,4510.384766,4296.282227,4414.743652,0.000000,1.000000,22.000000,,,,0.000000,2.000000,2.000000,0.000000,4.000000,2.000000,2.000000,0.000000,0.000000,4.000000,4.000000,4.000000,4.000000,4.000000,4.000000,0.000000,,,,,,,,,,,,,,,,,15.000000,0.000000,0.492896,0.454285,-0.568420,0.477051,0.976193,-0.089366,-0.064949,-36.246010,44.255714,31.794964
1732157954.222770,1732157954.224935,61.000000,0.000000,4294.102539,4277.179688,4317.307617,4297.948730,4281.410156,4289.743652,4336.282227,4397.179688,4301.282227,4281.153809,4475.512695,4508.077148,4296.666504,4410.512695,0.000000,1.000000,22.000000,,,,0.000000,2.000000,2.000000,0.000000,4.000000,2.000000,2.000000,0.000000,0.000000,4.000000,4.000000,4.000000,4.000000,4.000000,4.000000,0.000000,,,,,,,,,,,,,,,,,,,,,,,,,,,,
1732157954.230579,1732157954.232943,62.000000,0.000000,4292.820313,4276.794922,4315.128418,4290.641113,4300.769043,4288.461426,4335.000000,4400.128418,4294.743652,4278.333496,4473.461426,4507.051270,4295.641113,4405.128418,0.000000,1.000000,22.000000,,,,0.000000,2.000000,2.000000,0.000000,4.000000,2.000000,2.000000,0.000000,0.000000,4.000000,4.000000,4.000000,4.000000,4.000000,4.000000,0.000000,,,,,,,,,,,,,,,,,,,,,,,,,,,,
1732157954.238387,1732157954.240751,63.000000,0.000000,4295.000000,4279.743652,4313.846191,4294.871582,4295.256348,4289.102539,4334.615234,4401.410156,4296.410156,4280.384766,4475.512695,4508.846191,4297.563965,4408.461426,0.000000,1.000000,22.000000,,,,0.000000,2.000000,2.000000,0.000000,4.000000,2.000000,2.000000,0.000000,0.000000,4.000000,4.000000,4.000000,4.000000,4.000000,4.000000,0.000000,,,,,,,,,,,,,,,,,,,,,,,,,,,,
1732157954.246195,1732157954.248659,64.000000,0.000000,4293.205078,4279.487305,4316.794922,4300.769043,4274.743652,4296.153809,4334.871582,4400.384766,4309.230957,4288.077148,4475.769043,4507.436035,4295.897461,4412.563965,0.000000,1.000000,22.000000,,,,0.000000,2.000000,2.000000,0.000000,4.000000,2.000000,2.000000,0.000000,0.000000,4.000000,4.000000,4.000000,4.000000,4.000000,4.000000,0.000000,,,,,,,,,,,,,,,,,16.000000,0.000000,0.492896,0.454285,-0.568420,0.477051,0.976193,-0.089366,-0.064949,-36.167603,44.112129,31.675587
1732157954.254003,1732157954.256468,65.000000,0.000000,4293.205078,4280.000000,4317.307617,4300.256348,4272.948730,4296.153809,4334.487305,4401.282227,4309.615234,4287.948730,4475.512695,4507.307617,4296.410156,4411.794922,1604.000000,1.000000,22.000000,,,,0.000000,2.000000,2.000000,0.000000,4.000000,2.000000,2.000000,0.000000,0.000000,4.000000,4.000000,4.000000,4.000000,4.000000,4.000000,0.000000,,,,,,,,,,,,,,,,,,,,,,,,,,,,
1732157954.261812,1732157954.264476,66.000000,0.000000,4299.615234,4283.717773,4316.410156,4300.384766,4285.512695,4293.205078,4335.000000,4400.897461,4297.179688,4285.512695,4481.794922,4508.205078,4304.743652,4412.948730,1366.000000,1.000000,22.000000,,,,0.000000,2.000000,2.000000,0.000000,4.000000,2.000000,2.000000,0.000000,0.000000,4.000000,4.000000,4.000000,4.000000,4.000000,4.000000,0.000000,,,,,,,,,,,,,,,,,,,,,,,,,,,,
1732157954.269620,1732157954.272284,67.000000,0.000000,4305.000000,4285.000000,4317.179688,4302.179688,4282.692383,4288.846191,4334.871582,4396.922852,4303.717773,4294.102539,4488.461426,4506.410156,4310.897461,4416.153809,1427.000000,1.000000,22.000000,,,,0.000000,2.000000,2.000000,0.000000,4.000000,2.000000,2.000000,0.000000,0.000000,4.000000,4.000000,4.000000,4.000000,4.000000,4.000000,0.000000,,,,,,,,,,,,,,,,,,,,,,,,,,,,
1732157954.277428,1732157954.280192,68.000000,0.000000,4303.461426,4281.025879,4315.641113,4302.179688,4274.615234,4282.820313,4332.948730,4397.307617,4314.615234,4297.436035,4488.589844,4509.871582,4309.230957,4415.128418,1429.000000,1.000000,22.000000,,,,0.000000,2.000000,2.000000,0.000000,4.000000,2.000000,2.000000,0.000000,0.000000,4.000000,4.000000,4.000000,4.000000,4.000000,4.000000,0.000000,,,,,,,,,,,,,,,,,17.000000,0.000000,0.493157,0.454041,-0.568542,0.476868,0.986937,-0.083018,-0.061531,-36.090755,44.122490,31.572226
1732157954.285236,1732157954.288000,69.000000,0.000000,4302.436035,4279.487305,4316.282227,4299.615234,4291.153809,4282.051270,4332.692383,4401.538574,4300.769043,4284.487305,4486.025879,4514.358887,4309.230957,4413.205078,1207.000000,1.000000,22.000000,,,,0.000000,2.000000,2.000000,0.000000,4.000000,2.000000,2.000000,0.000000,0.000000,4.000000,4.000000,4.000000,4.000000,4.000000,4.000000,0.000000,,,,,,,,,,,,,,,,,,,,,,,,,,,,
1732157954.293044,1732157954.296008,70.000000,0.000000,4302.436035,4281.666504,4316.410156,4295.000000,4302.051270,4281.025879,4334.615234,4400.512695,4290.128418,4278.077148,4486.666504,4512.692383,4311.153809,4414.487305,0.000000,1.000000,22.000000,,,,0.000000,2.000000,2.000000,0.000000,4.000000,2.000000,2.000000,0.000000,0.000000,4.000000,4.000000,4.000000,4.000000,4.000000,4.000000,0.000000,,,,,,,,,,,,,,,,,,,,,,,,,,,,
1732157954.300853,1732157954.303816,71.000000,0.000000,4299.743652,4281.538574,4311.922852,4294.102539,4278.846191,4283.461426,4335.897461,4397.692383,4302.563965,4288.333496,4488.461426,4512.948730,4309.487305,4415.000000,0.000000,1.000000,22.000000,,,,0.000000,2.000000,2.000000,0.000000,4.000000,2.000000,2.000000,0.000000,0.000000,4.000000,4.000000,4.000000,4.000000,4.000000,4.000000,0.000000,,,,,,,,,,,,,,,,,,,,,,,,,,,,
1732157954.308661,1732157954.311724,72.000000,0.000000,4296.538574,4279.487305,4310.641113,4300.641113,4260.384766,4290.769043,4335.512695,4398.205078,4310.769043,4296.282227,4489.743652,4517.436035,4311.153809,4415.384766,1523.000000,1.000000,22.000000,,,,0.000000,2.000000,2.000000,0.000000,4.000000,2.000000,2.000000,0.000000,0.000000,4.000000,4.000000,4.000000,4.000000,4.000000,4.000000,0.000000,,,,,,,,,,,,,,,,,18.000000,0.000000,0.493202,0.453979,-0.568604,0.476807,0.970333,-0.090831,-0.057624,-36.123512,43.984219,31.601835
1732157954.316469,1732157954.319533,73.000000,0.000000,4296.666504,4280.000000,4315.000000,4302.179688,4276.282227,4288.717773,4334.358887,4400.641113,4309.743652,4295.512695,4489.487305,4518.717773,4312.692383,4413.333496,1685.000000,1.000000,22.000000,,,,0.000000,2.000000,2.000000,0.000000,4.000000,2.000000,2.000000,0.000000,0.000000,4.000000,4.000000,4.000000,4.000000,4.000000,4.000000,0.000000,,,,,,,,,,,,,,,,,,,,,,,,,,,,
1732157954.324278,1732157954.327141,74.000000,0.000000,4301.153809,4281.794922,4315.384766,4297.051270,4284.230957,4282.948730,4333.717773,4401.794922,4311.922852,4293.974121,4486.282227,4515.641113,4312.179688,4411.025879,1548.000000,1.000000,22.000000,,,,0.000000,2.000000,2.000000,0.000000,4.000000,2.000000,2.000000,0.000000,0.000000,4.000000,4.000000,4.000000,4.000000,4.000000,4.000000,0.000000,,,,,,,,,,,,,,,,,,,,,,,,,,,,
1732157954.332086,1732157954.334949,75.000000,0.000000,4301.794922,4281.025879,4314.743652,4297.692383,4276.922852,4285.641113,4334.487305,4401.666504,4307.948730,4295.256348,4487.692383,4511.538574,4315.769043,4413.717773,1564.000000,1.000000,22.000000,,,,0.000000,2.000000,2.000000,0.000000,4.000000,2.000000,2.000000,0.000000,0.000000,4.000000,4.000000,4.000000,4.000000,4.000000,4.000000,0.000000,,,,,,,,,,,,,,,,,,,,,,,,,,,,
1732157954.339894,1732157954.342658,76.000000,0.000000,4296.410156,4278.717773,4315.897461,4299.871582,4281.666504,4287.563965,4335.128418,4400.384766,4306.153809,4295.128418,4488.589844,4507.948730,4317.436035,4412.563965,1703.000000,1.000000,22.000000,,,,0.000000,2.000000,2.000000,0.000000,4.000000,2.000000,2.000000,0.000000,0.000000,4.000000,4.000000,4.000000,4.000000,4.000000,4.000000,0.000000,,,,,,,,,,,,,,,,,19.000000,0.000000,0.493188,0.453918,-0.568665,0.476807,0.970333,-0.096691,-0.062019,-36.255047,43.962215,31.685820
1732157954.347702,1732157954.350466,77.000000,0.000000,4292.948730,4275.512695,4315.641113,4295.000000,4280.384766,4286.410156,4334.615234,4399.487305,4311.666504,4295.256348,4481.538574,4509.102539,4312.948730,4406.794922,1608.000000,1.000000,22.000000,,,,0.000000,2.000000,2.000000,0.000000,4.000000,2.000000,2.000000,0.000000,0.000000,4.000000,4.000000,4.000000,4.000000,4.000000,4.000000,0.000000,,,,,,,,,,,,,,,,,,,,,,,,,,,,
1732157954.355511,1732157954.358474,78.000000,0.000000,4293.461426,4273.846191,4317.563965,4289.615234,4285.897461,4289.358887,4335.641113,4398.974121,4302.307617,4287.307617,4473.333496,4503.717773,4309.871582,4402.307617,1548.000000,1.000000,22.000000,,,,0.000000,2.000000,2.000000,0.000000,4.000000,2.000000,2.000000,0.000000,0.000000,4.000000,4.000000,4.000000,4.000000,4.000000,4.000000,0.000000,1.000000,0.000000,2.000000,1.000000,0.000000,1.000000,1.000000,1.000000,0.000000,0.000000,4.000000,4.000000,4.000000,4.000000,3.000000,3.000000,,,,,,,,,,,,
1732157954.363319,1732157954.366282,79.000000,0.000000,4293.717773,4274.102539,4316.538574,4292.692383,4302.307617,4292.563965,4336.410156,4398.717773,4289.871582,4276.025879,4472.692383,4494.102539,4310.384766,4398.717773,1564.000000,1.000000,22.000000,,,,0.000000,2.000000,2.000000,0.000000,4.000000,2.000000,2.000000,0.000000,0.000000,4.000000,4.000000,4.000000,4.000000,4.000000,4.000000,0.000000,,,,,,,,,,,,,,,,,,,,,,,,,,,,
1732157954.371127,1732157954.373990,80.000000,0.000000,4295.769043,4277.692383,4311.666504,4297.179688,4288.846191,4294.358887,4334.871582,4398.717773,4302.307617,4283.461426,4476.922852,4500.769043,4311.794922,4403.589844,1703.000000,1.000000,22.000000,,,,0.000000,2.000000,2.000000,0.000000,4.000000,2.000000,2.000000,0.000000,0.000000,4.000000,4.000000,4.000000,4.000000,4.000000,4.000000,0.000000,,,,,,,,,,,,,,,,,20.000000,0.000000,0.493331,0.453674,-0.568787,0.476746,0.963008,-0.108412,-0.054694,-36.238255,44.127728,31.682180
1732157954.378935,1732157954.381799,81.000000,0.000000,4297.307617,4277.948730,4310.769043,4295.897461,4267.948730,4294.230957,4333.461426,4398.717773,4311.666504,4294.487305,4478.974121,4510.769043,4315.641113,4414.358887,1608.000000,1.000000,22.000000,,,,0.000000,2.000000,2.000000,0.000000,4.000000,2.000000,2.000000,0.000000,0.000000,4.000000,4.000000,4.000000,4.000000,4.000000,4.000000,0.000000,,,,,,,,,,,,,,,,,,,,,,,,,,,,
1732157954.386743,1732157954.389407,82.000000,0.000000,4295.641113,4270.897461,4313.717773,4292.692383,4274.230957,4289.871582,4334.102539,4399.358887,4299.615234,4291.794922,4477.563965,4510.897461,4315.512695,4410.641113,1548.000000,1.000000,22.000000,,,,0.000000,2.000000,2.000000,0.000000,4.000000,2.000000,2.000000,0.000000,0.000000,4.000000,4.000000,4.000000,4.000000,4.000000,4.000000,0.000000,,,,,,,,,,,,,,,,,,,,,,,,,,,,
1732157954.394552,1732157954.397215,83.000000,0.000000,4295.641113,4267.948730,4313.846191,4293.717773,4277.179688,4286.922852,4335.000000,4400.256348,4297.436035,4286.666504,4473.717773,4506.153809,4309.871582,4399.102539,1564.000000,1.000000,22.000000,,,,0.000000,2.000000,2.000000,0.000000,4.000000,2.000000,2.000000,0.000000,0.000000,4.000000,4.000000,4.000000,4.000000,4.000000,4.000000,0.000000,,,,,,,,,,,,,,,,,,,,,,,,,,,,
1732157954.402360,1732157954.404923,84.000000,0.000000,4294.743652,4274.102539,4314.358887,4294.487305,4281.153809,4288.589844,4335.128418,4400.384766,4304.743652,4286.282227,4473.974121,4504.358887,4309.743652,4397.179688,1703.000000,1.000000,22.000000,,,,0.000000,2.000000,2.000000,0.000000,4.000000,2.000000,2.000000,0.000000,0.000000,4.000000,4.000000,4.000000,4.000000,4.000000,4.000000,0.000000,,,,,,,,,,,,,,,,,21.000000,0.000000,0.493420,0.452759,-0.569336,0.476868,0.970333,-0.094250,-0.054206,-36.319653,44.111794,31.592567
1732157954.410168,1732157954.412732,85.000000,0.000000,4292.179688,4278.846191,4315.384766,4293.205078,4302.436035,4291.153809,4336.025879,4399.487305,4302.179688,4288.974121,4477.948730,4506.538574,4312.436035,4398.846191,1608.000000,1.000000,22.000000,,,,0.000000,2.000000,2.000000,0.000000,4.000000,2.000000,2.000000,0.000000,0.000000,4.000000,4.000000,4.000000,4.000000,4.000000,4.000000,0.000000,,,,,,,,,,,,,,,,,,,,,,,,,,,,
1732157954.417977,1732157954.420340,86.000000,0.000000,4292.179688,4275.512695,4313.846191,4293.846191,4293.333496,4294.743652,4337.307617,4399.358887,4301.538574,4294.487305,4479.230957,4508.461426,4312.307617,4403.461426,1548.000000,1.000000,22.000000,,,,0.000000,2.000000,2.000000,0.000000,4.000000,2.000000,2.000000,0.000000,0.000000,4.000000,4.000000,4.000000,4.000000,4.000000,4.000000,0.000000,,,,,,,,,,,,,,,,,,,,,,,,,,,,
1732157954.425785,1732157954.428148,87.000000,0.000000,4293.077148,4274.358887,4311.794922,4294.615234,4274.358887,4297.692383,4336.666504,4398.974121,4305.384766,4297.563965,4478.333496,4506.794922,4311.794922,4408.717773,1564.000000,1.000000,22.000000,,,,0.000000,2.000000,2.000000,0.000000,4.000000,2.000000,2.000000,0.000000,0.000000,4.000000,4.000000,4.000000,4.000000,4.000000,4.000000,0.000000,,,,,,,,,,,,,,,,,,,,,,,,,,,,
1732157954.433593,1732157954.435857,88.000000,0.000000,4293.333496,4277.692383,4313.333496,4293.077148,4289.871582,4291.282227,4334.871582,4396.282227,4300.769043,4295.256348,4476.666504,4506.153809,4312.820313,4406.922852,1703.000000,1.000000,22.000000,,,,0.000000,2.000000,2.000000,0.000000,4.000000,2.000000,2.000000,0.000000,0.000000,4.000000,4.000000,4.000000,4.000000,4.000000,4.000000,0.000000,,,,,,,,,,,,,,,,,22.000000,0.000000,0.493420,0.452759,-0.569336,0.476868,0.963008,-0.104993,-0.069344,-36.370586,44.113884,31.729979
1732157954.441401,1732157954.443665,89.000000,0.000000,4296.282227,4279.487305,4316.282227,4295.384766,4293.077148,4285.897461,4334.487305,4397.179688,4293.589844,4294.102539,4474.615234,4508.717773,4313.846191,4408.333496,1608.000000,1.000000,22.000000,,,,0.000000,2.000000,2.000000,0.000000,4.000000,2.000000,2.000000,0.000000,0.000000,4.000000,4.000000,4.000000,4.000000,4.000000,4.000000,0.000000,,,,,,,,,,,,,,,,,,,,,,,,,,,,
1732157954.449210,1732157954.451673,90.000000,0.000000,4297.563965,4278.589844,4315.641113,4298.846191,4273.589844,4292.948730,4336.025879,4398.589844,4294.615234,4294.871582,4474.358887,4507.948730,4312.179688,4413.077148,1548.000000,1.000000,22.000000,,,,0.000000,2.000000,2.000000,0.000000,4.000000,2.000000,2.000000,0.000000,0.000000,4.000000,4.000000,4.000000,4.000000,4.000000,4.000000,0.000000,,,,,,,,,,,,,,,,,,,,,,,,,,,,
1732157954.457018,1732157954.459481,91.000000,0.000000,4296.666504,4277.179688,4311.153809,4296.794922,4275.769043,4298.717773,4336.410156,4397.436035,4298.461426,4294.487305,4478.589844,4507.051270,4311.794922,4413.333496,1564.000000,1.000000,22.000000,,,,0.000000,2.000000,2.000000,0.000000,4.000000,2.000000,2.000000,0.000000,0.000000,4.000000,4.000000,4.000000,4.000000,4.000000,4.000000,0.000000,,,,,,,,,,,,,,,,,,,,,,,,,,,,
1732157954.464826,1732157954.467189,92.000000,0.000000,4295.256348,4277.051270,4311.282227,4294.358887,4284.230957,4290.897461,4334.871582,4398.846191,4302.563965,4295.256348,4479.487305,4511.922852,4315.000000,4414.102539,1703.000000,1.000000,22.000000,,,,0.000000,2.000000,2.000000,0.000000,4.000000,2.000000,2.000000,0.000000,0.000000,4.000000,4.000000,4.000000,4.000000,4.000000,4.000000,0.000000,,,,,,,,,,,,,,,,,23.000000,0.000000,0.493454,0.452454,-0.569702,0.476685,0.980588,-0.095715,-0.045904,-36.205173,43.965580,31.749617
1732157954.472634,1732157954.474998,93.000000,0.000000,4296.025879,4277.692383,4316.922852,4295.000000,4281.410156,4284.743652,4333.589844,4400.256348,4306.666504,4295.641113,4477.051270,4512.179688,4318.717773,4415.641113,1608.000000,1.000000,22.000000,,,,0.000000,2.000000,2.000000,0.000000,4.000000,2.000000,2.000000,0.000000,0.000000,4.000000,4.000000,4.000000,4.000000,4.000000,4.000000,0.000000,,,,,,,,,,,,,,,,,,,,,,,,,,,,
1732157954.480442,1732157954.482606,94.000000,0.000000,4299.487305,4278.974121,4318.974121,4295.128418,4283.333496,4286.538574,4333.589844,4397.692383,4307.179688,4297.436035,4482.436035,4511.282227,4320.897461,4419.871582,1548.000000,1.000000,22.000000,,,,0.000000,2.000000,2.000000,0.000000,4.000000,2.000000,2.000000,0.000000,0.000000,4.000000,4.000000,4.000000,4.000000,4.000000,4.000000,0.000000,,,,,,,,,,,,,,,,,,,,,,,,,,,,
1732157954.488251,1732157954.490414,95.000000,0.000000,4300.384766,4274.230957,4314.871582,4294.871582,4281.666504,4284.743652,4333.846191,4398.333496,4308.974121,4298.846191,4491.153809,4520.641113,4325.256348,4426.538574,1564.000000,1.000000,22.000000,,,,0.000000,2.000000,2.000000,0.000000,4.000000,2.000000,2.000000,0.000000,0.000000,4.000000,4.000000,4.000000,4.000000,4.000000,4.000000,0.000000,,,,,,,,,,,,,,,,,,,,,,,,,,,,
1732157954.496059,1732157954.498123,96.000000,0.000000,4297.436035,4264.487305,4311.922852,4295.512695,4289.743652,4279.871582,4333.589844,4401.666504,4308.974121,4297.563965,4489.871582,4525.897461,4326.025879,4421.794922,1703.000000,1.000000,22.000000,,,,0.000000,2.000000,2.000000,0.000000,4.000000,2.000000,2.000000,0.000000,0.000000,4.000000,4.000000,4.000000,4.000000,4.000000,4.000000,0.000000,,,,,,,,,,,,,,,,,24.000000,0.000000,0.493351,0.452515,-0.569641,0.476807,0.979123,-0.097180,-0.054206,-36.466190,44.063786,31.542189
1732157954.503867,1732157954.505931,97.000000,0.000000,4295.641113,4267.051270,4312.692383,4294.743652,4299.871582,4280.769043,4333.589844,4400.128418,4302.307617,4296.410156,4485.256348,4520.384766,4321.025879,4415.128418,1608.000000,1.000000,22.000000,,,,0.000000,2.000000,2.000000,0.000000,4.000000,2.000000,2.000000,0.000000,0.000000,4.000000,4.000000,4.000000,4.000000,4.000000,4.000000,0.000000,,,,,,,,,,,,,,,,,,,,,,,,,,,,
1732157954.511675,1732157954.513539,98.000000,0.000000,4297.436035,4274.102539,4311.410156,4294.743652,4282.692383,4289.615234,4333.717773,4399.230957,4301.794922,4296.282227,4487.179688,4518.717773,4323.205078,4419.487305,1548.000000,1.000000,22.000000,,,,0.000000,2.000000,2.000000,0.000000,4.000000,2.000000,2.000000,0.000000,0.000000,4.000000,4.000000,4.000000,4.000000,4.000000,4.000000,0.000000,,,,,,,,,,,,,,,,,,,,,,,,,,,,
1732157954.519484,1732157954.521347,99.000000,0.000000,4298.205078,4272.179688,4312.051270,4296.025879,4269.358887,4296.410156,4333.717773,4401.410156,4309.487305,4297.179688,4489.487305,4522.307617,4329.102539,4420.256348,1564.000000,1.000000,22.000000,,,,0.000000,2.000000,2.000000,0.000000,4.000000,2.000000,2.000000,0.000000,0.000000,4.000000,4.000000,4.000000,4.000000,4.000000,4.000000,0.000000,,,,,,,,,,,,,,,,,,,,,,,,,,,,
1732157954.527292,1732157954.529255,100.000000,0.000000,4297.692383,4270.128418,4315.128418,4295.512695,4274.871582,4292.692383,4333.717773,4400.769043,4311.538574,4298.205078,4489.615234,4521.153809,4328.077148,4413.846191,1703.000000,1.000000,22.000000,,,,0.000000,2.000000,2.000000,0.000000,4.000000,2.000000,2.000000,0.000000,0.000000,4.000000,4.000000,4.000000,4.000000,4.000000,4.000000,0.000000,,,,,,,,,,,,,,,,,25.000000,0.000000,0.493203,0.452637,-0.569519,0.476990,0.963497,-0.085460,-0.042974,-36.394279,44.016666,31.410839
1732157954.535100,1732157954.537064,101.000000,0.000000,4297.820313,4270.897461,4313.846191,4293.974121,4283.717773,4286.025879,4333.717773,4399.743652,4308.974121,4297.820313,4489.230957,4521.153809,4325.769043,4413.717773,1608.000000,1.000000,22.000000,,,,0.000000,2.000000,2.000000,0.000000,4.000000,2.000000,2.000000,0.000000,0.000000,4.000000,4.000000,4.000000,4.000000,4.000000,4.000000,0.000000,,,,,,,,,,,,,,,,,,,,,,,,,,,,
1732157954.542909,1732157954.545072,102.000000,0.000000,4297.692383,4267.307617,4312.307617,4293.205078,4293.205078,4285.000000,4333.717773,4398.846191,4310.897461,4294.743652,4487.307617,4523.077148,4326.025879,4418.333496,1548.000000,1.000000,22.000000,,,,0.000000,2.000000,2.000000,0.000000,4.000000,2.000000,2.000000,0.000000,0.000000,4.000000,4.000000,4.000000,4.000000,4.000000,4.000000,0.000000,,,,,,,,,,,,,,,,,,,,,,,,,,,,
1732157954.550717,1732157954.552880,103.000000,0.000000,4298.717773,4268.333496,4316.025879,4295.256348,4287.307617,4288.974121,4333.717773,4396.666504,4308.974121,4293.205078,4487.820313,4522.051270,4325.641113,4420.128418,1564.000000,1.000000,22.000000,,,,0.000000,2.000000,2.000000,0.000000,4.000000,2.000000,2.000000,0.000000,0.000000,4.000000,4.000000,4.000000,4.000000,4.000000,4.000000,0.000000,,,,,,,,,,,,,,,,,,,,,,,,,,,,
1732157954.558525,1732157954.560788,104.000000,0.000000,4298.461426,4275.641113,4316.666504,4297.179688,4268.461426,4288.717773,4333.717773,4396.922852,4302.563965,4295.512695,4488.461426,4525.384766,4328.717773,4417.948730,1703.000000,1.000000,22.000000,,,,0.000000,2.000000,2.000000,0.000000,4.000000,2.000000,2.000000,0.000000,0.000000,4.000000,4.000000,4.000000,4.000000,4.000000,4.000000,0.000000,,,,,,,,,,,,,,,,,26.000000,0.000000,0.493306,0.452576,-0.569580,0.476868,0.963497,-0.085460,-0.042974,-36.319366,43.886833,31.554447
1732157954.566333,1732157954.568596,105.000000,0.000000,4296.153809,4271.794922,4312.179688,4295.641113,4272.436035,4282.692383,4333.589844,4399.743652,4302.820313,4295.512695,4487.692383,4528.717773,4333.461426,4416.282227,1608.000000,1.000000,22.000000,,,,0.000000,2.000000,2.000000,0.000000,4.000000,2.000000,2.000000,0.000000,0.000000,4.000000,4.000000,4.000000,4.000000,4.000000,4.000000,0.000000,,,,,,,,,,,,,,,,,,,,,,,,,,,,
1732157954.574141,1732157954.576604,106.000000,0.000000,4295.128418,4263.461426,4310.512695,4294.615234,4283.333496,4279.615234,4333.589844,4399.615234,4303.589844,4293.846191,4488.077148,4523.205078,4330.769043,4416.666504,1548.000000,1.000000,22.000000,,,,0.000000,2.000000,2.000000,0.000000,4.000000,2.000000,2.000000,0.000000,0.000000,4.000000,4.000000,4.000000,4.000000,4.000000,4.000000,0.000000,,,,,,,,,,,,,,,,,,,,,,,,,,,,
1732157954.581950,1732157954.584412,107.000000,0.000000,4295.641113,4265.384766,4312.307617,4294.871582,4275.384766,4284.230957,4334.102539,4398.846191,4304.615234,4294.487305,4485.256348,4516.666504,4327.436035,4413.461426,1564.000000,1.000000,22.000000,,,,0.000000,2.000000,2.000000,0.000000,4.000000,2.000000,2.000000,0.000000,0.000000,4.000000,4.000000,4.000000,4.000000,4.000000,4.000000,0.000000,,,,,,,,,,,,,,,,,,,,,,,,,,,,
1732157954.589758,1732157954.592320,108.000000,0.000000,4293.589844,4266.666504,4313.333496,4293.333496,4286.410156,4286.025879,4333.205078,4400.384766,4303.974121,4292.692383,4477.948730,4513.461426,4327.307617,4410.000000,1703.000000,1.000000,22.000000,,,,0.000000,2.000000,2.000000,0.000000,4.000000,2.000000,2.000000,0.000000,0.000000,4.000000,4.000000,4.000000,4.000000,4.000000,4.000000,0.000000,,,,,,,,,,,,,,,,,27.000000,0.000000,0.493318,0.452576,-0.569519,0.476929,0.968380,-0.089855,-0.053229,-36.460354,44.066669,31.330769
1732157954.597566,1732157954.600129,109.000000,0.000000,4291.794922,4267.436035,4313.205078,4292.692383,4299.743652,4283.974121,4333.205078,4401.282227,4298.974121,4290.128418,4475.641113,4510.128418,4327.307617,4413.589844,1608.000000,1.000000,22.000000,,,,0.000000,2.000000,2.000000,0.000000,4.000000,2.000000,2.000000,0.000000,0.000000,4.000000,4.000000,4.000000,4.000000,4.000000,4.000000,0.000000,,,,,,,,,,,,,,,,,,,,,,,,,,,,
1732157954.605374,1732157954.608137,110.000000,0.000000,4295.512695,4275.384766,4312.436035,4295.769043,4282.051270,4288.077148,4334.871582,4400.384766,4298.461426,4292.692383,4480.256348,4505.897461,4327.692383,4414.358887,1548.000000,1.000000,22.000000,,,,0.000000,2.000000,2.000000,0.000000,4.000000,2.000000,2.000000,0.000000,0.000000,4.000000,4.000000,4.000000,4.000000,4.000000,4.000000,0.000000,,,,,,,,,,,,,,,,,,,,,,,,,,,,
1732157954.613183,1732157954.615945,111.000000,0.000000,4298.077148,4277.948730,4311.922852,4295.897461,4270.384766,4293.974121,4334.743652,4400.256348,4305.128418,4293.974121,4482.436035,4507.307617,4327.563965,4411.025879,1564.000000,1.000000,22.000000,,,,0.000000,2.000000,2.000000,0.000000,4.000000,2.000000,2.000000,0.000000,0.000000,4.000000,4.000000,4.000000,4.000000,4.000000,4.000000,0.000000,,,,,,,,,,,,,,,,,,,,,,,,,,,,
1732157954.620991,1732157954.623853,112.000000,0.000000,4296.410156,4270.384766,4310.897461,4293.077148,4278.717773,4295.384766,4333.077148,4401.794922,4311.025879,4293.461426,4480.512695,4508.205078,4325.641113,4411.153809,1703.000000,1.000000,22.000000,,,,0.000000,2.000000,2.000000,0.000000,4.000000,2.000000,2.000000,0.000000,0.000000,4.000000,4.000000,4.000000,4.000000,4.000000,4.000000,0.000000,,,,,,,,,,,,,,,,,28.000000,0.000000,0.493270,0.452576,-0.569458,0.477051,0.967403,-0.090343,-0.050299,-36.322887,44.180668,31.442923
1732157954.628799,1732157954.631661,113.000000,0.000000,4294.871582,4267.051270,4311.922852,4293.077148,4284.743652,4291.538574,4334.487305,4401.794922,4311.025879,4293.205078,4477.436035,4505.256348,4324.871582,4409.358887,1608.000000,1.000000,22.000000,,,,0.000000,2.000000,2.000000,0.000000,4.000000,2.000000,2.000000,0.000000,0.000000,4.000000,4.000000,4.000000,4.000000,4.000000,4.000000,0.000000,,,,,,,,,,,,,,,,,,,,,,,,,,,,
1732157954.636608,1732157954.639669,114.000000,0.000000,4294.358887,4270.000000,4315.000000,4294.615234,4278.205078,4285.897461,4336.794922,4399.358887,4305.769043,4290.769043,4477.820313,4508.333496,4326.922852,4407.436035,1548.000000,1.000000,22.000000,,,,0.000000,2.000000,2.000000,0.000000,4.000000,2.000000,2.000000,0.000000,0.000000,4.000000,4.000000,4.000000,4.000000,4.000000,4.000000,0.000000,,,,,,,,,,,,,,,,,,,,,,,,,,,,
1732157954.644416,1732157954.647477,115.000000,0.000000,4293.333496,4270.128418,4315.256348,4294.871582,4279.358887,4284.615234,4335.769043,4398.077148,4299.487305,4285.128418,4479.871582,4517.051270,4326.538574,4409.487305,1564.000000,1.000000,22.000000,,,,0.000000,2.000000,2.000000,0.000000,4.000000,2.000000,2.000000,0.000000,0.000000,4.000000,4.000000,4.000000,4.000000,4.000000,4.000000,0.000000,,,,,,,,,,,,,,,,,,,,,,,,,,,,
1732157954.652224,1732157954.655386,116.000000,0.000000,4293.205078,4272.179688,4313.974121,4294.743652,4294.871582,4282.307617,4334.230957,4400.256348,4297.820313,4282.179688,4477.051270,4521.538574,4326.410156,4411.025879,1703.000000,1.000000,22.000000,,,,0.000000,2.000000,2.000000,0.000000,4.000000,2.000000,2.000000,0.000000,0.000000,4.000000,4.000000,4.000000,4.000000,4.000000,4.000000,0.000000,,,,,,,,,,,,,,,,,29.000000,0.000000,0.493385,0.452515,-0.569458,0.476990,0.967403,-0.090343,-0.050299,-36.133205,44.223007,31.583767
1732157954.660032,1732157954.663194,117.000000,0.000000,4294.871582,4273.333496,4311.538574,4295.384766,4294.487305,4279.743652,4335.128418,4400.000000,4306.025879,4285.384766,4475.769043,4517.051270,4326.666504,4410.000000,1608.000000,1.000000,22.000000,,,,0.000000,2.000000,2.000000,0.000000,4.000000,2.000000,2.000000,0.000000,0.000000,4.000000,4.000000,4.000000,4.000000,4.000000,4.000000,0.000000,,,,,,,,,,,,,,,,,,,,,,,,,,,,
1732157954.667840,1732157954.671202,118.000000,0.000000,4295.512695,4269.487305,4310.897461,4296.666504,4278.205078,4289.102539,4334.615234,4397.563965,4311.922852,4287.051270,4479.102539,4514.743652,4324.487305,4406.538574,1548.000000,1.000000,22.000000,,,,0.000000,2.000000,2.000000,0.000000,4.000000,2.000000,2.000000,0.000000,0.000000,4.000000,4.000000,4.000000,4.000000,4.000000,4.000000,0.000000,,,,,,,,,,,,,,,,,,,,,,,,,,,,
1732157954.675649,1732157954.679010,119.000000,0.000000,4294.615234,4273.333496,4314.615234,4295.769043,4273.589844,4297.051270,4332.563965,4397.436035,4304.358887,4283.717773,4480.512695,4513.974121,4326.025879,4403.589844,1564.000000,1.000000,22.000000,,,,0.000000,2.000000,2.000000,0.000000,4.000000,2.000000,2.000000,0.000000,0.000000,4.000000,4.000000,4.000000,4.000000,4.000000,4.000000,0.000000,,,,,,,,,,,,,,,,,,,,,,,,,,,,
1732157954.683457,1732157954.686918,120.000000,0.000000,4294.487305,4278.205078,4317.307617,4294.871582,4278.589844,4288.846191,4332.436035,4399.615234,4295.512695,4280.512695,4478.846191,4508.333496,4328.846191,4406.025879,1703.000000,1.000000,22.000000,,,,0.000000,2.000000,2.000000,0.000000,4.000000,2.000000,2.000000,0.000000,0.000000,4.000000,4.000000,4.000000,4.000000,4.000000,4.000000,0.000000,,,,,,,,,,,,,,,,,30.000000,0.000000,0.493341,0.452576,-0.569397,0.477051,0.979612,-0.098645,-0.061531,-36.234562,44.180637,31.504519
1732157954.691265,1732157954.694726,121.000000,0.000000,4295.512695,4270.897461,4313.333496,4294.358887,4286.666504,4280.384766,4333.717773,4400.769043,4297.179688,4280.897461,4476.794922,4504.358887,4329.615234,4408.333496,1608.000000,1.000000,22.000000,,,,0.000000,2.000000,2.000000,0.000000,4.000000,2.000000,2.000000,0.000000,0.000000,4.000000,4.000000,4.000000,4.000000,4.000000,4.000000,0.000000,,,,,,,,,,,,,,,,,,,,,,,,,,,,
1732157954.699073,1732157954.702335,122.000000,0.000000,4294.871582,4264.615234,4310.128418,4293.461426,4295.769043,4284.743652,4334.487305,4400.769043,4299.102539,4278.846191,4475.897461,4504.871582,4330.512695,4402.948730,1548.000000,1.000000,22.000000,,,,0.000000,2.000000,2.000000,0.000000,4.000000,2.000000,2.000000,0.000000,0.000000,4.000000,4.000000,4.000000,4.000000,4.000000,4.000000,0.000000,,,,,,,,,,,,,,,,,,,,,,,,,,,,
1732157954.706882,1732157954.710143,123.000000,0.000000,4293.205078,4267.051270,4310.897461,4293.846191,4280.256348,4290.897461,4334.615234,4399.487305,4296.666504,4278.077148,4476.153809,4506.025879,4329.743652,4401.410156,1564.000000,1.000000,22.000000,,,,0.000000,2.000000,2.000000,0.000000,4.000000,2.000000,2.000000,0.000000,0.000000,4.000000,4.000000,4.000000,4.000000,4.000000,4.000000,0.000000,,,,,,,,,,,,,,,,,,,,,,,,,,,,
1732157954.714690,1732157954.717851,124.000000,0.000000,4293.205078,4267.436035,4310.512695,4290.000000,4260.512695,4288.461426,4334.871582,4398.974121,4303.461426,4282.436035,4479.230957,4509.487305,4327.179688,4407.948730,1703.000000,1.000000,22.000000,,,,0.000000,2.000000,2.000000,0.000000,4.000000,2.000000,2.000000,0.000000,0.000000,4.000000,4.000000,4.000000,4.000000,4.000000,4.000000,0.000000,,,,,,,,,,,,,,,,,31.000000,0.000000,0.493471,0.452332,-0.569580,0.476929,0.977170,-0.094250,-0.051764,-36.178329,44.162983,31.703659
1732157954.722498,1732157954.725659,125.000000,0.000000,4293.461426,4263.589844,4311.153809,4282.436035,4273.974121,4281.538574,4335.256348,4401.538574,4312.179688,4284.358887,4485.256348,4514.102539,4330.256348,4412.436035,1608.000000,1.000000,22.000000,,,,0.000000,2.000000,2.000000,0.000000,4.000000,2.000000,2.000000,0.000000,0.000000,4.000000,4.000000,4.000000,4.000000,4.000000,4.000000,0.000000,,,,,,,,,,,,,,,,,,,,,,,,,,,,
1732157954.730307,1732157954.733667,126.000000,0.000000,4293.846191,4265.897461,4313.205078,4282.179688,4278.717773,4280.641113,4334.743652,4402.692383,4309.102539,4287.436035,4490.769043,4514.230957,4336.922852,4413.205078,1548.000000,1.000000,22.000000,,,,0.000000,2.000000,2.000000,0.000000,4.000000,2.000000,2.000000,0.000000,0.000000,4.000000,4.000000,4.000000,4.000000,4.000000,4.000000,0.000000,,,,,,,,,,,,,,,,,,,,,,,,,,,,
1732157954.738115,1732157954.741476,127.000000,0.000000,4293.974121,4264.487305,4311.794922,4285.128418,4274.487305,4281.666504,4334.102539,4401.538574,4303.205078,4286.922852,4489.358887,4511.153809,4335.000000,4411.794922,22.000000,1.000000,22.000000,,,,0.000000,2.000000,2.000000,0.000000,4.000000,2.000000,2.000000,0.000000,0.000000,4.000000,4.000000,4.000000,4.000000,4.000000,4.000000,0.000000,,,,,,,,,,,,,,,,,,,,,,,,,,,,
1732157954.745923,1732157954.749184,0.000000,0.000000,4294.358887,4262.820313,4311.410156,4280.769043,4291.538574,4279.102539,4335.641113,4401.538574,4305.512695,4281.410156,4486.794922,4509.615234,4333.077148,4411.922852,0.000000,1.000000,22.000000,,,,0.000000,2.000000,2.000000,0.000000,4.000000,2.000000,2.000000,0.000000,0.000000,4.000000,4.000000,4.000000,4.000000,4.000000,4.000000,0.000000,,,,,,,,,,,,,,,,,0.000000,0.000000,0.493353,0.452332,-0.569580,0.477051,0.972287,-0.099133,-0.052741,-36.039448,43.945351,31.609964
1732157954.753731,1732157954.756992,1.000000,0.000000,4296.538574,4265.897461,4314.743652,4282.307617,4284.358887,4279.487305,4336.153809,4402.820313,4312.948730,4285.128418,4489.487305,4515.384766,4341.282227,4414.743652,1596.000000,1.000000,22.000000,,,,0.000000,2.000000,2.000000,0.000000,4.000000,2.000000,2.000000,0.000000,0.000000,4.000000,4.000000,4.000000,4.000000,4.000000,4.000000,0.000000,,,,,,,,,,,,,,,,,,,,,,,,,,,,
1732157954.761539,1732157954.764601,2.000000,0.000000,4297.179688,4268.461426,4315.000000,4290.128418,4259.358887,4282.820313,4333.461426,4401.666504,4309.102539,4292.051270,4490.512695,4523.717773,4343.974121,4415.641113,1366.000000,1.000000,22.000000,,,,0.000000,2.000000,2.000000,0.000000,4.000000,2.000000,2.000000,0.000000,0.000000,4.000000,4.000000,4.000000,4.000000,4.000000,4.000000,0.000000,,,,,,,,,,,,,,,,,,,,,,,,,,,,
1732157954.769348,1732157954.772409,3.000000,0.000000,4296.410156,4267.820313,4312.820313,4291.282227,4270.769043,4287.820313,4333.333496,4399.743652,4301.922852,4285.128418,4487.948730,4523.461426,4336.410156,4411.922852,1424.000000,1.000000,22.000000,,,,0.000000,2.000000,2.000000,0.000000,4.000000,2.000000,2.000000,0.000000,0.000000,4.000000,4.000000,4.000000,4.000000,4.000000,4.000000,0.000000,,,,,,,,,,,,,,,,,,,,,,,,,,,,
1732157954.777156,1732157954.780317,4.000000,0.000000,4294.358887,4265.256348,4312.948730,4288.589844,4288.077148,4292.692383,4335.769043,4400.512695,4306.922852,4277.179688,4487.179688,4516.538574,4334.615234,4405.512695,1417.000000,1.000000,22.000000,,,,0.000000,2.000000,2.000000,0.000000,4.000000,2.000000,2.000000,0.000000,0.000000,4.000000,4.000000,4.000000,4.000000,4.000000,4.000000,0.000000,,,,,,,,,,,,,,,,,1.000000,0.000000,0.493309,0.452393,-0.569519,0.477112,0.976682,-0.109877,-0.063484,-36.063618,44.209064,31.525738
1732157954.784964,1732157954.788125,5.000000,0.000000,4288.461426,4265.000000,4313.846191,4287.948730,4278.333496,4288.589844,4336.666504,4401.282227,4307.692383,4281.538574,4488.846191,4511.025879,4339.230957,4403.974121,1207.000000,1.000000,22.000000,,,,0.000000,2.000000,2.000000,0.000000,4.000000,2.000000,2.000000,0.000000,0.000000,4.000000,4.000000,4.000000,4.000000,4.000000,4.000000,0.000000,,,,,,,,,,,,,,,,,,,,,,,,,,,,
1732157954.792772,1732157954.796133,6.000000,0.000000,4281.666504,4265.384766,4311.794922,4285.000000,4284.615234,4282.692383,4335.512695,4399.871582,4300.512695,4282.307617,4487.820313,4506.666504,4335.128418,4404.358887,0.000000,1.000000,22.000000,,,,0.000000,2.000000,2.000000,0.000000,4.000000,2.000000,2.000000,0.000000,0.000000,4.000000,4.000000,4.000000,4.000000,4.000000,4.000000,0.000000,,,,,,,,,,,,,,,,,,,,,,,,,,,,
1732157954.800581,1732157954.803941,7.000000,0.000000,4282.820313,4265.128418,4312.436035,4283.589844,4303.717773,4282.948730,4333.846191,4398.974121,4303.974121,4278.461426,4487.307617,4510.000000,4331.282227,4401.282227,0.000000,1.000000,22.000000,,,,0.000000,2.000000,2.000000,0.000000,4.000000,2.000000,2.000000,0.000000,0.000000,4.000000,4.000000,4.000000,4.000000,4.000000,4.000000,0.000000,,,,,,,,,,,,,,,,,,,,,,,,,,,,
1732157954.808389,1732157954.811650,8.000000,0.000000,4283.846191,4267.179688,4313.846191,4289.102539,4287.179688,4288.846191,4333.846191,4399.871582,4311.410156,4280.000000,4489.487305,4515.897461,4338.461426,4397.307617,1524.000000,1.000000,22.000000,,,,0.000000,2.000000,2.000000,0.000000,4.000000,2.000000,2.000000,0.000000,0.000000,4.000000,4.000000,4.000000,4.000000,4.000000,4.000000,0.000000,,,,,,,,,,,,,,,,,2.000000,0.000000,0.493395,0.452209,-0.569641,0.477051,0.983518,-0.104017,-0.050787,-36.113197,44.109344,31.480848
1732157954.816197,1732157954.819458,9.000000,0.000000,4283.077148,4269.102539,4313.589844,4292.051270,4263.589844,4295.641113,4335.000000,4399.358887,4313.589844,4281.794922,4487.051270,4509.230957,4338.846191,4397.563965,1685.000000,1.000000,22.000000,,,,0.000000,2.000000,2.000000,0.000000,4.000000,2.000000,2.000000,0.000000,0.000000,4.000000,4.000000,4.000000,4.000000,4.000000,4.000000,0.000000,,,,,,,,,,,,,,,,,,,,,,,,,,,,
1732157954.824005,1732157954.827066,10.000000,0.000000,4288.461426,4266.794922,4310.641113,4290.641113,4271.410156,4290.641113,4334.871582,4398.589844,4309.487305,4278.974121,4481.025879,4503.717773,4333.205078,4400.512695,1548.000000,1.000000,22.000000,,,,0.000000,2.000000,2.000000,0.000000,4.000000,2.000000,2.000000,0.000000,0.000000,4.000000,4.000000,4.000000,4.000000,4.000000,4.000000,0.000000,,,,,,,,,,,,,,,,,,,,,,,,,,,,
1732157954.831814,1732157954.834874,11.000000,0.000000,4288.846191,4263.717773,4309.871582,4290.128418,4282.948730,4279.615234,4334.871582,4399.743652,4302.692383,4278.333496,4479.743652,4507.051270,4334.615234,4401.025879,1564.000000,1.000000,22.000000,,,,0.000000,2.000000,2.000000,0.000000,4.000000,2.000000,2.000000,0.000000,0.000000,4.000000,4.000000,4.000000,4.000000,4.000000,4.000000,0.000000,,,,,,,,,,,,,,,,,,,,,,,,,,,,
1732157954.839622,1732157954.842583,12.000000,0.000000,4283.333496,4267.692383,4314.102539,4290.897461,4275.256348,4285.769043,4334.743652,4400.256348,4305.512695,4281.666504,4480.128418,4504.487305,4336.282227,4397.820313,1703.000000,1.000000,22.000000,,,,0.000000,2.000000,2.000000,0.000000,4.000000,2.000000,2.000000,0.000000,0.000000,4.000000,4.000000,4.000000,4.000000,4.000000,4.000000,0.000000,,,,,,,,,,,,,,,,,3.000000,0.000000,0.493587,0.452026,-0.569824,0.476807,0.982053,-0.091320,-0.057624,-36.166691,44.111900,31.794487
1732157954.847430,1732157954.850391,13.000000,0.000000,4285.769043,4268.846191,4314.487305,4288.461426,4284.102539,4293.077148,4333.589844,4399.102539,4306.794922,4279.615234,4476.666504,4496.410156,4333.205078,4395.512695,1611.000000,1.000000,22.000000,,,,0.000000,2.000000,2.000000,0.000000,4.000000,2.000000,2.000000,0.000000,0.000000,4.000000,4.000000,4.000000,4.000000,4.000000,4.000000,0.000000,,,,,,,,,,,,,,,,,,,,,,,,,,,,
1732157954.855238,1732157954.857999,14.000000,0.000000,4289.102539,4267.179688,4311.794922,4283.717773,4303.589844,4285.128418,4334.358887,4398.205078,4298.461426,4275.128418,4474.743652,4500.256348,4332.563965,4395.512695,1548.000000,1.000000,22.000000,,,,0.000000,2.000000,2.000000,0.000000,4.000000,2.000000,2.000000,0.000000,0.000000,4.000000,4.000000,4.000000,4.000000,4.000000,4.000000,0.000000,1.000000,0.000000,2.000000,2.000000,0.000000,1.000000,1.000000,1.000000,0.000000,0.000000,4.000000,4.000000,4.000000,4.000000,4.000000,4.000000,,,,,,,,,,,,
1732157954.863047,1732157954.865808,15.000000,0.000000,4283.974121,4270.512695,4310.897461,4285.641113,4286.282227,4283.205078,4336.794922,4399.102539,4306.666504,4279.743652,4476.282227,4507.307617,4335.641113,4398.461426,1564.000000,1.000000,22.000000,,,,0.000000,2.000000,2.000000,0.000000,4.000000,2.000000,2.000000,0.000000,0.000000,4.000000,4.000000,4.000000,4.000000,4.000000,4.000000,0.000000,,,,,,,,,,,,,,,,,,,,,,,,,,,,
1732157954.870855,1732157954.873716,16.000000,0.000000,4281.922852,4271.153809,4310.384766,4293.205078,4262.051270,4286.282227,4336.025879,4400.512695,4313.846191,4283.589844,4476.025879,4507.820313,4336.538574,4403.589844,0.000000,1.000000,22.000000,,,,0.000000,2.000000,2.000000,0.000000,4.000000,2.000000,2.000000,0.000000,0.000000,4.000000,4.000000,4.000000,4.000000,4.000000,4.000000,0.000000,,,,,,,,,,,,,,,,,4.000000,0.000000,0.493734,0.451904,-0.569946,0.476624,0.976682,-0.092785,-0.053717,-36.111687,44.385639,31.850201
1732157954.878663,1732157954.881524,17.000000,0.000000,4285.000000,4265.384766,4310.641113,4293.333496,4270.641113,4283.205078,4334.358887,4400.256348,4300.512695,4278.589844,4475.769043,4506.538574,4336.025879,4407.051270,0.000000,1.000000,22.000000,,,,0.000000,2.000000,2.000000,0.000000,4.000000,2.000000,2.000000,0.000000,0.000000,4.000000,4.000000,4.000000,4.000000,4.000000,4.000000,0.000000,,,,,,,,,,,,,,,,,,,,,,,,,,,,
1732157954.886471,1732157954.889532,18.000000,0.000000,4287.820313,4265.384766,4314.230957,4286.153809,4281.538574,4280.641113,4335.256348,4398.974121,4297.051270,4276.538574,4476.025879,4506.922852,4335.256348,4409.358887,0.000000,1.000000,22.000000,,,,0.000000,2.000000,2.000000,0.000000,4.000000,2.000000,2.000000,0.000000,0.000000,4.000000,4.000000,4.000000,4.000000,4.000000,4.000000,0.000000,,,,,,,,,,,,,,,,,,,,,,,,,,,,
1732157954.894280,1732157954.897340,19.000000,0.000000,4292.051270,4270.897461,4313.846191,4287.948730,4278.974121,4281.410156,4334.230957,4399.358887,4302.436035,4280.512695,4476.025879,4506.282227,4334.871582,4412.563965,0.000000,1.000000,22.000000,,,,0.000000,2.000000,2.000000,0.000000,4.000000,2.000000,2.000000,0.000000,0.000000,4.000000,4.000000,4.000000,4.000000,4.000000,4.000000,0.000000,,,,,,,,,,,,,,,,,,,,,,,,,,,,
1732157954.902088,1732157954.905048,20.000000,0.000000,4289.102539,4269.743652,4311.666504,4292.820313,4276.538574,4280.384766,4331.794922,4401.666504,4296.794922,4280.897461,4476.025879,4505.641113,4335.641113,4412.051270,0.000000,1.000000,22.000000,,,,0.000000,2.000000,2.000000,0.000000,4.000000,2.000000,2.000000,0.000000,0.000000,4.000000,4.000000,4.000000,4.000000,4.000000,4.000000,0.000000,,,,,,,,,,,,,,,,,5.000000,0.000000,0.493890,0.451721,-0.570007,0.476563,0.967892,-0.102063,-0.044439,-36.343800,44.439034,31.688663
1732157954.909896,1732157954.912857,21.000000,0.000000,4282.307617,4267.179688,4314.358887,4291.794922,4276.538574,4281.282227,4333.077148,4401.922852,4296.153809,4278.077148,4476.025879,4505.769043,4338.205078,4407.692383,0.000000,1.000000,22.000000,,,,0.000000,2.000000,2.000000,0.000000,4.000000,2.000000,2.000000,0.000000,0.000000,4.000000,4.000000,4.000000,4.000000,4.000000,4.000000,0.000000,,,,,,,,,,,,,,,,,,,,,,,,,,,,
1732157954.917704,1732157954.920465,22.000000,0.000000,4281.410156,4269.102539,4312.436035,4286.538574,4289.615234,4282.563965,4334.743652,4399.871582,4298.846191,4274.871582,4476.153809,4506.538574,4341.025879,4405.641113,0.000000,1.000000,22.000000,,,,0.000000,2.000000,2.000000,0.000000,4.000000,2.000000,2.000000,0.000000,0.000000,4.000000,4.000000,4.000000,4.000000,4.000000,4.000000,0.000000,,,,,,,,,,,,,,,,,,,,,,,,,,,,
1732157954.925513,1732157954.928273,23.000000,0.000000,4284.230957,4266.153809,4308.846191,4281.153809,4294.230957,4282.051270,4333.589844,4398.461426,4297.820313,4274.102539,4476.410156,4508.205078,4340.897461,4403.205078,0.000000,1.000000,22.000000,,,,0.000000,2.000000,2.000000,0.000000,4.000000,2.000000,2.000000,0.000000,0.000000,4.000000,4.000000,4.000000,4.000000,4.000000,4.000000,0.000000,,,,,,,,,,,,,,,,,,,,,,,,,,,,
1732157954.933321,1732157954.935982,24.000000,0.000000,4281.538574,4263.461426,4315.000000,4282.179688,4271.794922,4288.205078,4333.333496,4398.974121,4300.000000,4276.922852,4476.025879,4506.153809,4339.743652,4400.128418,0.000000,1.000000,22.000000,,,,0.000000,2.000000,2.000000,0.000000,4.000000,2.000000,2.000000,0.000000,0.000000,4.000000,4.000000,4.000000,4.000000,4.000000,4.000000,0.000000,,,,,,,,,,,,,,,,,6.000000,0.000000,0.493905,0.451538,-0.570190,0.476501,0.971310,-0.100110,-0.066414,-36.370144,44.420620,31.624483
1732157954.941129,1732157954.943790,25.000000,0.000000,4281.282227,4271.794922,4316.794922,4288.974121,4262.948730,4295.256348,4334.871582,4400.000000,4299.102539,4279.743652,4475.512695,4504.615234,4341.538574,4402.820313,0.000000,1.000000,22.000000,,,,0.000000,2.000000,2.000000,0.000000,4.000000,2.000000,2.000000,0.000000,0.000000,4.000000,4.000000,4.000000,4.000000,4.000000,4.000000,0.000000,,,,,,,,,,,,,,,,,,,,,,,,,,,,
1732157954.948937,1732157954.951798,26.000000,0.000000,4287.563965,4277.179688,4311.666504,4296.666504,4275.641113,4293.461426,4335.641113,4400.769043,4299.102539,4279.487305,4476.794922,4507.692383,4341.153809,4405.769043,0.000000,1.000000,22.000000,,,,0.000000,2.000000,2.000000,0.000000,4.000000,2.000000,2.000000,0.000000,0.000000,4.000000,4.000000,4.000000,4.000000,4.000000,4.000000,0.000000,,,,,,,,,,,,,,,,,,,,,,,,,,,,
1732157954.956746,1732157954.959606,27.000000,0.000000,4285.128418,4269.102539,4311.282227,4294.615234,4289.230957,4291.922852,4334.102539,4400.000000,4302.436035,4271.282227,4474.871582,4502.051270,4335.384766,4398.589844,0.000000,1.000000,22.000000,,,,0.000000,2.000000,2.000000,0.000000,4.000000,2.000000,2.000000,0.000000,0.000000,4.000000,4.000000,4.000000,4.000000,4.000000,4.000000,0.000000,,,,,,,,,,,,,,,,,,,,,,,,,,,,
1732157954.964554,1732157954.967514,28.000000,0.000000,4278.333496,4263.846191,4313.333496,4284.871582,4294.230957,4292.563965,4332.563965,4400.000000,4302.692383,4263.589844,4470.128418,4494.743652,4328.974121,4388.589844,0.000000,1.000000,22.000000,,,,0.000000,2.000000,2.000000,0.000000,4.000000,2.000000,2.000000,0.000000,0.000000,4.000000,4.000000,4.000000,4.000000,4.000000,4.000000,0.000000,,,,,,,,,,,,,,,,,7.000000,0.000000,0.493847,0.451538,-0.570190,0.476563,0.966915,-0.101575,-0.055183,-36.364815,44.652367,31.682499
1732157954.972362,1732157954.975322,29.000000,0.000000,4281.794922,4266.025879,4312.179688,4282.692383,4277.307617,4287.051270,4334.102539,4401.538574,4307.179688,4273.205078,4472.051270,4497.948730,4329.615234,4393.461426,0.000000,1.000000,22.000000,,,,0.000000,2.000000,2.000000,0.000000,4.000000,2.000000,2.000000,0.000000,0.000000,4.000000,4.000000,4.000000,4.000000,4.000000,4.000000,0.000000,,,,,,,,,,,,,,,,,,,,,,,,,,,,
1732157954.980170,1732157954.983330,30.000000,0.000000,4287.436035,4267.692383,4311.410156,4292.948730,4257.692383,4279.615234,4335.897461,4401.282227,4308.589844,4281.666504,4475.769043,4503.077148,4337.692383,4406.794922,0.000000,1.000000,22.000000,,,,0.000000,2.000000,2.000000,0.000000,4.000000,2.000000,2.000000,0.000000,0.000000,4.000000,4.000000,4.000000,4.000000,4.000000,4.000000,0.000000,,,,,,,,,,,,,,,,,,,,,,,,,,,,
1732157954.987979,1732157954.991139,31.000000,0.000000,4291.282227,4274.615234,4311.922852,4297.179688,4267.692383,4279.743652,4333.589844,4399.487305,4297.179688,4271.666504,4478.461426,4505.128418,4342.948730,4413.846191,0.000000,1.000000,22.000000,,,,0.000000,2.000000,2.000000,0.000000,4.000000,2.000000,2.000000,0.000000,0.000000,4.000000,4.000000,4.000000,4.000000,4.000000,4.000000,0.000000,,,,,,,,,,,,,,,,,,,,,,,,,,,,
1732157954.995787,1732157954.999047,32.000000,0.000000,4294.102539,4280.512695,4312.051270,4293.333496,4279.102539,4279.743652,4332.820313,4399.615234,4292.563965,4268.974121,4484.102539,4509.615234,4342.563965,4413.717773,0.000000,1.000000,22.000000,,,,0.000000,2.000000,2.000000,0.000000,4.000000,2.000000,2.000000,0.000000,0.000000,4.000000,4.000000,4.000000,4.000000,4.000000,4.000000,0.000000,,,,,,,,,,,,,,,,,8.000000,0.000000,0.493876,0.451416,-0.570313,0.476501,0.986449,-0.100598,-0.055183,-36.263836,44.528419,31.837824
1732157955.003595,1732157955.006855,33.000000,0.000000,4288.717773,4273.461426,4311.666504,4294.358887,4273.846191,4279.615234,4331.922852,4400.512695,4305.897461,4280.512695,4484.358887,4510.256348,4342.948730,4407.436035,0.000000,1.000000,22.000000,,,,0.000000,2.000000,2.000000,0.000000,4.000000,2.000000,2.000000,0.000000,0.000000,4.000000,4.000000,4.000000,4.000000,4.000000,4.000000,0.000000,,,,,,,,,,,,,,,,,,,,,,,,,,,,
1732157955.011403,1732157955.014463,34.000000,0.000000,4281.410156,4269.487305,4311.666504,4294.487305,4277.948730,4283.974121,4331.538574,4399.487305,4313.077148,4281.025879,4476.666504,4504.743652,4344.487305,4399.615234,0.000000,1.000000,22.000000,,,,0.000000,2.000000,2.000000,0.000000,4.000000,2.000000,2.000000,0.000000,0.000000,4.000000,4.000000,4.000000,4.000000,4.000000,4.000000,0.000000,,,,,,,,,,,,,,,,,,,,,,,,,,,,
1732157955.019212,1732157955.022271,35.000000,0.000000,4283.717773,4276.538574,4314.487305,4290.512695,4278.461426,4283.717773,4331.538574,4400.256348,4305.256348,4278.205078,4475.897461,4504.487305,4342.051270,4398.589844,0.000000,1.000000,22.000000,,,,0.000000,2.000000,2.000000,0.000000,4.000000,2.000000,2.000000,0.000000,0.000000,4.000000,4.000000,4.000000,4.000000,4.000000,4.000000,0.000000,,,,,,,,,,,,,,,,,,,,,,,,,,,,
1732157955.027020,1732157955.030180,36.000000,0.000000,4283.461426,4277.563965,4314.102539,4289.743652,4280.384766,4280.769043,4329.871582,4401.410156,4297.820313,4278.461426,4478.846191,4506.538574,4339.871582,4400.512695,0.000000,1.000000,22.000000,,,,0.000000,2.000000,2.000000,0.000000,4.000000,2.000000,2.000000,0.000000,0.000000,4.000000,4.000000,4.000000,4.000000,4.000000,4.000000,0.000000,,,,,,,,,,,,,,,,,9.000000,0.000000,0.494123,0.451172,-0.570496,0.476257,0.959590,-0.094738,-0.057136,-36.213707,44.588020,31.983637
1732157955.034828,1732157955.037988,37.000000,0.000000,4280.897461,4271.025879,4310.256348,4293.461426,4297.307617,4283.077148,4330.384766,4400.000000,4297.563965,4271.666504,4475.000000,4504.743652,4342.307617,4400.769043,0.000000,1.000000,22.000000,,,,0.000000,2.000000,2.000000,0.000000,4.000000,2.000000,2.000000,0.000000,0.000000,4.000000,4.000000,4.000000,4.000000,4.000000,4.000000,0.000000,,,,,,,,,,,,,,,,,,,,,,,,,,,,
1732157955.042636,1732157955.045996,38.000000,0.000000,4284.358887,4273.974121,4310.512695,4295.256348,4292.051270,4284.487305,4333.717773,4399.487305,4298.846191,4270.256348,4474.871582,4503.589844,4344.102539,4400.641113,0.000000,1.000000,22.000000,,,,0.000000,2.000000,2.000000,0.000000,4.000000,2.000000,2.000000,0.000000,0.000000,4.000000,4.000000,4.000000,4.000000,4.000000,4.000000,0.000000,,,,,,,,,,,,,,,,,,,,,,,,,,,,
1732157955.050444,1732157955.053804,39.000000,0.000000,4284.615234,4282.179688,4312.948730,4292.307617,4267.307617,4281.410156,4335.000000,4400.897461,4297.307617,4279.615234,4479.743652,4505.000000,4343.589844,4399.102539,0.000000,1.000000,22.000000,,,,0.000000,2.000000,2.000000,0.000000,4.000000,2.000000,2.000000,0.000000,0.000000,4.000000,4.000000,4.000000,4.000000,4.000000,4.000000,0.000000,,,,,,,,,,,,,,,,,,,,,,,,,,,,
1732157955.058253,1732157955.061712,40.000000,0.000000,4280.897461,4280.769043,4312.051270,4290.000000,4261.538574,4280.897461,4333.589844,4399.871582,4297.307617,4281.282227,4479.615234,4507.692383,4341.282227,4397.820313,0.000000,1.000000,22.000000,,,,0.000000,2.000000,2.000000,0.000000,4.000000,2.000000,2.000000,0.000000,0.000000,4.000000,4.000000,4.000000,4.000000,4.000000,4.000000,0.000000,,,,,,,,,,,,,,,,,10.000000,0.000000,0.494344,0.451111,-0.570557,0.476013,0.982542,-0.108412,-0.063484,-36.256435,44.469627,31.851746
1732157955.066061,1732157955.069520,41.000000,0.000000,4281.282227,4276.025879,4310.769043,4286.538574,4270.769043,4281.153809,4333.461426,4398.461426,4298.333496,4275.769043,4477.692383,4506.153809,4341.922852,4398.333496,0.000000,1.000000,22.000000,,,,0.000000,2.000000,2.000000,0.000000,4.000000,2.000000,2.000000,0.000000,0.000000,4.000000,4.000000,4.000000,4.000000,4.000000,4.000000,0.000000,,,,,,,,,,,,,,,,,,,,,,,,,,,,
1732157955.073869,1732157955.077129,42.000000,0.000000,4281.153809,4277.820313,4311.410156,4284.487305,4274.615234,4278.077148,4333.077148,4400.000000,4297.436035,4277.436035,4479.102539,4504.871582,4347.307617,4398.589844,0.000000,1.000000,22.000000,,,,0.000000,2.000000,2.000000,0.000000,4.000000,2.000000,2.000000,0.000000,0.000000,4.000000,4.000000,4.000000,4.000000,4.000000,4.000000,0.000000,,,,,,,,,,,,,,,,,,,,,,,,,,,,
1732157955.081678,1732157955.084937,43.000000,0.000000,4280.897461,4278.974121,4311.794922,4285.641113,4272.307617,4278.589844,4333.461426,4400.000000,4296.410156,4279.871582,4478.974121,4509.230957,4348.589844,4399.230957,0.000000,1.000000,22.000000,,,,0.000000,2.000000,2.000000,0.000000,4.000000,2.000000,2.000000,0.000000,0.000000,4.000000,4.000000,4.000000,4.000000,4.000000,4.000000,0.000000,,,,,,,,,,,,,,,,,,,,,,,,,,,,
1732157955.089486,1732157955.092645,44.000000,0.000000,4280.769043,4274.230957,4310.897461,4284.615234,4278.846191,4281.538574,4335.384766,4398.461426,4296.282227,4272.820313,4474.487305,4506.025879,4342.436035,4398.589844,0.000000,1.000000,22.000000,,,,0.000000,2.000000,2.000000,0.000000,4.000000,2.000000,2.000000,0.000000,0.000000,4.000000,4.000000,4.000000,4.000000,4.000000,4.000000,0.000000,,,,,,,,,,,,,,,,,11.000000,0.000000,0.494399,0.451050,-0.570557,0.476013,0.982542,-0.108412,-0.063484,-36.082714,44.487064,31.986582
1732157955.097294,1732157955.100453,45.000000,0.000000,4280.384766,4274.358887,4310.256348,4280.641113,4289.102539,4281.666504,4335.512695,4398.846191,4299.615234,4269.871582,4471.794922,4498.077148,4337.948730,4396.282227,0.000000,1.000000,22.000000,,,,0.000000,2.000000,2.000000,0.000000,4.000000,2.000000,2.000000,0.000000,0.000000,4.000000,4.000000,4.000000,4.000000,4.000000,4.000000,0.000000,,,,,,,,,,,,,,,,,,,,,,,,,,,,
1732157955.105102,1732157955.108062,46.000000,0.000000,4282.820313,4279.102539,4311.538574,4284.615234,4280.512695,4278.589844,4336.282227,4399.871582,4307.692383,4278.205078,4474.743652,4501.794922,4343.205078,4398.077148,0.000000,1.000000,22.000000,,,,0.000000,2.000000,2.000000,0.000000,4.000000,2.000000,2.000000,0.000000,0.000000,4.000000,4.000000,4.000000,4.000000,4.000000,4.000000,0.000000,,,,,,,,,,,,,,,,,,,,,,,,,,,,
1732157955.112911,1732157955.115870,47.000000,0.000000,4284.743652,4280.384766,4314.230957,4289.487305,4260.128418,4279.102539,4336.153809,4399.102539,4312.307617,4285.384766,4478.077148,4510.512695,4349.230957,4401.025879,0.000000,1.000000,22.000000,,,,0.000000,2.000000,2.000000,0.000000,4.000000,2.000000,2.000000,0.000000,0.000000,4.000000,4.000000,4.000000,4.000000,4.000000,4.000000,0.000000,,,,,,,,,,,,,,,,,,,,,,,,,,,,
1732157955.120719,1732157955.123578,48.000000,0.000000,4282.563965,4276.025879,4315.128418,4287.820313,4263.077148,4281.922852,4334.230957,4399.358887,4305.512695,4282.051270,4477.436035,4504.487305,4346.666504,4398.333496,0.000000,1.000000,22.000000,,,,0.000000,2.000000,2.000000,0.000000,4.000000,2.000000,2.000000,0.000000,0.000000,4.000000,4.000000,4.000000,4.000000,4.000000,4.000000,0.000000,,,,,,,,,,,,,,,,,12.000000,0.000000,0.494341,0.451050,-0.570557,0.476074,0.981565,-0.088390,-0.056159,-36.001999,44.311192,31.892464
1732157955.128527,1732157955.131387,49.000000,0.000000,4280.641113,4274.102539,4313.846191,4288.717773,4279.871582,4282.179688,4334.487305,4400.641113,4297.307617,4278.461426,4475.512695,4497.307617,4343.589844,4395.256348,0.000000,1.000000,22.000000,,,,0.000000,2.000000,2.000000,0.000000,4.000000,2.000000,2.000000,0.000000,0.000000,4.000000,4.000000,4.000000,4.000000,4.000000,4.000000,0.000000,,,,,,,,,,,,,,,,,,,,,,,,,,,,
1732157955.136335,1732157955.138995,50.000000,0.000000,4280.769043,4276.922852,4312.307617,4288.461426,4275.769043,4281.666504,4333.846191,4400.641113,4295.769043,4279.743652,4473.846191,4499.102539,4344.102539,4396.538574,0.000000,1.000000,22.000000,,,,0.000000,2.000000,2.000000,0.000000,4.000000,2.000000,2.000000,0.000000,0.000000,4.000000,4.000000,4.000000,4.000000,4.000000,4.000000,0.000000,,,,,,,,,,,,,,,,,,,,,,,,,,,,
1732157955.144143,1732157955.146803,51.000000,0.000000,4280.769043,4278.589844,4311.794922,4284.743652,4278.333496,4280.256348,4328.846191,4399.230957,4293.846191,4279.102539,4471.922852,4498.846191,4343.461426,4396.538574,0.000000,1.000000,22.000000,,,,0.000000,2.000000,2.000000,0.000000,4.000000,2.000000,2.000000,0.000000,0.000000,4.000000,4.000000,4.000000,4.000000,4.000000,4.000000,0.000000,,,,,,,,,,,,,,,,,,,,,,,,,,,,
1732157955.151952,1732157955.154512,52.000000,0.000000,4280.769043,4274.615234,4313.717773,4285.256348,4291.410156,4278.077148,4328.205078,4399.102539,4292.179688,4277.820313,4471.153809,4499.102539,4341.538574,4394.743652,0.000000,1.000000,22.000000,,,,0.000000,2.000000,2.000000,0.000000,4.000000,2.000000,2.000000,0.000000,0.000000,4.000000,4.000000,4.000000,4.000000,4.000000,4.000000,0.000000,,,,,,,,,,,,,,,,,13.000000,0.000000,0.494584,0.450745,-0.570740,0.475891,0.962031,-0.087413,-0.045904,-36.006618,44.328732,32.072895
1732157955.159760,1732157955.162320,53.000000,0.000000,4281.282227,4272.179688,4313.974121,4291.922852,4279.102539,4280.897461,4332.692383,4400.256348,4294.871582,4278.205078,4472.563965,4497.948730,4342.948730,4395.384766,0.000000,1.000000,22.000000,,,,0.000000,2.000000,2.000000,0.000000,4.000000,2.000000,2.000000,0.000000,0.000000,4.000000,4.000000,4.000000,4.000000,4.000000,4.000000,0.000000,,,,,,,,,,,,,,,,,,,,,,,,,,,,
1732157955.167568,1732157955.169928,54.000000,0.000000,4281.025879,4278.077148,4315.128418,4297.051270,4263.589844,4289.102539,4335.000000,4399.615234,4297.563965,4280.128418,4474.615234,4495.512695,4344.230957,4397.051270,0.000000,1.000000,22.000000,,,,0.000000,2.000000,2.000000,0.000000,4.000000,2.000000,2.000000,0.000000,0.000000,4.000000,4.000000,4.000000,4.000000,4.000000,4.000000,0.000000,,,,,,,,,,,,,,,,,,,,,,,,,,,,
1732157955.175377,1732157955.177736,55.000000,0.000000,4281.538574,4280.384766,4317.179688,4294.743652,4272.179688,4290.512695,4334.487305,4398.461426,4298.205078,4280.641113,4475.641113,4494.230957,4342.436035,4396.922852,0.000000,1.000000,22.000000,,,,0.000000,2.000000,2.000000,0.000000,4.000000,2.000000,2.000000,0.000000,0.000000,4.000000,4.000000,4.000000,4.000000,4.000000,4.000000,0.000000,,,,,,,,,,,,,,,,,,,,,,,,,,,,
1732157955.183185,1732157955.185445,56.000000,0.000000,4282.179688,4273.717773,4315.256348,4287.820313,4285.000000,4283.717773,4333.846191,4397.307617,4296.794922,4277.948730,4473.846191,4495.512695,4338.974121,4396.922852,0.000000,1.000000,22.000000,,,,0.000000,2.000000,2.000000,0.000000,4.000000,2.000000,2.000000,0.000000,0.000000,4.000000,4.000000,4.000000,4.000000,4.000000,4.000000,0.000000,,,,,,,,,,,,,,,,,14.000000,0.000000,0.494555,0.450867,-0.570618,0.475952,0.971798,-0.087413,-0.052252,-35.983692,44.331272,32.032379
1732157955.190993,1732157955.193253,57.000000,0.000000,4282.179688,4270.128418,4310.512695,4285.384766,4276.794922,4279.615234,4333.717773,4398.974121,4295.000000,4276.282227,4471.538574,4502.820313,4340.256348,4398.333496,0.000000,1.000000,22.000000,,,,0.000000,2.000000,2.000000,0.000000,4.000000,2.000000,2.000000,0.000000,0.000000,4.000000,4.000000,4.000000,4.000000,4.000000,4.000000,0.000000,,,,,,,,,,,,,,,,,,,,,,,,,,,,
1732157955.198801,1732157955.201261,58.000000,0.000000,4282.820313,4271.794922,4311.666504,4290.000000,4273.846191,4282.563965,4333.974121,4403.205078,4297.436035,4279.230957,4473.461426,4507.692383,4346.922852,4401.922852,0.000000,1.000000,22.000000,,,,0.000000,2.000000,2.000000,0.000000,4.000000,2.000000,2.000000,0.000000,0.000000,4.000000,4.000000,4.000000,4.000000,4.000000,4.000000,0.000000,,,,,,,,,,,,,,,,,,,,,,,,,,,,
1732157955.206610,1732157955.209069,59.000000,0.000000,4282.692383,4270.512695,4315.769043,4286.153809,4295.512695,4282.179688,4334.615234,4402.948730,4298.461426,4280.000000,4476.538574,4505.512695,4345.641113,4403.589844,0.000000,1.000000,22.000000,,,,0.000000,2.000000,2.000000,0.000000,4.000000,2.000000,2.000000,0.000000,0.000000,4.000000,4.000000,4.000000,4.000000,4.000000,4.000000,0.000000,,,,,,,,,,,,,,,,,,,,,,,,,,,,
1732157955.214418,1732157955.216777,60.000000,0.000000,4282.436035,4269.230957,4313.333496,4282.179688,4296.153809,4277.563965,4334.487305,4398.589844,4294.615234,4276.410156,4477.051270,4504.230957,4340.384766,4400.641113,0.000000,1.000000,22.000000,,,,0.000000,2.000000,2.000000,0.000000,4.000000,2.000000,2.000000,0.000000,0.000000,4.000000,4.000000,4.000000,4.000000,4.000000,4.000000,0.000000,,,,,,,,,,,,,,,,,15.000000,0.000000,0.494540,0.450806,-0.570679,0.475952,0.971798,-0.087413,-0.052252,-35.828457,44.236664,31.994560
1732157955.222226,1732157955.224586,61.000000,0.000000,4282.179688,4276.025879,4313.333496,4292.179688,4268.846191,4282.179688,4333.974121,4397.948730,4296.025879,4277.820313,4476.922852,4505.641113,4346.025879,4397.436035,0.000000,1.000000,22.000000,,,,0.000000,2.000000,2.000000,0.000000,4.000000,2.000000,2.000000,0.000000,0.000000,4.000000,4.000000,4.000000,4.000000,4.000000,4.000000,0.000000,,,,,,,,,,,,,,,,,,,,,,,,,,,,
1732157955.230034,1732157955.232194,62.000000,0.000000,4282.948730,4276.794922,4315.897461,4294.230957,4270.256348,4287.692383,4332.820313,4399.871582,4299.743652,4280.256348,4476.410156,4502.179688,4350.512695,4396.538574,0.000000,1.000000,22.000000,,,,0.000000,2.000000,2.000000,0.000000,4.000000,2.000000,2.000000,0.000000,0.000000,4.000000,4.000000,4.000000,4.000000,4.000000,4.000000,0.000000,,,,,,,,,,,,,,,,,,,,,,,,,,,,
1732157955.237842,1732157955.240002,63.000000,0.000000,4281.794922,4268.333496,4313.461426,4282.179688,4295.128418,4282.563965,4332.692383,4399.230957,4296.666504,4277.948730,4474.871582,4498.974121,4345.512695,4396.794922,0.000000,1.000000,22.000000,,,,0.000000,2.000000,2.000000,0.000000,4.000000,2.000000,2.000000,0.000000,0.000000,4.000000,4.000000,4.000000,4.000000,4.000000,4.000000,0.000000,,,,,,,,,,,,,,,,,,,,,,,,,,,,
1732157955.245651,1732157955.247711,64.000000,0.000000,4277.948730,4269.358887,4310.128418,4281.922852,4285.512695,4281.666504,4335.769043,4399.102539,4297.692383,4278.846191,4474.871582,4496.922852,4343.077148,4395.512695,0.000000,1.000000,22.000000,,,,0.000000,2.000000,2.000000,0.000000,4.000000,2.000000,2.000000,0.000000,0.000000,4.000000,4.000000,4.000000,4.000000,4.000000,4.000000,0.000000,,,,,,,,,,,,,,,,,16.000000,0.000000,0.494736,0.450500,-0.570801,0.475891,0.975217,-0.100110,-0.057136,-36.056053,44.340031,31.977261
1732157955.253459,1732157955.255519,65.000000,0.000000,4278.077148,4277.179688,4311.922852,4292.307617,4266.538574,4285.769043,4334.358887,4399.358887,4305.512695,4282.563965,4476.410156,4497.563965,4346.025879,4394.358887,1599.000000,1.000000,22.000000,,,,0.000000,2.000000,2.000000,0.000000,4.000000,2.000000,2.000000,0.000000,0.000000,4.000000,4.000000,4.000000,4.000000,4.000000,4.000000,0.000000,,,,,,,,,,,,,,,,,,,,,,,,,,,,
1732157955.261267,1732157955.263127,66.000000,0.000000,4281.153809,4277.948730,4315.769043,4292.436035,4276.922852,4282.563965,4329.871582,4400.384766,4303.461426,4281.538574,4477.179688,4505.384766,4349.615234,4397.179688,1366.000000,1.000000,22.000000,,,,0.000000,2.000000,2.000000,0.000000,4.000000,2.000000,2.000000,0.000000,0.000000,4.000000,4.000000,4.000000,4.000000,4.000000,4.000000,0.000000,,,,,,,,,,,,,,,,,,,,,,,,,,,,
1732157955.269076,1732157955.270935,67.000000,0.000000,4281.794922,4276.410156,4315.512695,4289.230957,4286.794922,4279.871582,4330.512695,4402.179688,4297.948730,4279.743652,4477.436035,4507.307617,4351.025879,4399.102539,1424.000000,1.000000,22.000000,,,,0.000000,2.000000,2.000000,0.000000,4.000000,2.000000,2.000000,0.000000,0.000000,4.000000,4.000000,4.000000,4.000000,4.000000,4.000000,0.000000,,,,,,,,,,,,,,,,,,,,,,,,,,,,
1732157955.276884,1732157955.278843,68.000000,0.000000,4281.538574,4279.615234,4314.102539,4291.538574,4278.589844,4283.333496,4335.128418,4402.051270,4303.077148,4281.025879,4479.743652,4504.230957,4351.794922,4398.333496,1417.000000,1.000000,22.000000,,,,0.000000,2.000000,2.000000,0.000000,4.000000,2.000000,2.000000,0.000000,0.000000,4.000000,4.000000,4.000000,4.000000,4.000000,4.000000,0.000000,,,,,,,,,,,,,,,,,17.000000,0.000000,0.494736,0.450500,-0.570801,0.475891,0.981565,-0.095226,-0.047857,-36.297070,44.345425,32.053249
1732157955.284692,1732157955.286652,69.000000,0.000000,4283.461426,4275.128418,4316.922852,4286.922852,4276.410156,4282.948730,4336.025879,4401.538574,4311.538574,4281.282227,4480.128418,4506.410156,4351.666504,4401.025879,1210.000000,1.000000,22.000000,,,,0.000000,2.000000,2.000000,0.000000,4.000000,2.000000,2.000000,0.000000,0.000000,4.000000,4.000000,4.000000,4.000000,4.000000,4.000000,0.000000,,,,,,,,,,,,,,,,,,,,,,,,,,,,
1732157955.292500,1732157955.294660,70.000000,0.000000,4282.820313,4271.025879,4317.179688,4284.102539,4293.717773,4280.769043,4333.333496,4400.769043,4310.128418,4278.974121,4477.436035,4505.641113,4351.153809,4402.563965,0.000000,1.000000,22.000000,,,,0.000000,2.000000,2.000000,0.000000,4.000000,2.000000,2.000000,0.000000,0.000000,4.000000,4.000000,4.000000,4.000000,4.000000,4.000000,0.000000,,,,,,,,,,,,,,,,,,,,,,,,,,,,
1732157955.300309,1732157955.302468,71.000000,0.000000,4280.256348,4277.820313,4313.589844,4292.307617,4295.000000,4281.153809,4333.461426,4400.769043,4306.282227,4278.333496,4482.692383,4507.820313,4354.743652,4403.589844,0.000000,1.000000,22.000000,,,,0.000000,2.000000,2.000000,0.000000,4.000000,2.000000,2.000000,0.000000,0.000000,4.000000,4.000000,4.000000,4.000000,4.000000,4.000000,0.000000,,,,,,,,,,,,,,,,,,,,,,,,,,,,
1732157955.308117,1732157955.310376,72.000000,0.000000,4282.820313,4280.256348,4311.153809,4296.794922,4268.974121,4281.410156,4335.256348,4402.820313,4312.692383,4281.282227,4489.743652,4514.615234,4358.461426,4406.538574,1524.000000,1.000000,22.000000,,,,0.000000,2.000000,2.000000,0.000000,4.000000,2.000000,2.000000,0.000000,0.000000,4.000000,4.000000,4.000000,4.000000,4.000000,4.000000,0.000000,,,,,,,,,,,,,,,,,18.000000,0.000000,0.494883,0.450623,-0.570679,0.475769,0.965938,-0.079111,-0.052252,-36.302292,44.164795,31.908131
1732157955.315925,1732157955.318184,73.000000,0.000000,4287.948730,4277.948730,4312.307617,4294.230957,4262.692383,4282.179688,4334.743652,4403.461426,4312.820313,4282.179688,4482.436035,4511.153809,4354.615234,4402.179688,1685.000000,1.000000,22.000000,,,,0.000000,2.000000,2.000000,0.000000,4.000000,2.000000,2.000000,0.000000,0.000000,4.000000,4.000000,4.000000,4.000000,4.000000,4.000000,0.000000,,,,,,,,,,,,,,,,,,,,,,,,,,,,
1732157955.323733,1732157955.325793,74.000000,0.000000,4289.102539,4280.641113,4312.692383,4296.410156,4281.922852,4281.666504,4334.615234,4399.487305,4304.615234,4279.102539,4474.102539,4506.282227,4348.589844,4395.512695,1548.000000,1.000000,22.000000,,,,0.000000,2.000000,2.000000,0.000000,4.000000,2.000000,2.000000,0.000000,0.000000,4.000000,4.000000,4.000000,4.000000,4.000000,4.000000,0.000000,,,,,,,,,,,,,,,,,,,,,,,,,,,,
1732157955.331541,1732157955.333601,75.000000,0.000000,4286.153809,4282.179688,4312.307617,4297.563965,4286.538574,4280.512695,4333.974121,4398.333496,4306.282227,4277.948730,4476.538574,4507.692383,4351.153809,4400.512695,1564.000000,1.000000,22.000000,,,,0.000000,2.000000,2.000000,0.000000,4.000000,2.000000,2.000000,0.000000,0.000000,4.000000,4.000000,4.000000,4.000000,4.000000,4.000000,0.000000,,,,,,,,,,,,,,,,,,,,,,,,,,,,
1732157955.339350,1732157955.341309,76.000000,0.000000,4282.563965,4277.307617,4312.051270,4290.128418,4275.897461,4281.282227,4332.307617,4401.153809,4294.743652,4280.641113,4477.436035,4506.282227,4353.077148,4404.487305,1703.000000,1.000000,22.000000,,,,0.000000,2.000000,2.000000,0.000000,4.000000,2.000000,2.000000,0.000000,0.000000,4.000000,4.000000,4.000000,4.000000,4.000000,4.000000,0.000000,,,,,,,,,,,,,,,,,19.000000,0.000000,0.494883,0.450623,-0.570679,0.475769,0.965938,-0.079111,-0.052252,-36.156525,44.258484,31.850586
1732157955.347158,1732157955.349117,77.000000,0.000000,4280.769043,4278.333496,4311.538574,4291.794922,4278.333496,4281.922852,4332.051270,4401.410156,4241.538574,4280.641113,4479.615234,4509.102539,4347.820313,4400.769043,1611.000000,1.000000,22.000000,,,,0.000000,2.000000,2.000000,0.000000,4.000000,2.000000,2.000000,0.000000,0.000000,4.000000,4.000000,4.000000,4.000000,4.000000,4.000000,0.000000,,,,,,,,,,,,,,,,,,,,,,,,,,,,
1732157955.354966,1732157955.357125,78.000000,0.000000,4284.102539,4283.333496,4311.538574,4298.077148,4298.974121,4281.282227,4330.512695,4401.794922,4187.307617,4276.922852,4487.948730,4514.871582,4352.051270,4405.128418,1548.000000,1.000000,22.000000,,,,0.000000,2.000000,2.000000,0.000000,4.000000,2.000000,2.000000,0.000000,0.000000,4.000000,4.000000,4.000000,4.000000,4.000000,4.000000,0.000000,1.000000,0.000000,2.000000,2.000000,0.000000,1.000000,1.000000,1.000000,0.000000,0.000000,3.000000,4.000000,4.000000,4.000000,4.000000,4.000000,,,,,,,,,,,,
1732157955.362774,1732157955.364934,79.000000,0.000000,4290.897461,4280.897461,4313.974121,4296.025879,4301.153809,4279.487305,4329.871582,4403.461426,4167.179688,4276.922852,4490.641113,4514.487305,4361.153809,4412.307617,1564.000000,1.000000,22.000000,,,,0.000000,2.000000,2.000000,0.000000,4.000000,2.000000,2.000000,0.000000,0.000000,4.000000,4.000000,4.000000,4.000000,4.000000,4.000000,0.000000,,,,,,,,,,,,,,,,,,,,,,,,,,,,
1732157955.370583,1732157955.372842,80.000000,0.000000,4292.820313,4279.871582,4317.692383,4298.077148,4270.000000,4282.820313,4333.717773,4402.563965,4152.179688,4281.025879,4489.487305,4517.179688,4361.025879,4411.794922,1703.000000,1.000000,22.000000,,,,0.000000,2.000000,2.000000,0.000000,4.000000,2.000000,2.000000,0.000000,0.000000,4.000000,4.000000,4.000000,4.000000,4.000000,4.000000,0.000000,,,,,,,,,,,,,,,,,20.000000,0.000000,0.494997,0.450562,-0.570679,0.475708,0.970822,-0.094738,-0.052741,-36.171783,44.411037,31.788975
1732157955.378391,1732157955.380650,81.000000,0.000000,4293.717773,4285.128418,4317.820313,4305.897461,4261.666504,4291.153809,4333.077148,4402.307617,4134.102539,4283.461426,4492.051270,4525.769043,4359.230957,4411.538574,1611.000000,1.000000,22.000000,,,,0.000000,2.000000,2.000000,0.000000,4.000000,2.000000,2.000000,0.000000,0.000000,4.000000,4.000000,4.000000,4.000000,4.000000,4.000000,0.000000,,,,,,,,,,,,,,,,,,,,,,,,,,,,
1732157955.386199,1732157955.388658,82.000000,0.000000,4298.846191,4286.282227,4314.743652,4307.436035,4283.589844,4290.769043,4327.820313,4405.641113,4125.641113,4282.436035,4494.871582,4530.512695,4366.153809,4418.077148,1548.000000,1.000000,22.000000,,,,0.000000,2.000000,2.000000,0.000000,4.000000,2.000000,2.000000,0.000000,0.000000,4.000000,4.000000,4.000000,4.000000,4.000000,4.000000,0.000000,,,,,,,,,,,,,,,,,,,,,,,,,,,,
1732157955.394008,1732157955.396466,83.000000,0.000000,4299.615234,4281.794922,4313.205078,4304.615234,4280.384766,4283.077148,4327.820313,4408.589844,4121.922852,4280.641113,4495.384766,4531.410156,4369.487305,4421.666504,1564.000000,1.000000,22.000000,,,,0.000000,2.000000,2.000000,0.000000,4.000000,2.000000,2.000000,0.000000,0.000000,4.000000,4.000000,4.000000,4.000000,4.000000,4.000000,0.000000,,,,,,,,,,,,,,,,,,,,,,,,,,,,
1732157955.401816,1732157955.404374,84.000000,0.000000,4293.333496,4279.743652,4314.487305,4302.307617,4278.333496,4280.128418,4330.384766,4405.128418,4115.384766,4279.230957,4493.333496,4528.846191,4362.563965,4415.128418,1703.000000,1.000000,22.000000,,,,0.000000,2.000000,2.000000,0.000000,4.000000,2.000000,2.000000,0.000000,0.000000,4.000000,4.000000,4.000000,4.000000,4.000000,4.000000,0.000000,,,,,,,,,,,,,,,,,21.000000,0.000000,0.494865,0.450745,-0.570496,0.475891,0.967403,-0.097668,-0.057624,-36.222477,44.659607,31.427402
1732157955.409624,1732157955.412182,85.000000,0.000000,4291.666504,4280.641113,4314.871582,4298.333496,4297.563965,4284.230957,4327.563965,4402.436035,4112.051270,4277.692383,4489.487305,4526.282227,4360.128418,4411.794922,1611.000000,1.000000,22.000000,,,,0.000000,2.000000,2.000000,0.000000,4.000000,2.000000,2.000000,0.000000,0.000000,4.000000,4.000000,4.000000,4.000000,4.000000,4.000000,0.000000,,,,,,,,,,,,,,,,,,,,,,,,,,,,
1732157955.417432,1732157955.420190,86.000000,0.000000,4295.256348,4282.307617,4314.102539,4297.179688,4292.692383,4288.461426,4328.717773,4406.410156,4117.563965,4278.974121,4493.717773,4531.922852,4365.641113,4420.769043,1548.000000,1.000000,22.000000,,,,0.000000,2.000000,2.000000,0.000000,4.000000,2.000000,2.000000,0.000000,0.000000,4.000000,4.000000,4.000000,4.000000,4.000000,4.000000,0.000000,,,,,,,,,,,,,,,,,,,,,,,,,,,,
1732157955.425240,1732157955.427999,87.000000,0.000000,4294.743652,4280.897461,4312.436035,4300.384766,4277.307617,4288.461426,4334.102539,4405.512695,4123.717773,4282.051270,4505.512695,4539.487305,4373.461426,4428.717773,1564.000000,1.000000,22.000000,,,,0.000000,2.000000,2.000000,0.000000,4.000000,2.000000,2.000000,0.000000,0.000000,4.000000,4.000000,4.000000,4.000000,4.000000,4.000000,0.000000,,,,,,,,,,,,,,,,,,,,,,,,,,,,
1732157955.433049,1732157955.435907,88.000000,0.000000,4293.077148,4282.307617,4314.871582,4301.922852,4277.307617,4286.922852,4335.641113,4400.000000,4121.410156,4282.307617,4506.282227,4540.641113,4374.615234,4427.820313,1703.000000,1.000000,22.000000,,,,0.000000,2.000000,2.000000,0.000000,4.000000,2.000000,2.000000,0.000000,0.000000,4.000000,4.000000,4.000000,4.000000,4.000000,4.000000,0.000000,,,,,,,,,,,,,,,,,22.000000,0.000000,0.494865,0.450745,-0.570496,0.475891,0.972287,-0.098645,-0.050299,-36.143539,44.815948,31.254530
1732157955.440857,1732157955.443715,89.000000,0.000000,4294.487305,4289.487305,4316.410156,4303.333496,4274.102539,4288.461426,4334.358887,4399.871582,4122.051270,4280.769043,4495.897461,4533.717773,4367.948730,4423.974121,1611.000000,1.000000,22.000000,,,,0.000000,2.000000,2.000000,0.000000,4.000000,2.000000,2.000000,0.000000,0.000000,4.000000,4.000000,4.000000,4.000000,4.000000,4.000000,0.000000,,,,,,,,,,,,,,,,,,,,,,,,,,,,
1732157955.448665,1732157955.451723,90.000000,0.000000,4294.615234,4288.077148,4313.077148,4300.512695,4275.769043,4288.589844,4333.461426,4402.692383,4133.589844,4280.897461,4492.436035,4528.461426,4365.128418,4419.871582,1548.000000,1.000000,22.000000,,,,0.000000,2.000000,2.000000,0.000000,4.000000,2.000000,2.000000,0.000000,0.000000,4.000000,4.000000,4.000000,4.000000,4.000000,4.000000,0.000000,,,,,,,,,,,,,,,,,,,,,,,,,,,,
1732157955.456473,1732157955.459531,91.000000,0.000000,4293.333496,4278.717773,4312.436035,4293.717773,4283.333496,4283.589844,4335.000000,4401.794922,4138.589844,4280.000000,4496.025879,4529.743652,4366.922852,4418.974121,1564.000000,1.000000,22.000000,,,,0.000000,2.000000,2.000000,0.000000,4.000000,2.000000,2.000000,0.000000,0.000000,4.000000,4.000000,4.000000,4.000000,4.000000,4.000000,0.000000,,,,,,,,,,,,,,,,,,,,,,,,,,,,
1732157955.464282,1732157955.467439,92.000000,0.000000,4293.846191,4280.512695,4315.897461,4293.205078,4278.205078,4281.922852,4335.769043,4401.666504,4133.846191,4278.717773,4495.641113,4531.538574,4366.794922,4420.000000,1703.000000,1.000000,22.000000,,,,0.000000,2.000000,2.000000,0.000000,4.000000,2.000000,2.000000,0.000000,0.000000,4.000000,4.000000,4.000000,4.000000,4.000000,4.000000,0.000000,,,,,,,,,,,,,,,,,23.000000,0.000000,0.495014,0.450439,-0.570862,0.475586,0.972775,-0.106947,-0.061043,-36.079601,44.500919,31.481169
1732157955.472090,1732157955.475247,93.000000,0.000000,4295.000000,4285.641113,4315.641113,4297.692383,4286.922852,4282.051270,4332.820313,4402.307617,4137.179688,4279.871582,4491.922852,4530.641113,4364.102539,4416.666504,1611.000000,1.000000,22.000000,,,,0.000000,2.000000,2.000000,0.000000,4.000000,2.000000,2.000000,0.000000,0.000000,4.000000,4.000000,4.000000,4.000000,4.000000,4.000000,0.000000,,,,,,,,,,,,,,,,,,,,,,,,,,,,
1732157955.479898,1732157955.482856,94.000000,0.000000,4293.589844,4283.717773,4315.256348,4299.615234,4301.410156,4279.743652,4332.820313,4399.487305,4141.922852,4279.230957,4490.512695,4525.128418,4363.974121,4411.410156,1548.000000,1.000000,22.000000,,,,0.000000,2.000000,2.000000,0.000000,4.000000,2.000000,2.000000,0.000000,0.000000,4.000000,4.000000,4.000000,4.000000,4.000000,4.000000,0.000000,,,,,,,,,,,,,,,,,,,,,,,,,,,,
1732157955.487707,1732157955.490664,95.000000,0.000000,4294.871582,4290.128418,4317.563965,4300.256348,4282.820313,4283.846191,4333.077148,4400.641113,4140.128418,4277.307617,4491.282227,4521.410156,4365.256348,4412.820313,1564.000000,1.000000,22.000000,,,,0.000000,2.000000,2.000000,0.000000,4.000000,2.000000,2.000000,0.000000,0.000000,4.000000,4.000000,4.000000,4.000000,4.000000,4.000000,0.000000,,,,,,,,,,,,,,,,,,,,,,,,,,,,
1732157955.495515,1732157955.498472,96.000000,0.000000,4297.051270,4297.948730,4318.461426,4304.102539,4269.615234,4292.563965,4330.256348,4401.025879,4145.641113,4278.333496,4492.051270,4521.922852,4366.282227,4415.000000,1703.000000,1.000000,22.000000,,,,0.000000,2.000000,2.000000,0.000000,4.000000,2.000000,2.000000,0.000000,0.000000,4.000000,4.000000,4.000000,4.000000,4.000000,4.000000,0.000000,,,,,,,,,,,,,,,,,24.000000,0.000000,0.495008,0.450317,-0.570862,0.475708,0.966915,-0.094738,-0.065926,-36.189476,44.499077,31.603081
1732157955.503323,1732157955.506280,97.000000,0.000000,4294.615234,4287.436035,4316.282227,4303.333496,4284.487305,4290.897461,4331.666504,4397.563965,4151.666504,4279.230957,4491.410156,4522.948730,4364.358887,4413.461426,1611.000000,1.000000,22.000000,,,,0.000000,2.000000,2.000000,0.000000,4.000000,2.000000,2.000000,0.000000,0.000000,4.000000,4.000000,4.000000,4.000000,4.000000,4.000000,0.000000,,,,,,,,,,,,,,,,,,,,,,,,,,,,
1732157955.511131,1732157955.513889,98.000000,0.000000,4291.282227,4279.871582,4314.871582,4300.128418,4282.307617,4281.538574,4336.025879,4397.307617,4147.307617,4277.692383,4489.871582,4522.179688,4360.256348,4410.641113,1548.000000,1.000000,22.000000,,,,0.000000,2.000000,2.000000,0.000000,4.000000,2.000000,2.000000,0.000000,0.000000,4.000000,4.000000,4.000000,4.000000,4.000000,4.000000,0.000000,,,,,,,,,,,,,,,,,,,,,,,,,,,,
1732157955.518939,1732157955.521697,99.000000,0.000000,4287.307617,4286.922852,4314.230957,4298.205078,4278.205078,4283.077148,4334.487305,4402.051270,4147.307617,4276.282227,4489.743652,4521.410156,4358.205078,4407.307617,1564.000000,1.000000,22.000000,,,,0.000000,2.000000,2.000000,0.000000,4.000000,2.000000,2.000000,0.000000,0.000000,4.000000,4.000000,4.000000,4.000000,4.000000,4.000000,0.000000,,,,,,,,,,,,,,,,,,,,,,,,,,,,
1732157955.526748,1732157955.529405,100.000000,0.000000,4282.692383,4288.974121,4313.205078,4296.025879,4299.615234,4289.871582,4331.922852,4401.794922,4153.846191,4276.410156,4487.692383,4518.205078,4358.461426,4409.358887,1703.000000,1.000000,22.000000,,,,0.000000,2.000000,2.000000,0.000000,4.000000,2.000000,2.000000,0.000000,0.000000,4.000000,4.000000,4.000000,4.000000,4.000000,4.000000,0.000000,,,,,,,,,,,,,,,,,25.000000,0.000000,0.495139,0.450134,-0.571045,0.475525,0.981077,-0.105482,-0.057624,-36.148476,44.669254,31.551828
1732157955.534556,1732157955.537214,101.000000,0.000000,4280.897461,4285.256348,4316.282227,4295.897461,4296.922852,4289.615234,4334.615234,4398.077148,4151.666504,4277.692383,4486.282227,4515.384766,4359.102539,4410.641113,1611.000000,1.000000,22.000000,,,,0.000000,2.000000,2.000000,0.000000,4.000000,2.000000,2.000000,0.000000,0.000000,4.000000,4.000000,4.000000,4.000000,4.000000,4.000000,0.000000,,,,,,,,,,,,,,,,,,,,,,,,,,,,
1732157955.542364,1732157955.544822,102.000000,0.000000,4280.769043,4287.563965,4317.307617,4296.666504,4269.230957,4291.025879,4335.384766,4398.717773,4153.333496,4279.487305,4488.461426,4519.102539,4357.563965,4404.743652,1548.000000,1.000000,22.000000,,,,0.000000,2.000000,2.000000,0.000000,4.000000,2.000000,2.000000,0.000000,0.000000,4.000000,4.000000,4.000000,4.000000,4.000000,4.000000,0.000000,,,,,,,,,,,,,,,,,,,,,,,,,,,,
1732157955.550172,1732157955.552630,103.000000,0.000000,4278.974121,4286.153809,4313.333496,4295.512695,4267.051270,4291.025879,4334.615234,4399.102539,4167.820313,4281.794922,4489.743652,4520.641113,4357.563965,4403.717773,1564.000000,1.000000,22.000000,,,,0.000000,2.000000,2.000000,0.000000,4.000000,2.000000,2.000000,0.000000,0.000000,4.000000,4.000000,4.000000,4.000000,4.000000,4.000000,0.000000,,,,,,,,,,,,,,,,,,,,,,,,,,,,
1732157955.557981,1732157955.560339,104.000000,0.000000,4278.589844,4282.051270,4311.282227,4294.358887,4279.743652,4283.077148,4335.384766,4397.563965,4167.436035,4281.794922,4487.563965,4516.025879,4362.179688,4409.102539,1703.000000,1.000000,22.000000,,,,0.000000,2.000000,2.000000,0.000000,4.000000,2.000000,2.000000,0.000000,0.000000,4.000000,4.000000,4.000000,4.000000,4.000000,4.000000,0.000000,,,,,,,,,,,,,,,,,26.000000,0.000000,0.495139,0.450134,-0.571045,0.475525,0.981077,-0.105482,-0.057624,-36.085266,44.687096,31.570314
1732157955.565789,1732157955.568147,105.000000,0.000000,4281.025879,4286.922852,4314.743652,4295.512695,4283.461426,4279.615234,4333.589844,4397.436035,4158.333496,4278.077148,4486.666504,4515.769043,4359.230957,4407.820313,1611.000000,1.000000,22.000000,,,,0.000000,2.000000,2.000000,0.000000,4.000000,2.000000,2.000000,0.000000,0.000000,4.000000,4.000000,4.000000,4.000000,4.000000,4.000000,0.000000,,,,,,,,,,,,,,,,,,,,,,,,,,,,
1732157955.573597,1732157955.575755,106.000000,0.000000,4290.000000,4290.897461,4316.794922,4297.436035,4280.000000,4282.948730,4333.461426,4398.333496,4163.974121,4278.077148,4488.717773,4517.179688,4350.128418,4403.077148,1548.000000,1.000000,22.000000,,,,0.000000,2.000000,2.000000,0.000000,4.000000,2.000000,2.000000,0.000000,0.000000,4.000000,4.000000,4.000000,4.000000,4.000000,4.000000,0.000000,,,,,,,,,,,,,,,,,,,,,,,,,,,,
1732157955.581406,1732157955.583563,107.000000,0.000000,4295.641113,4285.897461,4315.769043,4300.000000,4276.538574,4282.563965,4335.897461,4397.563965,4172.179688,4281.410156,4489.102539,4510.897461,4351.794922,4402.436035,1564.000000,1.000000,22.000000,,,,0.000000,2.000000,2.000000,0.000000,4.000000,2.000000,2.000000,0.000000,0.000000,4.000000,4.000000,4.000000,4.000000,4.000000,4.000000,0.000000,,,,,,,,,,,,,,,,,,,,,,,,,,,,
1732157955.589214,1732157955.591272,108.000000,0.000000,4286.538574,4284.487305,4316.153809,4298.077148,4291.153809,4278.974121,4332.820313,4398.589844,4168.974121,4279.358887,4487.051270,4503.461426,4355.641113,4403.846191,1703.000000,1.000000,22.000000,,,,0.000000,2.000000,2.000000,0.000000,4.000000,2.000000,2.000000,0.000000,0.000000,4.000000,4.000000,4.000000,4.000000,4.000000,4.000000,0.000000,,,,,,,,,,,,,,,,,27.000000,0.000000,0.495099,0.450256,-0.570984,0.475525,0.964962,-0.096203,-0.051276,-36.195732,44.714878,31.430288
1732157955.597022,1732157955.599080,109.000000,0.000000,4281.538574,4288.846191,4317.051270,4295.256348,4300.000000,4278.333496,4328.717773,4399.615234,4165.128418,4275.512695,4488.974121,4508.846191,4351.922852,4408.333496,1611.000000,1.000000,22.000000,,,,0.000000,2.000000,2.000000,0.000000,4.000000,2.000000,2.000000,0.000000,0.000000,4.000000,4.000000,4.000000,4.000000,4.000000,4.000000,0.000000,,,,,,,,,,,,,,,,,,,,,,,,,,,,
1732157955.604830,1732157955.606688,110.000000,0.000000,4289.487305,4293.205078,4317.436035,4299.487305,4272.307617,4282.436035,4332.307617,4398.974121,4167.563965,4276.794922,4489.230957,4516.282227,4349.871582,4411.538574,1548.000000,1.000000,22.000000,,,,0.000000,2.000000,2.000000,0.000000,4.000000,2.000000,2.000000,0.000000,0.000000,4.000000,4.000000,4.000000,4.000000,4.000000,4.000000,0.000000,,,,,,,,,,,,,,,,,,,,,,,,,,,,
1732157955.612639,1732157955.614497,111.000000,0.000000,4292.051270,4292.436035,4317.179688,4302.307617,4266.153809,4287.563965,4336.538574,4397.820313,4170.384766,4278.974121,4481.538574,4512.179688,4351.025879,4409.487305,1564.000000,1.000000,22.000000,,,,0.000000,2.000000,2.000000,0.000000,4.000000,2.000000,2.000000,0.000000,0.000000,4.000000,4.000000,4.000000,4.000000,4.000000,4.000000,0.000000,,,,,,,,,,,,,,,,,,,,,,,,,,,,
1732157955.620447,1732157955.622205,112.000000,0.000000,4285.769043,4288.846191,4317.692383,4297.820313,4292.436035,4283.461426,4334.230957,4397.563965,4172.692383,4278.461426,4479.487305,4512.692383,4352.307617,4410.641113,1703.000000,1.000000,22.000000,,,,0.000000,2.000000,2.000000,0.000000,4.000000,2.000000,2.000000,0.000000,0.000000,4.000000,4.000000,4.000000,4.000000,4.000000,4.000000,0.000000,,,,,,,,,,,,,,,,,28.000000,0.000000,0.495253,0.450073,-0.571045,0.475464,0.977170,-0.104505,-0.050299,-36.135208,44.670719,31.250200
1732157955.628255,1732157955.630013,113.000000,0.000000,4283.205078,4287.307617,4318.205078,4296.025879,4282.307617,4279.615234,4335.384766,4398.846191,4168.461426,4278.205078,4487.692383,4521.666504,4356.153809,4415.384766,1611.000000,1.000000,22.000000,,,,0.000000,2.000000,2.000000,0.000000,4.000000,2.000000,2.000000,0.000000,0.000000,4.000000,4.000000,4.000000,4.000000,4.000000,4.000000,0.000000,,,,,,,,,,,,,,,,,,,,,,,,,,,,
1732157955.636063,1732157955.637621,114.000000,0.000000,4283.333496,4287.563965,4316.666504,4297.692383,4256.922852,4283.077148,4336.282227,4398.589844,4171.025879,4278.846191,4491.153809,4521.025879,4358.589844,4415.384766,1548.000000,1.000000,22.000000,,,,0.000000,2.000000,2.000000,0.000000,4.000000,2.000000,2.000000,0.000000,0.000000,4.000000,4.000000,4.000000,4.000000,4.000000,4.000000,0.000000,,,,,,,,,,,,,,,,,,,,,,,,,,,,
1732157955.643871,1732157955.645430,115.000000,0.000000,4282.692383,4287.179688,4314.358887,4297.692383,4270.000000,4284.743652,4330.256348,4396.922852,4180.256348,4280.897461,4487.563965,4511.538574,4356.922852,4412.948730,1564.000000,1.000000,22.000000,,,,0.000000,2.000000,2.000000,0.000000,4.000000,2.000000,2.000000,0.000000,0.000000,4.000000,4.000000,4.000000,4.000000,4.000000,4.000000,0.000000,,,,,,,,,,,,,,,,,,,,,,,,,,,,
1732157955.651680,1732157955.653138,116.000000,0.000000,4283.077148,4284.487305,4314.615234,4297.307617,4285.897461,4283.846191,4328.974121,4396.666504,4175.000000,4281.538574,4487.436035,4509.487305,4355.897461,4411.538574,1703.000000,1.000000,22.000000,,,,0.000000,2.000000,2.000000,0.000000,4.000000,2.000000,2.000000,0.000000,0.000000,4.000000,4.000000,4.000000,4.000000,4.000000,4.000000,0.000000,,,,,,,,,,,,,,,,,29.000000,0.000000,0.495096,0.450195,-0.570984,0.475586,0.977170,-0.104505,-0.050299,-36.527855,44.541615,31.182661
1732157955.659488,1732157955.660946,117.000000,0.000000,4282.436035,4283.974121,4314.102539,4295.384766,4280.641113,4282.563965,4333.846191,4397.436035,4170.641113,4278.974121,4486.410156,4510.512695,4356.025879,4412.436035,1611.000000,1.000000,22.000000,,,,0.000000,2.000000,2.000000,0.000000,4.000000,2.000000,2.000000,0.000000,0.000000,4.000000,4.000000,4.000000,4.000000,4.000000,4.000000,0.000000,,,,,,,,,,,,,,,,,,,,,,,,,,,,
1732157955.667296,1732157955.668555,118.000000,0.000000,4280.256348,4284.230957,4314.102539,4289.871582,4272.692383,4280.897461,4335.641113,4396.794922,4182.179688,4278.717773,4481.282227,4508.205078,4353.974121,4411.794922,1548.000000,1.000000,22.000000,,,,0.000000,2.000000,2.000000,0.000000,4.000000,2.000000,2.000000,0.000000,0.000000,4.000000,4.000000,4.000000,4.000000,4.000000,4.000000,0.000000,,,,,,,,,,,,,,,,,,,,,,,,,,,,
1732157955.675105,1732157955.676363,119.000000,0.000000,4276.666504,4280.384766,4315.512695,4284.615234,4278.974121,4280.000000,4332.307617,4396.666504,4188.974121,4278.846191,4475.641113,4506.410156,4349.615234,4406.153809,1564.000000,1.000000,22.000000,,,,0.000000,2.000000,2.000000,0.000000,4.000000,2.000000,2.000000,0.000000,0.000000,4.000000,4.000000,4.000000,4.000000,4.000000,4.000000,0.000000,,,,,,,,,,,,,,,,,,,,,,,,,,,,
1732157955.682913,1732157955.684271,120.000000,0.000000,4276.794922,4277.820313,4313.974121,4282.692383,4290.384766,4278.461426,4328.846191,4397.436035,4182.948730,4274.615234,4472.179688,4503.333496,4348.333496,4405.384766,1703.000000,1.000000,22.000000,,,,0.000000,2.000000,2.000000,0.000000,4.000000,2.000000,2.000000,0.000000,0.000000,4.000000,4.000000,4.000000,4.000000,4.000000,4.000000,0.000000,,,,,,,,,,,,,,,,,30.000000,0.000000,0.494765,0.450378,-0.570923,0.475830,0.971310,-0.103528,-0.061531,-36.449226,44.453709,31.169622
1732157955.690721,1732157955.692079,121.000000,0.000000,4280.641113,4281.922852,4311.666504,4286.666504,4277.692383,4277.307617,4328.461426,4397.436035,4182.563965,4276.153809,4479.871582,4505.512695,4351.922852,4410.769043,1611.000000,1.000000,22.000000,,,,0.000000,2.000000,2.000000,0.000000,4.000000,2.000000,2.000000,0.000000,0.000000,4.000000,4.000000,4.000000,4.000000,4.000000,4.000000,0.000000,,,,,,,,,,,,,,,,,,,,,,,,,,,,
1732157955.698529,1732157955.700087,122.000000,0.000000,4283.077148,4285.512695,4314.358887,4292.436035,4258.333496,4279.230957,4328.589844,4398.333496,4187.563965,4281.410156,4486.025879,4508.974121,4353.846191,4413.333496,1548.000000,1.000000,22.000000,,,,0.000000,2.000000,2.000000,0.000000,4.000000,2.000000,2.000000,0.000000,0.000000,4.000000,4.000000,4.000000,4.000000,4.000000,4.000000,0.000000,,,,,,,,,,,,,,,,,,,,,,,,,,,,
1732157955.706338,1732157955.707895,123.000000,0.000000,4283.077148,4281.153809,4316.410156,4293.333496,4260.897461,4279.487305,4328.205078,4396.410156,4185.897461,4279.102539,4479.615234,4506.410156,4351.922852,4410.769043,1564.000000,1.000000,22.000000,,,,0.000000,2.000000,2.000000,0.000000,4.000000,2.000000,2.000000,0.000000,0.000000,4.000000,4.000000,4.000000,4.000000,4.000000,4.000000,0.000000,,,,,,,,,,,,,,,,,,,,,,,,,,,,
1732157955.714146,1732157955.715803,124.000000,0.000000,4282.307617,4280.128418,4315.000000,4291.922852,4264.743652,4277.820313,4329.102539,4394.615234,4184.871582,4280.000000,4476.282227,4511.666504,4352.307617,4410.384766,1703.000000,1.000000,22.000000,,,,0.000000,2.000000,2.000000,0.000000,4.000000,2.000000,2.000000,0.000000,0.000000,4.000000,4.000000,4.000000,4.000000,4.000000,4.000000,0.000000,,,,,,,,,,,,,,,,,31.000000,0.000000,0.494765,0.450378,-0.570923,0.475830,0.967403,-0.093273,-0.057624,-36.368874,44.399170,31.092394
1732157955.721954,1732157955.723612,125.000000,0.000000,4282.436035,4282.436035,4314.871582,4293.589844,4269.230957,4279.615234,4329.358887,4396.282227,4183.974121,4279.743652,4478.846191,4519.358887,4354.102539,4411.922852,1611.000000,1.000000,22.000000,,,,0.000000,2.000000,2.000000,0.000000,4.000000,2.000000,2.000000,0.000000,0.000000,4.000000,4.000000,4.000000,4.000000,4.000000,4.000000,0.000000,,,,,,,,,,,,,,,,,,,,,,,,,,,,
1732157955.729762,1732157955.731220,126.000000,0.000000,4283.461426,4281.538574,4317.051270,4289.230957,4286.666504,4278.846191,4329.871582,4397.179688,4183.974121,4270.897461,4476.922852,4511.794922,4351.794922,4412.436035,1548.000000,1.000000,22.000000,,,,0.000000,2.000000,2.000000,0.000000,4.000000,2.000000,2.000000,0.000000,0.000000,4.000000,4.000000,4.000000,4.000000,4.000000,4.000000,0.000000,,,,,,,,,,,,,,,,,,,,,,,,,,,,
1732157955.737570,1732157955.739028,127.000000,0.000000,4282.307617,4279.230957,4316.153809,4283.589844,4282.179688,4276.794922,4330.897461,4395.384766,4190.512695,4270.769043,4474.871582,4504.871582,4351.282227,4411.153809,22.000000,1.000000,22.000000,,,,0.000000,2.000000,2.000000,0.000000,4.000000,2.000000,2.000000,0.000000,0.000000,4.000000,4.000000,4.000000,4.000000,4.000000,4.000000,0.000000,,,,,,,,,,,,,,,,,,,,,,,,,,,,
1732157955.745379,1732157955.746737,0.000000,0.000000,4282.307617,4280.384766,4313.077148,4286.153809,4258.846191,4277.692383,4330.641113,4396.410156,4199.102539,4281.282227,4477.563965,4510.769043,4354.615234,4411.025879,0.000000,1.000000,22.000000,,,,0.000000,2.000000,2.000000,0.000000,4.000000,2.000000,2.000000,0.000000,0.000000,4.000000,4.000000,4.000000,4.000000,4.000000,4.000000,0.000000,,,,,,,,,,,,,,,,,0.000000,0.000000,0.494694,0.450378,-0.570984,0.475830,0.972775,-0.103528,-0.053717,-36.583790,44.418327,31.264839
1732157955.753187,1732157955.754545,1.000000,0.000000,4286.025879,4282.307617,4315.769043,4290.897461,4253.333496,4277.692383,4330.000000,4397.307617,4200.000000,4282.563965,4483.461426,4513.589844,4355.897461,4413.974121,1599.000000,1.000000,22.000000,,,,0.000000,2.000000,2.000000,0.000000,4.000000,2.000000,2.000000,0.000000,0.000000,4.000000,4.000000,4.000000,4.000000,4.000000,4.000000,0.000000,,,,,,,,,,,,,,,,,,,,,,,,,,,,
1732157955.760995,1732157955.762553,2.000000,0.000000,4287.692383,4281.538574,4317.436035,4291.153809,4265.000000,4273.205078,4328.974121,4395.384766,4198.717773,4277.563965,4488.974121,4508.205078,4353.974121,4409.358887,1366.000000,1.000000,22.000000,,,,0.000000,2.000000,2.000000,0.000000,4.000000,2.000000,2.000000,0.000000,0.000000,4.000000,4.000000,4.000000,4.000000,4.000000,4.000000,0.000000,,,,,,,,,,,,,,,,,,,,,,,,,,,,
1732157955.768803,1732157955.770361,3.000000,0.000000,4283.589844,4280.641113,4313.077148,4287.563965,4278.461426,4268.205078,4329.230957,4395.384766,4202.948730,4278.717773,4483.077148,4505.897461,4350.000000,4400.256348,1424.000000,1.000000,22.000000,,,,0.000000,2.000000,2.000000,0.000000,4.000000,2.000000,2.000000,0.000000,0.000000,4.000000,4.000000,4.000000,4.000000,4.000000,4.000000,0.000000,,,,,,,,,,,,,,,,,,,,,,,,,,,,
1732157955.776612,1732157955.778269,4.000000,0.000000,4279.230957,4279.615234,4310.897461,4286.666504,4275.512695,4273.717773,4332.948730,4395.128418,4202.948730,4280.769043,4474.743652,4507.692383,4347.436035,4397.948730,1419.000000,1.000000,22.000000,,,,0.000000,2.000000,2.000000,0.000000,4.000000,2.000000,2.000000,0.000000,0.000000,4.000000,4.000000,4.000000,4.000000,4.000000,4.000000,0.000000,,,,,,,,,,,,,,,,,1.000000,0.000000,0.494911,0.450256,-0.571045,0.475647,0.978635,-0.099133,-0.056648,-36.947868,44.338844,31.404520
1732157955.784420,1732157955.786077,5.000000,0.000000,4279.230957,4279.615234,4314.102539,4289.871582,4261.794922,4287.436035,4336.153809,4394.102539,4201.794922,4280.256348,4482.563965,4508.846191,4348.589844,4400.641113,1210.000000,1.000000,22.000000,,,,0.000000,2.000000,2.000000,0.000000,4.000000,2.000000,2.000000,0.000000,0.000000,4.000000,4.000000,4.000000,4.000000,4.000000,4.000000,0.000000,,,,,,,,,,,,,,,,,,,,,,,,,,,,
1732157955.792228,1732157955.794085,6.000000,0.000000,4280.769043,4282.692383,4313.333496,4291.538574,4260.128418,4292.436035,4333.205078,4396.153809,4210.000000,4280.128418,4487.692383,4507.051270,4350.769043,4402.948730,0.000000,1.000000,22.000000,,,,0.000000,2.000000,2.000000,0.000000,4.000000,2.000000,2.000000,0.000000,0.000000,4.000000,4.000000,4.000000,4.000000,4.000000,4.000000,0.000000,,,,,,,,,,,,,,,,,,,,,,,,,,,,
1732157955.800037,1732157955.801894,7.000000,0.000000,4281.538574,4283.974121,4312.307617,4289.871582,4269.615234,4285.512695,4332.563965,4398.461426,4214.487305,4279.743652,4479.487305,4506.666504,4350.000000,4403.461426,0.000000,1.000000,22.000000,,,,0.000000,2.000000,2.000000,0.000000,4.000000,2.000000,2.000000,0.000000,0.000000,4.000000,4.000000,4.000000,4.000000,4.000000,4.000000,0.000000,,,,,,,,,,,,,,,,,,,,,,,,,,,,
1732157955.807845,1732157955.809802,8.000000,0.000000,4281.794922,4282.820313,4314.615234,4291.282227,4274.102539,4282.051270,4333.589844,4396.666504,4211.922852,4278.461426,4475.641113,4508.974121,4349.230957,4401.538574,1543.000000,1.000000,22.000000,,,,0.000000,2.000000,2.000000,0.000000,4.000000,2.000000,2.000000,0.000000,0.000000,4.000000,4.000000,4.000000,4.000000,4.000000,4.000000,0.000000,,,,,,,,,,,,,,,,,2.000000,0.000000,0.495284,0.449768,-0.571411,0.475281,0.976193,-0.100598,-0.055671,-37.022774,44.432800,31.679327
1732157955.815653,1732157955.817610,9.000000,0.000000,4281.153809,4281.538574,4315.128418,4290.641113,4274.358887,4282.820313,4329.871582,4393.589844,4217.051270,4277.436035,4475.641113,4507.692383,4349.102539,4399.230957,1688.000000,1.000000,22.000000,,,,0.000000,2.000000,2.000000,0.000000,4.000000,2.000000,2.000000,0.000000,0.000000,4.000000,4.000000,4.000000,4.000000,4.000000,4.000000,0.000000,,,,,,,,,,,,,,,,,,,,,,,,,,,,
1732157955.823461,1732157955.825618,10.000000,0.000000,4279.871582,4280.384766,4314.743652,4282.948730,4280.512695,4279.230957,4328.205078,4391.153809,4216.538574,4275.000000,4472.948730,4501.410156,4346.922852,4398.974121,1548.000000,1.000000,22.000000,,,,0.000000,2.000000,2.000000,0.000000,4.000000,2.000000,2.000000,0.000000,0.000000,4.000000,4.000000,4.000000,4.000000,4.000000,4.000000,0.000000,,,,,,,,,,,,,,,,,,,,,,,,,,,,
1732157955.831269,1732157955.833426,11.000000,0.000000,4278.077148,4280.512695,4314.358887,4282.436035,4286.410156,4276.922852,4328.205078,4392.692383,4201.410156,4271.025879,4471.538574,4500.256348,4344.743652,4397.563965,1564.000000,1.000000,22.000000,,,,0.000000,2.000000,2.000000,0.000000,4.000000,2.000000,2.000000,0.000000,0.000000,4.000000,4.000000,4.000000,4.000000,4.000000,4.000000,0.000000,,,,,,,,,,,,,,,,,,,,,,,,,,,,
1732157955.839078,1732157955.841334,12.000000,0.000000,4280.897461,4281.025879,4315.000000,4290.769043,4277.563965,4277.692383,4328.717773,4395.256348,4202.948730,4276.666504,4474.230957,4507.179688,4343.974121,4397.436035,1703.000000,1.000000,22.000000,,,,0.000000,2.000000,2.000000,0.000000,4.000000,2.000000,2.000000,0.000000,0.000000,4.000000,4.000000,4.000000,4.000000,4.000000,4.000000,0.000000,,,,,,,,,,,,,,,,,3.000000,0.000000,0.495197,0.449890,-0.571289,0.475403,0.980588,-0.097668,-0.059578,-36.946781,44.375568,31.728588
1732157955.846886,1732157955.849142,13.000000,0.000000,4284.615234,4281.410156,4316.025879,4294.358887,4259.230957,4280.769043,4327.307617,4395.641113,4218.974121,4285.769043,4476.282227,4511.922852,4347.692383,4399.230957,1608.000000,1.000000,22.000000,,,,0.000000,2.000000,2.000000,0.000000,4.000000,2.000000,2.000000,0.000000,0.000000,4.000000,4.000000,4.000000,4.000000,4.000000,4.000000,0.000000,,,,,,,,,,,,,,,,,,,,,,,,,,,,
1732157955.854694,1732157955.857150,14.000000,0.000000,4283.974121,4280.641113,4314.615234,4292.948730,4261.666504,4282.051270,4326.410156,4396.025879,4218.974121,4285.000000,4477.307617,4505.128418,4351.922852,4398.717773,1548.000000,1.000000,22.000000,,,,0.000000,2.000000,2.000000,0.000000,4.000000,2.000000,2.000000,0.000000,0.000000,4.000000,4.000000,4.000000,4.000000,4.000000,4.000000,0.000000,1.000000,0.000000,2.000000,2.000000,0.000000,4.000000,1.000000,2.000000,0.000000,0.000000,3.000000,3.000000,4.000000,4.000000,4.000000,4.000000,,,,,,,,,,,,
1732157955.862502,1732157955.864959,15.000000,0.000000,4280.256348,4279.230957,4315.256348,4290.384766,4278.461426,4281.538574,4330.000000,4397.307617,4217.948730,4282.051270,4476.153809,4498.333496,4349.615234,4397.436035,1564.000000,1.000000,22.000000,,,,0.000000,2.000000,2.000000,0.000000,4.000000,2.000000,2.000000,0.000000,0.000000,4.000000,4.000000,4.000000,4.000000,4.000000,4.000000,0.000000,,,,,,,,,,,,,,,,,,,,,,,,,,,,
1732157955.870311,1732157955.872867,16.000000,0.000000,4276.922852,4276.666504,4316.794922,4287.051270,4276.922852,4285.769043,4336.025879,4396.538574,4231.025879,4284.487305,4472.948730,4499.615234,4343.205078,4397.179688,0.000000,1.000000,22.000000,,,,0.000000,2.000000,2.000000,0.000000,4.000000,2.000000,2.000000,0.000000,0.000000,4.000000,4.000000,4.000000,4.000000,4.000000,4.000000,0.000000,,,,,,,,,,,,,,,,,4.000000,0.000000,0.495209,0.449890,-0.571228,0.475464,0.970333,-0.102063,-0.047369,-36.580227,44.319210,31.681824
1732157955.878119,1732157955.880675,17.000000,0.000000,4276.153809,4276.282227,4316.025879,4284.871582,4278.333496,4285.512695,4336.410156,4394.102539,4231.282227,4283.589844,4472.820313,4497.179688,4340.512695,4395.384766,0.000000,1.000000,22.000000,,,,0.000000,2.000000,2.000000,0.000000,4.000000,2.000000,2.000000,0.000000,0.000000,4.000000,4.000000,4.000000,4.000000,4.000000,4.000000,0.000000,,,,,,,,,,,,,,,,,,,,,,,,,,,,
1732157955.885927,1732157955.888283,18.000000,0.000000,4278.461426,4277.436035,4316.922852,4286.410156,4294.871582,4282.436035,4332.948730,4392.179688,4218.333496,4278.717773,4472.307617,4490.769043,4342.820313,4394.487305,0.000000,1.000000,22.000000,,,,0.000000,2.000000,2.000000,0.000000,4.000000,2.000000,2.000000,0.000000,0.000000,4.000000,4.000000,4.000000,4.000000,4.000000,4.000000,0.000000,,,,,,,,,,,,,,,,,,,,,,,,,,,,
1732157955.893736,1732157955.896092,19.000000,0.000000,4279.743652,4277.051270,4317.692383,4290.256348,4287.563965,4287.563965,4332.948730,4391.025879,4213.717773,4275.897461,4470.384766,4492.051270,4342.820313,4397.307617,0.000000,1.000000,22.000000,,,,0.000000,2.000000,2.000000,0.000000,4.000000,2.000000,2.000000,0.000000,0.000000,4.000000,4.000000,4.000000,4.000000,4.000000,4.000000,0.000000,,,,,,,,,,,,,,,,,,,,,,,,,,,,
1732157955.901544,1732157955.903800,20.000000,0.000000,4278.589844,4276.282227,4316.666504,4289.743652,4262.948730,4291.794922,4333.846191,4394.487305,4215.512695,4275.000000,4469.871582,4495.256348,4340.641113,4397.948730,0.000000,1.000000,22.000000,,,,0.000000,2.000000,2.000000,0.000000,4.000000,2.000000,2.000000,0.000000,0.000000,4.000000,4.000000,4.000000,4.000000,4.000000,4.000000,0.000000,,,,,,,,,,,,,,,,,5.000000,0.000000,0.495255,0.449890,-0.571289,0.475342,0.979612,-0.083995,-0.055671,-36.634983,44.331894,31.665611
1732157955.909352,1732157955.911608,21.000000,0.000000,4280.128418,4277.692383,4315.384766,4289.358887,4262.692383,4285.512695,4332.820313,4395.256348,4224.102539,4277.179688,4473.461426,4492.563965,4345.897461,4399.358887,0.000000,1.000000,22.000000,,,,0.000000,2.000000,2.000000,0.000000,4.000000,2.000000,2.000000,0.000000,0.000000,4.000000,4.000000,4.000000,4.000000,4.000000,4.000000,0.000000,,,,,,,,,,,,,,,,,,,,,,,,,,,,
1732157955.917160,1732157955.919216,22.000000,0.000000,4281.922852,4280.769043,4315.128418,4292.563965,4274.102539,4280.000000,4332.948730,4392.820313,4232.563965,4279.487305,4477.563965,4496.025879,4349.358887,4406.922852,0.000000,1.000000,22.000000,,,,0.000000,2.000000,2.000000,0.000000,4.000000,2.000000,2.000000,0.000000,0.000000,4.000000,4.000000,4.000000,4.000000,4.000000,4.000000,0.000000,,,,,,,,,,,,,,,,,,,,,,,,,,,,
1732157955.924968,1732157955.927025,23.000000,0.000000,4281.666504,4281.025879,4315.641113,4294.230957,4271.153809,4280.897461,4333.461426,4395.384766,4228.333496,4279.358887,4477.948730,4504.230957,4346.922852,4414.487305,0.000000,1.000000,22.000000,,,,0.000000,2.000000,2.000000,0.000000,4.000000,2.000000,2.000000,0.000000,0.000000,4.000000,4.000000,4.000000,4.000000,4.000000,4.000000,0.000000,,,,,,,,,,,,,,,,,,,,,,,,,,,,
1732157955.932777,1732157955.934733,24.000000,0.000000,4283.205078,4278.333496,4317.436035,4292.436035,4275.641113,4280.512695,4332.820313,4397.307617,4224.102539,4278.717773,4478.461426,4504.102539,4348.717773,4413.333496,0.000000,1.000000,22.000000,,,,0.000000,2.000000,2.000000,0.000000,4.000000,2.000000,2.000000,0.000000,0.000000,4.000000,4.000000,4.000000,4.000000,4.000000,4.000000,0.000000,,,,,,,,,,,,,,,,,6.000000,0.000000,0.495168,0.450012,-0.571167,0.475464,0.963008,-0.085460,-0.057624,-36.596001,44.393833,31.612478
1732157955.940585,1732157955.942541,25.000000,0.000000,4282.948730,4277.820313,4317.179688,4291.153809,4283.717773,4280.384766,4332.820313,4394.358887,4231.410156,4279.743652,4478.846191,4501.410156,4352.179688,4403.974121,0.000000,1.000000,22.000000,,,,0.000000,2.000000,2.000000,0.000000,4.000000,2.000000,2.000000,0.000000,0.000000,4.000000,4.000000,4.000000,4.000000,4.000000,4.000000,0.000000,,,,,,,,,,,,,,,,,,,,,,,,,,,,
1732157955.948393,1732157955.950150,26.000000,0.000000,4281.153809,4278.077148,4314.358887,4291.025879,4274.743652,4281.794922,4335.641113,4392.820313,4235.256348,4280.897461,4477.563965,4502.179688,4350.897461,4401.153809,0.000000,1.000000,22.000000,,,,0.000000,2.000000,2.000000,0.000000,4.000000,2.000000,2.000000,0.000000,0.000000,4.000000,4.000000,4.000000,4.000000,4.000000,4.000000,0.000000,,,,,,,,,,,,,,,,,,,,,,,,,,,,
1732157955.956201,1732157955.957958,27.000000,0.000000,4282.692383,4278.461426,4314.871582,4289.743652,4283.461426,4281.410156,4336.025879,4392.820313,4229.615234,4278.205078,4474.743652,4504.871582,4349.871582,4408.077148,0.000000,1.000000,22.000000,,,,0.000000,2.000000,2.000000,0.000000,4.000000,2.000000,2.000000,0.000000,0.000000,4.000000,4.000000,4.000000,4.000000,4.000000,4.000000,0.000000,,,,,,,,,,,,,,,,,,,,,,,,,,,,
1732157955.964010,1732157955.965666,28.000000,0.000000,4284.871582,4278.589844,4316.538574,4293.333496,4301.282227,4280.641113,4333.205078,4392.948730,4229.615234,4276.025879,4473.846191,4506.794922,4351.538574,4409.743652,0.000000,1.000000,22.000000,,,,0.000000,2.000000,2.000000,0.000000,4.000000,2.000000,2.000000,0.000000,0.000000,4.000000,4.000000,4.000000,4.000000,4.000000,4.000000,0.000000,,,,,,,,,,,,,,,,,7.000000,0.000000,0.495168,0.450012,-0.571167,0.475464,0.967403,-0.099622,-0.055671,-36.504429,44.429005,31.434441
1732157955.971818,1732157955.973474,29.000000,0.000000,4281.410156,4278.077148,4315.000000,4295.128418,4283.205078,4280.000000,4334.102539,4395.256348,4233.846191,4278.205078,4473.846191,4505.512695,4350.897461,4401.025879,0.000000,1.000000,22.000000,,,,0.000000,2.000000,2.000000,0.000000,4.000000,2.000000,2.000000,0.000000,0.000000,4.000000,4.000000,4.000000,4.000000,4.000000,4.000000,0.000000,,,,,,,,,,,,,,,,,,,,,,,,,,,,
1732157955.979626,1732157955.981083,30.000000,0.000000,4279.358887,4279.102539,4314.615234,4292.820313,4258.077148,4281.538574,4335.384766,4396.025879,4233.333496,4278.589844,4471.922852,4503.077148,4349.615234,4400.128418,0.000000,1.000000,22.000000,,,,0.000000,2.000000,2.000000,0.000000,4.000000,2.000000,2.000000,0.000000,0.000000,4.000000,4.000000,4.000000,4.000000,4.000000,4.000000,0.000000,,,,,,,,,,,,,,,,,,,,,,,,,,,,
1732157955.987435,1732157955.988891,31.000000,0.000000,4286.282227,4281.282227,4317.307617,4293.846191,4264.487305,4281.538574,4334.358887,4393.333496,4231.282227,4276.282227,4473.461426,4506.282227,4350.512695,4409.487305,0.000000,1.000000,22.000000,,,,0.000000,2.000000,2.000000,0.000000,4.000000,2.000000,2.000000,0.000000,0.000000,4.000000,4.000000,4.000000,4.000000,4.000000,4.000000,0.000000,,,,,,,,,,,,,,,,,,,,,,,,,,,,
1732157955.995243,1732157955.996599,32.000000,0.000000,4289.358887,4281.922852,4316.794922,4296.922852,4275.897461,4280.769043,4334.743652,4393.077148,4233.846191,4278.974121,4477.436035,4508.077148,4352.563965,4409.358887,0.000000,1.000000,22.000000,,,,0.000000,2.000000,2.000000,0.000000,4.000000,2.000000,2.000000,0.000000,0.000000,4.000000,4.000000,4.000000,4.000000,4.000000,4.000000,0.000000,,,,,,,,,,,,,,,,,8.000000,0.000000,0.494908,0.450195,-0.571045,0.475708,0.978147,-0.098645,-0.053717,-36.520252,44.199162,31.335230
1732157956.003051,1732157956.004407,33.000000,0.000000,4283.205078,4280.897461,4313.077148,4293.589844,4281.538574,4279.230957,4332.179688,4392.692383,4236.025879,4281.922852,4477.179688,4507.051270,4352.692383,4401.410156,0.000000,1.000000,22.000000,,,,0.000000,2.000000,2.000000,0.000000,4.000000,2.000000,2.000000,0.000000,0.000000,4.000000,4.000000,4.000000,4.000000,4.000000,4.000000,0.000000,,,,,,,,,,,,,,,,,,,,,,,,,,,,
1732157956.010859,1732157956.012016,34.000000,0.000000,4282.563965,4280.897461,4313.077148,4291.025879,4286.153809,4277.307617,4329.358887,4391.282227,4231.025879,4277.307617,4474.743652,4506.153809,4349.615234,4402.820313,0.000000,1.000000,22.000000,,,,0.000000,2.000000,2.000000,0.000000,4.000000,2.000000,2.000000,0.000000,0.000000,4.000000,4.000000,4.000000,4.000000,4.000000,4.000000,0.000000,,,,,,,,,,,,,,,,,,,,,,,,,,,,
1732157956.018667,1732157956.019824,35.000000,0.000000,4289.358887,4282.179688,4316.153809,4295.256348,4273.589844,4277.179688,4332.820313,4393.077148,4231.282227,4274.743652,4476.538574,4505.769043,4349.871582,4412.436035,0.000000,1.000000,22.000000,,,,0.000000,2.000000,2.000000,0.000000,4.000000,2.000000,2.000000,0.000000,0.000000,4.000000,4.000000,4.000000,4.000000,4.000000,4.000000,0.000000,,,,,,,,,,,,,,,,,,,,,,,,,,,,
1732157956.026476,1732157956.027732,36.000000,0.000000,4288.205078,4283.333496,4316.410156,4297.563965,4258.461426,4276.922852,4336.538574,4394.358887,4242.051270,4279.743652,4479.487305,4507.563965,4352.948730,4415.384766,0.000000,1.000000,22.000000,,,,0.000000,2.000000,2.000000,0.000000,4.000000,2.000000,2.000000,0.000000,0.000000,4.000000,4.000000,4.000000,4.000000,4.000000,4.000000,0.000000,,,,,,,,,,,,,,,,,9.000000,0.000000,0.494780,0.450439,-0.570862,0.475830,0.970822,-0.085460,-0.049811,-36.599739,44.212986,31.388203
1732157956.034284,1732157956.035540,37.000000,0.000000,4281.922852,4281.538574,4317.179688,4293.589844,4264.871582,4275.512695,4335.128418,4393.846191,4247.948730,4281.922852,4477.692383,4505.256348,4352.307617,4412.307617,0.000000,1.000000,22.000000,,,,0.000000,2.000000,2.000000,0.000000,4.000000,2.000000,2.000000,0.000000,0.000000,4.000000,4.000000,4.000000,4.000000,4.000000,4.000000,0.000000,,,,,,,,,,,,,,,,,,,,,,,,,,,,
1732157956.042092,1732157956.043149,38.000000,0.000000,4280.769043,4278.333496,4317.436035,4291.666504,4273.717773,4277.179688,4334.358887,4394.102539,4247.692383,4278.846191,4476.282227,4498.461426,4351.282227,4413.205078,0.000000,1.000000,22.000000,,,,0.000000,2.000000,2.000000,0.000000,4.000000,2.000000,2.000000,0.000000,0.000000,4.000000,4.000000,4.000000,4.000000,4.000000,4.000000,0.000000,,,,,,,,,,,,,,,,,,,,,,,,,,,,
1732157956.049900,1732157956.050957,39.000000,0.000000,4281.153809,4280.128418,4316.410156,4294.102539,4272.563965,4281.025879,4335.641113,4394.358887,4246.153809,4277.563965,4477.563965,4499.871582,4356.153809,4414.358887,0.000000,1.000000,22.000000,,,,0.000000,2.000000,2.000000,0.000000,4.000000,2.000000,2.000000,0.000000,0.000000,4.000000,4.000000,4.000000,4.000000,4.000000,4.000000,0.000000,,,,,,,,,,,,,,,,,,,,,,,,,,,,
1732157956.057709,1732157956.058665,40.000000,0.000000,4281.025879,4282.563965,4315.512695,4295.769043,4283.717773,4280.897461,4334.358887,4392.948730,4243.333496,4278.333496,4478.333496,4501.794922,4360.769043,4412.692383,0.000000,1.000000,22.000000,,,,0.000000,2.000000,2.000000,0.000000,4.000000,2.000000,2.000000,0.000000,0.000000,4.000000,4.000000,4.000000,4.000000,4.000000,4.000000,0.000000,,,,,,,,,,,,,,,,,10.000000,0.000000,0.494985,0.450317,-0.570984,0.475586,0.976193,-0.090831,-0.059089,-36.789124,44.332520,31.586111
1732157956.065517,1732157956.066474,41.000000,0.000000,4280.897461,4281.794922,4316.922852,4295.000000,4295.512695,4277.051270,4333.846191,4393.717773,4245.769043,4279.102539,4476.794922,4497.436035,4356.666504,4412.179688,0.000000,1.000000,22.000000,,,,0.000000,2.000000,2.000000,0.000000,4.000000,2.000000,2.000000,0.000000,0.000000,4.000000,4.000000,4.000000,4.000000,4.000000,4.000000,0.000000,,,,,,,,,,,,,,,,,,,,,,,,,,,,
1732157956.073325,1732157956.074082,42.000000,0.000000,4280.256348,4280.897461,4315.384766,4295.000000,4276.922852,4277.051270,4333.333496,4393.974121,4252.179688,4280.000000,4476.282227,4498.461426,4352.563965,4412.179688,0.000000,1.000000,22.000000,,,,0.000000,2.000000,2.000000,0.000000,4.000000,2.000000,2.000000,0.000000,0.000000,4.000000,4.000000,4.000000,4.000000,4.000000,4.000000,0.000000,,,,,,,,,,,,,,,,,,,,,,,,,,,,
1732157956.081133,1732157956.081890,43.000000,0.000000,4279.615234,4279.871582,4309.871582,4296.538574,4254.102539,4281.282227,4332.948730,4390.641113,4250.000000,4280.641113,4477.307617,4504.615234,4352.307617,4408.974121,0.000000,1.000000,22.000000,,,,0.000000,2.000000,2.000000,0.000000,4.000000,2.000000,2.000000,0.000000,0.000000,4.000000,4.000000,4.000000,4.000000,4.000000,4.000000,0.000000,,,,,,,,,,,,,,,,,,,,,,,,,,,,
1732157956.088942,1732157956.089798,44.000000,0.000000,4279.487305,4279.230957,4311.922852,4295.897461,4270.512695,4279.871582,4333.974121,4389.102539,4243.846191,4278.717773,4475.769043,4498.717773,4350.512695,4402.179688,0.000000,1.000000,22.000000,,,,0.000000,2.000000,2.000000,0.000000,4.000000,2.000000,2.000000,0.000000,0.000000,4.000000,4.000000,4.000000,4.000000,4.000000,4.000000,0.000000,,,,,,,,,,,,,,,,,11.000000,0.000000,0.494885,0.450439,-0.570923,0.475647,0.976193,-0.090831,-0.059089,-36.860855,44.364342,31.443083
1732157956.096750,1732157956.097606,45.000000,0.000000,4280.512695,4280.384766,4317.051270,4294.871582,4291.282227,4274.743652,4334.615234,4392.563965,4248.077148,4274.615234,4473.717773,4495.128418,4349.871582,4398.717773,0.000000,1.000000,22.000000,,,,0.000000,2.000000,2.000000,0.000000,4.000000,2.000000,2.000000,0.000000,0.000000,4.000000,4.000000,4.000000,4.000000,4.000000,4.000000,0.000000,,,,,,,,,,,,,,,,,,,,,,,,,,,,
1732157956.104558,1732157956.105614,46.000000,0.000000,4281.153809,4280.641113,4314.487305,4296.025879,4273.077148,4276.025879,4334.102539,4393.846191,4252.692383,4276.410156,4474.487305,4498.974121,4349.871582,4399.743652,0.000000,1.000000,22.000000,,,,0.000000,2.000000,2.000000,0.000000,4.000000,2.000000,2.000000,0.000000,0.000000,4.000000,4.000000,4.000000,4.000000,4.000000,4.000000,0.000000,,,,,,,,,,,,,,,,,,,,,,,,,,,,
1732157956.112366,1732157956.113423,47.000000,0.000000,4281.282227,4278.717773,4311.794922,4296.922852,4255.641113,4277.948730,4333.717773,4390.384766,4249.230957,4279.871582,4474.487305,4501.025879,4348.974121,4399.615234,0.000000,1.000000,22.000000,,,,0.000000,2.000000,2.000000,0.000000,4.000000,2.000000,2.000000,0.000000,0.000000,4.000000,4.000000,4.000000,4.000000,4.000000,4.000000,0.000000,,,,,,,,,,,,,,,,,,,,,,,,,,,,
1732157956.120175,1732157956.121331,48.000000,0.000000,4281.794922,4279.743652,4315.641113,4297.692383,4264.230957,4275.769043,4335.128418,4388.974121,4247.436035,4273.974121,4473.461426,4502.051270,4351.282227,4397.820313,0.000000,1.000000,22.000000,,,,0.000000,2.000000,2.000000,0.000000,4.000000,2.000000,2.000000,0.000000,0.000000,4.000000,4.000000,4.000000,4.000000,4.000000,4.000000,0.000000,,,,,,,,,,,,,,,,,12.000000,0.000000,0.495013,0.450195,-0.571106,0.475525,0.970822,-0.099133,-0.063973,-36.758961,44.355118,31.583897
1732157956.127983,1732157956.129139,49.000000,0.000000,4280.641113,4281.153809,4317.820313,4297.563965,4277.051270,4275.641113,4335.000000,4390.512695,4247.436035,4268.461426,4472.563965,4501.794922,4349.743652,4397.051270,0.000000,1.000000,22.000000,,,,0.000000,2.000000,2.000000,0.000000,4.000000,2.000000,2.000000,0.000000,0.000000,4.000000,4.000000,4.000000,4.000000,4.000000,4.000000,0.000000,,,,,,,,,,,,,,,,,,,,,,,,,,,,
1732157956.135791,1732157956.137147,50.000000,0.000000,4282.179688,4279.615234,4315.897461,4296.538574,4278.333496,4279.230957,4334.230957,4392.948730,4247.051270,4273.846191,4471.794922,4500.512695,4344.487305,4403.717773,0.000000,1.000000,22.000000,,,,0.000000,2.000000,2.000000,0.000000,4.000000,2.000000,2.000000,0.000000,0.000000,4.000000,4.000000,4.000000,4.000000,4.000000,4.000000,0.000000,,,,,,,,,,,,,,,,,,,,,,,,,,,,
1732157956.143599,1732157956.144955,51.000000,0.000000,4290.000000,4278.461426,4313.589844,4296.794922,4271.153809,4278.589844,4335.512695,4393.846191,4250.256348,4280.128418,4473.077148,4499.871582,4349.230957,4412.820313,0.000000,1.000000,22.000000,,,,0.000000,2.000000,2.000000,0.000000,4.000000,2.000000,2.000000,0.000000,0.000000,4.000000,4.000000,4.000000,4.000000,4.000000,4.000000,0.000000,,,,,,,,,,,,,,,,,,,,,,,,,,,,
1732157956.151408,1732157956.152863,52.000000,0.000000,4296.025879,4279.743652,4311.025879,4295.512695,4278.205078,4271.025879,4334.358887,4392.307617,4251.153809,4278.205078,4475.512695,4499.743652,4357.307617,4413.333496,0.000000,1.000000,22.000000,,,,0.000000,2.000000,2.000000,0.000000,4.000000,2.000000,2.000000,0.000000,0.000000,4.000000,4.000000,4.000000,4.000000,4.000000,4.000000,0.000000,,,,,,,,,,,,,,,,,13.000000,0.000000,0.495126,0.449890,-0.571350,0.475403,0.974728,-0.096203,-0.059578,-36.789757,44.322643,31.602957
1732157956.159216,1732157956.160672,53.000000,0.000000,4294.743652,4281.282227,4311.282227,4296.282227,4293.589844,4270.256348,4332.307617,4390.128418,4248.846191,4276.153809,4474.743652,4500.769043,4353.461426,4412.692383,0.000000,1.000000,22.000000,,,,0.000000,2.000000,2.000000,0.000000,4.000000,2.000000,2.000000,0.000000,0.000000,4.000000,4.000000,4.000000,4.000000,4.000000,4.000000,0.000000,,,,,,,,,,,,,,,,,,,,,,,,,,,,
1732157956.167024,1732157956.168680,54.000000,0.000000,4292.179688,4280.000000,4316.666504,4299.487305,4279.230957,4277.307617,4333.461426,4391.025879,4256.282227,4277.436035,4473.717773,4503.205078,4350.384766,4415.256348,0.000000,1.000000,22.000000,,,,0.000000,2.000000,2.000000,0.000000,4.000000,2.000000,2.000000,0.000000,0.000000,4.000000,4.000000,4.000000,4.000000,4.000000,4.000000,0.000000,,,,,,,,,,,,,,,,,,,,,,,,,,,,
1732157956.174832,1732157956.176488,55.000000,0.000000,4290.512695,4279.743652,4317.692383,4298.461426,4253.717773,4280.512695,4334.871582,4393.205078,4265.641113,4278.974121,4473.717773,4500.384766,4353.461426,4408.589844,0.000000,1.000000,22.000000,,,,0.000000,2.000000,2.000000,0.000000,4.000000,2.000000,2.000000,0.000000,0.000000,4.000000,4.000000,4.000000,4.000000,4.000000,4.000000,0.000000,,,,,,,,,,,,,,,,,,,,,,,,,,,,
1732157956.182641,1732157956.184396,56.000000,0.000000,4290.512695,4280.897461,4314.743652,4296.025879,4272.692383,4277.692383,4334.102539,4393.717773,4263.461426,4277.436035,4467.179688,4496.922852,4347.692383,4397.307617,0.000000,1.000000,22.000000,,,,0.000000,2.000000,2.000000,0.000000,4.000000,2.000000,2.000000,0.000000,0.000000,4.000000,4.000000,4.000000,4.000000,4.000000,4.000000,0.000000,,,,,,,,,,,,,,,,,14.000000,0.000000,0.495225,0.449768,-0.571411,0.475342,0.971310,-0.103528,-0.050787,-36.538036,44.216343,31.773396
1732157956.190449,1732157956.192204,57.000000,0.000000,4288.589844,4280.512695,4315.000000,4298.333496,4294.871582,4277.948730,4333.974121,4393.205078,4260.384766,4275.128418,4461.410156,4496.922852,4342.436035,4397.563965,0.000000,1.000000,22.000000,,,,0.000000,2.000000,2.000000,0.000000,4.000000,2.000000,2.000000,0.000000,0.000000,4.000000,4.000000,4.000000,4.000000,4.000000,4.000000,0.000000,,,,,,,,,,,,,,,,,,,,,,,,,,,,
1732157956.198257,1732157956.200212,58.000000,0.000000,4284.358887,4281.153809,4316.410156,4303.205078,4273.974121,4281.282227,4334.102539,4392.436035,4262.179688,4276.538574,4464.615234,4496.282227,4346.922852,4400.256348,0.000000,1.000000,22.000000,,,,0.000000,2.000000,2.000000,0.000000,4.000000,2.000000,2.000000,0.000000,0.000000,4.000000,4.000000,4.000000,4.000000,4.000000,4.000000,0.000000,,,,,,,,,,,,,,,,,,,,,,,,,,,,
1732157956.206065,1732157956.208020,59.000000,0.000000,4284.487305,4281.666504,4315.897461,4307.179688,4259.743652,4281.794922,4332.820313,4392.948730,4267.820313,4279.230957,4469.487305,4496.794922,4350.512695,4398.077148,0.000000,1.000000,22.000000,,,,0.000000,2.000000,2.000000,0.000000,4.000000,2.000000,2.000000,0.000000,0.000000,4.000000,4.000000,4.000000,4.000000,4.000000,4.000000,0.000000,,,,,,,,,,,,,,,,,,,,,,,,,,,,
1732157956.213874,1732157956.215928,60.000000,0.000000,4286.666504,4281.666504,4317.436035,4307.051270,4276.025879,4280.128418,4333.333496,4392.563965,4273.717773,4280.769043,4471.410156,4498.717773,4349.358887,4398.974121,0.000000,1.000000,22.000000,,,,0.000000,2.000000,2.000000,0.000000,4.000000,2.000000,2.000000,0.000000,0.000000,4.000000,4.000000,4.000000,4.000000,4.000000,4.000000,0.000000,,,,,,,,,,,,,,,,,15.000000,0.000000,0.495257,0.449707,-0.571533,0.475220,0.984984,-0.093273,-0.061531,-36.657475,43.921902,31.974783
1732157956.221682,1732157956.223737,61.000000,0.000000,4286.153809,4283.077148,4320.384766,4303.974121,4285.256348,4279.230957,4334.358887,4390.256348,4270.000000,4279.743652,4472.051270,4503.974121,4348.077148,4398.333496,0.000000,1.000000,22.000000,,,,0.000000,2.000000,2.000000,0.000000,4.000000,2.000000,2.000000,0.000000,0.000000,4.000000,4.000000,4.000000,4.000000,4.000000,4.000000,0.000000,,,,,,,,,,,,,,,,,,,,,,,,,,,,
1732157956.229490,1732157956.231745,62.000000,0.000000,4289.230957,4283.846191,4316.025879,4302.692383,4275.384766,4281.666504,4333.589844,4388.589844,4262.436035,4277.563965,4473.717773,4506.666504,4350.000000,4400.256348,0.000000,1.000000,22.000000,,,,0.000000,2.000000,2.000000,0.000000,4.000000,2.000000,2.000000,0.000000,0.000000,4.000000,4.000000,4.000000,4.000000,4.000000,4.000000,0.000000,,,,,,,,,,,,,,,,,,,,,,,,,,,,
1732157956.237298,1732157956.239553,63.000000,0.000000,4293.589844,4282.051270,4311.538574,4300.897461,4274.743652,4277.051270,4333.461426,4388.717773,4263.846191,4277.820313,4474.230957,4507.051270,4351.922852,4407.820313,0.000000,1.000000,22.000000,,,,0.000000,2.000000,2.000000,0.000000,4.000000,2.000000,2.000000,0.000000,0.000000,4.000000,4.000000,4.000000,4.000000,4.000000,4.000000,0.000000,,,,,,,,,,,,,,,,,,,,,,,,,,,,
1732157956.245107,1732157956.247261,64.000000,0.000000,4288.717773,4280.512695,4314.487305,4294.358887,4290.256348,4264.230957,4335.512695,4390.384766,4265.000000,4277.820313,4472.436035,4505.384766,4352.051270,4407.563965,0.000000,1.000000,22.000000,,,,0.000000,2.000000,2.000000,0.000000,4.000000,2.000000,2.000000,0.000000,0.000000,4.000000,4.000000,4.000000,4.000000,4.000000,4.000000,0.000000,,,,,,,,,,,,,,,,,16.000000,0.000000,0.495498,0.449402,-0.571716,0.475037,0.980588,-0.098645,-0.057136,-36.627556,44.051743,31.902908
1732157956.252915,1732157956.255069,65.000000,0.000000,4284.615234,4281.538574,4316.922852,4294.871582,4287.820313,4267.179688,4332.307617,4393.461426,4265.512695,4276.922852,4470.641113,4505.128418,4350.128418,4401.410156,1599.000000,1.000000,22.000000,,,,0.000000,2.000000,2.000000,0.000000,4.000000,2.000000,2.000000,0.000000,0.000000,4.000000,4.000000,4.000000,4.000000,4.000000,4.000000,0.000000,,,,,,,,,,,,,,,,,,,,,,,,,,,,
1732157956.260723,1732157956.262678,66.000000,0.000000,4291.922852,4280.769043,4314.230957,4301.153809,4262.948730,4277.051270,4327.692383,4393.333496,4274.230957,4277.307617,4471.922852,4506.922852,4350.256348,4404.871582,1366.000000,1.000000,22.000000,,,,0.000000,2.000000,2.000000,0.000000,4.000000,2.000000,2.000000,0.000000,0.000000,4.000000,4.000000,4.000000,4.000000,4.000000,4.000000,0.000000,,,,,,,,,,,,,,,,,,,,,,,,,,,,
1732157956.268531,1732157956.270486,67.000000,0.000000,4296.666504,4281.794922,4315.256348,4303.077148,4257.820313,4275.512695,4330.384766,4391.666504,4279.230957,4279.743652,4473.846191,4507.692383,4351.282227,4411.666504,1424.000000,1.000000,22.000000,,,,0.000000,2.000000,2.000000,0.000000,4.000000,2.000000,2.000000,0.000000,0.000000,4.000000,4.000000,4.000000,4.000000,4.000000,4.000000,0.000000,,,,,,,,,,,,,,,,,,,,,,,,,,,,
1732157956.276340,1732157956.278194,68.000000,0.000000,4295.256348,4285.897461,4318.846191,4301.922852,4271.666504,4270.512695,4334.615234,4392.051270,4276.666504,4280.769043,4472.948730,4507.436035,4350.256348,4413.077148,1419.000000,1.000000,22.000000,,,,0.000000,2.000000,2.000000,0.000000,4.000000,2.000000,2.000000,0.000000,0.000000,4.000000,4.000000,4.000000,4.000000,4.000000,4.000000,0.000000,,,,,,,,,,,,,,,,,17.000000,0.000000,0.495498,0.449402,-0.571716,0.475037,0.983030,-0.109388,-0.060554,-36.843319,44.051910,31.919689
1732157956.284148,1732157956.286002,69.000000,0.000000,4294.487305,4285.769043,4317.051270,4299.615234,4266.538574,4273.077148,4334.230957,4393.461426,4277.948730,4280.384766,4473.974121,4507.436035,4350.641113,4412.563965,1212.000000,1.000000,22.000000,,,,0.000000,2.000000,2.000000,0.000000,4.000000,2.000000,2.000000,0.000000,0.000000,4.000000,4.000000,4.000000,4.000000,4.000000,4.000000,0.000000,,,,,,,,,,,,,,,,,,,,,,,,,,,,
1732157956.291956,1732157956.293611,70.000000,0.000000,4291.666504,4282.307617,4313.974121,4295.256348,4270.256348,4274.230957,4334.102539,4393.333496,4279.615234,4279.615234,4474.743652,4501.794922,4351.153809,4408.589844,0.000000,1.000000,22.000000,,,,0.000000,2.000000,2.000000,0.000000,4.000000,2.000000,2.000000,0.000000,0.000000,4.000000,4.000000,4.000000,4.000000,4.000000,4.000000,0.000000,,,,,,,,,,,,,,,,,,,,,,,,,,,,
1732157956.299764,1732157956.301419,71.000000,0.000000,4288.461426,4281.538574,4316.153809,4295.641113,4288.974121,4270.897461,4335.641113,4392.179688,4277.820313,4279.615234,4472.948730,4495.128418,4350.384766,4404.615234,0.000000,1.000000,22.000000,,,,0.000000,2.000000,2.000000,0.000000,4.000000,2.000000,2.000000,0.000000,0.000000,4.000000,4.000000,4.000000,4.000000,4.000000,4.000000,0.000000,,,,,,,,,,,,,,,,,,,,,,,,,,,,
1732157956.307572,1732157956.309127,72.000000,0.000000,4292.179688,4283.077148,4315.000000,4301.282227,4277.692383,4273.333496,4335.512695,4392.307617,4278.589844,4278.717773,4472.948730,4496.410156,4350.128418,4403.974121,1538.000000,1.000000,22.000000,,,,0.000000,2.000000,2.000000,0.000000,4.000000,2.000000,2.000000,0.000000,0.000000,4.000000,4.000000,4.000000,4.000000,4.000000,4.000000,0.000000,,,,,,,,,,,,,,,,,18.000000,0.000000,0.495356,0.449585,-0.571594,0.475159,0.978635,-0.102063,-0.043462,-36.588089,44.073715,31.649948
1732157956.315381,1732157956.316936,73.000000,0.000000,4290.897461,4282.179688,4313.717773,4301.282227,4259.358887,4277.820313,4334.615234,4394.871582,4281.794922,4278.333496,4470.897461,4494.615234,4350.769043,4400.897461,1686.000000,1.000000,22.000000,,,,0.000000,2.000000,2.000000,0.000000,4.000000,2.000000,2.000000,0.000000,0.000000,4.000000,4.000000,4.000000,4.000000,4.000000,4.000000,0.000000,,,,,,,,,,,,,,,,,,,,,,,,,,,,
1732157956.323189,1732157956.324544,74.000000,0.000000,4284.615234,4281.538574,4317.948730,4300.769043,4262.563965,4279.487305,4333.717773,4394.615234,4280.641113,4279.102539,4465.000000,4489.230957,4351.282227,4398.205078,1548.000000,1.000000,22.000000,,,,0.000000,2.000000,2.000000,0.000000,4.000000,2.000000,2.000000,0.000000,0.000000,4.000000,4.000000,4.000000,4.000000,4.000000,4.000000,0.000000,,,,,,,,,,,,,,,,,,,,,,,,,,,,
1732157956.330997,1732157956.332352,75.000000,0.000000,4284.743652,4281.922852,4316.922852,4302.179688,4274.743652,4280.384766,4334.230957,4391.922852,4277.307617,4272.948730,4461.410156,4488.717773,4347.563965,4396.025879,1564.000000,1.000000,22.000000,,,,0.000000,2.000000,2.000000,0.000000,4.000000,2.000000,2.000000,0.000000,0.000000,4.000000,4.000000,4.000000,4.000000,4.000000,4.000000,0.000000,,,,,,,,,,,,,,,,,,,,,,,,,,,,
1732157956.338806,1732157956.340061,76.000000,0.000000,4284.102539,4281.282227,4312.051270,4298.589844,4288.974121,4278.846191,4335.897461,4391.666504,4280.256348,4266.538574,4459.743652,4487.051270,4343.717773,4386.666504,1703.000000,1.000000,22.000000,,,,0.000000,2.000000,2.000000,0.000000,4.000000,2.000000,2.000000,0.000000,0.000000,4.000000,4.000000,4.000000,4.000000,4.000000,4.000000,0.000000,,,,,,,,,,,,,,,,,19.000000,0.000000,0.495353,0.449524,-0.571594,0.475220,0.974728,-0.099622,-0.058601,-36.731354,44.009708,31.653124
1732157956.346614,1732157956.347869,77.000000,0.000000,4281.666504,4281.538574,4313.974121,4297.051270,4288.077148,4278.717773,4335.000000,4392.692383,4286.025879,4267.820313,4459.102539,4484.871582,4340.897461,4379.230957,1611.000000,1.000000,22.000000,,,,0.000000,2.000000,2.000000,0.000000,4.000000,2.000000,2.000000,0.000000,0.000000,4.000000,4.000000,4.000000,4.000000,4.000000,4.000000,0.000000,,,,,,,,,,,,,,,,,,,,,,,,,,,,
1732157956.354422,1732157956.355477,78.000000,0.000000,4282.436035,4280.512695,4317.051270,4299.102539,4266.538574,4279.871582,4333.974121,4394.871582,4283.205078,4268.205078,4458.846191,4489.102539,4336.153809,4383.846191,1548.000000,1.000000,22.000000,,,,0.000000,2.000000,2.000000,0.000000,4.000000,2.000000,2.000000,0.000000,0.000000,4.000000,4.000000,4.000000,4.000000,4.000000,4.000000,0.000000,1.000000,0.000000,2.000000,1.000000,0.000000,4.000000,2.000000,1.000000,0.000000,0.000000,3.000000,3.000000,4.000000,4.000000,4.000000,4.000000,,,,,,,,,,,,
1732157956.362230,1732157956.363285,79.000000,0.000000,4280.384766,4278.974121,4316.025879,4295.512695,4257.179688,4281.025879,4333.717773,4393.717773,4279.230957,4264.487305,4457.692383,4492.563965,4336.153809,4388.974121,1564.000000,1.000000,22.000000,,,,0.000000,2.000000,2.000000,0.000000,4.000000,2.000000,2.000000,0.000000,0.000000,4.000000,4.000000,4.000000,4.000000,4.000000,4.000000,0.000000,,,,,,,,,,,,,,,,,,,,,,,,,,,,
1732157956.370039,1732157956.370994,80.000000,0.000000,4280.641113,4279.487305,4315.000000,4293.333496,4270.128418,4278.205078,4333.846191,4386.153809,4280.769043,4264.230957,4460.000000,4493.077148,4343.333496,4392.179688,1703.000000,1.000000,22.000000,,,,0.000000,2.000000,2.000000,0.000000,4.000000,2.000000,2.000000,0.000000,0.000000,4.000000,4.000000,4.000000,4.000000,4.000000,4.000000,0.000000,,,,,,,,,,,,,,,,,20.000000,0.000000,0.495237,0.449768,-0.571350,0.475403,0.979612,-0.095226,-0.052741,-36.710728,43.962864,31.655697
1732157956.377847,1732157956.378802,81.000000,0.000000,4285.641113,4280.641113,4313.333496,4300.897461,4272.692383,4278.846191,4334.615234,4385.897461,4282.436035,4272.051270,4463.589844,4495.256348,4344.230957,4397.179688,1611.000000,1.000000,22.000000,,,,0.000000,2.000000,2.000000,0.000000,4.000000,2.000000,2.000000,0.000000,0.000000,4.000000,4.000000,4.000000,4.000000,4.000000,4.000000,0.000000,,,,,,,,,,,,,,,,,,,,,,,,,,,,
1732157956.385655,1732157956.386410,82.000000,0.000000,4283.077148,4281.282227,4312.820313,4302.051270,4274.743652,4280.769043,4335.000000,4393.077148,4281.538574,4279.230957,4463.717773,4492.692383,4341.153809,4398.333496,1548.000000,1.000000,22.000000,,,,0.000000,2.000000,2.000000,0.000000,4.000000,2.000000,2.000000,0.000000,0.000000,4.000000,4.000000,4.000000,4.000000,4.000000,4.000000,0.000000,,,,,,,,,,,,,,,,,,,,,,,,,,,,
1732157956.393463,1732157956.394218,83.000000,0.000000,4283.461426,4280.897461,4314.615234,4295.512695,4290.769043,4275.000000,4334.358887,4389.871582,4278.333496,4276.794922,4466.538574,4490.128418,4347.948730,4397.820313,1564.000000,1.000000,22.000000,,,,0.000000,2.000000,2.000000,0.000000,4.000000,2.000000,2.000000,0.000000,0.000000,4.000000,4.000000,4.000000,4.000000,4.000000,4.000000,0.000000,,,,,,,,,,,,,,,,,,,,,,,,,,,,
1732157956.401271,1732157956.402127,84.000000,0.000000,4289.487305,4280.641113,4314.871582,4294.743652,4285.128418,4272.948730,4335.256348,4386.025879,4280.000000,4274.615234,4473.333496,4497.563965,4353.589844,4401.025879,1703.000000,1.000000,22.000000,,,,0.000000,2.000000,2.000000,0.000000,4.000000,2.000000,2.000000,0.000000,0.000000,4.000000,4.000000,4.000000,4.000000,4.000000,4.000000,0.000000,,,,,,,,,,,,,,,,,21.000000,0.000000,0.495194,0.449829,-0.571289,0.475464,0.979612,-0.095226,-0.052741,-36.924023,44.159920,31.277782
1732157956.409080,1732157956.409935,85.000000,0.000000,4286.025879,4279.230957,4313.717773,4296.538574,4261.410156,4276.410156,4336.025879,4392.307617,4291.794922,4281.538574,4475.512695,4504.358887,4349.230957,4403.333496,1611.000000,1.000000,22.000000,,,,0.000000,2.000000,2.000000,0.000000,4.000000,2.000000,2.000000,0.000000,0.000000,4.000000,4.000000,4.000000,4.000000,4.000000,4.000000,0.000000,,,,,,,,,,,,,,,,,,,,,,,,,,,,
1732157956.416888,1732157956.417943,86.000000,0.000000,4279.743652,4275.128418,4316.410156,4292.051270,4256.794922,4279.102539,4334.615234,4395.769043,4297.051270,4283.589844,4474.871582,4503.333496,4347.179688,4403.333496,1548.000000,1.000000,22.000000,,,,0.000000,2.000000,2.000000,0.000000,4.000000,2.000000,2.000000,0.000000,0.000000,4.000000,4.000000,4.000000,4.000000,4.000000,4.000000,0.000000,,,,,,,,,,,,,,,,,,,,,,,,,,,,
1732157956.424696,1732157956.425751,87.000000,0.000000,4280.769043,4273.846191,4316.922852,4289.102539,4269.358887,4279.358887,4332.692383,4391.794922,4293.333496,4281.922852,4474.615234,4504.615234,4348.974121,4404.358887,1564.000000,1.000000,22.000000,,,,0.000000,2.000000,2.000000,0.000000,4.000000,2.000000,2.000000,0.000000,0.000000,4.000000,4.000000,4.000000,4.000000,4.000000,4.000000,0.000000,,,,,,,,,,,,,,,,,,,,,,,,,,,,
1732157956.432505,1732157956.433659,88.000000,0.000000,4282.436035,4277.436035,4314.871582,4294.102539,4267.436035,4273.846191,4333.077148,4392.563965,4297.436035,4289.615234,4474.871582,4510.641113,4349.487305,4405.384766,1703.000000,1.000000,22.000000,,,,0.000000,2.000000,2.000000,0.000000,4.000000,2.000000,2.000000,0.000000,0.000000,4.000000,4.000000,4.000000,4.000000,4.000000,4.000000,0.000000,,,,,,,,,,,,,,,,,22.000000,0.000000,0.494992,0.450012,-0.571167,0.475647,0.973752,-0.091808,-0.058113,-36.496792,44.257870,31.173336
1732157956.440313,1732157956.441467,89.000000,0.000000,4282.436035,4279.230957,4313.205078,4297.692383,4260.641113,4271.666504,4335.384766,4395.000000,4302.563965,4291.538574,4475.897461,4506.794922,4348.846191,4405.384766,1611.000000,1.000000,22.000000,,,,0.000000,2.000000,2.000000,0.000000,4.000000,2.000000,2.000000,0.000000,0.000000,4.000000,4.000000,4.000000,4.000000,4.000000,4.000000,0.000000,,,,,,,,,,,,,,,,,,,,,,,,,,,,
1732157956.448121,1732157956.449475,90.000000,0.000000,4281.666504,4273.589844,4313.077148,4293.974121,4277.051270,4276.666504,4336.282227,4392.436035,4298.846191,4282.179688,4475.512695,4499.871582,4349.487305,4404.102539,1548.000000,1.000000,22.000000,,,,0.000000,2.000000,2.000000,0.000000,4.000000,2.000000,2.000000,0.000000,0.000000,4.000000,4.000000,4.000000,4.000000,4.000000,4.000000,0.000000,,,,,,,,,,,,,,,,,,,,,,,,,,,,
1732157956.455929,1732157956.457284,91.000000,0.000000,4280.256348,4274.615234,4314.102539,4291.666504,4286.922852,4274.743652,4335.256348,4392.307617,4294.102539,4278.333496,4474.358887,4498.205078,4350.512695,4403.205078,1564.000000,1.000000,22.000000,,,,0.000000,2.000000,2.000000,0.000000,4.000000,2.000000,2.000000,0.000000,0.000000,4.000000,4.000000,4.000000,4.000000,4.000000,4.000000,0.000000,,,,,,,,,,,,,,,,,,,,,,,,,,,,
1732157956.463738,1732157956.465192,92.000000,0.000000,4282.051270,4278.717773,4312.179688,4291.794922,4268.077148,4264.102539,4334.487305,4394.487305,4294.358887,4280.512695,4475.769043,4497.179688,4351.025879,4403.333496,1703.000000,1.000000,22.000000,,,,0.000000,2.000000,2.000000,0.000000,4.000000,2.000000,2.000000,0.000000,0.000000,4.000000,4.000000,4.000000,4.000000,4.000000,4.000000,0.000000,,,,,,,,,,,,,,,,,23.000000,0.000000,0.495025,0.450195,-0.571045,0.475586,0.979612,-0.094250,-0.057624,-36.284069,44.203873,31.305403
1732157956.471546,1732157956.473000,93.000000,0.000000,4282.692383,4271.025879,4311.666504,4288.717773,4250.256348,4264.487305,4335.000000,4392.820313,4302.948730,4282.051270,4477.051270,4498.974121,4350.641113,4404.487305,1611.000000,1.000000,22.000000,,,,0.000000,2.000000,2.000000,0.000000,4.000000,2.000000,2.000000,0.000000,0.000000,4.000000,4.000000,4.000000,4.000000,4.000000,4.000000,0.000000,,,,,,,,,,,,,,,,,,,,,,,,,,,,
1732157956.479354,1732157956.481008,94.000000,0.000000,4279.230957,4265.128418,4315.769043,4284.102539,4255.000000,4276.153809,4335.000000,4390.000000,4307.436035,4284.487305,4477.307617,4502.051270,4351.282227,4406.410156,1548.000000,1.000000,22.000000,,,,0.000000,2.000000,2.000000,0.000000,4.000000,2.000000,2.000000,0.000000,0.000000,4.000000,4.000000,4.000000,4.000000,4.000000,4.000000,0.000000,,,,,,,,,,,,,,,,,,,,,,,,,,,,
1732157956.487162,1732157956.488816,95.000000,0.000000,4278.461426,4271.410156,4318.077148,4283.717773,4272.436035,4280.000000,4334.743652,4390.256348,4299.615234,4283.077148,4477.307617,4498.333496,4351.922852,4404.102539,1564.000000,1.000000,22.000000,,,,0.000000,2.000000,2.000000,0.000000,4.000000,2.000000,2.000000,0.000000,0.000000,4.000000,4.000000,4.000000,4.000000,4.000000,4.000000,0.000000,,,,,,,,,,,,,,,,,,,,,,,,,,,,
1732157956.494970,1732157956.496724,96.000000,0.000000,4280.769043,4276.538574,4315.384766,4286.922852,4283.333496,4278.205078,4335.256348,4392.307617,4294.615234,4276.794922,4475.000000,4494.358887,4350.256348,4398.333496,1703.000000,1.000000,22.000000,,,,0.000000,2.000000,2.000000,0.000000,4.000000,2.000000,2.000000,0.000000,0.000000,4.000000,4.000000,4.000000,4.000000,4.000000,4.000000,0.000000,,,,,,,,,,,,,,,,,24.000000,0.000000,0.495066,0.450073,-0.571106,0.475586,0.979612,-0.094250,-0.057624,-36.228428,44.170139,31.482376
1732157956.502779,1732157956.504532,97.000000,0.000000,4281.794922,4276.922852,4316.025879,4292.051270,4273.974121,4278.846191,4335.000000,4393.717773,4296.794922,4277.179688,4473.077148,4502.948730,4349.615234,4400.897461,1611.000000,1.000000,22.000000,,,,0.000000,2.000000,2.000000,0.000000,4.000000,2.000000,2.000000,0.000000,0.000000,4.000000,4.000000,4.000000,4.000000,4.000000,4.000000,0.000000,,,,,,,,,,,,,,,,,,,,,,,,,,,,
1732157956.510587,1732157956.512540,98.000000,0.000000,4277.948730,4278.205078,4317.307617,4295.000000,4258.974121,4281.538574,4334.358887,4392.820313,4298.974121,4280.769043,4474.102539,4504.102539,4350.512695,4405.641113,1548.000000,1.000000,22.000000,,,,0.000000,2.000000,2.000000,0.000000,4.000000,2.000000,2.000000,0.000000,0.000000,4.000000,4.000000,4.000000,4.000000,4.000000,4.000000,0.000000,,,,,,,,,,,,,,,,,,,,,,,,,,,,
1732157956.518395,1732157956.520349,99.000000,0.000000,4275.384766,4275.384766,4315.128418,4288.205078,4261.410156,4280.128418,4335.512695,4393.077148,4306.922852,4282.051270,4474.358887,4492.436035,4350.512695,4400.512695,1564.000000,1.000000,22.000000,,,,0.000000,2.000000,2.000000,0.000000,4.000000,2.000000,2.000000,0.000000,0.000000,4.000000,4.000000,4.000000,4.000000,4.000000,4.000000,0.000000,,,,,,,,,,,,,,,,,,,,,,,,,,,,
1732157956.526204,1732157956.528257,100.000000,0.000000,4276.153809,4271.922852,4316.410156,4280.128418,4264.487305,4278.974121,4334.487305,4395.000000,4314.871582,4288.333496,4474.358887,4487.820313,4350.384766,4396.153809,1703.000000,1.000000,22.000000,,,,0.000000,2.000000,2.000000,0.000000,4.000000,2.000000,2.000000,0.000000,0.000000,4.000000,4.000000,4.000000,4.000000,4.000000,4.000000,0.000000,,,,,,,,,,,,,,,,,25.000000,0.000000,0.495180,0.450012,-0.571106,0.475525,0.971310,-0.100598,-0.059578,-36.185028,44.169479,31.454058
1732157956.534012,1732157956.536065,101.000000,0.000000,4270.256348,4272.563965,4319.102539,4281.666504,4268.717773,4278.589844,4329.358887,4393.333496,4312.051270,4295.897461,4475.384766,4489.615234,4351.410156,4398.461426,1611.000000,1.000000,22.000000,,,,0.000000,2.000000,2.000000,0.000000,4.000000,2.000000,2.000000,0.000000,0.000000,4.000000,4.000000,4.000000,4.000000,4.000000,4.000000,0.000000,,,,,,,,,,,,,,,,,,,,,,,,,,,,
1732157956.541820,1732157956.544073,102.000000,0.000000,4267.179688,4268.077148,4314.102539,4281.410156,4285.000000,4273.333496,4325.897461,4391.794922,4305.000000,4295.000000,4472.948730,4489.358887,4350.769043,4397.820313,1548.000000,1.000000,22.000000,,,,0.000000,2.000000,2.000000,0.000000,4.000000,2.000000,2.000000,0.000000,0.000000,4.000000,4.000000,4.000000,4.000000,4.000000,4.000000,0.000000,,,,,,,,,,,,,,,,,,,,,,,,,,,,
1732157956.549628,1732157956.551881,103.000000,0.000000,4277.179688,4263.589844,4313.333496,4279.102539,4277.051270,4273.461426,4329.230957,4393.717773,4303.974121,4290.897461,4471.794922,4495.128418,4349.871582,4396.794922,1564.000000,1.000000,22.000000,,,,0.000000,2.000000,2.000000,0.000000,4.000000,2.000000,2.000000,0.000000,0.000000,4.000000,4.000000,4.000000,4.000000,4.000000,4.000000,0.000000,,,,,,,,,,,,,,,,,,,,,,,,,,,,
1732157956.557437,1732157956.559789,104.000000,0.000000,4284.102539,4268.974121,4316.538574,4286.538574,4254.358887,4279.487305,4334.743652,4392.563965,4308.205078,4293.589844,4476.922852,4500.512695,4351.666504,4403.461426,1703.000000,1.000000,22.000000,,,,0.000000,2.000000,2.000000,0.000000,4.000000,2.000000,2.000000,0.000000,0.000000,4.000000,4.000000,4.000000,4.000000,4.000000,4.000000,0.000000,,,,,,,,,,,,,,,,,26.000000,0.000000,0.494805,0.450256,-0.570984,0.475830,0.974240,-0.099133,-0.053229,-36.188206,44.368942,31.081120
1732157956.565245,1732157956.567597,105.000000,0.000000,4281.025879,4276.666504,4315.128418,4293.717773,4259.615234,4278.461426,4335.641113,4390.128418,4306.282227,4294.871582,4476.025879,4496.153809,4352.948730,4406.666504,1611.000000,1.000000,22.000000,,,,0.000000,2.000000,2.000000,0.000000,4.000000,2.000000,2.000000,0.000000,0.000000,4.000000,4.000000,4.000000,4.000000,4.000000,4.000000,0.000000,,,,,,,,,,,,,,,,,,,,,,,,,,,,
1732157956.573053,1732157956.575605,106.000000,0.000000,4282.820313,4275.769043,4315.256348,4290.897461,4273.333496,4276.025879,4334.615234,4392.051270,4298.333496,4287.692383,4469.871582,4496.922852,4351.153809,4402.692383,1548.000000,1.000000,22.000000,,,,0.000000,2.000000,2.000000,0.000000,4.000000,2.000000,2.000000,0.000000,0.000000,4.000000,4.000000,4.000000,4.000000,4.000000,4.000000,0.000000,,,,,,,,,,,,,,,,,,,,,,,,,,,,
1732157956.580861,1732157956.583414,107.000000,0.000000,4286.538574,4272.820313,4315.512695,4291.410156,4270.512695,4279.230957,4335.769043,4394.230957,4299.871582,4281.153809,4473.846191,4499.230957,4349.487305,4403.205078,1564.000000,1.000000,22.000000,,,,0.000000,2.000000,2.000000,0.000000,4.000000,2.000000,2.000000,0.000000,0.000000,4.000000,4.000000,4.000000,4.000000,4.000000,4.000000,0.000000,,,,,,,,,,,,,,,,,,,,,,,,,,,,
1732157956.588669,1732157956.591322,108.000000,0.000000,4284.743652,4275.512695,4313.461426,4297.179688,4278.717773,4279.230957,4336.538574,4393.461426,4308.717773,4282.051270,4474.615234,4493.589844,4349.358887,4405.256348,1703.000000,1.000000,22.000000,,,,0.000000,2.000000,2.000000,0.000000,4.000000,2.000000,2.000000,0.000000,0.000000,4.000000,4.000000,4.000000,4.000000,4.000000,4.000000,0.000000,,,,,,,,,,,,,,,,,27.000000,0.000000,0.494516,0.450562,-0.570740,0.476135,0.967403,-0.096691,-0.058113,-36.310780,44.292179,30.999041
1732157956.596478,1732157956.599130,109.000000,0.000000,4288.205078,4279.743652,4316.794922,4299.358887,4298.077148,4276.153809,4335.000000,4393.077148,4304.487305,4281.666504,4463.461426,4493.974121,4347.948730,4400.256348,1611.000000,1.000000,22.000000,,,,0.000000,2.000000,2.000000,0.000000,4.000000,2.000000,2.000000,0.000000,0.000000,4.000000,4.000000,4.000000,4.000000,4.000000,4.000000,0.000000,,,,,,,,,,,,,,,,,,,,,,,,,,,,
1732157956.604286,1732157956.606838,110.000000,0.000000,4296.025879,4280.000000,4320.256348,4304.102539,4289.615234,4279.230957,4334.487305,4393.589844,4297.820313,4278.077148,4463.205078,4499.102539,4348.205078,4396.538574,1548.000000,1.000000,22.000000,,,,0.000000,2.000000,2.000000,0.000000,4.000000,2.000000,2.000000,0.000000,0.000000,4.000000,4.000000,4.000000,4.000000,4.000000,4.000000,0.000000,,,,,,,,,,,,,,,,,,,,,,,,,,,,
1732157956.612094,1732157956.614646,111.000000,0.000000,4297.051270,4279.615234,4317.948730,4306.538574,4265.512695,4281.153809,4335.128418,4394.871582,4302.948730,4280.256348,4469.487305,4496.025879,4347.563965,4399.615234,1564.000000,1.000000,22.000000,,,,0.000000,2.000000,2.000000,0.000000,4.000000,2.000000,2.000000,0.000000,0.000000,4.000000,4.000000,4.000000,4.000000,4.000000,4.000000,0.000000,,,,,,,,,,,,,,,,,,,,,,,,,,,,
1732157956.619902,1732157956.622355,112.000000,0.000000,4293.974121,4279.358887,4316.538574,4302.307617,4263.974121,4276.922852,4334.743652,4394.615234,4300.769043,4280.769043,4462.179688,4490.512695,4344.358887,4398.461426,1703.000000,1.000000,22.000000,,,,0.000000,2.000000,2.000000,0.000000,4.000000,2.000000,2.000000,0.000000,0.000000,4.000000,4.000000,4.000000,4.000000,4.000000,4.000000,0.000000,,,,,,,,,,,,,,,,,28.000000,0.000000,0.494574,0.450562,-0.570740,0.476074,0.972287,-0.100110,-0.057136,-36.251732,44.363331,30.999224
1732157956.627711,1732157956.630163,113.000000,0.000000,4295.641113,4280.000000,4317.179688,4301.538574,4278.333496,4275.128418,4334.743652,4393.077148,4295.128418,4277.051270,4456.922852,4488.589844,4344.102539,4394.871582,1611.000000,1.000000,22.000000,,,,0.000000,2.000000,2.000000,0.000000,4.000000,2.000000,2.000000,0.000000,0.000000,4.000000,4.000000,4.000000,4.000000,4.000000,4.000000,0.000000,,,,,,,,,,,,,,,,,,,,,,,,,,,,
1732157956.635519,1732157956.637771,114.000000,0.000000,4293.461426,4280.641113,4316.922852,4302.307617,4280.000000,4276.153809,4334.871582,4394.487305,4304.230957,4278.589844,4466.922852,4488.717773,4346.666504,4396.025879,1548.000000,1.000000,22.000000,,,,0.000000,2.000000,2.000000,0.000000,4.000000,2.000000,2.000000,0.000000,0.000000,4.000000,4.000000,4.000000,4.000000,4.000000,4.000000,0.000000,,,,,,,,,,,,,,,,,,,,,,,,,,,,
1732157956.643327,1732157956.645580,115.000000,0.000000,4286.025879,4278.974121,4318.077148,4301.025879,4279.487305,4276.666504,4334.871582,4394.487305,4313.461426,4282.307617,4473.589844,4494.743652,4344.487305,4397.051270,1564.000000,1.000000,22.000000,,,,0.000000,2.000000,2.000000,0.000000,4.000000,2.000000,2.000000,0.000000,0.000000,4.000000,4.000000,4.000000,4.000000,4.000000,4.000000,0.000000,,,,,,,,,,,,,,,,,,,,,,,,,,,,
1732157956.651136,1732157956.653288,116.000000,0.000000,4283.077148,4278.333496,4315.512695,4299.358887,4283.589844,4278.077148,4334.871582,4392.948730,4308.461426,4281.282227,4470.512695,4497.820313,4341.794922,4395.897461,1703.000000,1.000000,22.000000,,,,0.000000,2.000000,2.000000,0.000000,4.000000,2.000000,2.000000,0.000000,0.000000,4.000000,4.000000,4.000000,4.000000,4.000000,4.000000,0.000000,,,,,,,,,,,,,,,,,29.000000,0.000000,0.494416,0.450684,-0.570679,0.476196,0.983030,-0.075693,-0.050787,-36.172237,44.547630,31.284370
1732157956.658944,1732157956.661096,117.000000,0.000000,4283.205078,4276.922852,4309.487305,4298.077148,4278.461426,4279.102539,4334.871582,4392.692383,4305.897461,4277.948730,4469.871582,4497.179688,4345.256348,4395.641113,1611.000000,1.000000,22.000000,,,,0.000000,2.000000,2.000000,0.000000,4.000000,2.000000,2.000000,0.000000,0.000000,4.000000,4.000000,4.000000,4.000000,4.000000,4.000000,0.000000,,,,,,,,,,,,,,,,,,,,,,,,,,,,
1732157956.666752,1732157956.668705,118.000000,0.000000,4280.512695,4272.179688,4312.051270,4295.897461,4287.307617,4277.820313,4334.871582,4393.589844,4310.641113,4277.179688,4470.769043,4501.025879,4345.641113,4395.384766,1548.000000,1.000000,22.000000,,,,0.000000,2.000000,2.000000,0.000000,4.000000,2.000000,2.000000,0.000000,0.000000,4.000000,4.000000,4.000000,4.000000,4.000000,4.000000,0.000000,,,,,,,,,,,,,,,,,,,,,,,,,,,,
1732157956.674560,1732157956.676513,119.000000,0.000000,4279.871582,4273.589844,4316.025879,4295.128418,4301.410156,4277.307617,4335.128418,4394.615234,4309.487305,4279.358887,4470.256348,4501.410156,4345.512695,4395.897461,1564.000000,1.000000,22.000000,,,,0.000000,2.000000,2.000000,0.000000,4.000000,2.000000,2.000000,0.000000,0.000000,4.000000,4.000000,4.000000,4.000000,4.000000,4.000000,0.000000,,,,,,,,,,,,,,,,,,,,,,,,,,,,
1732157956.682368,1732157956.684221,120.000000,0.000000,4282.051270,4276.538574,4314.102539,4295.512695,4283.846191,4278.461426,4334.743652,4393.846191,4306.153809,4281.153809,4470.641113,4499.230957,4349.615234,4397.179688,1703.000000,1.000000,22.000000,,,,0.000000,2.000000,2.000000,0.000000,4.000000,2.000000,2.000000,0.000000,0.000000,4.000000,4.000000,4.000000,4.000000,4.000000,4.000000,0.000000,,,,,,,,,,,,,,,,,30.000000,0.000000,0.494254,0.450745,-0.570618,0.476379,0.986937,-0.093273,-0.048346,-36.207844,44.543583,31.057007
1732157956.690177,1732157956.692029,121.000000,0.000000,4281.922852,4271.794922,4312.948730,4296.410156,4258.846191,4278.461426,4334.615234,4392.307617,4311.410156,4283.974121,4472.820313,4499.743652,4351.922852,4397.307617,1611.000000,1.000000,22.000000,,,,0.000000,2.000000,2.000000,0.000000,4.000000,2.000000,2.000000,0.000000,0.000000,4.000000,4.000000,4.000000,4.000000,4.000000,4.000000,0.000000,,,,,,,,,,,,,,,,,,,,,,,,,,,,
1732157956.697985,1732157956.700037,122.000000,0.000000,4282.436035,4267.051270,4315.641113,4297.563965,4264.102539,4278.974121,4335.641113,4391.794922,4318.461426,4287.179688,4473.589844,4497.820313,4350.384766,4402.179688,1548.000000,1.000000,22.000000,,,,0.000000,2.000000,2.000000,0.000000,4.000000,2.000000,2.000000,0.000000,0.000000,4.000000,4.000000,4.000000,4.000000,4.000000,4.000000,0.000000,,,,,,,,,,,,,,,,,,,,,,,,,,,,
1732157956.705793,1732157956.707845,123.000000,0.000000,4281.153809,4267.692383,4318.077148,4293.974121,4277.436035,4278.846191,4333.974121,4392.436035,4313.333496,4284.615234,4473.333496,4499.358887,4349.743652,4411.410156,1564.000000,1.000000,22.000000,,,,0.000000,2.000000,2.000000,0.000000,4.000000,2.000000,2.000000,0.000000,0.000000,4.000000,4.000000,4.000000,4.000000,4.000000,4.000000,0.000000,,,,,,,,,,,,,,,,,,,,,,,,,,,,
1732157956.713601,1732157956.715554,124.000000,0.000000,4281.282227,4265.512695,4314.743652,4292.563965,4275.641113,4278.717773,4331.922852,4392.051270,4308.974121,4280.641113,4474.358887,4508.205078,4350.897461,4414.743652,1703.000000,1.000000,22.000000,,,,0.000000,2.000000,2.000000,0.000000,4.000000,2.000000,2.000000,0.000000,0.000000,4.000000,4.000000,4.000000,4.000000,4.000000,4.000000,0.000000,,,,,,,,,,,,,,,,,31.000000,0.000000,0.494328,0.450806,-0.570557,0.476318,0.963985,-0.091320,-0.052252,-35.980022,44.551968,31.264509
1732157956.721410,1732157956.723362,125.000000,0.000000,4285.897461,4264.615234,4310.897461,4292.948730,4274.230957,4278.974121,4333.589844,4393.333496,4319.102539,4282.436035,4474.102539,4506.922852,4352.179688,4411.922852,1611.000000,1.000000,22.000000,,,,0.000000,2.000000,2.000000,0.000000,4.000000,2.000000,2.000000,0.000000,0.000000,4.000000,4.000000,4.000000,4.000000,4.000000,4.000000,0.000000,,,,,,,,,,,,,,,,,,,,,,,,,,,,
1732157956.729218,1732157956.730970,126.000000,0.000000,4287.692383,4268.846191,4312.820313,4292.820313,4276.666504,4278.846191,4335.000000,4396.153809,4320.769043,4282.820313,4471.538574,4499.358887,4349.615234,4410.897461,1548.000000,1.000000,22.000000,,,,0.000000,2.000000,2.000000,0.000000,4.000000,2.000000,2.000000,0.000000,0.000000,4.000000,4.000000,4.000000,4.000000,4.000000,4.000000,0.000000,,,,,,,,,,,,,,,,,,,,,,,,,,,,
1732157956.737026,1732157956.738779,127.000000,0.000000,4289.743652,4269.358887,4316.025879,4293.205078,4280.897461,4278.717773,4333.846191,4395.000000,4308.717773,4278.589844,4470.512695,4499.615234,4342.948730,4411.666504,22.000000,1.000000,22.000000,,,,0.000000,2.000000,2.000000,0.000000,4.000000,2.000000,2.000000,0.000000,0.000000,4.000000,4.000000,4.000000,4.000000,4.000000,4.000000,0.000000,,,,,,,,,,,,,,,,,,,,,,,,,,,,
1732157956.744835,1732157956.746487,0.000000,0.000000,4291.410156,4266.153809,4315.512695,4295.000000,4279.102539,4278.589844,4334.102539,4392.948730,4312.051270,4279.230957,4473.205078,4500.256348,4346.282227,4413.461426,0.000000,1.000000,22.000000,,,,0.000000,2.000000,2.000000,0.000000,4.000000,2.000000,2.000000,0.000000,0.000000,4.000000,4.000000,4.000000,4.000000,4.000000,4.000000,0.000000,,,,,,,,,,,,,,,,,0.000000,0.000000,0.494405,0.450928,-0.570496,0.476196,0.965938,-0.101087,-0.052741,-35.888817,44.637093,31.277586
1732157956.752643,1732157956.754295,1.000000,0.000000,4286.666504,4269.871582,4315.897461,4295.641113,4276.282227,4279.102539,4335.256348,4395.512695,4323.717773,4282.948730,4474.871582,4497.948730,4352.820313,4413.717773,1601.000000,1.000000,22.000000,,,,0.000000,2.000000,2.000000,0.000000,4.000000,2.000000,2.000000,0.000000,0.000000,4.000000,4.000000,4.000000,4.000000,4.000000,4.000000,0.000000,,,,,,,,,,,,,,,,,,,,,,,,,,,,
1732157956.760451,1732157956.761904,2.000000,0.000000,4281.794922,4274.102539,4317.051270,4293.461426,4291.282227,4278.589844,4335.000000,4396.538574,4316.538574,4279.871582,4472.051270,4493.974121,4346.538574,4405.384766,1366.000000,1.000000,22.000000,,,,0.000000,2.000000,2.000000,0.000000,4.000000,2.000000,2.000000,0.000000,0.000000,4.000000,4.000000,4.000000,4.000000,4.000000,4.000000,0.000000,,,,,,,,,,,,,,,,,,,,,,,,,,,,
1732157956.768259,1732157956.769712,3.000000,0.000000,4285.000000,4269.871582,4315.000000,4293.717773,4294.102539,4278.589844,4335.000000,4393.333496,4308.333496,4276.282227,4468.717773,4493.333496,4339.743652,4400.256348,1424.000000,1.000000,22.000000,,,,0.000000,2.000000,2.000000,0.000000,4.000000,2.000000,2.000000,0.000000,0.000000,4.000000,4.000000,4.000000,4.000000,4.000000,4.000000,0.000000,,,,,,,,,,,,,,,,,,,,,,,,,,,,
1732157956.776067,1732157956.777420,4.000000,0.000000,4287.692383,4269.615234,4312.436035,4297.051270,4267.948730,4280.384766,4334.487305,4391.025879,4316.153809,4279.615234,4470.512695,4496.410156,4346.922852,4402.948730,1419.000000,1.000000,22.000000,,,,0.000000,2.000000,2.000000,0.000000,4.000000,2.000000,2.000000,0.000000,0.000000,4.000000,4.000000,4.000000,4.000000,4.000000,4.000000,0.000000,,,,,,,,,,,,,,,,,1.000000,0.000000,0.494593,0.450928,-0.570435,0.476074,0.974728,-0.093761,-0.063484,-35.979942,44.434380,31.383177
1732157956.783876,1732157956.785228,5.000000,0.000000,4283.974121,4275.256348,4313.974121,4297.563965,4254.487305,4281.410156,4333.077148,4393.846191,4322.948730,4283.077148,4474.230957,4494.358887,4352.307617,4400.769043,1215.000000,1.000000,22.000000,,,,0.000000,2.000000,2.000000,0.000000,4.000000,2.000000,2.000000,0.000000,0.000000,4.000000,4.000000,4.000000,4.000000,4.000000,4.000000,0.000000,,,,,,,,,,,,,,,,,,,,,,,,,,,,
1732157956.791684,1732157956.793236,6.000000,0.000000,4280.641113,4275.128418,4314.871582,4294.743652,4272.179688,4281.025879,4332.948730,4396.410156,4321.282227,4281.282227,4470.000000,4491.922852,4343.846191,4394.615234,0.000000,1.000000,22.000000,,,,0.000000,2.000000,2.000000,0.000000,4.000000,2.000000,2.000000,0.000000,0.000000,4.000000,4.000000,4.000000,4.000000,4.000000,4.000000,0.000000,,,,,,,,,,,,,,,,,,,,,,,,,,,,
1732157956.799492,1732157956.801045,7.000000,0.000000,4278.846191,4275.641113,4316.153809,4295.512695,4284.487305,4280.000000,4332.948730,4393.461426,4321.153809,4282.179688,4462.948730,4493.846191,4341.025879,4395.128418,0.000000,1.000000,22.000000,,,,0.000000,2.000000,2.000000,0.000000,4.000000,2.000000,2.000000,0.000000,0.000000,4.000000,4.000000,4.000000,4.000000,4.000000,4.000000,0.000000,,,,,,,,,,,,,,,,,,,,,,,,,,,,
1732157956.807300,1732157956.808953,8.000000,0.000000,4279.615234,4280.641113,4316.538574,4298.846191,4274.871582,4280.128418,4332.948730,4392.051270,4320.128418,4281.794922,4463.717773,4488.461426,4350.769043,4396.794922,1538.000000,1.000000,22.000000,,,,0.000000,2.000000,2.000000,0.000000,4.000000,2.000000,2.000000,0.000000,0.000000,4.000000,4.000000,4.000000,4.000000,4.000000,4.000000,0.000000,,,,,,,,,,,,,,,,,2.000000,0.000000,0.494272,0.451355,-0.570068,0.476440,0.969357,-0.095226,-0.052741,-36.055420,44.341846,31.452040
1732157956.815109,1732157956.816761,9.000000,0.000000,4281.282227,4278.077148,4314.102539,4296.153809,4277.436035,4279.102539,4333.717773,4393.974121,4314.230957,4277.563965,4465.000000,4482.436035,4351.153809,4394.871582,1688.000000,1.000000,22.000000,,,,0.000000,2.000000,2.000000,0.000000,4.000000,2.000000,2.000000,0.000000,0.000000,4.000000,4.000000,4.000000,4.000000,4.000000,4.000000,0.000000,,,,,,,,,,,,,,,,,,,,,,,,,,,,
1732157956.822917,1732157956.824769,10.000000,0.000000,4279.615234,4273.974121,4312.179688,4293.589844,4295.641113,4277.692383,4334.487305,4392.820313,4313.717773,4278.077148,4461.153809,4482.563965,4342.179688,4396.025879,1548.000000,1.000000,22.000000,,,,0.000000,2.000000,2.000000,0.000000,4.000000,2.000000,2.000000,0.000000,0.000000,4.000000,4.000000,4.000000,4.000000,4.000000,4.000000,0.000000,,,,,,,,,,,,,,,,,,,,,,,,,,,,
1732157956.830725,1732157956.832577,11.000000,0.000000,4280.384766,4278.589844,4312.563965,4297.948730,4289.487305,4279.615234,4335.384766,4391.538574,4315.000000,4280.769043,4463.589844,4480.769043,4344.871582,4398.846191,1564.000000,1.000000,22.000000,,,,0.000000,2.000000,2.000000,0.000000,4.000000,2.000000,2.000000,0.000000,0.000000,4.000000,4.000000,4.000000,4.000000,4.000000,4.000000,0.000000,,,,,,,,,,,,,,,,,,,,,,,,,,,,
1732157956.838534,1732157956.840485,12.000000,0.000000,4282.436035,4280.000000,4314.487305,4300.256348,4264.615234,4282.179688,4333.717773,4393.205078,4312.179688,4279.230957,4472.051270,4485.641113,4351.538574,4400.897461,1703.000000,1.000000,22.000000,,,,0.000000,2.000000,2.000000,0.000000,4.000000,2.000000,2.000000,0.000000,0.000000,4.000000,4.000000,4.000000,4.000000,4.000000,4.000000,0.000000,,,,,,,,,,,,,,,,,3.000000,0.000000,0.494272,0.451355,-0.570068,0.476440,0.958613,-0.095715,-0.055183,-36.076557,44.181896,31.334486
1732157956.846342,1732157956.848293,13.000000,0.000000,4282.820313,4278.333496,4316.666504,4296.922852,4266.666504,4280.256348,4332.563965,4394.615234,4311.410156,4279.102539,4473.205078,4491.666504,4349.615234,4403.717773,1609.000000,1.000000,22.000000,,,,0.000000,2.000000,2.000000,0.000000,4.000000,2.000000,2.000000,0.000000,0.000000,4.000000,4.000000,4.000000,4.000000,4.000000,4.000000,0.000000,,,,,,,,,,,,,,,,,,,,,,,,,,,,
1732157956.854150,1732157956.855902,14.000000,0.000000,4282.436035,4278.205078,4316.153809,4296.794922,4280.641113,4277.948730,4334.615234,4394.615234,4316.666504,4281.282227,4468.846191,4489.230957,4348.333496,4405.128418,1548.000000,1.000000,22.000000,,,,0.000000,2.000000,2.000000,0.000000,4.000000,2.000000,2.000000,0.000000,0.000000,4.000000,4.000000,4.000000,4.000000,4.000000,4.000000,0.000000,1.000000,0.000000,2.000000,2.000000,0.000000,4.000000,2.000000,1.000000,0.000000,0.000000,3.000000,1.000000,4.000000,4.000000,4.000000,4.000000,,,,,,,,,,,,
1732157956.861958,1732157956.863710,15.000000,0.000000,4282.051270,4279.230957,4312.436035,4297.820313,4279.871582,4278.589844,4335.641113,4393.589844,4323.333496,4280.384766,4466.666504,4487.563965,4351.153809,4400.641113,1564.000000,1.000000,22.000000,,,,0.000000,2.000000,2.000000,0.000000,4.000000,2.000000,2.000000,0.000000,0.000000,4.000000,4.000000,4.000000,4.000000,4.000000,4.000000,0.000000,,,,,,,,,,,,,,,,,,,,,,,,,,,,
1732157956.869766,1732157956.871618,16.000000,0.000000,4281.282227,4277.307617,4314.487305,4294.871582,4277.436035,4278.461426,4334.358887,4395.000000,4325.512695,4279.358887,4465.769043,4491.025879,4350.769043,4396.666504,0.000000,1.000000,22.000000,,,,0.000000,2.000000,2.000000,0.000000,4.000000,2.000000,2.000000,0.000000,0.000000,4.000000,4.000000,4.000000,4.000000,4.000000,4.000000,0.000000,,,,,,,,,,,,,,,,,4.000000,0.000000,0.494505,0.451050,-0.570313,0.476196,0.970333,-0.109388,-0.054206,-36.123676,44.304001,31.675934
1732157956.877575,1732157956.879426,17.000000,0.000000,4282.051270,4275.641113,4317.179688,4295.128418,4276.922852,4279.615234,4334.487305,4397.051270,4327.692383,4281.922852,4467.692383,4491.153809,4349.743652,4398.846191,0.000000,1.000000,22.000000,,,,0.000000,2.000000,2.000000,0.000000,4.000000,2.000000,2.000000,0.000000,0.000000,4.000000,4.000000,4.000000,4.000000,4.000000,4.000000,0.000000,,,,,,,,,,,,,,,,,,,,,,,,,,,,
1732157956.885383,1732157956.887434,18.000000,0.000000,4283.461426,4277.692383,4312.563965,4298.205078,4288.461426,4281.025879,4334.358887,4397.563965,4327.307617,4281.410156,4472.179688,4490.000000,4348.333496,4399.358887,0.000000,1.000000,22.000000,,,,0.000000,2.000000,2.000000,0.000000,4.000000,2.000000,2.000000,0.000000,0.000000,4.000000,4.000000,4.000000,4.000000,4.000000,4.000000,0.000000,,,,,,,,,,,,,,,,,,,,,,,,,,,,
1732157956.893191,1732157956.895243,19.000000,0.000000,4281.666504,4277.948730,4310.897461,4296.410156,4300.641113,4279.487305,4333.974121,4396.794922,4325.384766,4279.871582,4472.051270,4490.769043,4342.820313,4398.077148,0.000000,1.000000,22.000000,,,,0.000000,2.000000,2.000000,0.000000,4.000000,2.000000,2.000000,0.000000,0.000000,4.000000,4.000000,4.000000,4.000000,4.000000,4.000000,0.000000,,,,,,,,,,,,,,,,,,,,,,,,,,,,
1732157956.900999,1732157956.903151,20.000000,0.000000,4280.256348,4274.871582,4316.794922,4293.717773,4280.641113,4278.077148,4334.743652,4396.410156,4324.871582,4282.307617,4469.871582,4491.922852,4342.051270,4401.282227,0.000000,1.000000,22.000000,,,,0.000000,2.000000,2.000000,0.000000,4.000000,2.000000,2.000000,0.000000,0.000000,4.000000,4.000000,4.000000,4.000000,4.000000,4.000000,0.000000,,,,,,,,,,,,,,,,,5.000000,0.000000,0.494619,0.450989,-0.570313,0.476135,0.981565,-0.095226,-0.051276,-36.278511,44.286243,31.602507
1732157956.908808,1732157956.910959,21.000000,0.000000,4283.846191,4275.897461,4317.051270,4297.436035,4260.641113,4277.307617,4333.846191,4393.846191,4322.692383,4283.461426,4472.179688,4493.717773,4348.461426,4405.128418,0.000000,1.000000,22.000000,,,,0.000000,2.000000,2.000000,0.000000,4.000000,2.000000,2.000000,0.000000,0.000000,4.000000,4.000000,4.000000,4.000000,4.000000,4.000000,0.000000,,,,,,,,,,,,,,,,,,,,,,,,,,,,
1732157956.916616,1732157956.918967,22.000000,0.000000,4288.333496,4280.128418,4313.589844,4300.769043,4274.102539,4277.948730,4332.692383,4393.846191,4321.153809,4279.743652,4471.666504,4493.461426,4351.410156,4403.589844,0.000000,1.000000,22.000000,,,,0.000000,2.000000,2.000000,0.000000,4.000000,2.000000,2.000000,0.000000,0.000000,4.000000,4.000000,4.000000,4.000000,4.000000,4.000000,0.000000,,,,,,,,,,,,,,,,,,,,,,,,,,,,
1732157956.924424,1732157956.926775,23.000000,0.000000,4288.205078,4279.615234,4315.256348,4297.179688,4283.205078,4279.743652,4335.128418,4394.615234,4318.077148,4276.794922,4466.153809,4492.692383,4349.358887,4402.948730,0.000000,1.000000,22.000000,,,,0.000000,2.000000,2.000000,0.000000,4.000000,2.000000,2.000000,0.000000,0.000000,4.000000,4.000000,4.000000,4.000000,4.000000,4.000000,0.000000,,,,,,,,,,,,,,,,,,,,,,,,,,,,
1732157956.932233,1732157956.934683,24.000000,0.000000,4287.436035,4279.230957,4317.307617,4296.282227,4275.384766,4276.922852,4335.384766,4393.974121,4317.692383,4278.333496,4468.846191,4493.205078,4349.871582,4408.333496,0.000000,1.000000,22.000000,,,,0.000000,2.000000,2.000000,0.000000,4.000000,2.000000,2.000000,0.000000,0.000000,4.000000,4.000000,4.000000,4.000000,4.000000,4.000000,0.000000,,,,,,,,,,,,,,,,,6.000000,0.000000,0.494575,0.451050,-0.570251,0.476196,0.990355,-0.100110,-0.058113,-36.360596,44.256855,31.531364
1732157956.940041,1732157956.942491,25.000000,0.000000,4288.846191,4281.666504,4315.128418,4298.974121,4280.256348,4273.846191,4332.563965,4395.256348,4323.461426,4281.153809,4474.743652,4492.307617,4350.256348,4411.794922,0.000000,1.000000,22.000000,,,,0.000000,2.000000,2.000000,0.000000,4.000000,2.000000,2.000000,0.000000,0.000000,4.000000,4.000000,4.000000,4.000000,4.000000,4.000000,0.000000,,,,,,,,,,,,,,,,,,,,,,,,,,,,
1732157956.947849,1732157956.950499,26.000000,0.000000,4283.589844,4281.282227,4314.871582,4297.051270,4283.846191,4276.538574,4332.820313,4395.897461,4323.077148,4280.512695,4468.717773,4490.384766,4348.846191,4405.000000,0.000000,1.000000,22.000000,,,,0.000000,2.000000,2.000000,0.000000,4.000000,2.000000,2.000000,0.000000,0.000000,4.000000,4.000000,4.000000,4.000000,4.000000,4.000000,0.000000,,,,,,,,,,,,,,,,,,,,,,,,,,,,
1732157956.955657,1732157956.958308,27.000000,0.000000,4280.000000,4280.384766,4317.692383,4295.384766,4274.871582,4280.512695,4334.743652,4396.794922,4318.846191,4278.589844,4461.025879,4487.563965,4350.000000,4397.179688,0.000000,1.000000,22.000000,,,,0.000000,2.000000,2.000000,0.000000,4.000000,2.000000,2.000000,0.000000,0.000000,4.000000,4.000000,4.000000,4.000000,4.000000,4.000000,0.000000,,,,,,,,,,,,,,,,,,,,,,,,,,,,
1732157956.963465,1732157956.966216,28.000000,0.000000,4285.256348,4281.025879,4317.179688,4296.153809,4286.666504,4275.384766,4333.846191,4398.333496,4320.128418,4279.102539,4461.666504,4485.000000,4350.897461,4398.077148,0.000000,1.000000,22.000000,,,,0.000000,2.000000,2.000000,0.000000,4.000000,2.000000,2.000000,0.000000,0.000000,4.000000,4.000000,4.000000,4.000000,4.000000,4.000000,0.000000,,,,,,,,,,,,,,,,,7.000000,0.000000,0.494431,0.451233,-0.570129,0.476318,0.966427,-0.093273,-0.060066,-36.420414,44.273052,31.527071
1732157956.971274,1732157956.974024,29.000000,0.000000,4287.307617,4280.128418,4313.333496,4295.769043,4300.000000,4270.641113,4333.077148,4398.589844,4322.051270,4281.922852,4462.948730,4487.436035,4351.410156,4399.743652,0.000000,1.000000,22.000000,,,,0.000000,2.000000,2.000000,0.000000,4.000000,2.000000,2.000000,0.000000,0.000000,4.000000,4.000000,4.000000,4.000000,4.000000,4.000000,0.000000,,,,,,,,,,,,,,,,,,,,,,,,,,,,
1732157956.979082,1732157956.981832,30.000000,0.000000,4284.230957,4280.769043,4313.077148,4296.538574,4279.358887,4276.153809,4333.717773,4397.436035,4321.282227,4284.615234,4462.820313,4490.641113,4350.256348,4397.948730,0.000000,1.000000,22.000000,,,,0.000000,2.000000,2.000000,0.000000,4.000000,2.000000,2.000000,0.000000,0.000000,4.000000,4.000000,4.000000,4.000000,4.000000,4.000000,0.000000,,,,,,,,,,,,,,,,,,,,,,,,,,,,
1732157956.986890,1732157956.989640,31.000000,0.000000,4288.461426,4282.051270,4315.769043,4301.025879,4259.871582,4282.307617,4333.717773,4397.436035,4319.871582,4283.333496,4461.282227,4490.769043,4348.717773,4398.461426,0.000000,1.000000,22.000000,,,,0.000000,2.000000,2.000000,0.000000,4.000000,2.000000,2.000000,0.000000,0.000000,4.000000,4.000000,4.000000,4.000000,4.000000,4.000000,0.000000,,,,,,,,,,,,,,,,,,,,,,,,,,,,
1732157956.994698,1732157956.997349,32.000000,0.000000,4292.436035,4281.282227,4316.282227,4301.538574,4273.077148,4280.769043,4332.692383,4396.666504,4318.461426,4280.128418,4460.897461,4492.563965,4349.358887,4399.230957,0.000000,1.000000,22.000000,,,,0.000000,2.000000,2.000000,0.000000,4.000000,2.000000,2.000000,0.000000,0.000000,4.000000,4.000000,4.000000,4.000000,4.000000,4.000000,0.000000,,,,,,,,,,,,,,,,,8.000000,0.000000,0.494549,0.450989,-0.570374,0.476135,0.974240,-0.099622,-0.057624,-36.283871,44.246174,31.616928
1732157957.002507,1732157957.005157,33.000000,0.000000,4287.179688,4281.025879,4316.922852,4296.922852,4284.358887,4278.077148,4332.948730,4396.410156,4321.282227,4281.794922,4467.948730,4493.589844,4352.563965,4398.461426,0.000000,1.000000,22.000000,,,,0.000000,2.000000,2.000000,0.000000,4.000000,2.000000,2.000000,0.000000,0.000000,4.000000,4.000000,4.000000,4.000000,4.000000,4.000000,0.000000,,,,,,,,,,,,,,,,,,,,,,,,,,,,
1732157957.010315,1732157957.012765,34.000000,0.000000,4285.512695,4282.948730,4314.487305,4295.641113,4273.461426,4280.641113,4333.461426,4396.538574,4327.436035,4282.948730,4474.871582,4491.922852,4355.897461,4398.846191,0.000000,1.000000,22.000000,,,,0.000000,2.000000,2.000000,0.000000,4.000000,2.000000,2.000000,0.000000,0.000000,4.000000,4.000000,4.000000,4.000000,4.000000,4.000000,0.000000,,,,,,,,,,,,,,,,,,,,,,,,,,,,
1732157957.018123,1732157957.020573,35.000000,0.000000,4289.358887,4282.948730,4310.641113,4296.282227,4278.717773,4279.358887,4333.077148,4395.512695,4325.769043,4281.153809,4472.179688,4489.487305,4354.487305,4399.102539,0.000000,1.000000,22.000000,,,,0.000000,2.000000,2.000000,0.000000,4.000000,2.000000,2.000000,0.000000,0.000000,4.000000,4.000000,4.000000,4.000000,4.000000,4.000000,0.000000,,,,,,,,,,,,,,,,,,,,,,,,,,,,
1732157957.025931,1732157957.028282,36.000000,0.000000,4288.717773,4280.512695,4310.384766,4295.769043,4295.256348,4275.897461,4332.563965,4396.410156,4323.205078,4284.615234,4469.230957,4486.922852,4350.128418,4397.820313,0.000000,1.000000,22.000000,,,,0.000000,2.000000,2.000000,0.000000,4.000000,2.000000,2.000000,0.000000,0.000000,4.000000,4.000000,4.000000,4.000000,4.000000,4.000000,0.000000,,,,,,,,,,,,,,,,,9.000000,0.000000,0.494505,0.451050,-0.570313,0.476196,0.967403,-0.099622,-0.050299,-36.423267,44.374401,31.539711
1732157957.033740,1732157957.036090,37.000000,0.000000,4285.256348,4279.230957,4312.820313,4295.384766,4282.436035,4278.205078,4334.102539,4397.563965,4326.025879,4287.820313,4473.205078,4487.179688,4349.358887,4397.820313,0.000000,1.000000,22.000000,,,,0.000000,2.000000,2.000000,0.000000,4.000000,2.000000,2.000000,0.000000,0.000000,4.000000,4.000000,4.000000,4.000000,4.000000,4.000000,0.000000,,,,,,,,,,,,,,,,,,,,,,,,,,,,
1732157957.041548,1732157957.043698,38.000000,0.000000,4286.922852,4278.974121,4313.333496,4296.410156,4262.436035,4280.897461,4335.384766,4395.512695,4326.025879,4282.948730,4470.897461,4487.179688,4351.410156,4398.077148,0.000000,1.000000,22.000000,,,,0.000000,2.000000,2.000000,0.000000,4.000000,2.000000,2.000000,0.000000,0.000000,4.000000,4.000000,4.000000,4.000000,4.000000,4.000000,0.000000,,,,,,,,,,,,,,,,,,,,,,,,,,,,
1732157957.049356,1732157957.051507,39.000000,0.000000,4289.358887,4280.897461,4315.384766,4296.153809,4271.538574,4279.487305,4333.589844,4395.128418,4325.641113,4280.769043,4466.282227,4483.974121,4348.077148,4396.410156,0.000000,1.000000,22.000000,,,,0.000000,2.000000,2.000000,0.000000,4.000000,2.000000,2.000000,0.000000,0.000000,4.000000,4.000000,4.000000,4.000000,4.000000,4.000000,0.000000,,,,,,,,,,,,,,,,,,,,,,,,,,,,
1732157957.057164,1732157957.059215,40.000000,0.000000,4284.743652,4280.000000,4316.410156,4294.871582,4281.538574,4279.230957,4330.769043,4397.051270,4324.871582,4282.563965,4466.666504,4480.897461,4343.333496,4396.794922,0.000000,1.000000,22.000000,,,,0.000000,2.000000,2.000000,0.000000,4.000000,2.000000,2.000000,0.000000,0.000000,4.000000,4.000000,4.000000,4.000000,4.000000,4.000000,0.000000,,,,,,,,,,,,,,,,,10.000000,0.000000,0.494387,0.451050,-0.570313,0.476318,0.967403,-0.099622,-0.050299,-36.627846,44.461597,31.563833
1732157957.064973,1732157957.067023,41.000000,0.000000,4280.641113,4270.128418,4312.948730,4291.794922,4271.410156,4281.282227,4331.794922,4396.922852,4329.102539,4282.436035,4467.179688,4482.820313,4340.769043,4400.384766,0.000000,1.000000,22.000000,,,,0.000000,2.000000,2.000000,0.000000,4.000000,2.000000,2.000000,0.000000,0.000000,4.000000,4.000000,4.000000,4.000000,4.000000,4.000000,0.000000,,,,,,,,,,,,,,,,,,,,,,,,,,,,
1732157957.072781,1732157957.074632,42.000000,0.000000,4280.512695,4264.358887,4311.794922,4286.794922,4280.512695,4280.128418,4334.487305,4396.538574,4334.487305,4283.717773,4468.846191,4482.179688,4341.410156,4398.846191,0.000000,1.000000,22.000000,,,,0.000000,2.000000,2.000000,0.000000,4.000000,2.000000,2.000000,0.000000,0.000000,4.000000,4.000000,4.000000,4.000000,4.000000,4.000000,0.000000,,,,,,,,,,,,,,,,,,,,,,,,,,,,
1732157957.080589,1732157957.082440,43.000000,0.000000,4281.410156,4271.538574,4314.102539,4290.128418,4290.769043,4279.102539,4335.000000,4399.230957,4328.846191,4289.102539,4471.794922,4483.077148,4348.461426,4398.717773,0.000000,1.000000,22.000000,,,,0.000000,2.000000,2.000000,0.000000,4.000000,2.000000,2.000000,0.000000,0.000000,4.000000,4.000000,4.000000,4.000000,4.000000,4.000000,0.000000,,,,,,,,,,,,,,,,,,,,,,,,,,,,
1732157957.088397,1732157957.090148,44.000000,0.000000,4282.179688,4277.948730,4313.846191,4297.179688,4268.717773,4278.846191,4335.128418,4397.436035,4325.000000,4295.897461,4472.820313,4491.153809,4352.307617,4406.025879,0.000000,1.000000,22.000000,,,,0.000000,2.000000,2.000000,0.000000,4.000000,2.000000,2.000000,0.000000,0.000000,4.000000,4.000000,4.000000,4.000000,4.000000,4.000000,0.000000,,,,,,,,,,,,,,,,,11.000000,0.000000,0.494187,0.451050,-0.570435,0.476379,0.980588,-0.105482,-0.061043,-36.491890,44.300560,31.620037
1732157957.096206,1732157957.097956,45.000000,0.000000,4282.436035,4276.538574,4314.230957,4295.000000,4255.512695,4277.179688,4336.025879,4394.615234,4327.307617,4294.230957,4472.051270,4492.179688,4350.128418,4408.846191,0.000000,1.000000,22.000000,,,,0.000000,2.000000,2.000000,0.000000,4.000000,2.000000,2.000000,0.000000,0.000000,4.000000,4.000000,4.000000,4.000000,4.000000,4.000000,0.000000,,,,,,,,,,,,,,,,,,,,,,,,,,,,
1732157957.104014,1732157957.105565,46.000000,0.000000,4282.307617,4277.948730,4317.563965,4294.615234,4266.025879,4277.051270,4336.025879,4395.641113,4319.487305,4283.333496,4472.820313,4489.230957,4351.282227,4402.563965,0.000000,1.000000,22.000000,,,,0.000000,2.000000,2.000000,0.000000,4.000000,2.000000,2.000000,0.000000,0.000000,4.000000,4.000000,4.000000,4.000000,4.000000,4.000000,0.000000,,,,,,,,,,,,,,,,,,,,,,,,,,,,
1732157957.111822,1732157957.113373,47.000000,0.000000,4286.410156,4281.538574,4317.436035,4301.282227,4271.794922,4279.230957,4334.743652,4395.897461,4312.051270,4278.205078,4473.717773,4493.461426,4350.000000,4403.205078,0.000000,1.000000,22.000000,,,,0.000000,2.000000,2.000000,0.000000,4.000000,2.000000,2.000000,0.000000,0.000000,4.000000,4.000000,4.000000,4.000000,4.000000,4.000000,0.000000,,,,,,,,,,,,,,,,,,,,,,,,,,,,
1732157957.119630,1732157957.121281,48.000000,0.000000,4290.641113,4280.384766,4314.358887,4302.563965,4273.461426,4280.128418,4334.743652,4396.025879,4322.051270,4280.641113,4475.512695,4494.358887,4344.743652,4409.487305,0.000000,1.000000,22.000000,,,,0.000000,2.000000,2.000000,0.000000,4.000000,2.000000,2.000000,0.000000,0.000000,4.000000,4.000000,4.000000,4.000000,4.000000,4.000000,0.000000,,,,,,,,,,,,,,,,,12.000000,0.000000,0.494346,0.450928,-0.570496,0.476257,0.979612,-0.102552,-0.055671,-36.516762,44.223454,31.520563
1732157957.127439,1732157957.129089,49.000000,0.000000,4290.256348,4279.615234,4315.897461,4298.205078,4278.717773,4279.230957,4335.000000,4396.538574,4330.256348,4283.461426,4478.205078,4492.820313,4346.794922,4406.666504,0.000000,1.000000,22.000000,,,,0.000000,2.000000,2.000000,0.000000,4.000000,2.000000,2.000000,0.000000,0.000000,4.000000,4.000000,4.000000,4.000000,4.000000,4.000000,0.000000,,,,,,,,,,,,,,,,,,,,,,,,,,,,
1732157957.135247,1732157957.137097,50.000000,0.000000,4292.692383,4280.769043,4318.077148,4300.384766,4276.794922,4280.256348,4334.743652,4396.282227,4326.794922,4285.641113,4477.436035,4501.538574,4352.436035,4403.205078,0.000000,1.000000,22.000000,,,,0.000000,2.000000,2.000000,0.000000,4.000000,2.000000,2.000000,0.000000,0.000000,4.000000,4.000000,4.000000,4.000000,4.000000,4.000000,0.000000,,,,,,,,,,,,,,,,,,,,,,,,,,,,
1732157957.143055,1732157957.144905,51.000000,0.000000,4295.000000,4282.436035,4314.871582,4302.563965,4286.794922,4281.025879,4334.743652,4397.179688,4324.871582,4282.692383,4477.179688,4504.615234,4350.384766,4403.717773,0.000000,1.000000,22.000000,,,,0.000000,2.000000,2.000000,0.000000,4.000000,2.000000,2.000000,0.000000,0.000000,4.000000,4.000000,4.000000,4.000000,4.000000,4.000000,0.000000,,,,,,,,,,,,,,,,,,,,,,,,,,,,
1732157957.150863,1732157957.152813,52.000000,0.000000,4292.179688,4281.922852,4313.461426,4298.461426,4297.820313,4278.461426,4334.871582,4397.436035,4326.922852,4279.743652,4477.179688,4497.820313,4346.538574,4402.820313,0.000000,1.000000,22.000000,,,,0.000000,2.000000,2.000000,0.000000,4.000000,2.000000,2.000000,0.000000,0.000000,4.000000,4.000000,4.000000,4.000000,4.000000,4.000000,0.000000,,,,,,,,,,,,,,,,,13.000000,0.000000,0.494408,0.450989,-0.570496,0.476135,0.967403,-0.089366,-0.055671,-36.545246,44.185997,31.414989
1732157957.158672,1732157957.160622,53.000000,0.000000,4291.153809,4278.846191,4314.358887,4297.179688,4275.512695,4278.077148,4334.871582,4394.487305,4328.846191,4289.743652,4477.820313,4501.153809,4348.461426,4403.717773,0.000000,1.000000,22.000000,,,,0.000000,2.000000,2.000000,0.000000,4.000000,2.000000,2.000000,0.000000,0.000000,4.000000,4.000000,4.000000,4.000000,4.000000,4.000000,0.000000,,,,,,,,,,,,,,,,,,,,,,,,,,,,
1732157957.166480,1732157957.168630,54.000000,0.000000,4288.974121,4277.948730,4314.743652,4299.487305,4255.512695,4281.153809,4334.871582,4394.487305,4327.307617,4294.230957,4476.794922,4506.025879,4348.333496,4404.230957,0.000000,1.000000,22.000000,,,,0.000000,2.000000,2.000000,0.000000,4.000000,2.000000,2.000000,0.000000,0.000000,4.000000,4.000000,4.000000,4.000000,4.000000,4.000000,0.000000,,,,,,,,,,,,,,,,,,,,,,,,,,,,
1732157957.174288,1732157957.176438,55.000000,0.000000,4282.820313,4278.846191,4313.974121,4297.436035,4269.871582,4281.666504,4334.871582,4397.692383,4323.333496,4290.897461,4472.692383,4497.820313,4344.615234,4400.256348,0.000000,1.000000,22.000000,,,,0.000000,2.000000,2.000000,0.000000,4.000000,2.000000,2.000000,0.000000,0.000000,4.000000,4.000000,4.000000,4.000000,4.000000,4.000000,0.000000,,,,,,,,,,,,,,,,,,,,,,,,,,,,
1732157957.182096,1732157957.184146,56.000000,0.000000,4280.897461,4275.897461,4312.179688,4294.358887,4281.538574,4279.487305,4334.871582,4397.948730,4323.974121,4293.205078,4471.410156,4492.563965,4341.794922,4397.051270,0.000000,1.000000,22.000000,,,,0.000000,2.000000,2.000000,0.000000,4.000000,2.000000,2.000000,0.000000,0.000000,4.000000,4.000000,4.000000,4.000000,4.000000,4.000000,0.000000,,,,,,,,,,,,,,,,,14.000000,0.000000,0.494249,0.451111,-0.570435,0.476257,0.975705,-0.101575,-0.064461,-36.568314,44.562325,31.367809
1732157957.189905,1732157957.191954,57.000000,0.000000,4282.436035,4275.512695,4311.666504,4296.282227,4274.615234,4279.743652,4334.871582,4397.436035,4328.205078,4287.820313,4474.102539,4494.102539,4342.692383,4399.615234,0.000000,1.000000,22.000000,,,,0.000000,2.000000,2.000000,0.000000,4.000000,2.000000,2.000000,0.000000,0.000000,4.000000,4.000000,4.000000,4.000000,4.000000,4.000000,0.000000,,,,,,,,,,,,,,,,,,,,,,,,,,,,
1732157957.197713,1732157957.199962,58.000000,0.000000,4282.307617,4280.128418,4312.436035,4295.897461,4275.641113,4280.256348,4334.871582,4397.307617,4327.051270,4280.384766,4475.384766,4492.051270,4348.077148,4400.000000,0.000000,1.000000,22.000000,,,,0.000000,2.000000,2.000000,0.000000,4.000000,2.000000,2.000000,0.000000,0.000000,4.000000,4.000000,4.000000,4.000000,4.000000,4.000000,0.000000,,,,,,,,,,,,,,,,,,,,,,,,,,,,
1732157957.205521,1732157957.207771,59.000000,0.000000,4282.179688,4281.153809,4314.102539,4291.666504,4280.128418,4279.871582,4334.871582,4397.307617,4324.615234,4288.717773,4473.974121,4491.538574,4350.512695,4398.205078,0.000000,1.000000,22.000000,,,,0.000000,2.000000,2.000000,0.000000,4.000000,2.000000,2.000000,0.000000,0.000000,4.000000,4.000000,4.000000,4.000000,4.000000,4.000000,0.000000,,,,,,,,,,,,,,,,,,,,,,,,,,,,
1732157957.213329,1732157957.215679,60.000000,0.000000,4281.025879,4277.307617,4313.333496,4291.538574,4281.025879,4279.871582,4334.871582,4397.051270,4330.000000,4297.948730,4473.589844,4491.666504,4349.743652,4397.563965,0.000000,1.000000,22.000000,,,,0.000000,2.000000,2.000000,0.000000,4.000000,2.000000,2.000000,0.000000,0.000000,4.000000,4.000000,4.000000,4.000000,4.000000,4.000000,0.000000,,,,,,,,,,,,,,,,,15.000000,0.000000,0.494275,0.450928,-0.570557,0.476257,0.975217,-0.098645,-0.052252,-36.752003,44.500484,31.454592
1732157957.221138,1732157957.223487,61.000000,0.000000,4278.205078,4278.461426,4312.179688,4295.128418,4277.692383,4280.256348,4334.871582,4396.922852,4337.051270,4295.384766,4475.897461,4491.794922,4350.641113,4396.922852,0.000000,1.000000,22.000000,,,,0.000000,2.000000,2.000000,0.000000,4.000000,2.000000,2.000000,0.000000,0.000000,4.000000,4.000000,4.000000,4.000000,4.000000,4.000000,0.000000,,,,,,,,,,,,,,,,,,,,,,,,,,,,
1732157957.228946,1732157957.231495,62.000000,0.000000,4277.820313,4280.897461,4313.589844,4293.974121,4278.333496,4280.769043,4334.871582,4396.922852,4333.461426,4294.230957,4471.922852,4491.282227,4349.102539,4396.025879,0.000000,1.000000,22.000000,,,,0.000000,2.000000,2.000000,0.000000,4.000000,2.000000,2.000000,0.000000,0.000000,4.000000,4.000000,4.000000,4.000000,4.000000,4.000000,0.000000,,,,,,,,,,,,,,,,,,,,,,,,,,,,
1732157957.236754,1732157957.239303,63.000000,0.000000,4277.307617,4277.948730,4315.384766,4287.948730,4294.487305,4280.641113,4334.871582,4397.307617,4325.384766,4294.358887,4462.820313,4491.153809,4342.692383,4395.000000,0.000000,1.000000,22.000000,,,,0.000000,2.000000,2.000000,0.000000,4.000000,2.000000,2.000000,0.000000,0.000000,4.000000,4.000000,4.000000,4.000000,4.000000,4.000000,0.000000,,,,,,,,,,,,,,,,,,,,,,,,,,,,
1732157957.244562,1732157957.247211,64.000000,0.000000,4278.461426,4277.436035,4315.384766,4289.615234,4293.589844,4280.769043,4334.871582,4395.512695,4325.769043,4293.846191,4463.974121,4489.102539,4342.179688,4394.615234,0.000000,1.000000,22.000000,,,,0.000000,2.000000,2.000000,0.000000,4.000000,2.000000,2.000000,0.000000,0.000000,4.000000,4.000000,4.000000,4.000000,4.000000,4.000000,0.000000,,,,,,,,,,,,,,,,,16.000000,0.000000,0.494272,0.450867,-0.570557,0.476318,0.963985,-0.113783,-0.049811,-36.640789,44.575390,31.366552
1732157957.252371,1732157957.255019,65.000000,0.000000,4281.282227,4281.025879,4315.256348,4296.153809,4267.692383,4280.769043,4334.871582,4394.102539,4328.077148,4296.282227,4472.563965,4489.102539,4350.641113,4394.102539,1603.000000,1.000000,22.000000,,,,0.000000,2.000000,2.000000,0.000000,4.000000,2.000000,2.000000,0.000000,0.000000,4.000000,4.000000,4.000000,4.000000,4.000000,4.000000,0.000000,,,,,,,,,,,,,,,,,,,,,,,,,,,,
1732157957.260179,1732157957.263027,66.000000,0.000000,4281.666504,4280.256348,4315.128418,4296.282227,4257.051270,4280.512695,4334.871582,4397.051270,4328.461426,4296.025879,4472.820313,4492.820313,4350.769043,4396.153809,1366.000000,1.000000,22.000000,,,,0.000000,2.000000,2.000000,0.000000,4.000000,2.000000,2.000000,0.000000,0.000000,4.000000,4.000000,4.000000,4.000000,4.000000,4.000000,0.000000,,,,,,,,,,,,,,,,,,,,,,,,,,,,
1732157957.267987,1732157957.270836,67.000000,0.000000,4282.948730,4278.333496,4316.538574,4292.563965,4268.717773,4281.282227,4334.871582,4398.461426,4326.666504,4293.333496,4469.102539,4491.153809,4344.743652,4397.563965,1424.000000,1.000000,22.000000,,,,0.000000,2.000000,2.000000,0.000000,4.000000,2.000000,2.000000,0.000000,0.000000,4.000000,4.000000,4.000000,4.000000,4.000000,4.000000,0.000000,,,,,,,,,,,,,,,,,,,,,,,,,,,,
1732157957.275795,1732157957.278544,68.000000,0.000000,4283.461426,4278.974121,4317.948730,4292.820313,4273.589844,4281.410156,4334.871582,4395.769043,4322.307617,4292.307617,4470.897461,4489.871582,4346.282227,4397.820313,1422.000000,1.000000,22.000000,,,,0.000000,2.000000,2.000000,0.000000,4.000000,2.000000,2.000000,0.000000,0.000000,4.000000,4.000000,4.000000,4.000000,4.000000,4.000000,0.000000,,,,,,,,,,,,,,,,,17.000000,0.000000,0.494272,0.450867,-0.570557,0.476318,0.973752,-0.096203,-0.061531,-36.460705,44.651066,31.235241
1732157957.283604,1732157957.286352,69.000000,0.000000,4282.436035,4275.897461,4315.128418,4294.230957,4273.461426,4280.512695,4334.871582,4395.897461,4326.410156,4295.128418,4473.461426,4496.538574,4347.307617,4402.307617,1215.000000,1.000000,22.000000,,,,0.000000,2.000000,2.000000,0.000000,4.000000,2.000000,2.000000,0.000000,0.000000,4.000000,4.000000,4.000000,4.000000,4.000000,4.000000,0.000000,,,,,,,,,,,,,,,,,,,,,,,,,,,,
1732157957.291412,1732157957.294360,70.000000,0.000000,4287.820313,4274.102539,4311.153809,4293.205078,4275.769043,4280.897461,4334.871582,4399.358887,4332.948730,4297.307617,4473.717773,4498.461426,4344.358887,4407.563965,0.000000,1.000000,22.000000,,,,0.000000,2.000000,2.000000,0.000000,4.000000,2.000000,2.000000,0.000000,0.000000,4.000000,4.000000,4.000000,4.000000,4.000000,4.000000,0.000000,,,,,,,,,,,,,,,,,,,,,,,,,,,,
1732157957.299220,1732157957.302168,71.000000,0.000000,4291.410156,4277.307617,4316.025879,4292.179688,4272.820313,4280.512695,4334.743652,4397.948730,4328.589844,4293.077148,4472.179688,4497.563965,4345.897461,4408.205078,0.000000,1.000000,22.000000,,,,0.000000,2.000000,2.000000,0.000000,4.000000,2.000000,2.000000,0.000000,0.000000,4.000000,4.000000,4.000000,4.000000,4.000000,4.000000,0.000000,,,,,,,,,,,,,,,,,,,,,,,,,,,,
1732157957.307028,1732157957.310077,72.000000,0.000000,4285.000000,4277.948730,4319.358887,4292.179688,4268.974121,4277.820313,4335.000000,4395.641113,4324.102539,4292.436035,4471.666504,4500.000000,4350.897461,4409.743652,1533.000000,1.000000,22.000000,,,,0.000000,2.000000,2.000000,0.000000,4.000000,2.000000,2.000000,0.000000,0.000000,4.000000,4.000000,4.000000,4.000000,4.000000,4.000000,0.000000,,,,,,,,,,,,,,,,,18.000000,0.000000,0.494055,0.451233,-0.570251,0.476563,0.963008,-0.096203,-0.055183,-36.611504,44.630699,31.205545
1732157957.314837,1732157957.317885,73.000000,0.000000,4280.897461,4277.051270,4316.282227,4295.641113,4267.051270,4278.205078,4334.871582,4397.692383,4328.205078,4296.538574,4474.615234,4501.153809,4352.179688,4414.102539,1688.000000,1.000000,22.000000,,,,0.000000,2.000000,2.000000,0.000000,4.000000,2.000000,2.000000,0.000000,0.000000,4.000000,4.000000,4.000000,4.000000,4.000000,4.000000,0.000000,,,,,,,,,,,,,,,,,,,,,,,,,,,,
1732157957.322645,1732157957.325893,74.000000,0.000000,4283.589844,4279.871582,4315.128418,4296.922852,4270.641113,4280.897461,4334.230957,4398.333496,4327.307617,4288.077148,4474.230957,4496.538574,4348.461426,4407.948730,1548.000000,1.000000,22.000000,,,,0.000000,2.000000,2.000000,0.000000,4.000000,2.000000,2.000000,0.000000,0.000000,4.000000,4.000000,4.000000,4.000000,4.000000,4.000000,0.000000,,,,,,,,,,,,,,,,,,,,,,,,,,,,
1732157957.330453,1732157957.333701,75.000000,0.000000,4282.948730,4280.384766,4314.615234,4295.256348,4278.974121,4280.256348,4335.128418,4396.538574,4322.179688,4274.871582,4469.358887,4494.230957,4342.307617,4397.436035,1564.000000,1.000000,22.000000,,,,0.000000,2.000000,2.000000,0.000000,4.000000,2.000000,2.000000,0.000000,0.000000,4.000000,4.000000,4.000000,4.000000,4.000000,4.000000,0.000000,,,,,,,,,,,,,,,,,,,,,,,,,,,,
1732157957.338261,1732157957.341609,76.000000,0.000000,4281.666504,4279.487305,4313.333496,4298.333496,4280.000000,4279.615234,4335.256348,4397.948730,4324.102539,4284.871582,4469.487305,4494.230957,4342.436035,4400.000000,1703.000000,1.000000,22.000000,,,,0.000000,2.000000,2.000000,0.000000,4.000000,2.000000,2.000000,0.000000,0.000000,4.000000,4.000000,4.000000,4.000000,4.000000,4.000000,0.000000,,,,,,,,,,,,,,,,,19.000000,0.000000,0.493808,0.451477,-0.570068,0.476807,0.982053,-0.103040,-0.052252,-36.598652,44.712532,31.183159
1732157957.346070,1732157957.349417,77.000000,0.000000,4281.410156,4281.153809,4312.948730,4299.871582,4275.000000,4281.410156,4332.563965,4398.589844,4329.230957,4297.307617,4474.358887,4491.794922,4350.641113,4405.769043,1608.000000,1.000000,22.000000,,,,0.000000,2.000000,2.000000,0.000000,4.000000,2.000000,2.000000,0.000000,0.000000,4.000000,4.000000,4.000000,4.000000,4.000000,4.000000,0.000000,,,,,,,,,,,,,,,,,,,,,,,,,,,,
1732157957.353878,1732157957.357425,78.000000,0.000000,4279.230957,4280.000000,4313.461426,4295.641113,4284.743652,4279.743652,4333.333496,4397.563965,4329.871582,4287.436035,4472.436035,4489.743652,4348.077148,4400.769043,1548.000000,1.000000,22.000000,,,,0.000000,2.000000,2.000000,0.000000,4.000000,2.000000,2.000000,0.000000,0.000000,4.000000,4.000000,4.000000,4.000000,4.000000,4.000000,0.000000,1.000000,0.000000,2.000000,1.000000,0.000000,4.000000,2.000000,1.000000,0.000000,0.000000,3.000000,4.000000,4.000000,4.000000,3.000000,4.000000,,,,,,,,,,,,
1732157957.361686,1732157957.365233,79.000000,0.000000,4281.410156,4279.230957,4314.743652,4295.897461,4294.230957,4276.538574,4336.922852,4398.589844,4325.512695,4282.051270,4468.205078,4488.333496,4340.512695,4395.128418,1564.000000,1.000000,22.000000,,,,0.000000,2.000000,2.000000,0.000000,4.000000,2.000000,2.000000,0.000000,0.000000,4.000000,4.000000,4.000000,4.000000,4.000000,4.000000,0.000000,,,,,,,,,,,,,,,,,,,,,,,,,,,,
1732157957.369494,1732157957.372942,80.000000,0.000000,4286.538574,4280.897461,4316.410156,4300.384766,4274.102539,4279.230957,4336.666504,4398.589844,4328.846191,4295.512695,4471.153809,4489.871582,4344.871582,4399.743652,1703.000000,1.000000,22.000000,,,,0.000000,2.000000,2.000000,0.000000,4.000000,2.000000,2.000000,0.000000,0.000000,4.000000,4.000000,4.000000,4.000000,4.000000,4.000000,0.000000,,,,,,,,,,,,,,,,,20.000000,0.000000,0.493849,0.451355,-0.570129,0.476807,0.976682,-0.103040,-0.050299,-36.419907,44.872150,31.080025
1732157957.377303,1732157957.380750,81.000000,0.000000,4287.051270,4281.538574,4314.358887,4298.589844,4255.384766,4282.179688,4334.871582,4396.282227,4337.307617,4300.512695,4476.666504,4494.230957,4351.666504,4405.256348,1608.000000,1.000000,22.000000,,,,0.000000,2.000000,2.000000,0.000000,4.000000,2.000000,2.000000,0.000000,0.000000,4.000000,4.000000,4.000000,4.000000,4.000000,4.000000,0.000000,,,,,,,,,,,,,,,,,,,,,,,,,,,,
1732157957.385111,1732157957.388358,82.000000,0.000000,4287.563965,4279.871582,4313.717773,4293.974121,4264.102539,4281.538574,4336.025879,4396.025879,4332.436035,4290.000000,4476.410156,4498.077148,4353.205078,4408.461426,1548.000000,1.000000,22.000000,,,,0.000000,2.000000,2.000000,0.000000,4.000000,2.000000,2.000000,0.000000,0.000000,4.000000,4.000000,4.000000,4.000000,4.000000,4.000000,0.000000,,,,,,,,,,,,,,,,,,,,,,,,,,,,
1732157957.392919,1732157957.396167,83.000000,0.000000,4292.948730,4279.230957,4314.743652,4298.077148,4274.615234,4281.666504,4336.538574,4396.794922,4322.948730,4285.128418,4472.692383,4498.717773,4349.230957,4408.846191,1564.000000,1.000000,22.000000,,,,0.000000,2.000000,2.000000,0.000000,4.000000,2.000000,2.000000,0.000000,0.000000,4.000000,4.000000,4.000000,4.000000,4.000000,4.000000,0.000000,,,,,,,,,,,,,,,,,,,,,,,,,,,,
1732157957.400727,1732157957.403875,84.000000,0.000000,4295.256348,4280.512695,4313.205078,4303.077148,4274.487305,4282.820313,4335.897461,4397.563965,4327.948730,4289.358887,4472.692383,4501.025879,4342.563965,4407.307617,1703.000000,1.000000,22.000000,,,,0.000000,2.000000,2.000000,0.000000,4.000000,2.000000,2.000000,0.000000,0.000000,4.000000,4.000000,4.000000,4.000000,4.000000,4.000000,0.000000,,,,,,,,,,,,,,,,,21.000000,0.000000,0.493849,0.451355,-0.570129,0.476807,0.976682,-0.103040,-0.050299,-36.305126,44.881443,31.071487
1732157957.408536,1732157957.411683,85.000000,0.000000,4294.358887,4279.615234,4312.692383,4299.487305,4277.436035,4282.820313,4336.410156,4396.794922,4332.820313,4290.000000,4475.512695,4507.179688,4343.077148,4411.025879,1608.000000,1.000000,22.000000,,,,0.000000,2.000000,2.000000,0.000000,4.000000,2.000000,2.000000,0.000000,0.000000,4.000000,4.000000,4.000000,4.000000,4.000000,4.000000,0.000000,,,,,,,,,,,,,,,,,,,,,,,,,,,,
1732157957.416344,1732157957.419292,86.000000,0.000000,4296.538574,4278.589844,4317.307617,4295.256348,4277.436035,4280.256348,4335.897461,4395.512695,4329.487305,4288.333496,4476.410156,4508.205078,4350.897461,4415.384766,1548.000000,1.000000,22.000000,,,,0.000000,2.000000,2.000000,0.000000,4.000000,2.000000,2.000000,0.000000,0.000000,4.000000,4.000000,4.000000,4.000000,4.000000,4.000000,0.000000,,,,,,,,,,,,,,,,,,,,,,,,,,,,
1732157957.424152,1732157957.427100,87.000000,0.000000,4296.538574,4278.846191,4318.077148,4298.461426,4270.000000,4277.051270,4336.025879,4396.282227,4332.307617,4290.769043,4473.974121,4505.512695,4352.051270,4413.974121,1564.000000,1.000000,22.000000,,,,0.000000,2.000000,2.000000,0.000000,4.000000,2.000000,2.000000,0.000000,0.000000,4.000000,4.000000,4.000000,4.000000,4.000000,4.000000,0.000000,,,,,,,,,,,,,,,,,,,,,,,,,,,,
1732157957.431960,1732157957.434808,88.000000,0.000000,4293.974121,4278.589844,4314.102539,4301.410156,4267.307617,4277.563965,4337.051270,4398.205078,4333.333496,4288.717773,4473.717773,4505.128418,4349.102539,4412.436035,1703.000000,1.000000,22.000000,,,,0.000000,2.000000,2.000000,0.000000,4.000000,2.000000,2.000000,0.000000,0.000000,4.000000,4.000000,4.000000,4.000000,4.000000,4.000000,0.000000,,,,,,,,,,,,,,,,,22.000000,0.000000,0.493775,0.451538,-0.569946,0.476929,0.975705,-0.092296,-0.052252,-36.182152,44.888969,31.097904
1732157957.439769,1732157957.442616,89.000000,0.000000,4295.897461,4278.589844,4312.179688,4300.256348,4284.487305,4280.384766,4334.358887,4398.333496,4326.666504,4282.692383,4475.641113,4506.282227,4351.282227,4414.358887,1608.000000,1.000000,22.000000,,,,0.000000,2.000000,2.000000,0.000000,4.000000,2.000000,2.000000,0.000000,0.000000,4.000000,4.000000,4.000000,4.000000,4.000000,4.000000,0.000000,,,,,,,,,,,,,,,,,,,,,,,,,,,,
1732157957.447577,1732157957.450624,90.000000,0.000000,4296.794922,4278.077148,4312.692383,4300.641113,4295.641113,4280.384766,4332.436035,4397.436035,4324.102539,4282.948730,4475.897461,4507.051270,4352.820313,4415.384766,1548.000000,1.000000,22.000000,,,,0.000000,2.000000,2.000000,0.000000,4.000000,2.000000,2.000000,0.000000,0.000000,4.000000,4.000000,4.000000,4.000000,4.000000,4.000000,0.000000,,,,,,,,,,,,,,,,,,,,,,,,,,,,
1732157957.455385,1732157957.458432,91.000000,0.000000,4293.589844,4278.589844,4313.846191,4301.153809,4275.512695,4279.743652,4333.717773,4397.307617,4328.333496,4287.179688,4474.487305,4505.000000,4350.000000,4413.846191,1564.000000,1.000000,22.000000,,,,0.000000,2.000000,2.000000,0.000000,4.000000,2.000000,2.000000,0.000000,0.000000,4.000000,4.000000,4.000000,4.000000,4.000000,4.000000,0.000000,,,,,,,,,,,,,,,,,,,,,,,,,,,,
1732157957.463193,1732157957.466141,92.000000,0.000000,4290.897461,4279.230957,4313.461426,4298.589844,4255.000000,4280.384766,4333.589844,4398.333496,4332.307617,4292.179688,4473.974121,4502.179688,4348.205078,4414.102539,1703.000000,1.000000,22.000000,,,,0.000000,2.000000,2.000000,0.000000,4.000000,2.000000,2.000000,0.000000,0.000000,4.000000,4.000000,4.000000,4.000000,4.000000,4.000000,0.000000,,,,,,,,,,,,,,,,,23.000000,0.000000,0.493745,0.451660,-0.569824,0.476990,0.968868,-0.078623,-0.055671,-36.179211,44.758396,31.047636
1732157957.471002,1732157957.473949,93.000000,0.000000,4287.179688,4275.384766,4313.717773,4296.410156,4262.051270,4279.487305,4332.820313,4400.128418,4331.025879,4291.410156,4473.205078,4498.589844,4345.897461,4413.205078,1608.000000,1.000000,22.000000,,,,0.000000,2.000000,2.000000,0.000000,4.000000,2.000000,2.000000,0.000000,0.000000,4.000000,4.000000,4.000000,4.000000,4.000000,4.000000,0.000000,,,,,,,,,,,,,,,,,,,,,,,,,,,,
1732157957.478810,1732157957.481557,94.000000,0.000000,4286.025879,4272.692383,4313.717773,4295.256348,4280.384766,4277.436035,4334.743652,4399.358887,4325.384766,4281.410156,4471.666504,4497.692383,4341.153809,4407.820313,1548.000000,1.000000,22.000000,,,,0.000000,2.000000,2.000000,0.000000,4.000000,2.000000,2.000000,0.000000,0.000000,4.000000,4.000000,4.000000,4.000000,4.000000,4.000000,0.000000,,,,,,,,,,,,,,,,,,,,,,,,,,,,
1732157957.486618,1732157957.489366,95.000000,0.000000,4291.666504,4277.948730,4312.692383,4297.051270,4279.230957,4277.692383,4335.128418,4398.333496,4328.846191,4281.666504,4472.436035,4501.282227,4344.230957,4406.666504,1564.000000,1.000000,22.000000,,,,0.000000,2.000000,2.000000,0.000000,4.000000,2.000000,2.000000,0.000000,0.000000,4.000000,4.000000,4.000000,4.000000,4.000000,4.000000,0.000000,,,,,,,,,,,,,,,,,,,,,,,,,,,,
1732157957.494426,1732157957.497074,96.000000,0.000000,4295.384766,4281.922852,4311.025879,4300.000000,4262.307617,4279.230957,4333.205078,4398.846191,4335.256348,4289.871582,4473.333496,4501.282227,4348.846191,4410.128418,1703.000000,1.000000,22.000000,,,,0.000000,2.000000,2.000000,0.000000,4.000000,2.000000,2.000000,0.000000,0.000000,4.000000,4.000000,4.000000,4.000000,4.000000,4.000000,0.000000,,,,,,,,,,,,,,,,,24.000000,0.000000,0.493715,0.451782,-0.569702,0.477051,0.968868,-0.078623,-0.055671,-36.240158,44.740967,30.880251
1732157957.502235,1732157957.504882,97.000000,0.000000,4293.461426,4280.000000,4311.538574,4302.948730,4260.256348,4279.871582,4333.974121,4398.846191,4329.487305,4284.358887,4471.410156,4498.974121,4344.102539,4412.179688,1608.000000,1.000000,22.000000,,,,0.000000,2.000000,2.000000,0.000000,4.000000,2.000000,2.000000,0.000000,0.000000,4.000000,4.000000,4.000000,4.000000,4.000000,4.000000,0.000000,,,,,,,,,,,,,,,,,,,,,,,,,,,,
1732157957.510043,1732157957.512491,98.000000,0.000000,4293.333496,4278.974121,4314.358887,4306.922852,4272.948730,4279.743652,4335.512695,4398.333496,4329.487305,4281.282227,4470.641113,4504.615234,4342.563965,4412.436035,1548.000000,1.000000,22.000000,,,,0.000000,2.000000,2.000000,0.000000,4.000000,2.000000,2.000000,0.000000,0.000000,4.000000,4.000000,4.000000,4.000000,4.000000,4.000000,0.000000,,,,,,,,,,,,,,,,,,,,,,,,,,,,
1732157957.517851,1732157957.520299,99.000000,0.000000,4294.230957,4280.128418,4314.871582,4304.871582,4275.897461,4278.461426,4336.153809,4397.948730,4335.769043,4287.051270,4471.922852,4507.948730,4349.102539,4407.436035,1564.000000,1.000000,22.000000,,,,0.000000,2.000000,2.000000,0.000000,4.000000,2.000000,2.000000,0.000000,0.000000,4.000000,4.000000,4.000000,4.000000,4.000000,4.000000,0.000000,,,,,,,,,,,,,,,,,,,,,,,,,,,,
1732157957.525659,1732157957.528007,100.000000,0.000000,4293.461426,4278.717773,4314.358887,4297.179688,4271.025879,4276.922852,4336.025879,4398.333496,4329.487305,4283.461426,4471.922852,4500.512695,4350.512695,4402.307617,1703.000000,1.000000,22.000000,,,,0.000000,2.000000,2.000000,0.000000,4.000000,2.000000,2.000000,0.000000,0.000000,4.000000,4.000000,4.000000,4.000000,4.000000,4.000000,0.000000,,,,,,,,,,,,,,,,,25.000000,0.000000,0.493567,0.451904,-0.569580,0.477234,0.966427,-0.095226,-0.062996,-36.322865,44.768517,31.094671
1732157957.533468,1732157957.535815,101.000000,0.000000,4294.615234,4275.000000,4315.256348,4295.641113,4267.692383,4278.461426,4336.025879,4398.205078,4323.717773,4279.358887,4472.692383,4502.948730,4346.282227,4406.538574,1608.000000,1.000000,22.000000,,,,0.000000,2.000000,2.000000,0.000000,4.000000,2.000000,2.000000,0.000000,0.000000,4.000000,4.000000,4.000000,4.000000,4.000000,4.000000,0.000000,,,,,,,,,,,,,,,,,,,,,,,,,,,,
1732157957.541276,1732157957.543823,102.000000,0.000000,4294.487305,4271.282227,4313.974121,4297.948730,4275.512695,4280.641113,4336.153809,4397.692383,4325.769043,4282.307617,4473.077148,4505.384766,4343.717773,4407.179688,1548.000000,1.000000,22.000000,,,,0.000000,2.000000,2.000000,0.000000,4.000000,2.000000,2.000000,0.000000,0.000000,4.000000,4.000000,4.000000,4.000000,4.000000,4.000000,0.000000,,,,,,,,,,,,,,,,,,,,,,,,,,,,
1732157957.549084,1732157957.551631,103.000000,0.000000,4293.077148,4271.794922,4314.615234,4296.666504,4288.846191,4278.333496,4335.897461,4399.102539,4323.974121,4281.922852,4471.282227,4494.743652,4341.794922,4400.256348,1564.000000,1.000000,22.000000,,,,0.000000,2.000000,2.000000,0.000000,4.000000,2.000000,2.000000,0.000000,0.000000,4.000000,4.000000,4.000000,4.000000,4.000000,4.000000,0.000000,,,,,,,,,,,,,,,,,,,,,,,,,,,,
1732157957.556892,1732157957.559540,104.000000,0.000000,4293.589844,4275.641113,4316.410156,4296.282227,4277.436035,4277.948730,4336.153809,4400.384766,4324.230957,4278.717773,4472.307617,4497.820313,4346.153809,4405.384766,1703.000000,1.000000,22.000000,,,,0.000000,2.000000,2.000000,0.000000,4.000000,2.000000,2.000000,0.000000,0.000000,4.000000,4.000000,4.000000,4.000000,4.000000,4.000000,0.000000,,,,,,,,,,,,,,,,,26.000000,0.000000,0.493742,0.451599,-0.569824,0.477051,0.976682,-0.091808,-0.052252,-36.456520,44.524166,31.251682
1732157957.564700,1732157957.567348,105.000000,0.000000,4294.615234,4276.282227,4314.487305,4297.820313,4258.077148,4280.897461,4335.256348,4400.128418,4325.641113,4278.717773,4473.333496,4510.128418,4350.641113,4414.102539,1608.000000,1.000000,22.000000,,,,0.000000,2.000000,2.000000,0.000000,4.000000,2.000000,2.000000,0.000000,0.000000,4.000000,4.000000,4.000000,4.000000,4.000000,4.000000,0.000000,,,,,,,,,,,,,,,,,,,,,,,,,,,,
1732157957.572509,1732157957.574956,106.000000,0.000000,4293.846191,4277.307617,4312.051270,4295.512695,4263.974121,4280.384766,4332.179688,4397.692383,4324.871582,4282.563965,4472.179688,4504.358887,4347.820313,4412.051270,1548.000000,1.000000,22.000000,,,,0.000000,2.000000,2.000000,0.000000,4.000000,2.000000,2.000000,0.000000,0.000000,4.000000,4.000000,4.000000,4.000000,4.000000,4.000000,0.000000,,,,,,,,,,,,,,,,,,,,,,,,,,,,
1732157957.580317,1732157957.582764,107.000000,0.000000,4293.846191,4278.333496,4315.641113,4297.179688,4271.666504,4279.102539,4332.820313,4395.897461,4329.743652,4288.077148,4474.230957,4494.358887,4348.205078,4410.641113,1564.000000,1.000000,22.000000,,,,0.000000,2.000000,2.000000,0.000000,4.000000,2.000000,2.000000,0.000000,0.000000,4.000000,4.000000,4.000000,4.000000,4.000000,4.000000,0.000000,,,,,,,,,,,,,,,,,,,,,,,,,,,,
1732157957.588125,1732157957.590473,108.000000,0.000000,4296.538574,4276.410156,4316.666504,4298.461426,4275.000000,4279.102539,4335.000000,4396.666504,4331.922852,4286.153809,4476.538574,4501.666504,4352.051270,4412.820313,1703.000000,1.000000,22.000000,,,,0.000000,2.000000,2.000000,0.000000,4.000000,2.000000,2.000000,0.000000,0.000000,4.000000,4.000000,4.000000,4.000000,4.000000,4.000000,0.000000,,,,,,,,,,,,,,,,,27.000000,0.000000,0.493739,0.451538,-0.569824,0.477112,0.965938,-0.103528,-0.053717,-36.401447,44.266243,31.172197
1732157957.595934,1732157957.598281,109.000000,0.000000,4295.384766,4275.000000,4314.358887,4294.743652,4286.794922,4277.692383,4333.077148,4398.846191,4325.128418,4276.410156,4473.589844,4507.051270,4347.692383,4412.563965,1608.000000,1.000000,22.000000,,,,0.000000,2.000000,2.000000,0.000000,4.000000,2.000000,2.000000,0.000000,0.000000,4.000000,4.000000,4.000000,4.000000,4.000000,4.000000,0.000000,,,,,,,,,,,,,,,,,,,,,,,,,,,,
1732157957.603742,1732157957.605889,110.000000,0.000000,4289.487305,4275.384766,4315.769043,4294.358887,4278.077148,4278.077148,4332.563965,4399.102539,4325.384766,4281.153809,4474.230957,4506.666504,4343.717773,4411.538574,1548.000000,1.000000,22.000000,,,,0.000000,2.000000,2.000000,0.000000,4.000000,2.000000,2.000000,0.000000,0.000000,4.000000,4.000000,4.000000,4.000000,4.000000,4.000000,0.000000,,,,,,,,,,,,,,,,,,,,,,,,,,,,
1732157957.611550,1732157957.613698,111.000000,0.000000,4286.794922,4276.538574,4317.051270,4296.538574,4258.846191,4281.153809,4335.384766,4398.974121,4332.436035,4294.230957,4477.307617,4508.205078,4347.436035,4407.820313,1564.000000,1.000000,22.000000,,,,0.000000,2.000000,2.000000,0.000000,4.000000,2.000000,2.000000,0.000000,0.000000,4.000000,4.000000,4.000000,4.000000,4.000000,4.000000,0.000000,,,,,,,,,,,,,,,,,,,,,,,,,,,,
1732157957.619358,1732157957.621606,112.000000,0.000000,4289.358887,4277.307617,4316.922852,4295.897461,4263.077148,4281.282227,4334.871582,4400.128418,4332.820313,4291.025879,4474.230957,4507.436035,4347.948730,4402.436035,1703.000000,1.000000,22.000000,,,,0.000000,2.000000,2.000000,0.000000,4.000000,2.000000,2.000000,0.000000,0.000000,4.000000,4.000000,4.000000,4.000000,4.000000,4.000000,0.000000,,,,,,,,,,,,,,,,,28.000000,0.000000,0.493983,0.451233,-0.570007,0.476929,0.976193,-0.109877,-0.055671,-36.483505,43.867321,31.202812
1732157957.627167,1732157957.629414,113.000000,0.000000,4287.436035,4277.051270,4314.487305,4293.717773,4274.615234,4280.641113,4333.205078,4399.358887,4333.333496,4284.871582,4472.436035,4506.153809,4346.666504,4404.230957,1608.000000,1.000000,22.000000,,,,0.000000,2.000000,2.000000,0.000000,4.000000,2.000000,2.000000,0.000000,0.000000,4.000000,4.000000,4.000000,4.000000,4.000000,4.000000,0.000000,,,,,,,,,,,,,,,,,,,,,,,,,,,,
1732157957.634975,1732157957.637422,114.000000,0.000000,4285.000000,4275.000000,4311.794922,4294.871582,4277.307617,4281.538574,4334.615234,4398.974121,4336.410156,4292.051270,4475.000000,4508.717773,4350.384766,4407.307617,1548.000000,1.000000,22.000000,,,,0.000000,2.000000,2.000000,0.000000,4.000000,2.000000,2.000000,0.000000,0.000000,4.000000,4.000000,4.000000,4.000000,4.000000,4.000000,0.000000,,,,,,,,,,,,,,,,,,,,,,,,,,,,
1732157957.642783,1732157957.645230,115.000000,0.000000,4291.410156,4276.410156,4311.538574,4296.282227,4272.820313,4280.641113,4335.000000,4398.589844,4337.051270,4295.384766,4475.000000,4508.846191,4353.077148,4406.282227,1564.000000,1.000000,22.000000,,,,0.000000,2.000000,2.000000,0.000000,4.000000,2.000000,2.000000,0.000000,0.000000,4.000000,4.000000,4.000000,4.000000,4.000000,4.000000,0.000000,,,,,,,,,,,,,,,,,,,,,,,,,,,,
1732157957.650591,1732157957.653138,116.000000,0.000000,4291.153809,4278.589844,4312.692383,4295.000000,4277.820313,4278.717773,4334.487305,4398.589844,4333.589844,4282.820313,4472.948730,4505.641113,4348.846191,4402.051270,1703.000000,1.000000,22.000000,,,,0.000000,2.000000,2.000000,0.000000,4.000000,2.000000,2.000000,0.000000,0.000000,4.000000,4.000000,4.000000,4.000000,4.000000,4.000000,0.000000,,,,,,,,,,,,,,,,,29.000000,0.000000,0.493780,0.451416,-0.569885,0.477112,0.967892,-0.082041,-0.055183,-36.396641,43.965866,31.119278
1732157957.658399,1732157957.660946,117.000000,0.000000,4283.205078,4276.282227,4313.077148,4294.102539,4294.615234,4279.102539,4335.128418,4398.846191,4333.333496,4281.410156,4472.307617,4505.769043,4347.563965,4399.358887,1608.000000,1.000000,22.000000,,,,0.000000,2.000000,2.000000,0.000000,4.000000,2.000000,2.000000,0.000000,0.000000,4.000000,4.000000,4.000000,4.000000,4.000000,4.000000,0.000000,,,,,,,,,,,,,,,,,,,,,,,,,,,,
1732157957.666208,1732157957.668954,118.000000,0.000000,4282.692383,4277.436035,4312.820313,4295.641113,4287.692383,4281.282227,4335.512695,4397.948730,4341.153809,4294.743652,4472.307617,4507.051270,4350.641113,4404.615234,1548.000000,1.000000,22.000000,,,,0.000000,2.000000,2.000000,0.000000,4.000000,2.000000,2.000000,0.000000,0.000000,4.000000,4.000000,4.000000,4.000000,4.000000,4.000000,0.000000,,,,,,,,,,,,,,,,,,,,,,,,,,,,
1732157957.674016,1732157957.676763,119.000000,0.000000,4283.974121,4278.589844,4312.307617,4295.897461,4260.128418,4281.922852,4335.769043,4397.436035,4341.410156,4294.230957,4471.666504,4506.153809,4347.179688,4406.666504,1564.000000,1.000000,22.000000,,,,0.000000,2.000000,2.000000,0.000000,4.000000,2.000000,2.000000,0.000000,0.000000,4.000000,4.000000,4.000000,4.000000,4.000000,4.000000,0.000000,,,,,,,,,,,,,,,,,,,,,,,,,,,,
1732157957.681824,1732157957.684671,120.000000,0.000000,4281.666504,4273.589844,4313.077148,4291.153809,4260.256348,4280.769043,4335.000000,4398.717773,4327.051270,4280.512695,4471.282227,4506.538574,4340.641113,4405.128418,1703.000000,1.000000,22.000000,,,,0.000000,2.000000,2.000000,0.000000,4.000000,2.000000,2.000000,0.000000,0.000000,4.000000,4.000000,4.000000,4.000000,4.000000,4.000000,0.000000,,,,,,,,,,,,,,,,,30.000000,0.000000,0.493747,0.451477,-0.569763,0.477234,0.973263,-0.107923,-0.054694,-36.382946,43.907349,31.279949
1732157957.689633,1732157957.692479,121.000000,0.000000,4282.948730,4269.358887,4316.025879,4290.000000,4279.487305,4281.282227,4333.077148,4399.615234,4321.794922,4276.794922,4472.436035,4509.743652,4343.205078,4406.922852,1608.000000,1.000000,22.000000,,,,0.000000,2.000000,2.000000,0.000000,4.000000,2.000000,2.000000,0.000000,0.000000,4.000000,4.000000,4.000000,4.000000,4.000000,4.000000,0.000000,,,,,,,,,,,,,,,,,,,,,,,,,,,,
1732157957.697441,1732157957.700487,122.000000,0.000000,4285.897461,4267.692383,4316.025879,4293.717773,4276.666504,4282.820313,4333.461426,4399.615234,4331.922852,4287.436035,4475.128418,4509.487305,4350.512695,4407.820313,1548.000000,1.000000,22.000000,,,,0.000000,2.000000,2.000000,0.000000,4.000000,2.000000,2.000000,0.000000,0.000000,4.000000,4.000000,4.000000,4.000000,4.000000,4.000000,0.000000,,,,,,,,,,,,,,,,,,,,,,,,,,,,
1732157957.705249,1732157957.708295,123.000000,0.000000,4286.538574,4268.589844,4312.563965,4294.487305,4263.205078,4281.410156,4335.256348,4399.230957,4337.051270,4293.077148,4476.282227,4505.256348,4348.589844,4407.179688,1564.000000,1.000000,22.000000,,,,0.000000,2.000000,2.000000,0.000000,4.000000,2.000000,2.000000,0.000000,0.000000,4.000000,4.000000,4.000000,4.000000,4.000000,4.000000,0.000000,,,,,,,,,,,,,,,,,,,,,,,,,,,,
1732157957.713057,1732157957.716203,124.000000,0.000000,4290.512695,4276.025879,4311.666504,4293.077148,4265.897461,4279.230957,4335.769043,4398.717773,4339.102539,4293.974121,4474.871582,4506.922852,4347.948730,4411.282227,1703.000000,1.000000,22.000000,,,,0.000000,2.000000,2.000000,0.000000,4.000000,2.000000,2.000000,0.000000,0.000000,4.000000,4.000000,4.000000,4.000000,4.000000,4.000000,0.000000,,,,,,,,,,,,,,,,,31.000000,0.000000,0.493765,0.451355,-0.569946,0.477112,0.967403,-0.097668,-0.064461,-36.446850,43.889954,31.440092
1732157957.720866,1732157957.724011,125.000000,0.000000,4293.333496,4280.769043,4314.102539,4294.487305,4274.615234,4280.384766,4335.897461,4399.487305,4341.410156,4294.487305,4475.128418,4508.205078,4351.794922,4411.538574,1608.000000,1.000000,22.000000,,,,0.000000,2.000000,2.000000,0.000000,4.000000,2.000000,2.000000,0.000000,0.000000,4.000000,4.000000,4.000000,4.000000,4.000000,4.000000,0.000000,,,,,,,,,,,,,,,,,,,,,,,,,,,,
1732157957.728674,1732157957.731920,126.000000,0.000000,4292.051270,4279.871582,4314.743652,4298.461426,4278.974121,4281.922852,4335.512695,4399.743652,4336.922852,4290.769043,4471.538574,4499.358887,4347.051270,4405.000000,1548.000000,1.000000,22.000000,,,,0.000000,2.000000,2.000000,0.000000,4.000000,2.000000,2.000000,0.000000,0.000000,4.000000,4.000000,4.000000,4.000000,4.000000,4.000000,0.000000,,,,,,,,,,,,,,,,,,,,,,,,,,,,
1732157957.736482,1732157957.739728,127.000000,0.000000,4294.230957,4282.051270,4312.179688,4300.641113,4278.333496,4280.897461,4333.974121,4398.461426,4332.948730,4285.000000,4467.820313,4496.538574,4342.563965,4408.461426,22.000000,1.000000,22.000000,,,,0.000000,2.000000,2.000000,0.000000,4.000000,2.000000,2.000000,0.000000,0.000000,4.000000,4.000000,4.000000,4.000000,4.000000,4.000000,0.000000,,,,,,,,,,,,,,,,,,,,,,,,,,,,
1732157957.744290,1732157957.747436,0.000000,0.000000,4294.871582,4282.948730,4312.179688,4298.717773,4279.487305,4280.128418,4333.077148,4400.000000,4329.230957,4280.256348,4469.743652,4505.641113,4345.128418,4409.358887,0.000000,1.000000,22.000000,,,,0.000000,2.000000,2.000000,0.000000,4.000000,2.000000,2.000000,0.000000,0.000000,4.000000,4.000000,4.000000,4.000000,4.000000,4.000000,0.000000,,,,,,,,,,,,,,,,,0.000000,0.000000,0.493842,0.451233,-0.570129,0.476929,0.972287,-0.093761,-0.065926,-36.491951,44.047527,31.551474
1732157957.752098,1732157957.755244,1.000000,0.000000,4287.692383,4277.179688,4316.153809,4297.307617,4281.922852,4281.666504,4332.692383,4401.410156,4322.948730,4278.717773,4469.358887,4506.282227,4344.871582,4400.128418,1608.000000,1.000000,22.000000,,,,0.000000,2.000000,2.000000,0.000000,4.000000,2.000000,2.000000,0.000000,0.000000,4.000000,4.000000,4.000000,4.000000,4.000000,4.000000,0.000000,,,,,,,,,,,,,,,,,,,,,,,,,,,,
1732157957.759907,1732157957.762853,2.000000,0.000000,4281.410156,4275.641113,4315.769043,4295.128418,4281.025879,4282.179688,4333.077148,4398.717773,4321.025879,4278.717773,4462.307617,4496.922852,4341.538574,4395.769043,1369.000000,1.000000,22.000000,,,,0.000000,2.000000,2.000000,0.000000,4.000000,2.000000,2.000000,0.000000,0.000000,4.000000,4.000000,4.000000,4.000000,4.000000,4.000000,0.000000,,,,,,,,,,,,,,,,,,,,,,,,,,,,
1732157957.767715,1732157957.770661,3.000000,0.000000,4280.256348,4275.256348,4313.717773,4289.358887,4277.307617,4281.153809,4334.487305,4399.358887,4323.333496,4277.820313,4458.589844,4489.871582,4340.256348,4396.538574,1427.000000,1.000000,22.000000,,,,0.000000,2.000000,2.000000,0.000000,4.000000,2.000000,2.000000,0.000000,0.000000,4.000000,4.000000,4.000000,4.000000,4.000000,4.000000,0.000000,,,,,,,,,,,,,,,,,,,,,,,,,,,,
1732157957.775523,1732157957.778369,4.000000,0.000000,4283.077148,4273.846191,4312.563965,4291.410156,4273.589844,4281.922852,4335.256348,4402.179688,4326.538574,4278.589844,4464.743652,4490.384766,4338.974121,4397.692383,1426.000000,1.000000,22.000000,,,,0.000000,2.000000,2.000000,0.000000,4.000000,2.000000,2.000000,0.000000,0.000000,4.000000,4.000000,4.000000,4.000000,4.000000,4.000000,0.000000,,,,,,,,,,,,,,,,,1.000000,0.000000,0.493975,0.451050,-0.570313,0.476746,0.983030,-0.100110,-0.052741,-36.530148,44.241833,31.523361
1732157957.783332,1732157957.786177,5.000000,0.000000,4290.384766,4277.179688,4312.820313,4301.153809,4275.512695,4282.179688,4334.743652,4398.589844,4334.487305,4286.538574,4472.820313,4499.358887,4341.025879,4400.641113,1215.000000,1.000000,22.000000,,,,0.000000,2.000000,2.000000,0.000000,4.000000,2.000000,2.000000,0.000000,0.000000,4.000000,4.000000,4.000000,4.000000,4.000000,4.000000,0.000000,,,,,,,,,,,,,,,,,,,,,,,,,,,,
1732157957.791140,1732157957.793786,6.000000,0.000000,4295.769043,4283.461426,4314.358887,4303.974121,4278.077148,4280.384766,4334.615234,4396.025879,4336.153809,4292.051270,4475.384766,4503.461426,4348.974121,4404.358887,0.000000,1.000000,22.000000,,,,0.000000,2.000000,2.000000,0.000000,4.000000,2.000000,2.000000,0.000000,0.000000,4.000000,4.000000,4.000000,4.000000,4.000000,4.000000,0.000000,,,,,,,,,,,,,,,,,,,,,,,,,,,,
1732157957.798948,1732157957.801594,7.000000,0.000000,4293.077148,4288.589844,4314.487305,4299.615234,4273.717773,4278.974121,4334.743652,4399.230957,4330.641113,4287.179688,4473.846191,4496.922852,4351.922852,4400.641113,0.000000,1.000000,22.000000,,,,0.000000,2.000000,2.000000,0.000000,4.000000,2.000000,2.000000,0.000000,0.000000,4.000000,4.000000,4.000000,4.000000,4.000000,4.000000,0.000000,,,,,,,,,,,,,,,,,,,,,,,,,,,,
1732157957.806756,1732157957.809302,8.000000,0.000000,4290.000000,4289.358887,4312.051270,4299.871582,4272.307617,4279.871582,4333.974121,4400.000000,4331.025879,4289.358887,4472.563965,4492.436035,4350.000000,4396.153809,1513.000000,1.000000,22.000000,,,,0.000000,2.000000,2.000000,0.000000,4.000000,2.000000,2.000000,0.000000,0.000000,4.000000,4.000000,4.000000,4.000000,4.000000,4.000000,0.000000,,,,,,,,,,,,,,,,,2.000000,0.000000,0.493916,0.451050,-0.570313,0.476807,0.978147,-0.104017,-0.059089,-36.081085,44.480885,31.487255
1732157957.814565,1732157957.817111,9.000000,0.000000,4293.589844,4285.256348,4313.846191,4302.436035,4275.897461,4281.025879,4333.333496,4399.230957,4331.666504,4294.102539,4473.461426,4495.769043,4350.512695,4400.256348,1686.000000,1.000000,22.000000,,,,0.000000,2.000000,2.000000,0.000000,4.000000,2.000000,2.000000,0.000000,0.000000,4.000000,4.000000,4.000000,4.000000,4.000000,4.000000,0.000000,,,,,,,,,,,,,,,,,,,,,,,,,,,,
1732157957.822373,1732157957.824719,10.000000,0.000000,4292.820313,4286.410156,4317.692383,4302.948730,4276.794922,4281.410156,4333.974121,4401.410156,4325.384766,4286.025879,4471.922852,4496.153809,4350.256348,4404.743652,1548.000000,1.000000,22.000000,,,,0.000000,2.000000,2.000000,0.000000,4.000000,2.000000,2.000000,0.000000,0.000000,4.000000,4.000000,4.000000,4.000000,4.000000,4.000000,0.000000,,,,,,,,,,,,,,,,,,,,,,,,,,,,
1732157957.830181,1732157957.832527,11.000000,0.000000,4287.179688,4289.615234,4313.461426,4300.769043,4276.025879,4281.922852,4335.384766,4401.666504,4323.717773,4279.871582,4471.666504,4495.384766,4342.307617,4398.077148,1564.000000,1.000000,22.000000,,,,0.000000,2.000000,2.000000,0.000000,4.000000,2.000000,2.000000,0.000000,0.000000,4.000000,4.000000,4.000000,4.000000,4.000000,4.000000,0.000000,,,,,,,,,,,,,,,,,,,,,,,,,,,,
1732157957.837989,1732157957.840236,12.000000,0.000000,4288.846191,4286.410156,4310.769043,4298.205078,4280.512695,4282.563965,4336.153809,4399.230957,4332.563965,4288.717773,4474.230957,4502.692383,4339.230957,4394.487305,1703.000000,1.000000,22.000000,,,,0.000000,2.000000,2.000000,0.000000,4.000000,2.000000,2.000000,0.000000,0.000000,4.000000,4.000000,4.000000,4.000000,4.000000,4.000000,0.000000,,,,,,,,,,,,,,,,,3.000000,0.000000,0.494222,0.450806,-0.570496,0.476501,0.978147,-0.096691,-0.065926,-36.075680,44.481182,31.651344
1732157957.845797,1732157957.848044,13.000000,0.000000,4294.871582,4283.846191,4315.769043,4299.615234,4281.794922,4282.051270,4335.769043,4399.871582,4336.922852,4292.563965,4476.410156,4510.000000,4348.077148,4407.051270,1601.000000,1.000000,22.000000,,,,0.000000,2.000000,2.000000,0.000000,4.000000,2.000000,2.000000,0.000000,0.000000,4.000000,4.000000,4.000000,4.000000,4.000000,4.000000,0.000000,,,,,,,,,,,,,,,,,,,,,,,,,,,,
1732157957.853606,1732157957.855652,14.000000,0.000000,4296.282227,4284.615234,4317.436035,4299.871582,4271.282227,4281.410156,4335.897461,4401.666504,4328.589844,4284.230957,4475.512695,4508.717773,4350.256348,4415.256348,1548.000000,1.000000,22.000000,,,,0.000000,2.000000,2.000000,0.000000,4.000000,2.000000,2.000000,0.000000,0.000000,4.000000,4.000000,4.000000,4.000000,4.000000,4.000000,0.000000,1.000000,0.000000,2.000000,1.000000,0.000000,1.000000,2.000000,0.000000,0.000000,0.000000,3.000000,4.000000,1.000000,4.000000,1.000000,3.000000,,,,,,,,,,,,
1732157957.861414,1732157957.863460,15.000000,0.000000,4298.974121,4284.743652,4314.487305,4296.410156,4264.358887,4280.000000,4336.153809,4400.641113,4323.717773,4281.794922,4476.666504,4508.846191,4345.769043,4411.025879,1564.000000,1.000000,22.000000,,,,0.000000,2.000000,2.000000,0.000000,4.000000,2.000000,2.000000,0.000000,0.000000,4.000000,4.000000,4.000000,4.000000,4.000000,4.000000,0.000000,,,,,,,,,,,,,,,,,,,,,,,,,,,,
1732157957.869222,1732157957.871368,16.000000,0.000000,4305.000000,4288.974121,4315.256348,4299.871582,4271.153809,4277.820313,4335.641113,4399.358887,4328.589844,4284.358887,4479.230957,4515.769043,4348.461426,4416.538574,0.000000,1.000000,22.000000,,,,0.000000,2.000000,2.000000,0.000000,4.000000,2.000000,2.000000,0.000000,0.000000,4.000000,4.000000,4.000000,4.000000,4.000000,4.000000,0.000000,,,,,,,,,,,,,,,,,4.000000,0.000000,0.494692,0.451294,-0.570007,0.476135,0.972287,-0.099133,-0.056159,-36.004635,44.464756,31.684256
1732157957.877030,1732157957.879177,17.000000,0.000000,4306.282227,4289.615234,4316.282227,4306.538574,4275.256348,4277.948730,4335.897461,4401.922852,4330.769043,4285.897461,4478.205078,4513.846191,4350.769043,4429.358887,0.000000,1.000000,22.000000,,,,0.000000,2.000000,2.000000,0.000000,4.000000,2.000000,2.000000,0.000000,0.000000,4.000000,4.000000,4.000000,4.000000,4.000000,4.000000,0.000000,,,,,,,,,,,,,,,,,,,,,,,,,,,,
1732157957.884839,1732157957.886785,18.000000,0.000000,4302.820313,4282.436035,4313.589844,4303.974121,4268.077148,4277.436035,4336.282227,4402.820313,4327.436035,4283.717773,4476.922852,4505.256348,4349.358887,4425.384766,0.000000,1.000000,22.000000,,,,0.000000,2.000000,2.000000,0.000000,4.000000,2.000000,2.000000,0.000000,0.000000,4.000000,4.000000,4.000000,4.000000,4.000000,4.000000,0.000000,,,,,,,,,,,,,,,,,,,,,,,,,,,,
1732157957.892647,1732157957.894593,19.000000,0.000000,4303.077148,4285.641113,4314.615234,4303.333496,4267.820313,4275.128418,4334.743652,4398.461426,4325.897461,4280.256348,4478.461426,4506.153809,4352.179688,4412.563965,0.000000,1.000000,22.000000,,,,0.000000,2.000000,2.000000,0.000000,4.000000,2.000000,2.000000,0.000000,0.000000,4.000000,4.000000,4.000000,4.000000,4.000000,4.000000,0.000000,,,,,,,,,,,,,,,,,,,,,,,,,,,,
1732157957.900455,1732157957.902302,20.000000,0.000000,4308.974121,4297.051270,4317.948730,4312.436035,4276.922852,4277.307617,4333.974121,4398.846191,4325.769043,4280.000000,4476.666504,4507.948730,4348.333496,4416.410156,0.000000,1.000000,22.000000,,,,0.000000,2.000000,2.000000,0.000000,4.000000,2.000000,2.000000,0.000000,0.000000,4.000000,4.000000,4.000000,4.000000,4.000000,4.000000,0.000000,,,,,,,,,,,,,,,,,5.000000,0.000000,0.494963,0.452087,-0.569092,0.476196,0.981565,-0.090831,-0.052741,-36.015419,44.459785,31.380913
1732157957.908264,1732157957.910110,21.000000,0.000000,4312.051270,4296.794922,4316.666504,4313.205078,4280.512695,4281.794922,4335.384766,4402.436035,4326.538574,4281.025879,4473.333496,4499.615234,4340.512695,4423.846191,0.000000,1.000000,22.000000,,,,0.000000,2.000000,2.000000,0.000000,4.000000,2.000000,2.000000,0.000000,0.000000,4.000000,4.000000,4.000000,4.000000,4.000000,4.000000,0.000000,,,,,,,,,,,,,,,,,,,,,,,,,,,,
1732157957.916072,1732157957.917718,22.000000,0.000000,4303.974121,4290.256348,4315.641113,4302.563965,4278.974121,4281.922852,4336.025879,4401.666504,4325.512695,4278.974121,4474.487305,4494.102539,4347.051270,4417.307617,0.000000,1.000000,22.000000,,,,0.000000,2.000000,2.000000,0.000000,4.000000,2.000000,2.000000,0.000000,0.000000,4.000000,4.000000,4.000000,4.000000,4.000000,4.000000,0.000000,,,,,,,,,,,,,,,,,,,,,,,,,,,,
1732157957.923880,1732157957.925526,23.000000,0.000000,4297.436035,4290.384766,4314.871582,4300.897461,4277.307617,4280.769043,4335.512695,4400.641113,4323.589844,4276.922852,4477.307617,4500.897461,4353.974121,4410.256348,0.000000,1.000000,22.000000,,,,0.000000,2.000000,2.000000,0.000000,4.000000,2.000000,2.000000,0.000000,0.000000,4.000000,4.000000,4.000000,4.000000,4.000000,4.000000,0.000000,,,,,,,,,,,,,,,,,,,,,,,,,,,,
1732157957.931688,1732157957.933235,24.000000,0.000000,4303.333496,4293.846191,4315.000000,4307.051270,4277.436035,4280.000000,4336.153809,4401.410156,4326.666504,4284.358887,4477.307617,4507.307617,4350.256348,4416.410156,0.000000,1.000000,22.000000,,,,0.000000,2.000000,2.000000,0.000000,4.000000,2.000000,2.000000,0.000000,0.000000,4.000000,4.000000,4.000000,4.000000,4.000000,4.000000,0.000000,,,,,,,,,,,,,,,,,6.000000,0.000000,0.495135,0.452271,-0.568848,0.476135,0.981565,-0.090831,-0.052741,-36.107491,44.657429,31.466873
1732157957.939496,1732157957.941043,25.000000,0.000000,4308.461426,4294.743652,4317.051270,4307.692383,4278.077148,4278.717773,4336.666504,4400.384766,4325.769043,4288.333496,4476.410156,4508.205078,4352.179688,4420.897461,0.000000,1.000000,22.000000,,,,0.000000,2.000000,2.000000,0.000000,4.000000,2.000000,2.000000,0.000000,0.000000,4.000000,4.000000,4.000000,4.000000,4.000000,4.000000,0.000000,,,,,,,,,,,,,,,,,,,,,,,,,,,,
1732157957.947305,1732157957.949051,26.000000,0.000000,4309.102539,4295.000000,4317.563965,4307.051270,4276.922852,4278.205078,4336.282227,4399.743652,4316.282227,4282.436035,4477.051270,4508.589844,4359.230957,4416.538574,0.000000,1.000000,22.000000,,,,0.000000,2.000000,2.000000,0.000000,4.000000,2.000000,2.000000,0.000000,0.000000,4.000000,4.000000,4.000000,4.000000,4.000000,4.000000,0.000000,,,,,,,,,,,,,,,,,,,,,,,,,,,,
1732157957.955113,1732157957.956859,27.000000,0.000000,4309.871582,4295.256348,4316.922852,4308.846191,4277.051270,4278.846191,4335.897461,4401.538574,4319.871582,4280.128418,4476.794922,4509.358887,4354.487305,4413.717773,0.000000,1.000000,22.000000,,,,0.000000,2.000000,2.000000,0.000000,4.000000,2.000000,2.000000,0.000000,0.000000,4.000000,4.000000,4.000000,4.000000,4.000000,4.000000,0.000000,,,,,,,,,,,,,,,,,,,,,,,,,,,,
1732157957.962921,1732157957.964767,28.000000,0.000000,4305.897461,4296.025879,4314.871582,4310.384766,4277.563965,4277.948730,4334.743652,4402.307617,4331.153809,4283.717773,4475.000000,4507.692383,4348.205078,4412.948730,0.000000,1.000000,22.000000,,,,0.000000,2.000000,2.000000,0.000000,4.000000,2.000000,2.000000,0.000000,0.000000,4.000000,4.000000,4.000000,4.000000,4.000000,4.000000,0.000000,,,,,,,,,,,,,,,,,7.000000,0.000000,0.496655,0.453125,-0.567505,0.475342,0.968380,-0.093761,-0.051276,-36.410400,44.447517,31.561501
1732157957.970729,1732157957.972575,29.000000,0.000000,4305.128418,4296.666504,4311.538574,4311.153809,4275.897461,4275.384766,4334.358887,4400.641113,4321.025879,4281.794922,4472.563965,4502.051270,4353.974121,4415.000000,0.000000,1.000000,22.000000,,,,0.000000,2.000000,2.000000,0.000000,4.000000,2.000000,2.000000,0.000000,0.000000,4.000000,4.000000,4.000000,4.000000,4.000000,4.000000,0.000000,,,,,,,,,,,,,,,,,,,,,,,,,,,,
1732157957.978538,1732157957.980184,30.000000,0.000000,4310.512695,4296.153809,4315.897461,4308.589844,4274.871582,4276.922852,4336.153809,4399.871582,4309.871582,4276.538574,4472.563965,4498.077148,4359.102539,4422.692383,0.000000,1.000000,22.000000,,,,0.000000,2.000000,2.000000,0.000000,4.000000,2.000000,2.000000,0.000000,0.000000,4.000000,4.000000,4.000000,4.000000,4.000000,4.000000,0.000000,,,,,,,,,,,,,,,,,,,,,,,,,,,,
1732157957.986346,1732157957.987992,31.000000,0.000000,4312.179688,4294.871582,4319.871582,4305.256348,4271.794922,4281.025879,4336.153809,4401.153809,4316.410156,4278.589844,4476.666504,4504.358887,4359.358887,4429.743652,0.000000,1.000000,22.000000,,,,0.000000,2.000000,2.000000,0.000000,4.000000,2.000000,2.000000,0.000000,0.000000,4.000000,4.000000,4.000000,4.000000,4.000000,4.000000,0.000000,,,,,,,,,,,,,,,,,,,,,,,,,,,,
1732157957.994154,1732157957.995700,32.000000,0.000000,4312.948730,4295.641113,4312.179688,4307.820313,4266.794922,4278.846191,4334.743652,4402.307617,4318.846191,4279.358887,4476.666504,4509.743652,4359.230957,4429.102539,0.000000,1.000000,22.000000,,,,0.000000,2.000000,2.000000,0.000000,4.000000,2.000000,2.000000,0.000000,0.000000,4.000000,4.000000,4.000000,4.000000,4.000000,4.000000,0.000000,,,,,,,,,,,,,,,,,8.000000,0.000000,0.497667,0.453735,-0.566589,0.474792,0.975705,-0.082041,-0.050787,-36.450756,44.212490,31.614815
1732157958.001963,1732157958.003509,33.000000,0.000000,4317.563965,4296.282227,4308.846191,4309.230957,4268.333496,4278.461426,4334.102539,4401.794922,4322.820313,4279.615234,4477.307617,4503.974121,4360.384766,4431.538574,0.000000,1.000000,22.000000,,,,0.000000,2.000000,2.000000,0.000000,4.000000,2.000000,2.000000,0.000000,0.000000,4.000000,4.000000,4.000000,4.000000,4.000000,4.000000,0.000000,,,,,,,,,,,,,,,,,,,,,,,,,,,,
1732157958.009771,1732157958.011517,34.000000,0.000000,4323.974121,4295.384766,4315.384766,4306.794922,4270.128418,4277.051270,4334.358887,4401.410156,4332.948730,4285.769043,4485.769043,4507.307617,4365.000000,4442.820313,0.000000,1.000000,22.000000,,,,0.000000,2.000000,2.000000,0.000000,4.000000,2.000000,2.000000,0.000000,0.000000,4.000000,4.000000,4.000000,4.000000,4.000000,4.000000,0.000000,,,,,,,,,,,,,,,,,,,,,,,,,,,,
1732157958.017579,1732157958.019325,35.000000,0.000000,4328.205078,4295.897461,4316.282227,4309.487305,4266.666504,4267.948730,4334.743652,4401.153809,4327.307617,4288.077148,4490.641113,4521.538574,4368.589844,4448.974121,0.000000,1.000000,22.000000,,,,0.000000,2.000000,2.000000,0.000000,4.000000,2.000000,2.000000,0.000000,0.000000,4.000000,4.000000,4.000000,4.000000,4.000000,4.000000,0.000000,,,,,,,,,,,,,,,,,,,,,,,,,,,,
1732157958.025387,1732157958.027233,36.000000,0.000000,4325.384766,4295.769043,4311.922852,4311.794922,4268.461426,4268.461426,4335.641113,4401.410156,4318.589844,4281.922852,4488.717773,4519.358887,4363.461426,4442.563965,0.000000,1.000000,22.000000,,,,0.000000,2.000000,2.000000,0.000000,4.000000,2.000000,2.000000,0.000000,0.000000,4.000000,4.000000,4.000000,4.000000,4.000000,4.000000,0.000000,,,,,,,,,,,,,,,,,9.000000,0.000000,0.498238,0.454102,-0.566101,0.474426,0.978635,-0.093273,-0.057624,-36.406780,43.940449,31.639668
1732157958.033195,1732157958.035041,37.000000,0.000000,4319.358887,4292.436035,4314.615234,4304.743652,4273.205078,4278.974121,4335.512695,4402.436035,4326.025879,4282.179688,4487.179688,4506.922852,4358.205078,4432.692383,0.000000,1.000000,22.000000,,,,0.000000,2.000000,2.000000,0.000000,4.000000,2.000000,2.000000,0.000000,0.000000,4.000000,4.000000,4.000000,4.000000,4.000000,4.000000,0.000000,,,,,,,,,,,,,,,,,,,,,,,,,,,,
1732157958.041004,1732157958.043049,38.000000,0.000000,4319.358887,4292.820313,4316.794922,4302.820313,4274.871582,4280.384766,4334.615234,4401.410156,4328.589844,4291.922852,4482.820313,4506.666504,4357.563965,4430.256348,0.000000,1.000000,22.000000,,,,0.000000,2.000000,2.000000,0.000000,4.000000,2.000000,2.000000,0.000000,0.000000,4.000000,4.000000,4.000000,4.000000,4.000000,4.000000,0.000000,,,,,,,,,,,,,,,,,,,,,,,,,,,,
1732157958.048812,1732157958.050857,39.000000,0.000000,4318.333496,4296.410156,4315.897461,4309.615234,4278.461426,4278.205078,4335.000000,4400.512695,4322.692383,4290.128418,4475.384766,4509.871582,4358.077148,4429.743652,0.000000,1.000000,22.000000,,,,0.000000,2.000000,2.000000,0.000000,4.000000,2.000000,2.000000,0.000000,0.000000,4.000000,4.000000,4.000000,4.000000,4.000000,4.000000,0.000000,,,,,,,,,,,,,,,,,,,,,,,,,,,,
1732157958.056620,1732157958.058765,40.000000,0.000000,4310.897461,4296.153809,4316.153809,4310.769043,4280.641113,4280.769043,4333.461426,4400.897461,4324.102539,4281.282227,4477.051270,4500.512695,4362.436035,4426.538574,0.000000,1.000000,22.000000,,,,0.000000,2.000000,2.000000,0.000000,4.000000,2.000000,2.000000,0.000000,0.000000,4.000000,4.000000,4.000000,4.000000,4.000000,4.000000,0.000000,,,,,,,,,,,,,,,,,10.000000,0.000000,0.499330,0.454895,-0.565063,0.473755,0.972775,-0.083018,-0.048834,-36.297825,44.046764,31.803131
1732157958.064428,1732157958.066574,41.000000,0.000000,4309.358887,4296.025879,4317.179688,4307.692383,4280.256348,4281.025879,4332.307617,4401.410156,4323.846191,4278.974121,4485.769043,4492.948730,4365.384766,4425.641113,0.000000,1.000000,22.000000,,,,0.000000,2.000000,2.000000,0.000000,4.000000,2.000000,2.000000,0.000000,0.000000,4.000000,4.000000,4.000000,4.000000,4.000000,4.000000,0.000000,,,,,,,,,,,,,,,,,,,,,,,,,,,,
1732157958.072237,1732157958.074582,42.000000,0.000000,4312.692383,4296.794922,4315.256348,4308.589844,4280.769043,4280.897461,4333.717773,4401.410156,4324.743652,4281.922852,4491.666504,4500.897461,4365.128418,4425.128418,0.000000,1.000000,22.000000,,,,0.000000,2.000000,2.000000,0.000000,4.000000,2.000000,2.000000,0.000000,0.000000,4.000000,4.000000,4.000000,4.000000,4.000000,4.000000,0.000000,,,,,,,,,,,,,,,,,,,,,,,,,,,,
1732157958.080045,1732157958.082390,43.000000,0.000000,4310.128418,4296.410156,4315.128418,4312.563965,4281.666504,4281.282227,4334.743652,4402.051270,4334.230957,4289.230957,4486.922852,4511.153809,4366.282227,4423.717773,0.000000,1.000000,22.000000,,,,0.000000,2.000000,2.000000,0.000000,4.000000,2.000000,2.000000,0.000000,0.000000,4.000000,4.000000,4.000000,4.000000,4.000000,4.000000,0.000000,,,,,,,,,,,,,,,,,,,,,,,,,,,,
1732157958.087853,1732157958.090298,44.000000,0.000000,4301.025879,4296.025879,4317.436035,4311.025879,4280.256348,4278.461426,4333.846191,4403.461426,4336.410156,4298.589844,4479.358887,4505.384766,4359.230957,4421.538574,0.000000,1.000000,22.000000,,,,0.000000,2.000000,2.000000,0.000000,4.000000,2.000000,2.000000,0.000000,0.000000,4.000000,4.000000,4.000000,4.000000,4.000000,4.000000,0.000000,,,,,,,,,,,,,,,,,11.000000,0.000000,0.501547,0.456787,-0.562744,0.472351,0.969845,-0.082041,-0.054206,-36.191238,44.111214,31.680536
1732157958.095662,1732157958.098106,45.000000,0.000000,4295.897461,4297.692383,4316.410156,4309.358887,4278.846191,4279.615234,4334.358887,4404.615234,4333.461426,4297.051270,4483.974121,4494.358887,4349.230957,4416.410156,0.000000,1.000000,22.000000,,,,0.000000,2.000000,2.000000,0.000000,4.000000,2.000000,2.000000,0.000000,0.000000,4.000000,4.000000,4.000000,4.000000,4.000000,4.000000,0.000000,,,,,,,,,,,,,,,,,,,,,,,,,,,,
1732157958.103470,1732157958.106114,46.000000,0.000000,4297.307617,4298.974121,4315.641113,4311.922852,4280.256348,4283.333496,4335.641113,4403.717773,4336.666504,4285.384766,4488.205078,4497.179688,4352.820313,4412.179688,0.000000,1.000000,22.000000,,,,0.000000,2.000000,2.000000,0.000000,4.000000,2.000000,2.000000,0.000000,0.000000,4.000000,4.000000,4.000000,4.000000,4.000000,4.000000,0.000000,,,,,,,,,,,,,,,,,,,,,,,,,,,,
1732157958.111278,1732157958.113922,47.000000,0.000000,4298.205078,4296.922852,4315.641113,4313.333496,4283.205078,4282.179688,4334.743652,4402.179688,4335.000000,4283.333496,4478.974121,4499.487305,4353.974121,4412.179688,0.000000,1.000000,22.000000,,,,0.000000,2.000000,2.000000,0.000000,4.000000,2.000000,2.000000,0.000000,0.000000,4.000000,4.000000,4.000000,4.000000,4.000000,4.000000,0.000000,,,,,,,,,,,,,,,,,,,,,,,,,,,,
1732157958.119086,1732157958.121831,48.000000,0.000000,4296.025879,4295.769043,4315.000000,4311.410156,4286.025879,4280.641113,4334.615234,4403.077148,4327.436035,4285.641113,4472.051270,4492.948730,4344.743652,4406.794922,0.000000,1.000000,22.000000,,,,0.000000,2.000000,2.000000,0.000000,4.000000,2.000000,2.000000,0.000000,0.000000,4.000000,4.000000,4.000000,4.000000,4.000000,4.000000,0.000000,,,,,,,,,,,,,,,,,12.000000,0.000000,0.503530,0.458984,-0.559998,0.471375,0.971310,-0.058601,-0.041997,-36.193237,44.058414,31.667900
1732157958.126894,1732157958.129639,49.000000,0.000000,4287.948730,4295.128418,4315.512695,4307.307617,4288.205078,4286.410156,4335.256348,4405.256348,4328.974121,4281.922852,4473.077148,4489.871582,4345.000000,4398.077148,0.000000,1.000000,22.000000,,,,0.000000,2.000000,2.000000,0.000000,4.000000,2.000000,2.000000,0.000000,0.000000,4.000000,4.000000,4.000000,4.000000,4.000000,4.000000,0.000000,,,,,,,,,,,,,,,,,,,,,,,,,,,,
1732157958.134703,1732157958.137247,50.000000,0.000000,4282.179688,4292.179688,4316.025879,4305.256348,4289.487305,4294.102539,4334.358887,4405.897461,4336.794922,4280.769043,4474.615234,4489.871582,4348.461426,4396.666504,0.000000,1.000000,22.000000,,,,0.000000,2.000000,2.000000,0.000000,4.000000,2.000000,2.000000,0.000000,0.000000,4.000000,4.000000,4.000000,4.000000,4.000000,4.000000,0.000000,,,,,,,,,,,,,,,,,,,,,,,,,,,,
1732157958.142511,1732157958.145055,51.000000,0.000000,4285.512695,4290.641113,4314.743652,4308.205078,4291.538574,4295.769043,4333.077148,4403.077148,4335.897461,4282.820313,4476.922852,4489.230957,4344.358887,4398.589844,0.000000,1.000000,22.000000,,,,0.000000,2.000000,2.000000,0.000000,4.000000,2.000000,2.000000,0.000000,0.000000,4.000000,4.000000,4.000000,4.000000,4.000000,4.000000,0.000000,,,,,,,,,,,,,,,,,,,,,,,,,,,,
1732157958.150319,1732157958.152764,52.000000,0.000000,4288.205078,4294.487305,4316.538574,4312.948730,4296.153809,4296.538574,4334.743652,4400.256348,4327.948730,4282.051270,4471.794922,4490.512695,4336.282227,4397.179688,0.000000,1.000000,22.000000,,,,0.000000,2.000000,2.000000,0.000000,4.000000,2.000000,2.000000,0.000000,0.000000,4.000000,4.000000,4.000000,4.000000,4.000000,4.000000,0.000000,,,,,,,,,,,,,,,,,13.000000,0.000000,0.504503,0.459595,-0.559082,0.470825,0.973752,-0.061531,-0.050787,-36.251522,44.078983,31.921000
1732157958.158127,1732157958.160572,53.000000,0.000000,4282.820313,4295.000000,4316.282227,4310.897461,4297.179688,4298.461426,4336.666504,4400.897461,4327.179688,4278.717773,4459.487305,4488.077148,4331.922852,4392.179688,0.000000,1.000000,22.000000,,,,0.000000,2.000000,2.000000,0.000000,4.000000,2.000000,2.000000,0.000000,0.000000,4.000000,4.000000,4.000000,4.000000,4.000000,4.000000,0.000000,,,,,,,,,,,,,,,,,,,,,,,,,,,,
1732157958.165936,1732157958.168180,54.000000,0.000000,4270.384766,4288.846191,4313.333496,4305.256348,4292.692383,4297.563965,4336.282227,4404.615234,4334.230957,4279.358887,4460.769043,4483.717773,4332.563965,4385.384766,0.000000,1.000000,22.000000,,,,0.000000,2.000000,2.000000,0.000000,4.000000,2.000000,2.000000,0.000000,0.000000,4.000000,4.000000,4.000000,4.000000,4.000000,4.000000,0.000000,,,,,,,,,,,,,,,,,,,,,,,,,,,,
1732157958.173744,1732157958.175988,55.000000,0.000000,4261.410156,4288.461426,4313.205078,4303.846191,4289.358887,4295.256348,4335.512695,4405.384766,4335.897461,4286.666504,4464.871582,4486.538574,4332.179688,4379.615234,0.000000,1.000000,22.000000,,,,0.000000,2.000000,2.000000,0.000000,4.000000,2.000000,2.000000,0.000000,0.000000,4.000000,4.000000,4.000000,4.000000,4.000000,4.000000,0.000000,,,,,,,,,,,,,,,,,,,,,,,,,,,,
1732157958.181552,1732157958.183697,56.000000,0.000000,4268.589844,4291.153809,4315.641113,4307.307617,4285.256348,4288.461426,4334.102539,4402.051270,4334.102539,4297.307617,4463.974121,4493.589844,4331.153809,4378.846191,0.000000,1.000000,22.000000,,,,0.000000,2.000000,2.000000,0.000000,4.000000,2.000000,2.000000,0.000000,0.000000,4.000000,4.000000,4.000000,4.000000,4.000000,4.000000,0.000000,,,,,,,,,,,,,,,,,14.000000,0.000000,0.506980,0.462402,-0.555542,0.469604,0.959101,-0.044927,-0.036137,-36.048733,44.292309,31.919342
1732157958.189361,1732157958.191505,57.000000,0.000000,4282.307617,4297.051270,4317.051270,4314.615234,4280.641113,4280.256348,4333.333496,4399.615234,4341.538574,4298.333496,4469.487305,4497.436035,4335.128418,4382.948730,0.000000,1.000000,22.000000,,,,0.000000,2.000000,2.000000,0.000000,4.000000,2.000000,2.000000,0.000000,0.000000,4.000000,4.000000,4.000000,4.000000,4.000000,4.000000,0.000000,,,,,,,,,,,,,,,,,,,,,,,,,,,,
1732157958.197169,1732157958.199113,58.000000,0.000000,4282.563965,4303.589844,4318.077148,4319.487305,4282.948730,4280.897461,4335.000000,4399.615234,4344.487305,4288.589844,4473.205078,4496.794922,4333.333496,4385.128418,0.000000,1.000000,22.000000,,,,0.000000,2.000000,2.000000,0.000000,4.000000,2.000000,2.000000,0.000000,0.000000,4.000000,4.000000,4.000000,4.000000,4.000000,4.000000,0.000000,,,,,,,,,,,,,,,,,,,,,,,,,,,,
1732157958.204977,1732157958.206922,59.000000,0.000000,4281.153809,4300.256348,4318.589844,4320.000000,4291.025879,4289.743652,4335.769043,4401.538574,4334.230957,4280.256348,4463.717773,4489.487305,4321.666504,4380.128418,0.000000,1.000000,22.000000,,,,0.000000,2.000000,2.000000,0.000000,4.000000,2.000000,2.000000,0.000000,0.000000,4.000000,4.000000,4.000000,4.000000,4.000000,4.000000,0.000000,,,,,,,,,,,,,,,,,,,,,,,,,,,,
1732157958.212785,1732157958.214830,60.000000,0.000000,4282.051270,4295.128418,4315.641113,4317.436035,4295.512695,4294.871582,4334.871582,4402.179688,4325.128418,4277.179688,4454.230957,4480.128418,4321.153809,4372.948730,0.000000,1.000000,22.000000,,,,0.000000,2.000000,2.000000,0.000000,4.000000,2.000000,2.000000,0.000000,0.000000,4.000000,4.000000,4.000000,4.000000,4.000000,4.000000,0.000000,,,,,,,,,,,,,,,,,15.000000,0.000000,0.509370,0.465881,-0.550842,0.469116,0.980588,-0.032719,-0.041509,-35.994473,44.385105,31.986334
1732157958.220593,1732157958.222638,61.000000,0.000000,4270.384766,4294.743652,4313.461426,4312.179688,4296.922852,4297.179688,4335.128418,4401.666504,4327.179688,4278.717773,4454.743652,4482.051270,4327.692383,4371.153809,0.000000,1.000000,22.000000,,,,0.000000,2.000000,2.000000,0.000000,4.000000,2.000000,2.000000,0.000000,0.000000,4.000000,4.000000,4.000000,4.000000,4.000000,4.000000,0.000000,,,,,,,,,,,,,,,,,,,,,,,,,,,,
1732157958.228402,1732157958.230246,62.000000,0.000000,4263.589844,4290.128418,4313.589844,4310.641113,4300.769043,4300.384766,4335.256348,4401.153809,4337.692383,4281.794922,4458.205078,4492.820313,4324.358887,4374.102539,0.000000,1.000000,22.000000,,,,0.000000,2.000000,2.000000,0.000000,4.000000,2.000000,2.000000,0.000000,0.000000,4.000000,4.000000,4.000000,4.000000,4.000000,4.000000,0.000000,,,,,,,,,,,,,,,,,,,,,,,,,,,,
1732157958.236210,1732157958.238055,63.000000,0.000000,4267.820313,4281.922852,4313.717773,4310.769043,4302.563965,4301.666504,4334.615234,4400.000000,4336.538574,4281.538574,4460.897461,4497.307617,4323.077148,4376.538574,0.000000,1.000000,22.000000,,,,0.000000,2.000000,2.000000,0.000000,4.000000,2.000000,2.000000,0.000000,0.000000,4.000000,4.000000,4.000000,4.000000,4.000000,4.000000,0.000000,,,,,,,,,,,,,,,,,,,,,,,,,,,,
1732157958.244018,1732157958.245763,64.000000,0.000000,4266.922852,4279.487305,4313.589844,4310.512695,4302.692383,4301.282227,4335.000000,4401.025879,4326.410156,4280.641113,4462.692383,4491.794922,4328.205078,4371.153809,0.000000,1.000000,22.000000,,,,0.000000,2.000000,2.000000,0.000000,4.000000,2.000000,2.000000,0.000000,0.000000,4.000000,4.000000,4.000000,4.000000,4.000000,4.000000,0.000000,,,,,,,,,,,,,,,,,16.000000,0.000000,0.510050,0.467224,-0.549072,0.469116,0.980588,-0.032719,-0.041509,-35.615524,44.470268,31.925598
1732157958.251826,1732157958.253571,65.000000,0.000000,4262.820313,4282.051270,4315.000000,4311.922852,4302.436035,4299.743652,4334.615234,4401.410156,4329.743652,4281.410156,4455.256348,4490.641113,4318.974121,4365.769043,1604.000000,1.000000,22.000000,,,,0.000000,2.000000,2.000000,0.000000,4.000000,2.000000,2.000000,0.000000,0.000000,4.000000,4.000000,4.000000,4.000000,4.000000,4.000000,0.000000,,,,,,,,,,,,,,,,,,,,,,,,,,,,
1732157958.259635,1732157958.261579,66.000000,0.000000,4264.102539,4284.102539,4316.282227,4312.436035,4301.666504,4298.461426,4333.205078,4400.128418,4335.641113,4278.846191,4444.615234,4493.205078,4304.871582,4365.512695,1369.000000,1.000000,22.000000,,,,0.000000,2.000000,2.000000,0.000000,4.000000,2.000000,2.000000,0.000000,0.000000,4.000000,4.000000,4.000000,4.000000,4.000000,4.000000,0.000000,,,,,,,,,,,,,,,,,,,,,,,,,,,,
1732157958.267443,1732157958.269387,67.000000,0.000000,4266.025879,4284.358887,4316.922852,4311.153809,4302.948730,4303.717773,4334.871582,4401.282227,4332.563965,4275.769043,4449.615234,4490.000000,4312.948730,4362.179688,1422.000000,1.000000,22.000000,,,,0.000000,2.000000,2.000000,0.000000,4.000000,2.000000,2.000000,0.000000,0.000000,4.000000,4.000000,4.000000,4.000000,4.000000,4.000000,0.000000,,,,,,,,,,,,,,,,,,,,,,,,,,,,
1732157958.275251,1732157958.277096,68.000000,0.000000,4257.948730,4284.230957,4315.897461,4309.615234,4307.820313,4309.615234,4337.051270,4404.743652,4335.384766,4280.512695,4461.922852,4490.256348,4323.333496,4357.820313,1426.000000,1.000000,22.000000,,,,0.000000,2.000000,2.000000,0.000000,4.000000,2.000000,2.000000,0.000000,0.000000,4.000000,4.000000,4.000000,4.000000,4.000000,4.000000,0.000000,,,,,,,,,,,,,,,,,17.000000,0.000000,0.510786,0.468567,-0.547241,0.469116,0.972775,-0.022464,-0.036137,-35.723576,44.524250,31.933067
1732157958.283059,1732157958.284904,69.000000,0.000000,4249.615234,4283.846191,4315.641113,4306.538574,4311.538574,4307.436035,4335.641113,4404.871582,4336.282227,4280.128418,4453.333496,4490.512695,4315.384766,4357.563965,1215.000000,1.000000,22.000000,,,,0.000000,2.000000,2.000000,0.000000,4.000000,2.000000,2.000000,0.000000,0.000000,4.000000,4.000000,4.000000,4.000000,4.000000,4.000000,0.000000,,,,,,,,,,,,,,,,,,,,,,,,,,,,
1732157958.290868,1732157958.292512,70.000000,0.000000,4256.282227,4281.410156,4315.897461,4307.179688,4309.487305,4305.000000,4335.512695,4403.589844,4324.743652,4272.307617,4443.846191,4484.487305,4311.794922,4356.922852,0.000000,1.000000,22.000000,,,,0.000000,2.000000,2.000000,0.000000,4.000000,2.000000,2.000000,0.000000,0.000000,4.000000,4.000000,4.000000,4.000000,4.000000,4.000000,0.000000,,,,,,,,,,,,,,,,,,,,,,,,,,,,
1732157958.298676,1732157958.300320,71.000000,0.000000,4263.461426,4279.743652,4316.153809,4310.128418,4304.743652,4307.436035,4336.538574,4407.307617,4324.871582,4274.230957,4455.897461,4483.205078,4319.102539,4355.641113,0.000000,1.000000,22.000000,,,,0.000000,2.000000,2.000000,0.000000,4.000000,2.000000,2.000000,0.000000,0.000000,4.000000,4.000000,4.000000,4.000000,4.000000,4.000000,0.000000,,,,,,,,,,,,,,,,,,,,,,,,,,,,
1732157958.306484,1732157958.308029,72.000000,0.000000,4254.743652,4279.871582,4313.717773,4308.077148,4303.461426,4308.333496,4335.769043,4408.589844,4342.051270,4282.692383,4461.666504,4486.666504,4315.641113,4359.230957,1526.000000,1.000000,22.000000,,,,0.000000,2.000000,2.000000,0.000000,4.000000,2.000000,2.000000,0.000000,0.000000,4.000000,4.000000,4.000000,4.000000,4.000000,4.000000,0.000000,,,,,,,,,,,,,,,,,18.000000,0.000000,0.513129,0.474243,-0.539795,0.469482,0.987914,-0.046881,-0.014650,-35.666096,44.574642,31.812450
1732157958.314292,1732157958.315837,73.000000,0.000000,4246.282227,4277.436035,4312.820313,4302.563965,4302.051270,4307.179688,4338.461426,4406.025879,4349.871582,4283.846191,4453.846191,4486.410156,4308.717773,4357.051270,1686.000000,1.000000,22.000000,,,,0.000000,2.000000,2.000000,0.000000,4.000000,2.000000,2.000000,0.000000,0.000000,4.000000,4.000000,4.000000,4.000000,4.000000,4.000000,0.000000,,,,,,,,,,,,,,,,,,,,,,,,,,,,
1732157958.322101,1732157958.323445,74.000000,0.000000,4248.461426,4277.307617,4315.384766,4298.077148,4297.436035,4307.051270,4340.128418,4402.948730,4349.102539,4289.230957,4454.358887,4483.846191,4314.487305,4350.384766,1548.000000,1.000000,22.000000,,,,0.000000,2.000000,2.000000,0.000000,4.000000,2.000000,2.000000,0.000000,0.000000,4.000000,4.000000,4.000000,4.000000,4.000000,4.000000,0.000000,,,,,,,,,,,,,,,,,,,,,,,,,,,,
1732157958.329909,1732157958.331254,75.000000,0.000000,4246.922852,4276.794922,4312.563965,4294.358887,4296.025879,4310.000000,4336.922852,4404.230957,4354.871582,4299.358887,4460.128418,4484.102539,4319.487305,4350.897461,1571.000000,1.000000,22.000000,,,,0.000000,2.000000,2.000000,0.000000,4.000000,2.000000,2.000000,0.000000,0.000000,4.000000,4.000000,4.000000,4.000000,4.000000,4.000000,0.000000,,,,,,,,,,,,,,,,,,,,,,,,,,,,
1732157958.337717,1732157958.338962,76.000000,0.000000,4243.589844,4268.846191,4308.846191,4293.589844,4298.205078,4310.769043,4338.846191,4406.794922,4357.692383,4292.820313,4459.487305,4487.436035,4315.256348,4349.358887,1703.000000,1.000000,22.000000,,,,0.000000,2.000000,2.000000,0.000000,4.000000,2.000000,2.000000,0.000000,0.000000,4.000000,4.000000,4.000000,4.000000,4.000000,4.000000,0.000000,,,,,,,,,,,,,,,,,19.000000,0.000000,0.513722,0.475464,-0.538208,0.469421,0.987914,-0.046881,-0.014650,-35.567871,44.767128,31.829752
1732157958.345525,1732157958.346770,77.000000,0.000000,4246.666504,4265.641113,4311.282227,4294.230957,4298.846191,4309.871582,4343.461426,4401.410156,4343.846191,4280.769043,4453.333496,4490.000000,4310.897461,4342.563965,1616.000000,1.000000,22.000000,,,,0.000000,2.000000,2.000000,0.000000,4.000000,2.000000,2.000000,0.000000,0.000000,4.000000,4.000000,4.000000,4.000000,4.000000,4.000000,0.000000,,,,,,,,,,,,,,,,,,,,,,,,,,,,
1732157958.353334,1732157958.354778,78.000000,0.000000,4247.692383,4270.641113,4315.769043,4298.205078,4303.205078,4313.205078,4341.282227,4399.871582,4331.794922,4280.256348,4446.666504,4489.615234,4310.000000,4340.512695,1548.000000,1.000000,22.000000,,,,0.000000,2.000000,2.000000,0.000000,4.000000,2.000000,2.000000,0.000000,0.000000,4.000000,4.000000,4.000000,4.000000,4.000000,4.000000,0.000000,1.000000,0.000000,2.000000,2.000000,0.000000,4.000000,2.000000,2.000000,0.000000,0.000000,3.000000,4.000000,3.000000,4.000000,3.000000,3.000000,,,,,,,,,,,,
1732157958.361142,1732157958.362586,79.000000,0.000000,4246.282227,4271.282227,4315.384766,4306.666504,4308.461426,4316.282227,4340.512695,4407.179688,4338.717773,4280.384766,4446.410156,4488.974121,4309.230957,4341.794922,1571.000000,1.000000,22.000000,,,,0.000000,2.000000,2.000000,0.000000,4.000000,2.000000,2.000000,0.000000,0.000000,4.000000,4.000000,4.000000,4.000000,4.000000,4.000000,0.000000,,,,,,,,,,,,,,,,,,,,,,,,,,,,
1732157958.368950,1732157958.370494,80.000000,0.000000,4247.563965,4266.538574,4315.384766,4305.000000,4305.641113,4311.025879,4341.153809,4407.820313,4343.205078,4277.820313,4451.410156,4490.897461,4309.743652,4342.948730,1703.000000,1.000000,22.000000,,,,0.000000,2.000000,2.000000,0.000000,4.000000,2.000000,2.000000,0.000000,0.000000,4.000000,4.000000,4.000000,4.000000,4.000000,4.000000,0.000000,,,,,,,,,,,,,,,,,20.000000,0.000000,0.515718,0.478882,-0.533997,0.468567,0.979612,-0.028812,-0.018557,-35.523308,44.938038,31.798765
1732157958.376758,1732157958.378303,81.000000,0.000000,4245.512695,4265.769043,4314.871582,4296.666504,4304.230957,4308.589844,4336.410156,4401.153809,4336.666504,4281.410156,4449.615234,4486.282227,4310.256348,4345.641113,1616.000000,1.000000,22.000000,,,,0.000000,2.000000,2.000000,0.000000,4.000000,2.000000,2.000000,0.000000,0.000000,4.000000,4.000000,4.000000,4.000000,4.000000,4.000000,0.000000,,,,,,,,,,,,,,,,,,,,,,,,,,,,
1732157958.384567,1732157958.386311,82.000000,0.000000,4236.282227,4267.051270,4311.282227,4295.384766,4306.538574,4313.077148,4333.974121,4403.333496,4333.589844,4283.461426,4443.974121,4480.641113,4304.487305,4345.256348,1548.000000,1.000000,22.000000,,,,0.000000,2.000000,2.000000,0.000000,4.000000,2.000000,2.000000,0.000000,0.000000,4.000000,4.000000,4.000000,4.000000,4.000000,4.000000,0.000000,,,,,,,,,,,,,,,,,,,,,,,,,,,,
1732157958.392375,1732157958.394119,83.000000,0.000000,4232.563965,4264.743652,4310.384766,4297.563965,4303.333496,4311.922852,4335.769043,4408.205078,4338.077148,4279.102539,4449.743652,4484.358887,4302.820313,4341.538574,1571.000000,1.000000,22.000000,,,,0.000000,2.000000,2.000000,0.000000,4.000000,2.000000,2.000000,0.000000,0.000000,4.000000,4.000000,4.000000,4.000000,4.000000,4.000000,0.000000,,,,,,,,,,,,,,,,,,,,,,,,,,,,
1732157958.400183,1732157958.401827,84.000000,0.000000,4236.922852,4265.897461,4312.692383,4296.282227,4294.230957,4308.717773,4337.820313,4407.307617,4342.179688,4280.769043,4456.538574,4489.487305,4312.692383,4341.410156,1703.000000,1.000000,22.000000,,,,0.000000,2.000000,2.000000,0.000000,4.000000,2.000000,2.000000,0.000000,0.000000,4.000000,4.000000,4.000000,4.000000,4.000000,4.000000,0.000000,,,,,,,,,,,,,,,,,21.000000,0.000000,0.518145,0.483887,-0.529358,0.466003,0.987425,0.014162,-0.027347,-35.383881,45.134811,31.678667
1732157958.407991,1732157958.409635,85.000000,0.000000,4236.153809,4265.000000,4312.948730,4295.897461,4288.077148,4309.358887,4339.871582,4404.487305,4340.769043,4284.102539,4452.820313,4491.794922,4311.282227,4342.179688,1616.000000,1.000000,22.000000,,,,0.000000,2.000000,2.000000,0.000000,4.000000,2.000000,2.000000,0.000000,0.000000,4.000000,4.000000,4.000000,4.000000,4.000000,4.000000,0.000000,,,,,,,,,,,,,,,,,,,,,,,,,,,,
1732157958.415800,1732157958.417643,86.000000,0.000000,4232.307617,4255.512695,4313.846191,4292.948730,4286.410156,4309.102539,4339.871582,4404.871582,4341.538574,4283.461426,4449.230957,4492.820313,4296.922852,4341.282227,1548.000000,1.000000,22.000000,,,,0.000000,2.000000,2.000000,0.000000,4.000000,2.000000,2.000000,0.000000,0.000000,4.000000,4.000000,4.000000,4.000000,4.000000,4.000000,0.000000,,,,,,,,,,,,,,,,,,,,,,,,,,,,
1732157958.423608,1732157958.425452,87.000000,0.000000,4233.461426,4253.589844,4315.128418,4289.743652,4282.436035,4309.487305,4339.230957,4406.153809,4344.102539,4285.512695,4455.384766,4491.410156,4301.666504,4341.538574,1571.000000,1.000000,22.000000,,,,0.000000,2.000000,2.000000,0.000000,4.000000,2.000000,2.000000,0.000000,0.000000,4.000000,4.000000,4.000000,4.000000,4.000000,4.000000,0.000000,,,,,,,,,,,,,,,,,,,,,,,,,,,,
1732157958.431416,1732157958.433360,88.000000,0.000000,4235.000000,4257.692383,4312.563965,4291.922852,4279.230957,4311.025879,4340.769043,4404.871582,4343.333496,4289.102539,4460.512695,4489.102539,4319.358887,4342.307617,1703.000000,1.000000,22.000000,,,,0.000000,2.000000,2.000000,0.000000,4.000000,2.000000,2.000000,0.000000,0.000000,4.000000,4.000000,4.000000,4.000000,4.000000,4.000000,0.000000,,,,,,,,,,,,,,,,,22.000000,0.000000,0.519256,0.486084,-0.527649,0.464417,0.991820,0.027835,-0.037602,-35.255943,45.354198,31.766386
1732157958.439224,1732157958.441168,89.000000,0.000000,4233.333496,4252.948730,4309.743652,4287.563965,4282.692383,4311.538574,4339.871582,4401.922852,4342.307617,4293.974121,4459.358887,4486.282227,4322.179688,4343.077148,1616.000000,1.000000,22.000000,,,,0.000000,2.000000,2.000000,0.000000,4.000000,2.000000,2.000000,0.000000,0.000000,4.000000,4.000000,4.000000,4.000000,4.000000,4.000000,0.000000,,,,,,,,,,,,,,,,,,,,,,,,,,,,
1732157958.447033,1732157958.449176,90.000000,0.000000,4230.641113,4245.769043,4311.025879,4278.461426,4289.871582,4314.487305,4336.666504,4403.205078,4342.179688,4295.256348,4455.769043,4480.384766,4314.871582,4342.436035,1548.000000,1.000000,22.000000,,,,0.000000,2.000000,2.000000,0.000000,4.000000,2.000000,2.000000,0.000000,0.000000,4.000000,4.000000,4.000000,4.000000,4.000000,4.000000,0.000000,,,,,,,,,,,,,,,,,,,,,,,,,,,,
1732157958.454841,1732157958.456984,91.000000,0.000000,4228.717773,4245.000000,4313.974121,4277.692383,4295.128418,4324.230957,4338.333496,4407.179688,4335.256348,4285.512695,4449.230957,4474.871582,4313.846191,4340.256348,1571.000000,1.000000,22.000000,,,,0.000000,2.000000,2.000000,0.000000,4.000000,2.000000,2.000000,0.000000,0.000000,4.000000,4.000000,4.000000,4.000000,4.000000,4.000000,0.000000,,,,,,,,,,,,,,,,,,,,,,,,,,,,
1732157958.462649,1732157958.464892,92.000000,0.000000,4230.641113,4245.641113,4311.922852,4281.666504,4295.897461,4328.205078,4341.922852,4403.589844,4336.025879,4279.871582,4448.974121,4477.436035,4315.384766,4343.077148,1703.000000,1.000000,22.000000,,,,0.000000,2.000000,2.000000,0.000000,4.000000,2.000000,2.000000,0.000000,0.000000,4.000000,4.000000,4.000000,4.000000,4.000000,4.000000,0.000000,,,,,,,,,,,,,,,,,23.000000,0.000000,0.519705,0.487244,-0.526672,0.463806,0.971310,0.037114,-0.039067,-35.017315,45.413567,31.652441
1732157958.470457,1732157958.472700,93.000000,0.000000,4233.589844,4245.384766,4309.871582,4280.000000,4287.692383,4317.820313,4339.871582,4398.846191,4346.153809,4293.205078,4457.692383,4487.307617,4318.333496,4349.487305,1616.000000,1.000000,22.000000,,,,0.000000,2.000000,2.000000,0.000000,4.000000,2.000000,2.000000,0.000000,0.000000,4.000000,4.000000,4.000000,4.000000,4.000000,4.000000,0.000000,,,,,,,,,,,,,,,,,,,,,,,,,,,,
1732157958.478266,1732157958.480708,94.000000,0.000000,4233.717773,4245.897461,4311.410156,4278.974121,4279.871582,4310.512695,4335.384766,4402.948730,4340.769043,4300.000000,4463.205078,4492.436035,4325.128418,4351.538574,1548.000000,1.000000,22.000000,,,,0.000000,2.000000,2.000000,0.000000,4.000000,2.000000,2.000000,0.000000,0.000000,4.000000,4.000000,4.000000,4.000000,4.000000,4.000000,0.000000,,,,,,,,,,,,,,,,,,,,,,,,,,,,
1732157958.486074,1732157958.488517,95.000000,0.000000,4233.333496,4244.743652,4313.077148,4280.512695,4280.897461,4313.205078,4338.461426,4409.230957,4330.897461,4290.641113,4460.256348,4491.025879,4324.615234,4350.000000,1571.000000,1.000000,22.000000,,,,0.000000,2.000000,2.000000,0.000000,4.000000,2.000000,2.000000,0.000000,0.000000,4.000000,4.000000,4.000000,4.000000,4.000000,4.000000,0.000000,,,,,,,,,,,,,,,,,,,,,,,,,,,,
1732157958.493882,1732157958.496425,96.000000,0.000000,4231.922852,4245.769043,4310.512695,4278.461426,4278.333496,4312.051270,4343.717773,4406.025879,4332.692383,4294.871582,4458.717773,4489.230957,4321.282227,4349.487305,1703.000000,1.000000,22.000000,,,,0.000000,2.000000,2.000000,0.000000,4.000000,2.000000,2.000000,0.000000,0.000000,4.000000,4.000000,4.000000,4.000000,4.000000,4.000000,0.000000,,,,,,,,,,,,,,,,,24.000000,0.000000,0.520422,0.489502,-0.524780,0.462769,0.972287,0.035161,-0.042486,-35.085690,45.511658,31.643476
1732157958.501690,1732157958.504233,97.000000,0.000000,4234.743652,4246.922852,4310.000000,4280.512695,4270.512695,4308.077148,4341.410156,4400.512695,4337.820313,4303.205078,4461.282227,4491.153809,4323.846191,4352.307617,1616.000000,1.000000,22.000000,,,,0.000000,2.000000,2.000000,0.000000,4.000000,2.000000,2.000000,0.000000,0.000000,4.000000,4.000000,4.000000,4.000000,4.000000,4.000000,0.000000,,,,,,,,,,,,,,,,,,,,,,,,,,,,
1732157958.509498,1732157958.512241,98.000000,0.000000,4242.692383,4247.179688,4314.743652,4284.102539,4272.820313,4308.205078,4337.820313,4402.820313,4339.743652,4295.897461,4463.205078,4492.948730,4327.948730,4357.051270,1548.000000,1.000000,22.000000,,,,0.000000,2.000000,2.000000,0.000000,4.000000,2.000000,2.000000,0.000000,0.000000,4.000000,4.000000,4.000000,4.000000,4.000000,4.000000,0.000000,,,,,,,,,,,,,,,,,,,,,,,,,,,,
1732157958.517307,1732157958.520049,99.000000,0.000000,4242.179688,4248.205078,4313.717773,4284.743652,4280.256348,4307.820313,4338.717773,4406.666504,4336.794922,4290.769043,4462.307617,4491.538574,4326.153809,4360.641113,1571.000000,1.000000,22.000000,,,,0.000000,2.000000,2.000000,0.000000,4.000000,2.000000,2.000000,0.000000,0.000000,4.000000,4.000000,4.000000,4.000000,4.000000,4.000000,0.000000,,,,,,,,,,,,,,,,,,,,,,,,,,,,
1732157958.525115,1732157958.527957,100.000000,0.000000,4234.871582,4247.948730,4309.230957,4283.589844,4279.871582,4305.641113,4339.358887,4405.384766,4331.282227,4293.589844,4458.205078,4488.589844,4324.102539,4360.256348,1703.000000,1.000000,22.000000,,,,0.000000,2.000000,2.000000,0.000000,4.000000,2.000000,2.000000,0.000000,0.000000,4.000000,4.000000,4.000000,4.000000,4.000000,4.000000,0.000000,,,,,,,,,,,,,,,,,25.000000,0.000000,0.521445,0.493469,-0.521057,0.461609,0.974728,0.034672,-0.042974,-34.984409,45.606110,31.484549
1732157958.532923,1732157958.535765,101.000000,0.000000,4234.358887,4247.820313,4313.333496,4283.974121,4278.461426,4305.769043,4338.461426,4403.846191,4333.461426,4294.487305,4460.384766,4487.820313,4327.307617,4359.102539,1616.000000,1.000000,22.000000,,,,0.000000,2.000000,2.000000,0.000000,4.000000,2.000000,2.000000,0.000000,0.000000,4.000000,4.000000,4.000000,4.000000,4.000000,4.000000,0.000000,,,,,,,,,,,,,,,,,,,,,,,,,,,,
1732157958.540732,1732157958.543374,102.000000,0.000000,4236.538574,4249.615234,4315.000000,4283.974121,4280.641113,4304.615234,4338.717773,4405.897461,4337.436035,4293.589844,4465.000000,4489.615234,4327.179688,4355.128418,1548.000000,1.000000,22.000000,,,,0.000000,2.000000,2.000000,0.000000,4.000000,2.000000,2.000000,0.000000,0.000000,4.000000,4.000000,4.000000,4.000000,4.000000,4.000000,0.000000,,,,,,,,,,,,,,,,,,,,,,,,,,,,
1732157958.548540,1732157958.551182,103.000000,0.000000,4234.230957,4248.589844,4309.358887,4282.692383,4280.769043,4302.563965,4338.846191,4408.846191,4334.487305,4294.230957,4463.077148,4488.589844,4324.615234,4350.000000,1571.000000,1.000000,22.000000,,,,0.000000,2.000000,2.000000,0.000000,4.000000,2.000000,2.000000,0.000000,0.000000,4.000000,4.000000,4.000000,4.000000,4.000000,4.000000,0.000000,,,,,,,,,,,,,,,,,,,,,,,,,,,,
1732157958.556348,1732157958.559090,104.000000,0.000000,4231.794922,4243.974121,4308.717773,4281.282227,4280.384766,4306.025879,4338.846191,4406.794922,4334.487305,4293.846191,4461.794922,4489.871582,4324.230957,4353.077148,1703.000000,1.000000,22.000000,,,,0.000000,2.000000,2.000000,0.000000,4.000000,2.000000,2.000000,0.000000,0.000000,4.000000,4.000000,4.000000,4.000000,4.000000,4.000000,0.000000,,,,,,,,,,,,,,,,,26.000000,0.000000,0.521722,0.494263,-0.520081,0.461548,0.966915,0.026859,-0.033207,-34.797371,45.787613,31.340818
1732157958.564156,1732157958.566898,105.000000,0.000000,4234.102539,4246.153809,4313.589844,4282.307617,4282.563965,4307.948730,4338.846191,4403.717773,4336.666504,4294.487305,4463.077148,4493.461426,4327.179688,4358.974121,1616.000000,1.000000,22.000000,,,,0.000000,2.000000,2.000000,0.000000,4.000000,2.000000,2.000000,0.000000,0.000000,4.000000,4.000000,4.000000,4.000000,4.000000,4.000000,0.000000,,,,,,,,,,,,,,,,,,,,,,,,,,,,
1732157958.571965,1732157958.574507,106.000000,0.000000,4240.897461,4251.922852,4312.436035,4290.000000,4281.922852,4308.077148,4338.974121,4404.102539,4335.769043,4294.871582,4463.717773,4492.563965,4328.461426,4358.205078,1548.000000,1.000000,22.000000,,,,0.000000,2.000000,2.000000,0.000000,4.000000,2.000000,2.000000,0.000000,0.000000,4.000000,4.000000,4.000000,4.000000,4.000000,4.000000,0.000000,,,,,,,,,,,,,,,,,,,,,,,,,,,,
1732157958.579773,1732157958.582315,107.000000,0.000000,4243.461426,4247.179688,4308.846191,4293.333496,4281.538574,4310.897461,4338.974121,4406.794922,4336.666504,4293.974121,4463.589844,4492.436035,4325.641113,4354.358887,1571.000000,1.000000,22.000000,,,,0.000000,2.000000,2.000000,0.000000,4.000000,2.000000,2.000000,0.000000,0.000000,4.000000,4.000000,4.000000,4.000000,4.000000,4.000000,0.000000,,,,,,,,,,,,,,,,,,,,,,,,,,,,
1732157958.587581,1732157958.590023,108.000000,0.000000,4244.743652,4247.436035,4312.563965,4292.820313,4281.666504,4308.974121,4338.077148,4411.153809,4335.512695,4293.589844,4463.846191,4496.794922,4324.230957,4355.256348,1703.000000,1.000000,22.000000,,,,0.000000,2.000000,2.000000,0.000000,4.000000,2.000000,2.000000,0.000000,0.000000,4.000000,4.000000,4.000000,4.000000,4.000000,4.000000,0.000000,,,,,,,,,,,,,,,,,27.000000,0.000000,0.522425,0.495300,-0.518494,0.461426,0.967403,0.053229,-0.020999,-34.645870,45.701302,31.244396
1732157958.595389,1732157958.597832,109.000000,0.000000,4249.871582,4259.230957,4313.717773,4296.025879,4281.282227,4305.769043,4339.230957,4407.948730,4332.307617,4290.000000,4463.077148,4495.641113,4321.666504,4358.717773,1616.000000,1.000000,22.000000,,,,0.000000,2.000000,2.000000,0.000000,4.000000,2.000000,2.000000,0.000000,0.000000,4.000000,4.000000,4.000000,4.000000,4.000000,4.000000,0.000000,,,,,,,,,,,,,,,,,,,,,,,,,,,,
1732157958.603197,1732157958.605440,110.000000,0.000000,4241.922852,4260.256348,4311.410156,4292.563965,4281.410156,4306.922852,4339.230957,4399.615234,4326.922852,4282.051270,4455.384766,4484.615234,4314.358887,4350.512695,1548.000000,1.000000,22.000000,,,,0.000000,2.000000,2.000000,0.000000,4.000000,2.000000,2.000000,0.000000,0.000000,4.000000,4.000000,4.000000,4.000000,4.000000,4.000000,0.000000,,,,,,,,,,,,,,,,,,,,,,,,,,,,
1732157958.611006,1732157958.613248,111.000000,0.000000,4229.743652,4255.512695,4311.794922,4288.589844,4279.871582,4302.692383,4335.384766,4400.000000,4322.436035,4279.102539,4446.410156,4475.897461,4311.666504,4339.743652,1571.000000,1.000000,22.000000,,,,0.000000,2.000000,2.000000,0.000000,4.000000,2.000000,2.000000,0.000000,0.000000,4.000000,4.000000,4.000000,4.000000,4.000000,4.000000,0.000000,,,,,,,,,,,,,,,,,,,,,,,,,,,,
1732157958.618814,1732157958.620956,112.000000,0.000000,4239.743652,4263.205078,4312.820313,4295.256348,4279.358887,4295.384766,4334.871582,4406.282227,4325.256348,4288.461426,4450.641113,4476.410156,4318.589844,4342.948730,1703.000000,1.000000,22.000000,,,,0.000000,2.000000,2.000000,0.000000,4.000000,2.000000,2.000000,0.000000,0.000000,4.000000,4.000000,4.000000,4.000000,4.000000,4.000000,0.000000,,,,,,,,,,,,,,,,,28.000000,0.000000,0.524035,0.496643,-0.515686,0.461304,0.974728,0.053229,-0.022952,-34.634823,45.711388,31.162960
1732157958.626622,1732157958.628765,113.000000,0.000000,4250.128418,4266.282227,4311.410156,4297.820313,4281.410156,4301.922852,4340.000000,4404.743652,4327.948730,4291.666504,4457.948730,4478.333496,4317.692383,4348.589844,1616.000000,1.000000,22.000000,,,,0.000000,2.000000,2.000000,0.000000,4.000000,2.000000,2.000000,0.000000,0.000000,4.000000,4.000000,4.000000,4.000000,4.000000,4.000000,0.000000,,,,,,,,,,,,,,,,,,,,,,,,,,,,
1732157958.634431,1732157958.636373,114.000000,0.000000,4239.871582,4259.487305,4310.128418,4290.897461,4281.666504,4307.307617,4343.589844,4401.794922,4323.846191,4283.077148,4450.512695,4475.769043,4309.230957,4346.282227,1548.000000,1.000000,22.000000,,,,0.000000,2.000000,2.000000,0.000000,4.000000,2.000000,2.000000,0.000000,0.000000,4.000000,4.000000,4.000000,4.000000,4.000000,4.000000,0.000000,,,,,,,,,,,,,,,,,,,,,,,,,,,,
1732157958.642239,1732157958.644181,115.000000,0.000000,4230.769043,4257.692383,4311.153809,4288.846191,4279.230957,4297.820313,4340.256348,4403.461426,4322.563965,4286.538574,4447.692383,4472.563965,4312.692383,4346.538574,1571.000000,1.000000,22.000000,,,,0.000000,2.000000,2.000000,0.000000,4.000000,2.000000,2.000000,0.000000,0.000000,4.000000,4.000000,4.000000,4.000000,4.000000,4.000000,0.000000,,,,,,,,,,,,,,,,,,,,,,,,,,,,
1732157958.650047,1732157958.651890,116.000000,0.000000,4234.871582,4255.384766,4313.077148,4286.922852,4279.358887,4295.769043,4335.000000,4401.410156,4325.256348,4295.256348,4456.153809,4474.102539,4317.692383,4349.230957,1703.000000,1.000000,22.000000,,,,0.000000,2.000000,2.000000,0.000000,4.000000,2.000000,2.000000,0.000000,0.000000,4.000000,4.000000,4.000000,4.000000,4.000000,4.000000,0.000000,,,,,,,,,,,,,,,,,29.000000,0.000000,0.524557,0.497681,-0.513550,0.461975,0.972287,0.065438,-0.019534,-34.490871,45.684555,31.153666
1732157958.657855,1732157958.659698,117.000000,0.000000,4241.794922,4251.922852,4313.589844,4287.051270,4281.282227,4303.077148,4334.487305,4399.230957,4326.922852,4290.641113,4457.692383,4474.871582,4315.256348,4348.974121,1616.000000,1.000000,22.000000,,,,0.000000,2.000000,2.000000,0.000000,4.000000,2.000000,2.000000,0.000000,0.000000,4.000000,4.000000,4.000000,4.000000,4.000000,4.000000,0.000000,,,,,,,,,,,,,,,,,,,,,,,,,,,,
1732157958.665664,1732157958.667706,118.000000,0.000000,4240.384766,4253.589844,4312.563965,4288.589844,4280.897461,4305.256348,4338.461426,4404.871582,4330.641113,4290.641113,4456.025879,4475.256348,4316.025879,4355.256348,1548.000000,1.000000,22.000000,,,,0.000000,2.000000,2.000000,0.000000,4.000000,2.000000,2.000000,0.000000,0.000000,4.000000,4.000000,4.000000,4.000000,4.000000,4.000000,0.000000,,,,,,,,,,,,,,,,,,,,,,,,,,,,
1732157958.673472,1732157958.675514,119.000000,0.000000,4233.717773,4252.051270,4311.538574,4283.077148,4282.436035,4303.717773,4341.153809,4407.820313,4332.820313,4296.538574,4455.641113,4477.436035,4316.282227,4357.563965,1571.000000,1.000000,22.000000,,,,0.000000,2.000000,2.000000,0.000000,4.000000,2.000000,2.000000,0.000000,0.000000,4.000000,4.000000,4.000000,4.000000,4.000000,4.000000,0.000000,,,,,,,,,,,,,,,,,,,,,,,,,,,,
1732157958.681280,1732157958.683422,120.000000,0.000000,4231.794922,4248.205078,4311.794922,4282.051270,4284.615234,4307.692383,4340.384766,4403.974121,4324.102539,4286.282227,4448.205078,4476.153809,4309.615234,4351.025879,1703.000000,1.000000,22.000000,,,,0.000000,2.000000,2.000000,0.000000,4.000000,2.000000,2.000000,0.000000,0.000000,4.000000,4.000000,4.000000,4.000000,4.000000,4.000000,0.000000,,,,,,,,,,,,,,,,,30.000000,0.000000,0.524819,0.497864,-0.512939,0.462158,0.978147,0.058113,-0.005860,-34.682606,45.871159,31.029469
1732157958.689088,1732157958.691230,121.000000,0.000000,4236.410156,4254.230957,4310.256348,4291.794922,4285.641113,4312.948730,4338.717773,4401.922852,4314.358887,4274.615234,4442.820313,4472.692383,4309.230957,4352.179688,1616.000000,1.000000,22.000000,,,,0.000000,2.000000,2.000000,0.000000,4.000000,2.000000,2.000000,0.000000,0.000000,4.000000,4.000000,4.000000,4.000000,4.000000,4.000000,0.000000,,,,,,,,,,,,,,,,,,,,,,,,,,,,
1732157958.696896,1732157958.698839,122.000000,0.000000,4241.666504,4263.333496,4311.922852,4296.794922,4286.410156,4308.589844,4337.436035,4402.563965,4317.179688,4278.205078,4451.282227,4473.846191,4315.128418,4358.717773,1548.000000,1.000000,22.000000,,,,0.000000,2.000000,2.000000,0.000000,4.000000,2.000000,2.000000,0.000000,0.000000,4.000000,4.000000,4.000000,4.000000,4.000000,4.000000,0.000000,,,,,,,,,,,,,,,,,,,,,,,,,,,,
1732157958.704705,1732157958.706647,123.000000,0.000000,4246.025879,4263.974121,4313.846191,4293.717773,4287.692383,4302.179688,4339.230957,4403.589844,4326.666504,4286.538574,4460.128418,4478.717773,4317.051270,4359.230957,1571.000000,1.000000,22.000000,,,,0.000000,2.000000,2.000000,0.000000,4.000000,2.000000,2.000000,0.000000,0.000000,4.000000,4.000000,4.000000,4.000000,4.000000,4.000000,0.000000,,,,,,,,,,,,,,,,,,,,,,,,,,,,
1732157958.712513,1732157958.714555,124.000000,0.000000,4248.974121,4263.717773,4308.333496,4295.384766,4288.589844,4302.436035,4341.025879,4402.563965,4328.846191,4291.025879,4458.461426,4477.948730,4318.717773,4357.179688,1703.000000,1.000000,22.000000,,,,0.000000,2.000000,2.000000,0.000000,4.000000,2.000000,2.000000,0.000000,0.000000,4.000000,4.000000,4.000000,4.000000,4.000000,4.000000,0.000000,,,,,,,,,,,,,,,,,31.000000,0.000000,0.525122,0.498352,-0.511658,0.462708,0.984984,0.055671,-0.007325,-34.746246,45.892303,31.040537
1732157958.720321,1732157958.722363,125.000000,0.000000,4248.974121,4262.948730,4307.307617,4295.769043,4286.153809,4302.948730,4339.615234,4400.256348,4325.256348,4287.948730,4456.794922,4475.897461,4319.358887,4360.000000,1616.000000,1.000000,22.000000,,,,0.000000,2.000000,2.000000,0.000000,4.000000,2.000000,2.000000,0.000000,0.000000,4.000000,4.000000,4.000000,4.000000,4.000000,4.000000,0.000000,,,,,,,,,,,,,,,,,,,,,,,,,,,,
1732157958.728130,1732157958.729972,126.000000,0.000000,4249.871582,4261.282227,4311.666504,4293.589844,4282.436035,4300.000000,4338.589844,4403.333496,4323.461426,4281.153809,4461.153809,4478.461426,4318.589844,4364.102539,1548.000000,1.000000,22.000000,,,,0.000000,2.000000,2.000000,0.000000,4.000000,2.000000,2.000000,0.000000,0.000000,4.000000,4.000000,4.000000,4.000000,4.000000,4.000000,0.000000,,,,,,,,,,,,,,,,,,,,,,,,,,,,
1732157958.735938,1732157958.737780,127.000000,0.000000,4250.000000,4260.897461,4312.179688,4294.871582,4280.641113,4297.692383,4339.102539,4407.179688,4320.512695,4279.487305,4461.666504,4478.461426,4318.846191,4366.282227,22.000000,1.000000,22.000000,,,,0.000000,2.000000,2.000000,0.000000,4.000000,2.000000,2.000000,0.000000,0.000000,4.000000,4.000000,4.000000,4.000000,4.000000,4.000000,0.000000,,,,,,,,,,,,,,,,,,,,,,,,,,,,
1732157958.743746,1732157958.745488,0.000000,0.000000,4250.769043,4262.948730,4310.512695,4297.948730,4280.256348,4296.153809,4339.230957,4403.333496,4317.563965,4281.410156,4455.641113,4475.128418,4319.230957,4366.538574,0.000000,1.000000,22.000000,,,,0.000000,2.000000,2.000000,0.000000,4.000000,2.000000,2.000000,0.000000,0.000000,4.000000,4.000000,4.000000,4.000000,4.000000,4.000000,0.000000,,,,,,,,,,,,,,,,,0.000000,0.000000,0.525964,0.498108,-0.510864,0.462891,0.972287,0.069833,-0.005860,-34.631126,45.959435,31.099501
1732157958.751554,1732157958.753296,1.000000,0.000000,4251.538574,4263.205078,4312.436035,4297.436035,4283.846191,4298.205078,4338.846191,4402.179688,4318.589844,4280.641113,4455.256348,4472.563965,4319.615234,4364.615234,1603.000000,1.000000,22.000000,,,,0.000000,2.000000,2.000000,0.000000,4.000000,2.000000,2.000000,0.000000,0.000000,4.000000,4.000000,4.000000,4.000000,4.000000,4.000000,0.000000,,,,,,,,,,,,,,,,,,,,,,,,,,,,
1732157958.759363,1732157958.761304,2.000000,0.000000,4251.794922,4261.666504,4313.077148,4292.692383,4284.615234,4302.820313,4338.974121,4406.282227,4320.000000,4281.025879,4458.461426,4472.692383,4319.743652,4361.666504,1369.000000,1.000000,22.000000,,,,0.000000,2.000000,2.000000,0.000000,4.000000,2.000000,2.000000,0.000000,0.000000,4.000000,4.000000,4.000000,4.000000,4.000000,4.000000,0.000000,,,,,,,,,,,,,,,,,,,,,,,,,,,,
1732157958.767171,1732157958.769113,3.000000,0.000000,4252.051270,4261.153809,4310.384766,4290.512695,4280.000000,4300.384766,4339.102539,4404.487305,4316.794922,4282.051270,4457.948730,4474.102539,4319.615234,4360.897461,1424.000000,1.000000,22.000000,,,,0.000000,2.000000,2.000000,0.000000,4.000000,2.000000,2.000000,0.000000,0.000000,4.000000,4.000000,4.000000,4.000000,4.000000,4.000000,0.000000,,,,,,,,,,,,,,,,,,,,,,,,,,,,
1732157958.774979,1732157958.777021,4.000000,0.000000,4251.025879,4262.563965,4308.333496,4293.077148,4289.358887,4295.769043,4339.102539,4404.487305,4317.820313,4281.794922,4457.948730,4475.897461,4320.000000,4364.487305,1426.000000,1.000000,22.000000,,,,0.000000,2.000000,2.000000,0.000000,4.000000,2.000000,2.000000,0.000000,0.000000,4.000000,4.000000,4.000000,4.000000,4.000000,4.000000,0.000000,,,,,,,,,,,,,,,,,1.000000,0.000000,0.526201,0.498108,-0.510620,0.462891,0.970822,0.082530,-0.012209,-34.381210,45.882141,31.173929
1732157958.782787,1732157958.784829,5.000000,0.000000,4251.666504,4264.230957,4307.948730,4294.358887,4297.179688,4294.871582,4339.102539,4410.897461,4324.871582,4284.230957,4460.384766,4479.615234,4321.410156,4367.563965,1212.000000,1.000000,22.000000,,,,0.000000,2.000000,2.000000,0.000000,4.000000,2.000000,2.000000,0.000000,0.000000,4.000000,4.000000,4.000000,4.000000,4.000000,4.000000,0.000000,,,,,,,,,,,,,,,,,,,,,,,,,,,,
1732157958.790595,1732157958.792837,6.000000,0.000000,4250.000000,4260.512695,4310.000000,4291.153809,4274.487305,4293.589844,4339.102539,4408.717773,4321.922852,4281.410156,4458.974121,4478.974121,4319.358887,4364.871582,0.000000,1.000000,22.000000,,,,0.000000,2.000000,2.000000,0.000000,4.000000,2.000000,2.000000,0.000000,0.000000,4.000000,4.000000,4.000000,4.000000,4.000000,4.000000,0.000000,,,,,,,,,,,,,,,,,,,,,,,,,,,,
1732157958.798404,1732157958.800645,7.000000,0.000000,4248.717773,4258.333496,4310.128418,4290.897461,4255.128418,4295.384766,4339.102539,4400.897461,4316.538574,4277.948730,4457.179688,4474.743652,4316.538574,4363.846191,0.000000,1.000000,22.000000,,,,0.000000,2.000000,2.000000,0.000000,4.000000,2.000000,2.000000,0.000000,0.000000,4.000000,4.000000,4.000000,4.000000,4.000000,4.000000,0.000000,,,,,,,,,,,,,,,,,,,,,,,,,,,,
1732157958.806212,1732157958.808553,8.000000,0.000000,4256.025879,4262.436035,4309.230957,4295.384766,4271.922852,4298.077148,4339.102539,4400.641113,4324.230957,4287.179688,4460.769043,4474.487305,4322.820313,4369.487305,1531.000000,1.000000,22.000000,,,,0.000000,2.000000,2.000000,0.000000,4.000000,2.000000,2.000000,0.000000,0.000000,4.000000,4.000000,4.000000,4.000000,4.000000,4.000000,0.000000,,,,,,,,,,,,,,,,,2.000000,0.000000,0.526821,0.497742,-0.510559,0.462646,0.970822,0.064949,-0.020999,-34.302113,45.842869,31.279217
1732157958.814020,1732157958.816361,9.000000,0.000000,4265.000000,4264.615234,4310.000000,4296.922852,4282.948730,4296.794922,4339.102539,4404.102539,4327.692383,4292.820313,4463.717773,4477.436035,4330.256348,4375.641113,1686.000000,1.000000,22.000000,,,,0.000000,2.000000,2.000000,0.000000,4.000000,2.000000,2.000000,0.000000,0.000000,4.000000,4.000000,4.000000,4.000000,4.000000,4.000000,0.000000,,,,,,,,,,,,,,,,,,,,,,,,,,,,
1732157958.821828,1732157958.824369,10.000000,0.000000,4264.230957,4266.153809,4311.153809,4296.410156,4271.410156,4294.615234,4339.102539,4403.461426,4314.102539,4282.307617,4462.307617,4475.000000,4328.589844,4375.000000,1548.000000,1.000000,22.000000,,,,0.000000,2.000000,2.000000,0.000000,4.000000,2.000000,2.000000,0.000000,0.000000,4.000000,4.000000,4.000000,4.000000,4.000000,4.000000,0.000000,,,,,,,,,,,,,,,,,,,,,,,,,,,,
1732157958.829637,1732157958.832178,11.000000,0.000000,4261.666504,4267.948730,4311.794922,4295.128418,4279.743652,4291.153809,4339.102539,4401.025879,4305.641113,4274.615234,4460.769043,4469.358887,4325.769043,4369.102539,1571.000000,1.000000,22.000000,,,,0.000000,2.000000,2.000000,0.000000,4.000000,2.000000,2.000000,0.000000,0.000000,4.000000,4.000000,4.000000,4.000000,4.000000,4.000000,0.000000,,,,,,,,,,,,,,,,,,,,,,,,,,,,
1732157958.837445,1732157958.840086,12.000000,0.000000,4263.846191,4269.358887,4311.410156,4294.358887,4288.717773,4288.205078,4339.102539,4402.563965,4311.025879,4278.846191,4461.410156,4470.897461,4327.436035,4368.589844,1705.000000,1.000000,22.000000,,,,0.000000,2.000000,2.000000,0.000000,4.000000,2.000000,2.000000,0.000000,0.000000,4.000000,4.000000,4.000000,4.000000,4.000000,4.000000,0.000000,,,,,,,,,,,,,,,,,3.000000,0.000000,0.526883,0.497375,-0.509521,0.464111,0.971310,0.057136,-0.015139,-34.414711,45.862724,31.149498
1732157958.845253,1732157958.847894,13.000000,0.000000,4265.384766,4268.333496,4310.128418,4297.436035,4268.717773,4290.000000,4339.102539,4403.974121,4311.666504,4280.384766,4462.307617,4475.000000,4326.794922,4372.692383,1614.000000,1.000000,22.000000,,,,0.000000,2.000000,2.000000,0.000000,4.000000,2.000000,2.000000,0.000000,0.000000,4.000000,4.000000,4.000000,4.000000,4.000000,4.000000,0.000000,,,,,,,,,,,,,,,,,,,,,,,,,,,,
1732157958.853062,1732157958.855902,14.000000,0.000000,4265.256348,4270.128418,4310.769043,4301.794922,4258.846191,4293.205078,4339.230957,4402.307617,4307.820313,4277.179688,4460.512695,4475.897461,4324.871582,4373.846191,1548.000000,1.000000,22.000000,,,,0.000000,2.000000,2.000000,0.000000,4.000000,2.000000,2.000000,0.000000,0.000000,4.000000,4.000000,4.000000,4.000000,4.000000,4.000000,0.000000,1.000000,0.000000,2.000000,2.000000,0.000000,4.000000,2.000000,2.000000,0.000000,0.000000,4.000000,4.000000,4.000000,4.000000,4.000000,4.000000,,,,,,,,,,,,
1732157958.860870,1732157958.863710,15.000000,0.000000,4264.871582,4271.410156,4312.179688,4301.025879,4275.256348,4292.948730,4338.846191,4402.179688,4307.948730,4275.512695,4458.589844,4475.128418,4325.897461,4374.358887,1571.000000,1.000000,22.000000,,,,0.000000,2.000000,2.000000,0.000000,4.000000,2.000000,2.000000,0.000000,0.000000,4.000000,4.000000,4.000000,4.000000,4.000000,4.000000,0.000000,,,,,,,,,,,,,,,,,,,,,,,,,,,,
1732157958.868678,1732157958.871618,16.000000,0.000000,4265.512695,4271.794922,4312.051270,4299.230957,4279.358887,4293.077148,4338.846191,4406.153809,4310.897461,4278.846191,4460.128418,4477.179688,4328.077148,4374.871582,0.000000,1.000000,22.000000,,,,0.000000,2.000000,2.000000,0.000000,4.000000,2.000000,2.000000,0.000000,0.000000,4.000000,4.000000,4.000000,4.000000,4.000000,4.000000,0.000000,,,,,,,,,,,,,,,,,4.000000,0.000000,0.526886,0.496887,-0.509216,0.464966,0.974240,0.058113,-0.003907,-34.572582,45.862137,31.177761
1732157958.876486,1732157958.879427,17.000000,0.000000,4267.051270,4271.153809,4311.794922,4299.230957,4272.820313,4292.563965,4339.743652,4406.922852,4311.666504,4279.358887,4460.512695,4478.717773,4326.538574,4373.974121,0.000000,1.000000,22.000000,,,,0.000000,2.000000,2.000000,0.000000,4.000000,2.000000,2.000000,0.000000,0.000000,4.000000,4.000000,4.000000,4.000000,4.000000,4.000000,0.000000,,,,,,,,,,,,,,,,,,,,,,,,,,,,
1732157958.884294,1732157958.887035,18.000000,0.000000,4266.410156,4268.077148,4311.153809,4298.077148,4277.692383,4286.153809,4337.563965,4407.948730,4309.487305,4271.666504,4458.846191,4477.307617,4321.666504,4375.769043,0.000000,1.000000,22.000000,,,,0.000000,2.000000,2.000000,0.000000,4.000000,2.000000,2.000000,0.000000,0.000000,4.000000,4.000000,4.000000,4.000000,4.000000,4.000000,0.000000,,,,,,,,,,,,,,,,,,,,,,,,,,,,
1732157958.892103,1732157958.894843,19.000000,0.000000,4265.384766,4270.256348,4310.512695,4296.922852,4279.230957,4282.051270,4334.102539,4411.794922,4311.025879,4272.179688,4459.743652,4476.410156,4322.051270,4382.307617,0.000000,1.000000,22.000000,,,,0.000000,2.000000,2.000000,0.000000,4.000000,2.000000,2.000000,0.000000,0.000000,4.000000,4.000000,4.000000,4.000000,4.000000,4.000000,0.000000,,,,,,,,,,,,,,,,,,,,,,,,,,,,
1732157958.899911,1732157958.902751,20.000000,0.000000,4266.153809,4271.410156,4312.563965,4296.922852,4276.538574,4283.333496,4337.436035,4406.794922,4312.563965,4277.179688,4461.666504,4479.487305,4327.307617,4383.589844,0.000000,1.000000,22.000000,,,,0.000000,2.000000,2.000000,0.000000,4.000000,2.000000,2.000000,0.000000,0.000000,4.000000,4.000000,4.000000,4.000000,4.000000,4.000000,0.000000,,,,,,,,,,,,,,,,,5.000000,0.000000,0.526847,0.496643,-0.509216,0.465271,0.974240,0.058113,-0.003907,-34.463795,46.141666,31.428986
1732157958.907719,1732157958.910559,21.000000,0.000000,4266.410156,4266.922852,4312.563965,4295.769043,4280.384766,4283.461426,4340.641113,4400.769043,4310.641113,4273.846191,4461.410156,4486.410156,4331.538574,4380.769043,0.000000,1.000000,22.000000,,,,0.000000,2.000000,2.000000,0.000000,4.000000,2.000000,2.000000,0.000000,0.000000,4.000000,4.000000,4.000000,4.000000,4.000000,4.000000,0.000000,,,,,,,,,,,,,,,,,,,,,,,,,,,,
1732157958.915527,1732157958.918168,22.000000,0.000000,4265.641113,4265.641113,4312.179688,4294.487305,4276.538574,4283.205078,4337.692383,4408.717773,4312.179688,4276.153809,4462.820313,4492.948730,4335.000000,4382.692383,0.000000,1.000000,22.000000,,,,0.000000,2.000000,2.000000,0.000000,4.000000,2.000000,2.000000,0.000000,0.000000,4.000000,4.000000,4.000000,4.000000,4.000000,4.000000,0.000000,,,,,,,,,,,,,,,,,,,,,,,,,,,,
1732157958.923336,1732157958.925976,23.000000,0.000000,4267.563965,4266.666504,4312.563965,4294.487305,4271.538574,4289.615234,4337.179688,4412.179688,4316.025879,4284.230957,4463.846191,4490.128418,4333.333496,4383.974121,0.000000,1.000000,22.000000,,,,0.000000,2.000000,2.000000,0.000000,4.000000,2.000000,2.000000,0.000000,0.000000,4.000000,4.000000,4.000000,4.000000,4.000000,4.000000,0.000000,,,,,,,,,,,,,,,,,,,,,,,,,,,,
1732157958.931144,1732157958.933684,24.000000,0.000000,4267.563965,4264.487305,4311.410156,4294.230957,4287.948730,4294.615234,4340.384766,4402.820313,4312.820313,4277.948730,4460.000000,4482.179688,4325.128418,4380.769043,0.000000,1.000000,22.000000,,,,0.000000,2.000000,2.000000,0.000000,4.000000,2.000000,2.000000,0.000000,0.000000,4.000000,4.000000,4.000000,4.000000,4.000000,4.000000,0.000000,,,,,,,,,,,,,,,,,6.000000,0.000000,0.526034,0.496521,-0.508667,0.466919,0.972287,0.063973,-0.001953,-34.420673,46.138084,31.370811
1732157958.938952,1732157958.941493,25.000000,0.000000,4266.538574,4262.051270,4309.487305,4293.846191,4295.256348,4290.512695,4339.743652,4402.051270,4309.230957,4272.692383,4460.000000,4483.333496,4326.666504,4379.230957,0.000000,1.000000,22.000000,,,,0.000000,2.000000,2.000000,0.000000,4.000000,2.000000,2.000000,0.000000,0.000000,4.000000,4.000000,4.000000,4.000000,4.000000,4.000000,0.000000,,,,,,,,,,,,,,,,,,,,,,,,,,,,
1732157958.946761,1732157958.949101,26.000000,0.000000,4271.025879,4266.153809,4308.846191,4296.025879,4272.307617,4290.897461,4338.205078,4409.615234,4312.307617,4281.666504,4464.102539,4492.820313,4334.358887,4381.410156,0.000000,1.000000,22.000000,,,,0.000000,2.000000,2.000000,0.000000,4.000000,2.000000,2.000000,0.000000,0.000000,4.000000,4.000000,4.000000,4.000000,4.000000,4.000000,0.000000,,,,,,,,,,,,,,,,,,,,,,,,,,,,
1732157958.954569,1732157958.956909,27.000000,0.000000,4277.436035,4266.538574,4308.205078,4296.666504,4262.948730,4297.307617,4339.487305,4408.077148,4312.307617,4281.153809,4462.051270,4491.282227,4331.025879,4382.820313,0.000000,1.000000,22.000000,,,,0.000000,2.000000,2.000000,0.000000,4.000000,2.000000,2.000000,0.000000,0.000000,4.000000,4.000000,4.000000,4.000000,4.000000,4.000000,0.000000,,,,,,,,,,,,,,,,,,,,,,,,,,,,
1732157958.962377,1732157958.964618,28.000000,0.000000,4278.205078,4264.615234,4307.948730,4295.641113,4278.461426,4295.897461,4340.128418,4401.410156,4309.358887,4274.743652,4458.461426,4479.743652,4328.846191,4382.563965,0.000000,1.000000,22.000000,,,,0.000000,2.000000,2.000000,0.000000,4.000000,2.000000,2.000000,0.000000,0.000000,4.000000,4.000000,4.000000,4.000000,4.000000,4.000000,0.000000,,,,,,,,,,,,,,,,,7.000000,0.000000,0.525046,0.496826,-0.507874,0.468567,0.984984,0.046881,-0.006837,-34.257412,45.985180,31.257025
1732157958.970185,1732157958.972426,29.000000,0.000000,4277.436035,4268.333496,4309.743652,4296.538574,4281.282227,4290.641113,4340.128418,4403.589844,4311.666504,4278.717773,4461.410156,4480.769043,4335.256348,4385.641113,0.000000,1.000000,22.000000,,,,0.000000,2.000000,2.000000,0.000000,4.000000,2.000000,2.000000,0.000000,0.000000,4.000000,4.000000,4.000000,4.000000,4.000000,4.000000,0.000000,,,,,,,,,,,,,,,,,,,,,,,,,,,,
1732157958.977993,1732157958.980034,30.000000,0.000000,4279.102539,4272.948730,4309.743652,4297.307617,4275.000000,4292.307617,4340.256348,4408.333496,4311.922852,4278.846191,4464.102539,4491.794922,4334.743652,4391.153809,0.000000,1.000000,22.000000,,,,0.000000,2.000000,2.000000,0.000000,4.000000,2.000000,2.000000,0.000000,0.000000,4.000000,4.000000,4.000000,4.000000,4.000000,4.000000,0.000000,,,,,,,,,,,,,,,,,,,,,,,,,,,,
1732157958.985802,1732157958.987842,31.000000,0.000000,4279.743652,4269.615234,4312.179688,4297.051270,4280.641113,4290.256348,4340.128418,4404.615234,4309.743652,4272.692383,4461.153809,4490.000000,4326.410156,4394.615234,0.000000,1.000000,22.000000,,,,0.000000,2.000000,2.000000,0.000000,4.000000,2.000000,2.000000,0.000000,0.000000,4.000000,4.000000,4.000000,4.000000,4.000000,4.000000,0.000000,,,,,,,,,,,,,,,,,,,,,,,,,,,,
1732157958.993610,1732157958.995551,32.000000,0.000000,4280.641113,4264.615234,4313.205078,4297.948730,4277.563965,4285.000000,4340.256348,4399.615234,4311.794922,4277.820313,4462.307617,4485.769043,4326.922852,4396.922852,0.000000,1.000000,22.000000,,,,0.000000,2.000000,2.000000,0.000000,4.000000,2.000000,2.000000,0.000000,0.000000,4.000000,4.000000,4.000000,4.000000,4.000000,4.000000,0.000000,,,,,,,,,,,,,,,,,8.000000,0.000000,0.524202,0.497192,-0.507202,0.469849,0.990844,0.055183,0.001465,-34.126835,45.842995,31.474855
1732157959.001418,1732157959.003359,33.000000,0.000000,4279.615234,4264.230957,4308.846191,4294.230957,4277.820313,4283.974121,4340.128418,4401.794922,4305.641113,4275.128418,4463.974121,4487.948730,4329.487305,4394.102539,0.000000,1.000000,22.000000,,,,0.000000,2.000000,2.000000,0.000000,4.000000,2.000000,2.000000,0.000000,0.000000,4.000000,4.000000,4.000000,4.000000,4.000000,4.000000,0.000000,,,,,,,,,,,,,,,,,,,,,,,,,,,,
1732157959.009226,1732157959.010967,34.000000,0.000000,4275.897461,4262.563965,4306.794922,4289.102539,4291.410156,4282.179688,4340.128418,4406.282227,4295.897461,4259.487305,4455.769043,4484.743652,4324.358887,4387.179688,0.000000,1.000000,22.000000,,,,0.000000,2.000000,2.000000,0.000000,4.000000,2.000000,2.000000,0.000000,0.000000,4.000000,4.000000,4.000000,4.000000,4.000000,4.000000,0.000000,,,,,,,,,,,,,,,,,,,,,,,,,,,,
1732157959.017035,1732157959.018776,35.000000,0.000000,4276.666504,4261.794922,4309.615234,4291.410156,4282.307617,4279.743652,4340.128418,4406.666504,4303.333496,4263.461426,4455.897461,4483.333496,4328.077148,4388.589844,0.000000,1.000000,22.000000,,,,0.000000,2.000000,2.000000,0.000000,4.000000,2.000000,2.000000,0.000000,0.000000,4.000000,4.000000,4.000000,4.000000,4.000000,4.000000,0.000000,,,,,,,,,,,,,,,,,,,,,,,,,,,,
1732157959.024843,1732157959.026484,36.000000,0.000000,4279.871582,4265.000000,4309.230957,4295.897461,4258.205078,4281.922852,4340.128418,4405.384766,4315.512695,4281.153809,4470.128418,4491.282227,4336.666504,4396.922852,0.000000,1.000000,22.000000,,,,0.000000,2.000000,2.000000,0.000000,4.000000,2.000000,2.000000,0.000000,0.000000,4.000000,4.000000,4.000000,4.000000,4.000000,4.000000,0.000000,,,,,,,,,,,,,,,,,9.000000,0.000000,0.523664,0.497498,-0.506836,0.470520,0.970822,0.046881,0.007813,-34.356071,45.904495,31.511301
1732157959.032651,1732157959.034292,37.000000,0.000000,4279.102539,4265.128418,4308.846191,4293.589844,4259.615234,4283.589844,4340.128418,4403.846191,4312.307617,4283.461426,4471.025879,4494.615234,4332.948730,4398.846191,0.000000,1.000000,22.000000,,,,0.000000,2.000000,2.000000,0.000000,4.000000,2.000000,2.000000,0.000000,0.000000,4.000000,4.000000,4.000000,4.000000,4.000000,4.000000,0.000000,,,,,,,,,,,,,,,,,,,,,,,,,,,,
1732157959.040460,1732157959.042300,38.000000,0.000000,4282.307617,4264.743652,4311.794922,4290.512695,4270.128418,4281.794922,4340.128418,4406.410156,4310.128418,4277.692383,4463.333496,4492.436035,4328.974121,4398.077148,0.000000,1.000000,22.000000,,,,0.000000,2.000000,2.000000,0.000000,4.000000,2.000000,2.000000,0.000000,0.000000,4.000000,4.000000,4.000000,4.000000,4.000000,4.000000,0.000000,,,,,,,,,,,,,,,,,,,,,,,,,,,,
1732157959.048268,1732157959.050108,39.000000,0.000000,4290.000000,4265.769043,4312.179688,4293.846191,4260.769043,4282.307617,4340.128418,4409.871582,4318.333496,4278.974121,4469.743652,4498.974121,4335.384766,4400.128418,0.000000,1.000000,22.000000,,,,0.000000,2.000000,2.000000,0.000000,4.000000,2.000000,2.000000,0.000000,0.000000,4.000000,4.000000,4.000000,4.000000,4.000000,4.000000,0.000000,,,,,,,,,,,,,,,,,,,,,,,,,,,,
1732157959.056076,1732157959.058016,40.000000,0.000000,4290.000000,4261.538574,4308.717773,4295.641113,4269.358887,4280.897461,4340.128418,4408.205078,4318.205078,4281.538574,4478.974121,4504.615234,4336.410156,4398.077148,0.000000,1.000000,22.000000,,,,0.000000,2.000000,2.000000,0.000000,4.000000,2.000000,2.000000,0.000000,0.000000,4.000000,4.000000,4.000000,4.000000,4.000000,4.000000,0.000000,,,,,,,,,,,,,,,,,10.000000,0.000000,0.521190,0.498901,-0.504761,0.473999,0.988402,0.034184,-0.009767,-34.286751,45.972641,31.339153
1732157959.063884,1732157959.065825,41.000000,0.000000,4288.205078,4261.922852,4308.461426,4294.230957,4288.589844,4279.358887,4340.128418,4404.615234,4310.769043,4281.794922,4473.974121,4498.205078,4332.820313,4397.179688,0.000000,1.000000,22.000000,,,,0.000000,2.000000,2.000000,0.000000,4.000000,2.000000,2.000000,0.000000,0.000000,4.000000,4.000000,4.000000,4.000000,4.000000,4.000000,0.000000,,,,,,,,,,,,,,,,,,,,,,,,,,,,
1732157959.071692,1732157959.073833,42.000000,0.000000,4293.461426,4274.615234,4312.307617,4299.230957,4273.333496,4280.128418,4340.128418,4402.563965,4308.589844,4276.538574,4466.410156,4491.025879,4335.897461,4395.769043,0.000000,1.000000,22.000000,,,,0.000000,2.000000,2.000000,0.000000,4.000000,2.000000,2.000000,0.000000,0.000000,4.000000,4.000000,4.000000,4.000000,4.000000,4.000000,0.000000,,,,,,,,,,,,,,,,,,,,,,,,,,,,
1732157959.079501,1732157959.081641,43.000000,0.000000,4296.794922,4286.410156,4312.179688,4310.000000,4258.077148,4281.410156,4340.384766,4402.563965,4312.948730,4268.205078,4463.077148,4490.641113,4332.820313,4386.666504,0.000000,1.000000,22.000000,,,,0.000000,2.000000,2.000000,0.000000,4.000000,2.000000,2.000000,0.000000,0.000000,4.000000,4.000000,4.000000,4.000000,4.000000,4.000000,0.000000,,,,,,,,,,,,,,,,,,,,,,,,,,,,
1732157959.087309,1732157959.089549,44.000000,0.000000,4295.384766,4292.179688,4309.358887,4315.128418,4271.153809,4281.794922,4340.256348,4403.461426,4312.692383,4265.512695,4458.461426,4488.461426,4319.487305,4380.641113,0.000000,1.000000,22.000000,,,,0.000000,2.000000,2.000000,0.000000,4.000000,2.000000,2.000000,0.000000,0.000000,4.000000,4.000000,4.000000,4.000000,4.000000,4.000000,0.000000,,,,,,,,,,,,,,,,,11.000000,0.000000,0.519818,0.499573,-0.503845,0.475769,0.987425,0.038579,0.002930,-34.408936,46.207840,31.379715
1732157959.095117,1732157959.097357,45.000000,0.000000,4295.256348,4297.051270,4309.358887,4312.307617,4280.384766,4281.538574,4340.000000,4400.897461,4302.948730,4265.256348,4454.615234,4479.871582,4313.846191,4383.974121,0.000000,1.000000,22.000000,,,,0.000000,2.000000,2.000000,0.000000,4.000000,2.000000,2.000000,0.000000,0.000000,4.000000,4.000000,4.000000,4.000000,4.000000,4.000000,0.000000,,,,,,,,,,,,,,,,,,,,,,,,,,,,
1732157959.102925,1732157959.105365,46.000000,0.000000,4295.641113,4297.179688,4310.000000,4311.794922,4275.769043,4281.410156,4340.769043,4399.871582,4295.128418,4263.461426,4453.717773,4479.487305,4318.077148,4386.410156,0.000000,1.000000,22.000000,,,,0.000000,2.000000,2.000000,0.000000,4.000000,2.000000,2.000000,0.000000,0.000000,4.000000,4.000000,4.000000,4.000000,4.000000,4.000000,0.000000,,,,,,,,,,,,,,,,,,,,,,,,,,,,
1732157959.110734,1732157959.113173,47.000000,0.000000,4294.615234,4293.333496,4308.717773,4312.307617,4279.743652,4279.871582,4340.000000,4403.589844,4296.922852,4261.666504,4456.410156,4489.487305,4320.384766,4383.717773,0.000000,1.000000,22.000000,,,,0.000000,2.000000,2.000000,0.000000,4.000000,2.000000,2.000000,0.000000,0.000000,4.000000,4.000000,4.000000,4.000000,4.000000,4.000000,0.000000,,,,,,,,,,,,,,,,,,,,,,,,,,,,
1732157959.118542,1732157959.120882,48.000000,0.000000,4293.717773,4296.153809,4311.538574,4312.436035,4277.820313,4279.487305,4336.538574,4403.205078,4300.128418,4262.692383,4457.692383,4493.077148,4316.410156,4386.410156,0.000000,1.000000,22.000000,,,,0.000000,2.000000,2.000000,0.000000,4.000000,2.000000,2.000000,0.000000,0.000000,4.000000,4.000000,4.000000,4.000000,4.000000,4.000000,0.000000,,,,,,,,,,,,,,,,,12.000000,0.000000,0.519818,0.499573,-0.503845,0.475769,0.989867,0.020510,0.002930,-34.522903,46.263348,31.322569
1732157959.126350,1732157959.128690,49.000000,0.000000,4293.974121,4298.077148,4314.358887,4310.128418,4281.025879,4281.538574,4335.128418,4400.641113,4294.102539,4261.922852,4451.538574,4482.179688,4312.563965,4389.615234,0.000000,1.000000,22.000000,,,,0.000000,2.000000,2.000000,0.000000,4.000000,2.000000,2.000000,0.000000,0.000000,4.000000,4.000000,4.000000,4.000000,4.000000,4.000000,0.000000,,,,,,,,,,,,,,,,,,,,,,,,,,,,
1732157959.134158,1732157959.136698,50.000000,0.000000,4293.717773,4288.846191,4309.615234,4304.615234,4294.743652,4281.794922,4336.282227,4404.230957,4293.846191,4259.487305,4445.897461,4476.282227,4310.256348,4385.897461,0.000000,1.000000,22.000000,,,,0.000000,2.000000,2.000000,0.000000,4.000000,2.000000,2.000000,0.000000,0.000000,4.000000,4.000000,4.000000,4.000000,4.000000,4.000000,0.000000,,,,,,,,,,,,,,,,,,,,,,,,,,,,
1732157959.141967,1732157959.144506,51.000000,0.000000,4292.436035,4277.820313,4307.307617,4301.025879,4281.922852,4279.102539,4335.769043,4406.538574,4306.153809,4260.000000,4448.717773,4484.487305,4310.769043,4386.538574,0.000000,1.000000,22.000000,,,,0.000000,2.000000,2.000000,0.000000,4.000000,2.000000,2.000000,0.000000,0.000000,4.000000,4.000000,4.000000,4.000000,4.000000,4.000000,0.000000,,,,,,,,,,,,,,,,,,,,,,,,,,,,
1732157959.149775,1732157959.152414,52.000000,0.000000,4297.692383,4281.538574,4310.256348,4303.589844,4258.589844,4280.641113,4334.487305,4405.128418,4309.871582,4263.205078,4457.179688,4491.410156,4319.102539,4397.948730,0.000000,1.000000,22.000000,,,,0.000000,2.000000,2.000000,0.000000,4.000000,2.000000,2.000000,0.000000,0.000000,4.000000,4.000000,4.000000,4.000000,4.000000,4.000000,0.000000,,,,,,,,,,,,,,,,,13.000000,0.000000,0.517413,0.500488,-0.502869,0.478455,0.981565,0.032719,-0.015139,-34.721886,46.353313,31.351280
1732157959.157583,1732157959.160222,53.000000,0.000000,4304.358887,4289.487305,4311.025879,4308.589844,4260.128418,4278.846191,4334.743652,4404.230957,4303.974121,4268.717773,4467.820313,4492.948730,4328.974121,4405.641113,0.000000,1.000000,22.000000,,,,0.000000,2.000000,2.000000,0.000000,4.000000,2.000000,2.000000,0.000000,0.000000,4.000000,4.000000,4.000000,4.000000,4.000000,4.000000,0.000000,,,,,,,,,,,,,,,,,,,,,,,,,,,,
1732157959.165391,1732157959.168230,54.000000,0.000000,4300.128418,4286.922852,4309.615234,4306.025879,4267.179688,4269.230957,4335.128418,4402.436035,4300.641113,4270.641113,4471.025879,4493.717773,4330.384766,4401.282227,0.000000,1.000000,22.000000,,,,0.000000,2.000000,2.000000,0.000000,4.000000,2.000000,2.000000,0.000000,0.000000,4.000000,4.000000,4.000000,4.000000,4.000000,4.000000,0.000000,,,,,,,,,,,,,,,,,,,,,,,,,,,,
1732157959.173200,1732157959.176039,55.000000,0.000000,4297.948730,4285.512695,4308.589844,4304.102539,4261.666504,4270.641113,4334.871582,4400.128418,4301.794922,4266.153809,4462.692383,4491.794922,4326.282227,4397.307617,0.000000,1.000000,22.000000,,,,0.000000,2.000000,2.000000,0.000000,4.000000,2.000000,2.000000,0.000000,0.000000,4.000000,4.000000,4.000000,4.000000,4.000000,4.000000,0.000000,,,,,,,,,,,,,,,,,,,,,,,,,,,,
1732157959.181008,1732157959.183947,56.000000,0.000000,4303.974121,4288.589844,4310.256348,4309.358887,4265.256348,4281.922852,4334.743652,4400.512695,4300.769043,4262.948730,4462.436035,4492.307617,4327.179688,4398.461426,0.000000,1.000000,22.000000,,,,0.000000,2.000000,2.000000,0.000000,4.000000,2.000000,2.000000,0.000000,0.000000,4.000000,4.000000,4.000000,4.000000,4.000000,4.000000,0.000000,,,,,,,,,,,,,,,,,14.000000,0.000000,0.516056,0.500977,-0.502380,0.479919,0.983518,0.028324,-0.005860,-34.721394,46.314518,31.369537
1732157959.188816,1732157959.191755,57.000000,0.000000,4302.179688,4288.333496,4310.384766,4309.615234,4274.615234,4280.897461,4335.128418,4402.692383,4302.436035,4270.641113,4474.102539,4504.358887,4329.615234,4402.436035,0.000000,1.000000,22.000000,,,,0.000000,2.000000,2.000000,0.000000,4.000000,2.000000,2.000000,0.000000,0.000000,4.000000,4.000000,4.000000,4.000000,4.000000,4.000000,0.000000,,,,,,,,,,,,,,,,,,,,,,,,,,,,
1732157959.196624,1732157959.199763,58.000000,0.000000,4296.025879,4286.282227,4307.692383,4302.051270,4274.743652,4274.102539,4336.025879,4407.563965,4308.077148,4277.820313,4473.461426,4512.436035,4328.333496,4406.282227,0.000000,1.000000,22.000000,,,,0.000000,2.000000,2.000000,0.000000,4.000000,2.000000,2.000000,0.000000,0.000000,4.000000,4.000000,4.000000,4.000000,4.000000,4.000000,0.000000,,,,,,,,,,,,,,,,,,,,,,,,,,,,
1732157959.204433,1732157959.207571,59.000000,0.000000,4295.897461,4284.102539,4309.871582,4300.256348,4269.358887,4276.922852,4336.666504,4407.948730,4305.641113,4272.820313,4463.077148,4504.743652,4327.051270,4405.128418,0.000000,1.000000,22.000000,,,,0.000000,2.000000,2.000000,0.000000,4.000000,2.000000,2.000000,0.000000,0.000000,4.000000,4.000000,4.000000,4.000000,4.000000,4.000000,0.000000,,,,,,,,,,,,,,,,,,,,,,,,,,,,
1732157959.212241,1732157959.215479,60.000000,0.000000,4294.871582,4281.410156,4312.436035,4300.897461,4274.358887,4281.025879,4336.282227,4403.589844,4297.563965,4265.000000,4461.538574,4497.179688,4326.666504,4399.743652,0.000000,1.000000,22.000000,,,,0.000000,2.000000,2.000000,0.000000,4.000000,2.000000,2.000000,0.000000,0.000000,4.000000,4.000000,4.000000,4.000000,4.000000,4.000000,0.000000,,,,,,,,,,,,,,,,,15.000000,0.000000,0.515132,0.501404,-0.502319,0.480530,0.983030,0.017580,-0.004883,-34.649330,46.339760,31.354324
1732157959.220049,1732157959.223287,61.000000,0.000000,4293.717773,4282.307617,4308.974121,4299.358887,4291.153809,4280.128418,4336.025879,4405.000000,4297.820313,4265.512695,4461.794922,4497.563965,4326.025879,4397.179688,0.000000,1.000000,22.000000,,,,0.000000,2.000000,2.000000,0.000000,4.000000,2.000000,2.000000,0.000000,0.000000,4.000000,4.000000,4.000000,4.000000,4.000000,4.000000,0.000000,,,,,,,,,,,,,,,,,,,,,,,,,,,,
1732157959.227857,1732157959.231295,62.000000,0.000000,4297.051270,4285.128418,4306.922852,4303.461426,4283.461426,4281.282227,4337.820313,4405.769043,4305.384766,4271.794922,4465.641113,4498.077148,4327.179688,4399.615234,0.000000,1.000000,22.000000,,,,0.000000,2.000000,2.000000,0.000000,4.000000,2.000000,2.000000,0.000000,0.000000,4.000000,4.000000,4.000000,4.000000,4.000000,4.000000,0.000000,,,,,,,,,,,,,,,,,,,,,,,,,,,,
1732157959.235666,1732157959.239104,63.000000,0.000000,4297.820313,4283.077148,4310.641113,4302.948730,4258.205078,4280.641113,4340.128418,4401.538574,4307.307617,4271.666504,4475.128418,4495.897461,4327.948730,4399.487305,0.000000,1.000000,22.000000,,,,0.000000,2.000000,2.000000,0.000000,4.000000,2.000000,2.000000,0.000000,0.000000,4.000000,4.000000,4.000000,4.000000,4.000000,4.000000,0.000000,,,,,,,,,,,,,,,,,,,,,,,,,,,,
1732157959.243474,1732157959.247012,64.000000,0.000000,4296.922852,4281.410156,4308.974121,4298.333496,4255.897461,4278.077148,4340.641113,4404.615234,4306.153809,4266.410156,4472.563965,4492.307617,4326.666504,4396.922852,0.000000,1.000000,22.000000,,,,0.000000,2.000000,2.000000,0.000000,4.000000,2.000000,2.000000,0.000000,0.000000,4.000000,4.000000,4.000000,4.000000,4.000000,4.000000,0.000000,,,,,,,,,,,,,,,,,16.000000,0.000000,0.514785,0.501587,-0.502258,0.480774,0.983030,0.017580,-0.004883,-34.399288,46.401871,31.128670
1732157959.251282,1732157959.254820,65.000000,0.000000,4297.948730,4281.538574,4305.256348,4302.563965,4268.205078,4278.974121,4340.256348,4407.307617,4303.846191,4264.230957,4462.051270,4490.897461,4327.563965,4396.794922,1603.000000,1.000000,22.000000,,,,0.000000,2.000000,2.000000,0.000000,4.000000,2.000000,2.000000,0.000000,0.000000,4.000000,4.000000,4.000000,4.000000,4.000000,4.000000,0.000000,,,,,,,,,,,,,,,,,,,,,,,,,,,,
1732157959.259090,1732157959.262828,66.000000,0.000000,4298.589844,4284.102539,4307.948730,4308.077148,4264.743652,4280.384766,4340.641113,4402.948730,4295.897461,4263.846191,4460.000000,4492.179688,4328.589844,4397.436035,1369.000000,1.000000,22.000000,,,,0.000000,2.000000,2.000000,0.000000,4.000000,2.000000,2.000000,0.000000,0.000000,4.000000,4.000000,4.000000,4.000000,4.000000,4.000000,0.000000,,,,,,,,,,,,,,,,,,,,,,,,,,,,
1732157959.266899,1732157959.270636,67.000000,0.000000,4298.974121,4286.025879,4312.692383,4302.820313,4261.922852,4277.692383,4340.641113,4404.102539,4295.512695,4263.333496,4462.179688,4494.102539,4327.307617,4396.410156,1424.000000,1.000000,22.000000,,,,0.000000,2.000000,2.000000,0.000000,4.000000,2.000000,2.000000,0.000000,0.000000,4.000000,4.000000,4.000000,4.000000,4.000000,4.000000,0.000000,,,,,,,,,,,,,,,,,,,,,,,,,,,,
1732157959.274707,1732157959.278344,68.000000,0.000000,4296.922852,4280.128418,4311.410156,4297.051270,4269.487305,4277.179688,4340.000000,4406.794922,4301.153809,4262.820313,4460.128418,4493.846191,4324.102539,4397.563965,1429.000000,1.000000,22.000000,,,,0.000000,2.000000,2.000000,0.000000,4.000000,2.000000,2.000000,0.000000,0.000000,4.000000,4.000000,4.000000,4.000000,4.000000,4.000000,0.000000,,,,,,,,,,,,,,,,,17.000000,0.000000,0.514017,0.501282,-0.503174,0.480957,0.984984,0.034184,-0.010255,-34.331757,46.390514,31.227556
1732157959.282515,1732157959.286153,69.000000,0.000000,4294.615234,4277.179688,4306.922852,4295.641113,4271.025879,4281.410156,4340.897461,4406.153809,4298.589844,4260.256348,4454.487305,4490.256348,4318.077148,4397.692383,1212.000000,1.000000,22.000000,,,,0.000000,2.000000,2.000000,0.000000,4.000000,2.000000,2.000000,0.000000,0.000000,4.000000,4.000000,4.000000,4.000000,4.000000,4.000000,0.000000,,,,,,,,,,,,,,,,,,,,,,,,,,,,
1732157959.290323,1732157959.293761,70.000000,0.000000,4295.000000,4285.256348,4306.794922,4297.179688,4268.461426,4280.512695,4340.000000,4405.000000,4296.025879,4260.641113,4453.589844,4489.102539,4320.128418,4395.641113,0.000000,1.000000,22.000000,,,,0.000000,2.000000,2.000000,0.000000,4.000000,2.000000,2.000000,0.000000,0.000000,4.000000,4.000000,4.000000,4.000000,4.000000,4.000000,0.000000,,,,,,,,,,,,,,,,,,,,,,,,,,,,
1732157959.298132,1732157959.301569,71.000000,0.000000,4296.922852,4286.794922,4311.153809,4299.358887,4261.666504,4274.358887,4336.538574,4400.769043,4299.487305,4269.102539,4460.256348,4491.153809,4329.230957,4402.179688,0.000000,1.000000,22.000000,,,,0.000000,2.000000,2.000000,0.000000,4.000000,2.000000,2.000000,0.000000,0.000000,4.000000,4.000000,4.000000,4.000000,4.000000,4.000000,0.000000,,,,,,,,,,,,,,,,,,,,,,,,,,,,
1732157959.305940,1732157959.309278,72.000000,0.000000,4300.769043,4280.384766,4313.205078,4295.769043,4268.205078,4274.487305,4334.871582,4398.974121,4302.307617,4278.333496,4465.384766,4492.820313,4331.410156,4412.179688,1531.000000,1.000000,22.000000,,,,0.000000,2.000000,2.000000,0.000000,4.000000,2.000000,2.000000,0.000000,0.000000,4.000000,4.000000,4.000000,4.000000,4.000000,4.000000,0.000000,,,,,,,,,,,,,,,,,18.000000,0.000000,0.513723,0.501221,-0.503418,0.481079,0.973263,0.037114,-0.013185,-34.342056,46.351318,31.242653
1732157959.313748,1732157959.317086,73.000000,0.000000,4304.102539,4280.512695,4313.333496,4292.820313,4288.205078,4278.077148,4335.512695,4404.358887,4301.153809,4278.077148,4462.820313,4494.487305,4327.179688,4410.384766,1686.000000,1.000000,22.000000,,,,0.000000,2.000000,2.000000,0.000000,4.000000,2.000000,2.000000,0.000000,0.000000,4.000000,4.000000,4.000000,4.000000,4.000000,4.000000,0.000000,,,,,,,,,,,,,,,,,,,,,,,,,,,,
1732157959.321556,1732157959.325094,74.000000,0.000000,4300.769043,4282.051270,4311.282227,4293.846191,4283.205078,4278.846191,4335.256348,4405.256348,4300.128418,4270.897461,4458.205078,4494.743652,4325.769043,4403.461426,1549.000000,1.000000,22.000000,,,,0.000000,2.000000,2.000000,0.000000,4.000000,2.000000,2.000000,0.000000,0.000000,4.000000,4.000000,4.000000,4.000000,4.000000,4.000000,0.000000,,,,,,,,,,,,,,,,,,,,,,,,,,,,
1732157959.329365,1732157959.332902,75.000000,0.000000,4295.512695,4280.128418,4309.871582,4295.512695,4260.897461,4280.128418,4335.641113,4400.512695,4299.487305,4269.871582,4458.461426,4496.666504,4326.794922,4404.487305,1571.000000,1.000000,22.000000,,,,0.000000,2.000000,2.000000,0.000000,4.000000,2.000000,2.000000,0.000000,0.000000,4.000000,4.000000,4.000000,4.000000,4.000000,4.000000,0.000000,,,,,,,,,,,,,,,,,,,,,,,,,,,,
1732157959.337173,1732157959.340810,76.000000,0.000000,4295.512695,4280.769043,4312.820313,4294.871582,4260.512695,4281.794922,4337.051270,4402.436035,4300.512695,4276.410156,4461.282227,4500.384766,4327.692383,4406.538574,1705.000000,1.000000,22.000000,,,,0.000000,2.000000,2.000000,0.000000,4.000000,2.000000,2.000000,0.000000,0.000000,4.000000,4.000000,4.000000,4.000000,4.000000,4.000000,0.000000,,,,,,,,,,,,,,,,,19.000000,0.000000,0.513546,0.501221,-0.503540,0.481140,0.973263,0.037114,-0.013185,-34.360401,46.474567,31.264883
1732157959.344981,1732157959.348618,77.000000,0.000000,4298.077148,4280.128418,4312.692383,4295.128418,4267.563965,4281.538574,4336.153809,4402.820313,4304.743652,4280.512695,4462.179688,4501.666504,4327.051270,4403.205078,1609.000000,1.000000,22.000000,,,,0.000000,2.000000,2.000000,0.000000,4.000000,2.000000,2.000000,0.000000,0.000000,4.000000,4.000000,4.000000,4.000000,4.000000,4.000000,0.000000,,,,,,,,,,,,,,,,,,,,,,,,,,,,
1732157959.352789,1732157959.356227,78.000000,0.000000,4300.384766,4277.179688,4308.589844,4297.436035,4267.179688,4282.179688,4336.922852,4402.436035,4308.846191,4278.589844,4458.589844,4495.897461,4325.128418,4399.743652,1549.000000,1.000000,22.000000,,,,0.000000,2.000000,2.000000,0.000000,4.000000,2.000000,2.000000,0.000000,0.000000,4.000000,4.000000,4.000000,4.000000,4.000000,4.000000,0.000000,1.000000,0.000000,2.000000,2.000000,0.000000,4.000000,2.000000,2.000000,0.000000,0.000000,4.000000,4.000000,4.000000,4.000000,4.000000,4.000000,,,,,,,,,,,,
1732157959.360598,1732157959.364035,79.000000,0.000000,4300.256348,4280.512695,4308.333496,4299.230957,4273.589844,4283.077148,4339.871582,4405.512695,4309.358887,4279.358887,4457.307617,4494.102539,4325.769043,4397.948730,1571.000000,1.000000,22.000000,,,,0.000000,2.000000,2.000000,0.000000,4.000000,2.000000,2.000000,0.000000,0.000000,4.000000,4.000000,4.000000,4.000000,4.000000,4.000000,0.000000,,,,,,,,,,,,,,,,,,,,,,,,,,,,
1732157959.368406,1732157959.371743,80.000000,0.000000,4296.538574,4280.641113,4313.717773,4297.051270,4276.153809,4280.512695,4340.256348,4404.743652,4303.589844,4281.153809,4459.615234,4499.487305,4327.563965,4397.563965,1705.000000,1.000000,22.000000,,,,0.000000,2.000000,2.000000,0.000000,4.000000,2.000000,2.000000,0.000000,0.000000,4.000000,4.000000,4.000000,4.000000,4.000000,4.000000,0.000000,,,,,,,,,,,,,,,,,20.000000,0.000000,0.513074,0.501160,-0.503906,0.481323,0.976682,0.025394,-0.007325,-34.315258,46.531067,31.114555
1732157959.376214,1732157959.379551,81.000000,0.000000,4296.282227,4276.922852,4314.743652,4293.205078,4267.436035,4277.948730,4340.000000,4401.794922,4300.769043,4280.128418,4462.563965,4500.128418,4330.641113,4398.974121,1609.000000,1.000000,22.000000,,,,0.000000,2.000000,2.000000,0.000000,4.000000,2.000000,2.000000,0.000000,0.000000,4.000000,4.000000,4.000000,4.000000,4.000000,4.000000,0.000000,,,,,,,,,,,,,,,,,,,,,,,,,,,,
1732157959.384022,1732157959.387559,82.000000,0.000000,4299.743652,4280.384766,4310.897461,4295.128418,4275.000000,4276.922852,4339.102539,4401.922852,4302.436035,4279.230957,4466.153809,4500.256348,4334.743652,4401.282227,1549.000000,1.000000,22.000000,,,,0.000000,2.000000,2.000000,0.000000,4.000000,2.000000,2.000000,0.000000,0.000000,4.000000,4.000000,4.000000,4.000000,4.000000,4.000000,0.000000,,,,,,,,,,,,,,,,,,,,,,,,,,,,
1732157959.391831,1732157959.395368,83.000000,0.000000,4298.205078,4282.307617,4309.358887,4296.794922,4294.358887,4276.794922,4335.897461,4402.051270,4305.897461,4279.102539,4467.436035,4504.487305,4334.102539,4404.871582,1571.000000,1.000000,22.000000,,,,0.000000,2.000000,2.000000,0.000000,4.000000,2.000000,2.000000,0.000000,0.000000,4.000000,4.000000,4.000000,4.000000,4.000000,4.000000,0.000000,,,,,,,,,,,,,,,,,,,,,,,,,,,,
1732157959.399639,1732157959.403276,84.000000,0.000000,4295.897461,4276.153809,4312.051270,4296.538574,4287.563965,4278.205078,4335.512695,4402.436035,4310.000000,4281.538574,4469.102539,4507.436035,4334.871582,4409.615234,1705.000000,1.000000,22.000000,,,,0.000000,2.000000,2.000000,0.000000,4.000000,2.000000,2.000000,0.000000,0.000000,4.000000,4.000000,4.000000,4.000000,4.000000,4.000000,0.000000,,,,,,,,,,,,,,,,,21.000000,0.000000,0.512961,0.501343,-0.503723,0.481445,0.982542,0.029300,-0.011232,-34.312023,46.676830,31.126123
1732157959.407447,1732157959.411084,85.000000,0.000000,4300.897461,4277.307617,4312.563965,4300.512695,4263.077148,4279.487305,4339.230957,4406.794922,4311.025879,4282.948730,4473.461426,4507.436035,4339.102539,4413.717773,1609.000000,1.000000,22.000000,,,,0.000000,2.000000,2.000000,0.000000,4.000000,2.000000,2.000000,0.000000,0.000000,4.000000,4.000000,4.000000,4.000000,4.000000,4.000000,0.000000,,,,,,,,,,,,,,,,,,,,,,,,,,,,
1732157959.415255,1732157959.418692,86.000000,0.000000,4305.384766,4285.897461,4308.589844,4303.205078,4258.589844,4281.025879,4341.410156,4410.769043,4310.000000,4281.922852,4475.512695,4507.563965,4338.974121,4412.436035,1549.000000,1.000000,22.000000,,,,0.000000,2.000000,2.000000,0.000000,4.000000,2.000000,2.000000,0.000000,0.000000,4.000000,4.000000,4.000000,4.000000,4.000000,4.000000,0.000000,,,,,,,,,,,,,,,,,,,,,,,,,,,,
1732157959.423064,1732157959.426501,87.000000,0.000000,4303.717773,4285.512695,4307.307617,4300.128418,4273.205078,4282.948730,4339.102539,4407.179688,4312.307617,4281.282227,4469.230957,4505.769043,4336.025879,4407.563965,1571.000000,1.000000,22.000000,,,,0.000000,2.000000,2.000000,0.000000,4.000000,2.000000,2.000000,0.000000,0.000000,4.000000,4.000000,4.000000,4.000000,4.000000,4.000000,0.000000,,,,,,,,,,,,,,,,,,,,,,,,,,,,
1732157959.430872,1732157959.434209,88.000000,0.000000,4302.436035,4280.897461,4311.410156,4297.179688,4281.922852,4283.333496,4335.128418,4403.333496,4307.692383,4280.384766,4462.948730,4500.384766,4335.256348,4404.743652,1705.000000,1.000000,22.000000,,,,0.000000,2.000000,2.000000,0.000000,4.000000,2.000000,2.000000,0.000000,0.000000,4.000000,4.000000,4.000000,4.000000,4.000000,4.000000,0.000000,,,,,,,,,,,,,,,,,22.000000,0.000000,0.512844,0.501465,-0.503662,0.481506,0.992797,0.025394,-0.023440,-34.094406,46.484898,31.070494
1732157959.438680,1732157959.442017,89.000000,0.000000,4304.743652,4283.461426,4312.563965,4300.000000,4279.871582,4282.051270,4333.846191,4402.692383,4299.102539,4277.948730,4465.256348,4497.948730,4335.512695,4404.358887,1609.000000,1.000000,22.000000,,,,0.000000,2.000000,2.000000,0.000000,4.000000,2.000000,2.000000,0.000000,0.000000,4.000000,4.000000,4.000000,4.000000,4.000000,4.000000,0.000000,,,,,,,,,,,,,,,,,,,,,,,,,,,,
1732157959.446488,1732157959.449626,90.000000,0.000000,4305.128418,4285.897461,4310.128418,4301.410156,4274.871582,4281.282227,4336.153809,4402.436035,4303.846191,4277.179688,4465.256348,4496.153809,4336.410156,4405.256348,1549.000000,1.000000,22.000000,,,,0.000000,2.000000,2.000000,0.000000,4.000000,2.000000,2.000000,0.000000,0.000000,4.000000,4.000000,4.000000,4.000000,4.000000,4.000000,0.000000,,,,,,,,,,,,,,,,,,,,,,,,,,,,
1732157959.454297,1732157959.457434,91.000000,0.000000,4303.461426,4282.692383,4311.410156,4298.333496,4286.282227,4281.025879,4336.794922,4403.205078,4306.794922,4276.794922,4462.051270,4492.692383,4337.051270,4404.102539,1571.000000,1.000000,22.000000,,,,0.000000,2.000000,2.000000,0.000000,4.000000,2.000000,2.000000,0.000000,0.000000,4.000000,4.000000,4.000000,4.000000,4.000000,4.000000,0.000000,,,,,,,,,,,,,,,,,,,,,,,,,,,,
1732157959.462105,1732157959.465342,92.000000,0.000000,4303.589844,4281.282227,4311.794922,4296.282227,4298.846191,4280.000000,4335.128418,4403.717773,4298.333496,4273.077148,4465.000000,4492.820313,4334.230957,4402.563965,1705.000000,1.000000,22.000000,,,,0.000000,2.000000,2.000000,0.000000,4.000000,2.000000,2.000000,0.000000,0.000000,4.000000,4.000000,4.000000,4.000000,4.000000,4.000000,0.000000,,,,,,,,,,,,,,,,,23.000000,0.000000,0.512499,0.501770,-0.503418,0.481812,0.972287,0.024905,-0.006348,-34.203136,46.456100,31.057098
1732157959.469913,1732157959.473150,93.000000,0.000000,4303.333496,4282.692383,4309.230957,4296.410156,4273.974121,4280.384766,4335.641113,4400.769043,4300.897461,4276.153809,4468.333496,4494.743652,4334.615234,4406.025879,1609.000000,1.000000,22.000000,,,,0.000000,2.000000,2.000000,0.000000,4.000000,2.000000,2.000000,0.000000,0.000000,4.000000,4.000000,4.000000,4.000000,4.000000,4.000000,0.000000,,,,,,,,,,,,,,,,,,,,,,,,,,,,
1732157959.477721,1732157959.481158,94.000000,0.000000,4303.846191,4282.307617,4309.230957,4296.025879,4263.717773,4281.538574,4336.025879,4398.717773,4310.512695,4279.615234,4466.410156,4496.282227,4340.128418,4413.974121,1549.000000,1.000000,22.000000,,,,0.000000,2.000000,2.000000,0.000000,4.000000,2.000000,2.000000,0.000000,0.000000,4.000000,4.000000,4.000000,4.000000,4.000000,4.000000,0.000000,,,,,,,,,,,,,,,,,,,,,,,,,,,,
1732157959.485530,1732157959.488966,95.000000,0.000000,4304.230957,4282.051270,4311.538574,4297.820313,4286.922852,4280.512695,4335.256348,4404.358887,4304.615234,4270.897461,4464.871582,4497.051270,4340.000000,4414.871582,1571.000000,1.000000,22.000000,,,,0.000000,2.000000,2.000000,0.000000,4.000000,2.000000,2.000000,0.000000,0.000000,4.000000,4.000000,4.000000,4.000000,4.000000,4.000000,0.000000,,,,,,,,,,,,,,,,,,,,,,,,,,,,
1732157959.493338,1732157959.496874,96.000000,0.000000,4299.615234,4282.307617,4311.153809,4301.153809,4278.333496,4280.000000,4335.897461,4408.205078,4301.922852,4267.307617,4462.948730,4495.769043,4332.563965,4407.051270,1705.000000,1.000000,22.000000,,,,0.000000,2.000000,2.000000,0.000000,4.000000,2.000000,2.000000,0.000000,0.000000,4.000000,4.000000,4.000000,4.000000,4.000000,4.000000,0.000000,,,,,,,,,,,,,,,,,24.000000,0.000000,0.511966,0.501709,-0.503845,0.481995,0.976682,0.021487,-0.027835,-34.342873,46.447777,31.039583
1732157959.501146,1732157959.504683,97.000000,0.000000,4296.666504,4281.794922,4310.897461,4299.871582,4256.153809,4282.051270,4336.794922,4407.820313,4313.333496,4276.922852,4465.128418,4496.794922,4331.538574,4405.512695,1609.000000,1.000000,22.000000,,,,0.000000,2.000000,2.000000,0.000000,4.000000,2.000000,2.000000,0.000000,0.000000,4.000000,4.000000,4.000000,4.000000,4.000000,4.000000,0.000000,,,,,,,,,,,,,,,,,,,,,,,,,,,,
1732157959.508954,1732157959.512691,98.000000,0.000000,4302.436035,4283.205078,4310.128418,4298.974121,4268.717773,4281.794922,4336.922852,4406.922852,4310.384766,4281.025879,4470.897461,4502.948730,4338.461426,4410.384766,1549.000000,1.000000,22.000000,,,,0.000000,2.000000,2.000000,0.000000,4.000000,2.000000,2.000000,0.000000,0.000000,4.000000,4.000000,4.000000,4.000000,4.000000,4.000000,0.000000,,,,,,,,,,,,,,,,,,,,,,,,,,,,
1732157959.516763,1732157959.520499,99.000000,0.000000,4305.384766,4285.769043,4308.974121,4302.051270,4280.128418,4278.333496,4336.538574,4403.717773,4294.615234,4271.538574,4467.563965,4508.589844,4338.717773,4412.436035,1571.000000,1.000000,22.000000,,,,0.000000,2.000000,2.000000,0.000000,4.000000,2.000000,2.000000,0.000000,0.000000,4.000000,4.000000,4.000000,4.000000,4.000000,4.000000,0.000000,,,,,,,,,,,,,,,,,,,,,,,,,,,,
1732157959.524571,1732157959.528207,100.000000,0.000000,4301.666504,4283.077148,4309.358887,4301.538574,4284.487305,4276.922852,4336.794922,4402.051270,4294.871582,4263.589844,4464.358887,4504.615234,4334.487305,4410.897461,1705.000000,1.000000,22.000000,,,,0.000000,2.000000,2.000000,0.000000,4.000000,2.000000,2.000000,0.000000,0.000000,4.000000,4.000000,4.000000,4.000000,4.000000,4.000000,0.000000,,,,,,,,,,,,,,,,,25.000000,0.000000,0.511720,0.501648,-0.504272,0.481873,0.968868,0.023440,-0.021975,-34.529396,46.359364,31.290396
1732157959.532379,1732157959.536015,101.000000,0.000000,4304.358887,4279.230957,4310.512695,4301.666504,4294.743652,4279.615234,4336.794922,4405.128418,4311.025879,4269.230957,4471.410156,4499.743652,4337.948730,4410.641113,1609.000000,1.000000,22.000000,,,,0.000000,2.000000,2.000000,0.000000,4.000000,2.000000,2.000000,0.000000,0.000000,4.000000,4.000000,4.000000,4.000000,4.000000,4.000000,0.000000,,,,,,,,,,,,,,,,,,,,,,,,,,,,
1732157959.540187,1732157959.544023,102.000000,0.000000,4310.641113,4286.794922,4310.000000,4306.410156,4278.717773,4280.897461,4336.666504,4405.256348,4314.102539,4278.333496,4473.589844,4505.128418,4345.000000,4412.820313,1549.000000,1.000000,22.000000,,,,0.000000,2.000000,2.000000,0.000000,4.000000,2.000000,2.000000,0.000000,0.000000,4.000000,4.000000,4.000000,4.000000,4.000000,4.000000,0.000000,,,,,,,,,,,,,,,,,,,,,,,,,,,,
1732157959.547996,1732157959.551832,103.000000,0.000000,4310.769043,4293.717773,4310.256348,4306.922852,4259.358887,4278.717773,4336.666504,4400.000000,4306.410156,4279.487305,4470.897461,4508.461426,4345.128418,4414.615234,1571.000000,1.000000,22.000000,,,,0.000000,2.000000,2.000000,0.000000,4.000000,2.000000,2.000000,0.000000,0.000000,4.000000,4.000000,4.000000,4.000000,4.000000,4.000000,0.000000,,,,,,,,,,,,,,,,,,,,,,,,,,,,
1732157959.555804,1732157959.559740,104.000000,0.000000,4310.384766,4286.922852,4311.538574,4307.051270,4268.205078,4277.948730,4336.666504,4399.230957,4303.846191,4277.051270,4473.077148,4506.666504,4346.410156,4416.153809,1705.000000,1.000000,22.000000,,,,0.000000,2.000000,2.000000,0.000000,4.000000,2.000000,2.000000,0.000000,0.000000,4.000000,4.000000,4.000000,4.000000,4.000000,4.000000,0.000000,,,,,,,,,,,,,,,,,26.000000,0.000000,0.511773,0.501404,-0.504578,0.481750,0.981077,0.017580,-0.018557,-34.587143,46.422752,31.353554
1732157959.563612,1732157959.567548,105.000000,0.000000,4310.512695,4278.205078,4312.051270,4305.897461,4274.743652,4280.512695,4336.666504,4403.205078,4308.974121,4280.769043,4474.230957,4508.205078,4350.000000,4415.769043,1609.000000,1.000000,22.000000,,,,0.000000,2.000000,2.000000,0.000000,4.000000,2.000000,2.000000,0.000000,0.000000,4.000000,4.000000,4.000000,4.000000,4.000000,4.000000,0.000000,,,,,,,,,,,,,,,,,,,,,,,,,,,,
1732157959.571420,1732157959.575556,106.000000,0.000000,4310.641113,4280.384766,4310.256348,4301.538574,4281.282227,4280.897461,4336.666504,4403.974121,4312.051270,4281.282227,4473.461426,4506.282227,4344.487305,4415.897461,1549.000000,1.000000,22.000000,,,,0.000000,2.000000,2.000000,0.000000,4.000000,2.000000,2.000000,0.000000,0.000000,4.000000,4.000000,4.000000,4.000000,4.000000,4.000000,0.000000,,,,,,,,,,,,,,,,,,,,,,,,,,,,
1732157959.579229,1732157959.583364,107.000000,0.000000,4310.512695,4287.820313,4308.205078,4303.461426,4291.538574,4278.846191,4336.666504,4400.384766,4302.179688,4274.871582,4473.333496,4500.128418,4339.487305,4417.179688,1571.000000,1.000000,22.000000,,,,0.000000,2.000000,2.000000,0.000000,4.000000,2.000000,2.000000,0.000000,0.000000,4.000000,4.000000,4.000000,4.000000,4.000000,4.000000,0.000000,,,,,,,,,,,,,,,,,,,,,,,,,,,,
1732157959.587037,1732157959.591272,108.000000,0.000000,4310.384766,4288.077148,4310.384766,4308.077148,4277.179688,4279.358887,4336.666504,4400.384766,4295.512695,4273.846191,4472.820313,4500.256348,4342.692383,4416.282227,1705.000000,1.000000,22.000000,,,,0.000000,2.000000,2.000000,0.000000,4.000000,2.000000,2.000000,0.000000,0.000000,4.000000,4.000000,4.000000,4.000000,4.000000,4.000000,0.000000,,,,,,,,,,,,,,,,,27.000000,0.000000,0.511702,0.501038,-0.505188,0.481567,0.980100,0.020022,-0.027835,-34.540585,46.344097,31.174713
1732157959.594845,1732157959.599080,109.000000,0.000000,4309.102539,4282.820313,4312.179688,4303.205078,4256.666504,4280.769043,4336.666504,4401.666504,4304.743652,4277.692383,4470.897461,4501.410156,4343.589844,4413.974121,1609.000000,1.000000,22.000000,,,,0.000000,2.000000,2.000000,0.000000,4.000000,2.000000,2.000000,0.000000,0.000000,4.000000,4.000000,4.000000,4.000000,4.000000,4.000000,0.000000,,,,,,,,,,,,,,,,,,,,,,,,,,,,
1732157959.602653,1732157959.607088,110.000000,0.000000,4305.512695,4280.128418,4309.230957,4297.051270,4264.487305,4281.538574,4336.666504,4401.538574,4312.948730,4278.717773,4470.769043,4502.820313,4340.000000,4415.128418,1549.000000,1.000000,22.000000,,,,0.000000,2.000000,2.000000,0.000000,4.000000,2.000000,2.000000,0.000000,0.000000,4.000000,4.000000,4.000000,4.000000,4.000000,4.000000,0.000000,,,,,,,,,,,,,,,,,,,,,,,,,,,,
1732157959.610462,1732157959.614897,111.000000,0.000000,4303.077148,4281.794922,4308.846191,4297.948730,4275.000000,4281.922852,4336.666504,4401.153809,4310.000000,4277.692383,4473.205078,4505.384766,4340.769043,4418.205078,1571.000000,1.000000,22.000000,,,,0.000000,2.000000,2.000000,0.000000,4.000000,2.000000,2.000000,0.000000,0.000000,4.000000,4.000000,4.000000,4.000000,4.000000,4.000000,0.000000,,,,,,,,,,,,,,,,,,,,,,,,,,,,
1732157959.618270,1732157959.622805,112.000000,0.000000,4301.794922,4280.641113,4312.820313,4297.307617,4271.666504,4280.897461,4336.666504,4401.666504,4308.077148,4278.205078,4473.205078,4503.205078,4342.563965,4415.897461,1705.000000,1.000000,22.000000,,,,0.000000,2.000000,2.000000,0.000000,4.000000,2.000000,2.000000,0.000000,0.000000,4.000000,4.000000,4.000000,4.000000,4.000000,4.000000,0.000000,,,,,,,,,,,,,,,,,28.000000,0.000000,0.511924,0.500244,-0.505981,0.481323,0.979612,0.022952,-0.016115,-34.669540,46.147053,31.113184
1732157959.626078,1732157959.630613,113.000000,0.000000,4302.436035,4279.487305,4312.692383,4299.615234,4271.794922,4278.974121,4336.666504,4402.948730,4307.307617,4277.948730,4471.666504,4504.743652,4341.666504,4414.358887,1609.000000,1.000000,22.000000,,,,0.000000,2.000000,2.000000,0.000000,4.000000,2.000000,2.000000,0.000000,0.000000,4.000000,4.000000,4.000000,4.000000,4.000000,4.000000,0.000000,,,,,,,,,,,,,,,,,,,,,,,,,,,,
